0.000 14 -1723073393
0.027 20 -1723073393
0.053 27 -1723073393
0.080 16 -1723073393
0.107 22 -1723073393
0.133 21 -1723073393
0.160 18 -1723073393
0.187 29 -1723073393
0.213 20 -1723073393
0.240 21 -1723073393
0.267 29 -1723073393
0.293 19 -1723073393
0.320 28 -1723073393
0.347 31 -1723073393
0.373 19 -1723073393
0.400 24 -1723073393
0.427 16 -1723073393
0.453 10 -1723073393
0.480 18 -1723073393
0.507 10 -1723073393
0.533 19 -1723073393
0.560 26 -1723073393
0.587 21 -1723073393
0.613 37 -1723073393
0.640 36 -1723073393
0.667 28 -1723073393
0.693 35 -1723073393
0.720 22 -1723073393
0.747 19 -1723073393
0.773 17 -1723073393
0.800 7 -1723073393
0.827 16 -1723073393
0.853 18 -1723073393
0.880 18 -1723073393
0.907 30 -1723073393
0.933 22 -1723073393
0.960 23 -1723073393
0.987 26 -1723073393
1.013 14 -1723073393
1.040 20 -1723073393
1.067 16 -1723073393
1.093 9 -1723073393
1.120 10 -1723073393
1.147 -7 -1723073393
1.173 -12 -1723073393
1.200 -7 -1723073393
1.227 -13 -1723073393
1.253 -5 -1723073393
1.280 -3 -1723073393
1.307 -9 -1723073393
1.333 -4 -1723073393
1.360 -8 -1723073393
1.387 -4 -1723073393
1.413 1 -1723073393
1.440 -10 -1723073393
1.467 -7 -1723073393
1.493 -2 -1723073393
1.520 -3 -1723073393
1.547 8 -1723073393
1.573 5 -1723073393
1.600 0 -1723073393
1.627 -1 -1723073393
1.653 -17 -1723073393
1.680 -15 -1723073393
1.707 -16 -1723073393
1.733 -27 -1723073393
1.760 -21 -1723073393
1.787 -25 -1723073393
1.813 -30 -1723073393
1.840 -19 -1723073393
1.867 -23 -1723073393
1.893 -24 -1723073393
1.920 -19 -1723073393
1.947 -27 -1723073393
1.973 -21 -1723073393
2.000 -20 -1723073393
2.027 -26 -1723073393
2.053 -20 -1723073393
2.080 -30 -1723073393
2.107 -34 -1723073393
2.133 -32 -1723073393
2.160 -41 -1723073393
2.187 -37 -1723073393
2.213 -32 -1723073393
2.240 -29 -1723073393
2.267 -13 -1723073393
2.293 -11 -1723073393
2.320 -8 -1723073393
2.347 -4 -1723073393
2.373 -17 -1723073393
2.400 -14 -1723073393
2.427 -13 -1723073393
2.453 -25 -1723073393
2.480 -17 -1723073393
2.507 -20 -1723073393
2.533 -27 -1723073393
2.560 -19 -1723073393
2.587 -26 -1723073393
2.613 -26 -1723073393
2.640 -23 -1723073393
2.667 -32 -1723073393
2.693 -23 -1723073393
2.720 -18 -1723073393
2.747 -24 -1723073393
2.773 -21 -1723073393
2.800 -32 -1723073393
2.827 -30 -1723073393
2.853 -13 -1723073393
2.880 -13 -1723073393
2.907 -5 -1723073393
2.933 -1 -1723073393
2.960 -8 -1723073393
2.987 -3 -1723073393
3.013 -9 -1723073393
3.040 -17 -1723073393
3.067 -14 -1723073393
3.093 -18 -1723073393
3.120 -11 -1723073393
3.147 -5 -1723073393
3.173 -15 -1723073393
3.200 -13 -1723073393
3.227 -16 -1723073393
3.253 -26 -1723073393
3.280 -20 -1723073393
3.307 -24 -1723073393
3.333 -24 -1723073393
3.360 -16 -1723073393
3.387 -27 -1723073393
3.413 -26 -1723073393
3.440 -23 -1723073393
3.467 -27 -1723073393
3.493 -21 -1723073393
3.520 -30 -1723073393
3.547 -35 -1723073393
3.573 -25 -1723073393
3.600 -28 -1723073393
3.627 -26 -1723073393
3.653 -25 -1723073393
3.680 -31 -1723073393
3.707 -22 -1723073393
3.733 -22 -1723073393
3.760 -24 -1723073393
3.787 -18 -1723073393
3.813 -26 -1723073393
3.840 -28 -1723073393
3.867 -26 -1723073393
3.893 -31 -1723073393
3.920 -26 -1723073393
3.947 -23 -1723073393
3.973 -28 -1723073393
4.000 -26 -1723073393
4.027 -36 -1723073393
4.053 -46 -1723073393
4.080 -40 -1723073393
4.107 -43 -1723073393
4.133 -36 -1723073393
4.160 -27 -1723073393
4.187 -29 -1723073393
4.213 -22 -1723073393
4.240 -26 -1723073393
4.267 -30 -1723073393
4.293 -22 -1723073393
4.320 -30 -1723073393
4.347 -32 -1723073393
4.373 -23 -1723073393
4.400 -20 -1723073393
4.427 -5 -1723073393
4.453 0 -1723073393
4.480 -8 -1723073393
4.507 0 -1723073393
4.533 1 -1723073393
4.560 -1 -1723073393
4.587 0 -1723073393
4.613 -16 -1723073393
4.640 -20 -1723073393
4.667 -21 -1723073393
4.693 -34 -1723073393
4.720 -26 -1723073393
4.747 -23 -1723073393
4.773 -23 -1723073393
4.800 -15 -1723073393
4.827 -21 -1723073393
4.853 -18 -1723073393
4.880 -15 -1723073393
4.907 -26 -1723073393
4.933 -21 -1723073393
4.960 -22 -1723073393
4.987 -30 -1723073393
5.013 -18 -1723073393
5.040 -17 -1723073393
5.067 -16 -1723073393
5.093 -3 -1723073393
5.120 -12 -1723073393
5.147 -18 -1723073393
5.173 -19 -1723073393
5.200 -29 -1723073393
5.227 -24 -1723073393
5.253 -27 -1723073393
5.280 -33 -1723073393
5.307 -22 -1723073393
5.333 -24 -1723073393
5.360 -18 -1723073393
5.387 -7 -1723073393
5.413 -16 -1723073393
5.440 -13 -1723073393
5.467 -12 -1723073393
5.493 -21 -1723073393
5.520 -9 -1723073393
5.547 -10 -1723073393
5.573 -13 -1723073393
5.600 -8 -1723073393
5.627 -18 -1723073393
5.653 -18 -1723073393
5.680 -9 -1723073393
5.707 -11 -1723073393
5.733 -2 -1723073393
5.760 1 -1723073393
5.787 -3 -1723073393
5.813 7 -1723073393
5.840 0 -1723073393
5.867 -5 -1723073393
5.893 3 -1723073393
5.920 -9 -1723073393
5.947 -11 -1723073393
5.973 -12 -1723073393
6.000 -23 -1723073393
6.027 -14 -1723073393
6.053 -10 -1723073393
6.080 -14 -1723073393
6.107 -6 -1723073393
6.133 -17 -1723073393
6.160 -21 -1723073393
6.187 -15 -1723073393
6.213 -26 -1723073393
6.240 -25 -1723073393
6.267 -20 -1723073393
6.293 -25 -1723073393
6.320 -15 -1723073393
6.347 -17 -1723073393
6.373 -23 -1723073393
6.400 -18 -1723073393
6.427 -27 -1723073393
6.453 -26 -1723073393
6.480 -19 -1723073393
6.507 -25 -1723073393
6.533 -24 -1723073393
6.560 -28 -1723073393
6.587 -39 -1723073393
6.613 -32 -1723073393
6.640 -33 -1723073393
6.667 -33 -1723073393
6.693 -20 -1723073393
6.720 -19 -1723073393
6.747 -11 -1723073393
6.773 0 -1723073393
6.800 -4 -1723073393
6.827 -2 -1723073393
6.853 -3 -1723073393
6.880 -10 -1723073393
6.907 -7 -1723073393
6.933 -14 -1723073393
6.960 -17 -1723073393
6.987 -9 -1723073393
7.013 -17 -1723073393
7.040 -18 -1723073393
7.067 -17 -1723073393
7.093 -29 -1723073393
7.120 -26 -1723073393
7.147 -25 -1723073393
7.173 -29 -1723073393
7.200 -21 -1723073393
7.227 -25 -1723073393
7.253 -26 -1723073393
7.280 -17 -1723073393
7.307 -27 -1723073393
7.333 -29 -1723073393
7.360 -27 -1723073393
7.387 -37 -1723073393
7.413 -30 -1723073393
7.440 -26 -1723073393
7.467 -29 -1723073393
7.493 -22 -1723073393
7.520 -20 -1723073393
7.547 -19 -1723073393
7.573 -13 -1723073393
7.600 -20 -1723073393
7.627 -20 -1723073393
7.653 -18 -1723073393
7.680 -24 -1723073393
7.707 -21 -1723073393
7.733 -22 -1723073393
7.760 -27 -1723073393
7.787 -20 -1723073393
7.813 -25 -1723073393
7.840 -28 -1723073393
7.867 -21 -1723073393
7.893 -27 -1723073393
7.920 -29 -1723073393
7.947 -30 -1723073393
7.973 -42 -1723073393
8.000 -40 -1723073393
8.027 -38 -1723073393
8.053 -37 -1723073393
8.080 -25 -1723073393
8.107 -25 -1723073393
8.133 -22 -1723073393
8.160 -11 -1723073393
8.187 -14 -1723073393
8.213 -14 -1723073393
8.240 -7 -1723073393
8.267 -7 -1723073393
8.293 0 -1723073393
8.320 0 -1723073393
8.347 -6 -1723073393
8.373 -1 -1723073393
8.400 0 -1723073393
8.427 3 -1723073393
8.453 10 -1723073393
8.480 1 -1723073393
8.507 0 -1723073393
8.533 0 -1723073393
8.560 -8 -1723073393
8.587 -7 -1723073393
8.613 -9 -1723073393
8.640 -14 -1723073393
8.667 -10 -1723073393
8.693 -15 -1723073393
8.720 -14 -1723073393
8.747 -5 -1723073393
8.773 -7 -1723073393
8.800 -7 -1723073393
8.827 -9 -1723073393
8.853 -21 -1723073393
8.880 -21 -1723073393
8.907 -23 -1723073393
8.933 -29 -1723073393
8.960 -25 -1723073393
8.987 -28 -1723073393
9.013 -30 -1723073393
9.040 -23 -1723073393
9.067 -30 -1723073393
9.093 -32 -1723073393
9.120 -27 -1723073393
9.147 -33 -1723073393
9.173 -31 -1723073393
9.200 -32 -1723073393
9.227 -41 -1723073393
9.253 -34 -1723073393
9.280 -30 -1723073393
9.307 -29 -1723073393
9.333 -22 -1723073393
9.360 -29 -1723073393
9.387 -34 -1723073393
9.413 -28 -1723073393
9.440 -35 -1723073393
9.467 -38 -1723073393
9.493 -37 -1723073393
9.520 -44 -1723073393
9.547 -41 -1723073393
9.573 -37 -1723073393
9.600 -43 -1723073393
9.627 -41 -1723073393
9.653 -46 -1723073393
9.680 -51 -1723073393
9.707 -49 -1723073393
9.733 -51 -1723073393
9.760 -45 -1723073393
9.787 -38 -1723073393
9.813 -42 -1723073393
9.840 -43 -1723073393
9.867 -47 -1723073393
9.893 -53 -1723073393
9.920 -48 -1723073393
9.947 -48 -1723073393
9.973 -52 -1723073393
10.000 -47 -1723073393
10.027 -43 -1723073393
10.053 -32 -1723073393
10.080 -16 -1723073393
10.107 -11 -1723073393
10.133 0 -1723073393
10.160 13 -1723073393
10.187 16 -1723073393
10.213 32 -1723073393
10.240 51 -1723073393
10.267 69 -1723073393
10.293 89 -1723073393
10.320 102 -1723073393
10.347 113 -1723073393
10.373 126 -1723073393
10.400 132 -1723073393
10.427 137 -1723073393
10.453 136 -1723073393
10.480 133 -1723073393
10.507 133 -1723073393
10.533 128 -1723073393
10.560 114 -1723073393
10.587 100 -1723073393
10.613 84 -1723073393
10.640 69 -1723073393
10.667 53 -1723073393
10.693 36 -1723073393
10.720 22 -1723073393
10.747 10 -1723073393
10.773 -5 -1723073393
10.800 -12 -1723073393
10.827 -22 -1723073393
10.853 -35 -1723073393
10.880 -36 -1723073393
10.907 -41 -1723073393
10.933 -51 -1723073393
10.960 -56 -1723073393
10.987 -63 -1723073393
11.013 -62 -1723073393
11.040 -60 -1723073393
11.067 -68 -1723073393
11.093 -74 -1723073393
11.120 -79 -1723073393
11.147 -85 -1723073393
11.173 -82 -1723073393
11.200 -82 -1723073393
11.227 -83 -1723073393
11.253 -80 -1723073393
11.280 -87 -1723073393
11.307 -92 -1723073393
11.333 -90 -1723073393
11.360 -94 -1723073393
11.387 -90 -1723073393
11.413 -82 -1723073393
11.440 -82 -1723073393
11.467 -74 -1723073393
11.493 -64 -1723073393
11.520 -59 -1723073393
11.547 -43 -1723073393
11.573 -31 -1723073393
11.600 -16 -1723073393
11.627 -1 -1723073393
11.653 0 -1723073393
11.680 5 -1723073393
11.707 13 -1723073393
11.733 15 -1723073393
11.760 23 -1723073393
11.787 33 -1723073393
11.813 36 -1723073393
11.840 38 -1723073393
11.867 38 -1723073393
11.893 35 -1723073393
11.920 30 -1723073393
11.947 20 -1723073393
11.973 10 -1723073393
12.000 3 -1723073393
12.027 -8 -1723073393
12.053 -20 -1723073393
12.080 -28 -1723073393
12.107 -43 -1723073393
12.133 -61 -1723073393
12.160 -70 -1723073393
12.187 -78 -1723073393
12.213 -86 -1723073393
12.240 -91 -1723073393
12.267 -92 -1723073393
12.293 -80 -1723073393
12.320 -64 -1723073393
12.347 -45 -1723073393
12.373 -23 -1723073393
12.400 -9 -1723073393
12.427 7 -1723073393
12.453 34 -1723073393
12.480 62 -1723073393
12.507 92 -1723073393
12.533 116 -1723073393
12.560 137 -1723073393
12.587 166 -1723073393
12.613 192 -1723073393
12.640 212 -1723073393
12.667 224 -1723073393
12.693 224 -1723073393
12.720 226 -1723073393
12.747 225 -1723073393
12.773 217 -1723073393
12.800 210 -1723073393
12.827 197 -1723073393
12.853 175 -1723073393
12.880 156 -1723073393
12.907 132 -1723073393
12.933 107 -1723073393
12.960 84 -1723073393
12.987 62 -1723073393
13.013 36 -1723073393
13.040 10 -1723073393
13.067 -12 -1723073393
13.093 -34 -1723073393
13.120 -51 -1723073393
13.147 -66 -1723073393
13.173 -84 -1723073393
13.200 -93 -1723073393
13.227 -103 -1723073393
13.253 -113 -1723073393
13.280 -118 -1723073393
13.307 -124 -1723073393
13.333 -127 -1723073393
13.360 -130 -1723073393
13.387 -138 -1723073393
13.413 -144 -1723073393
13.440 -148 -1723073393
13.467 -152 -1723073393
13.493 -151 -1723073393
13.520 -152 -1723073393
13.547 -156 -1723073393
13.573 -155 -1723073393
13.600 -158 -1723073393
13.627 -165 -1723073393
13.653 -172 -1723073393
13.680 -182 -1723073393
13.707 -185 -1723073393
13.733 -180 -1723073393
13.760 -172 -1723073393
13.787 -157 -1723073393
13.813 -140 -1723073393
13.840 -120 -1723073393
13.867 -96 -1723073393
13.893 -74 -1723073393
13.920 -51 -1723073393
13.947 -32 -1723073393
13.973 -17 -1723073393
14.000 0 -1723073393
14.027 16 -1723073393
14.053 29 -1723073393
14.080 34 -1723073393
14.107 30 -1723073393
14.133 22 -1723073393
14.160 9 -1723073393
14.187 -7 -1723073393
14.213 -21 -1723073393
14.240 -40 -1723073393
14.267 -61 -1723073393
14.293 -85 -1723073393
14.320 -113 -1723073393
14.347 -138 -1723073393
14.373 -161 -1723073393
14.400 -187 -1723073393
14.427 -216 -1723073393
14.453 -237 -1723073393
14.480 -254 -1723073393
14.507 -270 -1723073393
14.533 -278 -1723073393
14.560 -282 -1723073393
14.587 -289 -1723073393
14.613 -297 -1723073393
14.640 -300 -1723073393
14.667 -301 -1723073393
14.693 -301 -1723073393
14.720 -306 -1723073393
14.747 -315 -1723073393
14.773 -329 -1723073393
14.800 -350 -1723073393
14.827 -369 -1723073393
14.853 -384 -1723073393
14.880 -403 -1723073393
14.907 -420 -1723073393
14.933 -435 -1723073393
14.960 -455 -1723073393
14.987 -475 -1723073393
15.013 -500 -1723073393
15.040 -525 -1723073393
15.067 -548 -1723073393
15.093 -577 -1723073393
15.120 -603 -1723073393
15.147 -615 -1723073393
15.173 -620 -1723073393
15.200 -626 -1723073393
15.227 -629 -1723073393
15.253 -635 -1723073393
15.280 -642 -1723073393
15.307 -643 -1723073393
15.333 -641 -1723073393
15.360 -638 -1723073393
15.387 -635 -1723073393
15.413 -642 -1723073393
15.440 -650 -1723073393
15.467 -659 -1723073393
15.493 -669 -1723073393
15.520 -677 -1723073393
15.547 -687 -1723073393
15.573 -701 -1723073393
15.600 -717 -1723073393
15.627 -737 -1723073393
15.653 -760 -1723073393
15.680 -783 -1723073393
15.707 -808 -1723073393
15.733 -837 -1723073393
15.760 -866 -1723073393
15.787 -896 -1723073393
15.813 -931 -1723073393
15.840 -961 -1723073393
15.867 -985 -1723073393
15.893 -1006 -1723073393
15.920 -1020 -1723073393
15.947 -1027 -1723073393
15.973 -1025 -1723073393
16.000 -1004 -1723073393
16.027 -961 -1723073393
16.053 -887 -1723073393
16.080 -780 -1723073393
16.107 -639 -1723073393
16.133 -456 -1723073393
16.160 -222 -1723073393
16.187 72 -1723073393
16.213 423 -1723073393
16.240 837 -1723073393
16.267 1324 -1723073393
16.293 1871 -1723073393
16.320 2481 -1723073393
16.347 3126 -1723073393
16.373 3786 -1723073393
16.400 4469 -1723073393
16.427 5141 -1723073393
16.453 5766 -1723073393
16.480 6344 -1723073393
16.507 6831 -1723073393
16.533 7179 -1723073393
16.560 7426 -1723073393
16.587 7505 -1723073393
16.613 7414 -1723073393
16.640 7216 -1723073393
16.667 6844 -1723073393
16.693 6319 -1723073393
16.720 5713 -1723073393
16.747 5003 -1723073393
16.773 4218 -1723073393
16.800 3420 -1723073393
16.827 2579 -1723073393
16.853 1726 -1723073393
16.880 925 -1723073393
16.907 145 -1723073393
16.933 -596 -1723073393
16.960 -1273 -1723073393
16.987 -1908 -1723073393
17.013 -2474 -1723073393
17.040 -2958 -1723073393
17.067 -3359 -1723073393
17.093 -3694 -1723073393
17.120 -3950 -1723073393
17.147 -4124 -1723073393
17.173 -4248 -1723073393
17.200 -4305 -1723073393
17.227 -4307 -1723073393
17.253 -4287 -1723073393
17.280 -4224 -1723073393
17.307 -4135 -1723073393
17.333 -4052 -1723073393
17.360 -3950 -1723073393
17.387 -3848 -1723073393
17.413 -3765 -1723073393
17.440 -3672 -1723073393
17.467 -3583 -1723073393
17.493 -3514 -1723073393
17.520 -3438 -1723073393
17.547 -3380 -1723073393
17.573 -3342 -1723073393
17.600 -3289 -1723073393
17.627 -3241 -1723073393
17.653 -3191 -1723073393
17.680 -3112 -1723073393
17.707 -3025 -1723073393
17.733 -2932 -1723073393
17.760 -2815 -1723073393
17.787 -2684 -1723073393
17.813 -2544 -1723073393
17.840 -2387 -1723073393
17.867 -2224 -1723073393
17.893 -2048 -1723073393
17.920 -1852 -1723073393
17.947 -1652 -1723073393
17.973 -1451 -1723073393
18.000 -1248 -1723073393
18.027 -1050 -1723073393
18.053 -855 -1723073393
18.080 -669 -1723073393
18.107 -503 -1723073393
18.133 -357 -1723073393
18.160 -231 -1723073393
18.187 -117 -1723073393
18.213 -20 -1723073393
18.240 65 -1723073393
18.267 143 -1723073393
18.293 215 -1723073393
18.320 299 -1723073393
18.347 410 -1723073393
18.373 556 -1723073393
18.400 757 -1723073393
18.427 1029 -1723073393
18.453 1387 -1723073393
18.480 1837 -1723073393
18.507 2394 -1723073393
18.533 3076 -1723073393
18.560 3892 -1723073393
18.587 4830 -1723073393
18.613 5859 -1723073393
18.640 6995 -1723073393
18.667 8187 -1723073393
18.693 9439 -1723073393
18.720 10748 -1723073393
18.747 11961 -1723073393
18.773 13119 -1723073393
18.800 14226 -1723073393
18.827 15118 -1723073393
18.853 15867 -1723073393
18.880 16447 -1723073393
18.907 16686 -1723073393
18.933 16711 -1723073393
18.960 16543 -1723073393
18.987 16004 -1723073393
19.013 15277 -1723073393
19.040 14399 -1723073393
19.067 13234 -1723073393
19.093 11968 -1723073393
19.120 10624 -1723073393
19.147 9151 -1723073393
19.173 7688 -1723073393
19.200 6251 -1723073393
19.227 4766 -1723073393
19.253 3352 -1723073393
19.280 2057 -1723073393
19.307 801 -1723073393
19.333 -342 -1723073393
19.360 -1377 -1723073393
19.387 -2346 -1723073393
19.413 -3188 -1723073393
19.440 -3912 -1723073393
19.467 -4550 -1723073393
19.493 -5111 -1723073393
19.520 -5571 -1723073393
19.547 -5945 -1723073393
19.573 -6266 -1723073393
19.600 -6491 -1723073393
19.627 -6656 -1723073393
19.653 -6803 -1723073393
19.680 -6866 -1723073393
19.707 -6892 -1723073393
19.733 -6923 -1723073393
19.760 -6879 -1723073393
19.787 -6820 -1723073393
19.813 -6778 -1723073393
19.840 -6676 -1723073393
19.867 -6574 -1723073393
19.893 -6485 -1723073393
19.920 -6335 -1723073393
19.947 -6198 -1723073393
19.973 -6067 -1723073393
20.000 -5875 -1723073393
20.027 -5693 -1723073393
20.053 -5498 -1723073393
20.080 -5256 -1723073393
20.107 -5043 -1723073393
20.133 -4819 -1723073393
20.160 -4550 -1723073393
20.187 -4313 -1723073393
20.213 -4074 -1723073393
20.240 -3815 -1723073393
20.267 -3601 -1723073393
20.293 -3390 -1723073393
20.320 -3181 -1723073393
20.347 -3034 -1723073393
20.373 -2899 -1723073393
20.400 -2775 -1723073393
20.427 -2707 -1723073393
20.453 -2647 -1723073393
20.480 -2599 -1723073393
20.507 -2595 -1723073393
20.533 -2583 -1723073393
20.560 -2575 -1723073393
20.587 -2595 -1723073393
20.613 -2597 -1723073393
20.640 -2600 -1723073393
20.667 -2619 -1723073393
20.693 -2614 -1723073393
20.720 -2609 -1723073393
20.747 -2621 -1723073393
20.773 -2614 -1723073393
20.800 -2628 -1723073393
20.827 -2672 -1723073393
20.853 -2717 -1723073393
20.880 -2802 -1723073393
20.907 -2929 -1723073393
20.933 -3074 -1723073393
20.960 -3273 -1723073393
20.987 -3510 -1723073393
21.013 -3748 -1723073393
21.040 -4024 -1723073393
21.067 -4307 -1723073393
21.093 -4571 -1723073393
21.120 -4860 -1723073393
21.147 -5116 -1723073393
21.173 -5322 -1723073393
21.200 -5527 -1723073393
21.227 -5667 -1723073393
21.253 -5737 -1723073393
21.280 -5794 -1723073393
21.307 -5761 -1723073393
21.333 -5647 -1723073393
21.360 -5525 -1723073393
21.387 -5304 -1723073393
21.413 -5025 -1723073393
21.440 -4756 -1723073393
21.467 -4408 -1723073393
21.493 -4026 -1723073393
21.520 -3659 -1723073393
21.547 -3238 -1723073393
21.573 -2807 -1723073393
21.600 -2411 -1723073393
21.627 -1978 -1723073393
21.653 -1544 -1723073393
21.680 -1158 -1723073393
21.707 -759 -1723073393
21.733 -378 -1723073393
21.760 -36 -1723073393
21.787 301 -1723073393
21.813 617 -1723073393
21.840 898 -1723073393
21.867 1167 -1723073393
21.893 1421 -1723073393
21.920 1648 -1723073393
21.947 1858 -1723073393
21.973 2059 -1723073393
22.000 2225 -1723073393
22.027 2365 -1723073393
22.053 2500 -1723073393
22.080 2592 -1723073393
22.107 2649 -1723073393
22.133 2694 -1723073393
22.160 2685 -1723073393
22.187 2636 -1723073393
22.213 2585 -1723073393
22.240 2492 -1723073393
22.267 2373 -1723073393
22.293 2266 -1723073393
22.320 2129 -1723073393
22.347 1983 -1723073393
22.373 1861 -1723073393
22.400 1727 -1723073393
22.427 1601 -1723073393
22.453 1508 -1723073393
22.480 1415 -1723073393
22.507 1340 -1723073393
22.533 1296 -1723073393
22.560 1264 -1723073393
22.587 1252 -1723073393
22.613 1262 -1723073393
22.640 1281 -1723073393
22.667 1313 -1723073393
22.693 1349 -1723073393
22.720 1376 -1723073393
22.747 1402 -1723073393
22.773 1420 -1723073393
22.800 1412 -1723073393
22.827 1403 -1723073393
22.853 1380 -1723073393
22.880 1332 -1723073393
22.907 1285 -1723073393
22.933 1228 -1723073393
22.960 1157 -1723073393
22.987 1105 -1723073393
23.013 1063 -1723073393
23.040 1024 -1723073393
23.067 1010 -1723073393
23.093 1006 -1723073393
23.120 1013 -1723073393
23.147 1050 -1723073393
23.173 1103 -1723073393
23.200 1172 -1723073393
23.227 1267 -1723073393
23.253 1376 -1723073393
23.280 1497 -1723073393
23.307 1641 -1723073393
23.333 1780 -1723073393
23.360 1914 -1723073393
23.387 2060 -1723073393
23.413 2182 -1723073393
23.440 2285 -1723073393
23.467 2399 -1723073393
23.493 2486 -1723073393
23.520 2549 -1723073393
23.547 2620 -1723073393
23.573 2661 -1723073393
23.600 2672 -1723073393
23.627 2686 -1723073393
23.653 2663 -1723073393
23.680 2616 -1723073393
23.707 2586 -1723073393
23.733 2523 -1723073393
23.760 2437 -1723073393
23.787 2362 -1723073393
23.813 2261 -1723073393
23.840 2146 -1723073393
23.867 2052 -1723073393
23.893 1935 -1723073393
23.920 1809 -1723073393
23.947 1705 -1723073393
23.973 1581 -1723073393
24.000 1451 -1723073393
24.027 1330 -1723073393
24.053 1190 -1723073393
24.080 1050 -1723073393
24.107 920 -1723073393
24.133 777 -1723073393
24.160 641 -1723073393
24.187 518 -1723073393
24.213 394 -1723073393
24.240 283 -1723073393
24.267 190 -1723073393
24.293 104 -1723073393
24.320 29 -1723073393
24.347 -33 -1723073393
24.373 -82 -1723073393
24.400 -118 -1723073393
24.427 -144 -1723073393
24.453 -154 -1723073393
24.480 -155 -1723073393
24.507 -153 -1723073393
24.533 -133 -1723073393
24.560 -97 -1723073393
24.587 -56 -1723073393
24.613 -1 -1723073393
24.640 55 -1723073393
24.667 107 -1723073393
24.693 161 -1723073393
24.720 217 -1723073393
24.747 267 -1723073393
24.773 322 -1723073393
24.800 381 -1723073393
24.827 435 -1723073393
24.853 485 -1723073393
24.880 531 -1723073393
24.907 566 -1723073393
24.933 595 -1723073393
24.960 619 -1723073393
24.987 632 -1723073393
25.013 640 -1723073393
25.040 649 -1723073393
25.067 647 -1723073393
25.093 632 -1723073393
25.120 611 -1723073393
25.147 578 -1723073393
25.173 538 -1723073393
25.200 497 -1723073393
25.227 451 -1723073393
25.253 406 -1723073393
25.280 371 -1723073393
25.307 334 -1723073393
25.333 299 -1723073393
25.360 268 -1723073393
25.387 235 -1723073393
25.413 204 -1723073393
25.440 176 -1723073393
25.467 142 -1723073393
25.493 110 -1723073393
25.520 77 -1723073393
25.547 38 -1723073393
25.573 -2 -1723073393
25.600 -43 -1723073393
25.627 -89 -1723073393
25.653 -135 -1723073393
25.680 -185 -1723073393
25.707 -245 -1723073393
25.733 -307 -1723073393
25.760 -374 -1723073393
25.787 -442 -1723073393
25.813 -503 -1723073393
25.840 -567 -1723073393
25.867 -630 -1723073393
25.893 -681 -1723073393
25.920 -728 -1723073393
25.947 -764 -1723073393
25.973 -785 -1723073393
26.000 -802 -1723073393
26.027 -803 -1723073393
26.053 -784 -1723073393
26.080 -769 -1723073393
26.107 -735 -1723073393
26.133 -681 -1723073393
26.160 -634 -1723073393
26.187 -577 -1723073393
26.213 -503 -1723073393
26.240 -430 -1723073393
26.267 -350 -1723073393
26.293 -258 -1723073393
26.320 -180 -1723073393
26.347 -109 -1723073393
26.373 -37 -1723073393
26.400 22 -1723073393
26.427 72 -1723073393
26.453 119 -1723073393
26.480 151 -1723073393
26.507 175 -1723073393
26.533 201 -1723073393
26.560 221 -1723073393
26.587 231 -1723073393
26.613 240 -1723073393
26.640 245 -1723073393
26.667 240 -1723073393
26.693 237 -1723073393
26.720 234 -1723073393
26.747 231 -1723073393
26.773 234 -1723073393
26.800 237 -1723073393
26.827 236 -1723073393
26.853 233 -1723073393
26.880 227 -1723073393
26.907 214 -1723073393
26.933 196 -1723073393
26.960 168 -1723073393
26.987 127 -1723073393
27.013 87 -1723073393
27.040 40 -1723073393
27.067 -14 -1723073393
27.093 -67 -1723073393
27.120 -125 -1723073393
27.147 -188 -1723073393
27.173 -246 -1723073393
27.200 -301 -1723073393
27.227 -353 -1723073393
27.253 -390 -1723073393
27.280 -421 -1723073393
27.307 -447 -1723073393
27.333 -461 -1723073393
27.360 -471 -1723073393
27.387 -470 -1723073393
27.413 -453 -1723073393
27.440 -437 -1723073393
27.467 -412 -1723073393
27.493 -369 -1723073393
27.520 -329 -1723073393
27.547 -290 -1723073393
27.573 -247 -1723073393
27.600 -215 -1723073393
27.627 -187 -1723073393
27.653 -160 -1723073393
27.680 -144 -1723073393
27.707 -129 -1723073393
27.733 -111 -1723073393
27.760 -103 -1723073393
27.787 -103 -1723073393
27.813 -98 -1723073393
27.840 -95 -1723073393
27.867 -94 -1723073393
27.893 -89 -1723073393
27.920 -84 -1723073393
27.947 -80 -1723073393
27.973 -64 -1723073393
28.000 -48 -1723073393
28.027 -28 -1723073393
28.053 2 -1723073393
28.080 36 -1723073393
28.107 75 -1723073393
28.133 121 -1723073393
28.160 166 -1723073393
28.187 211 -1723073393
28.213 252 -1723073393
28.240 283 -1723073393
28.267 308 -1723073393
28.293 334 -1723073393
28.320 350 -1723073393
28.347 359 -1723073393
28.373 372 -1723073393
28.400 378 -1723073393
28.427 377 -1723073393
28.453 379 -1723073393
28.480 375 -1723073393
28.507 359 -1723073393
28.533 344 -1723073393
28.560 323 -1723073393
28.587 292 -1723073393
28.613 263 -1723073393
28.640 236 -1723073393
28.667 205 -1723073393
28.693 181 -1723073393
28.720 158 -1723073393
28.747 138 -1723073393
28.773 131 -1723073393
28.800 124 -1723073393
28.827 109 -1723073393
28.853 103 -1723073393
28.880 95 -1723073393
28.907 83 -1723073393
28.933 75 -1723073393
28.960 62 -1723073393
28.987 37 -1723073393
29.013 19 -1723073393
29.040 1 -1723073393
29.067 -22 -1723073393
29.093 -37 -1723073393
29.120 -52 -1723073393
29.147 -69 -1723073393
29.173 -80 -1723073393
29.200 -90 -1723073393
29.227 -102 -1723073393
29.253 -103 -1723073393
29.280 -106 -1723073393
29.307 -112 -1723073393
29.333 -111 -1723073393
29.360 -111 -1723073393
29.387 -114 -1723073393
29.413 -105 -1723073393
29.440 -90 -1723073393
29.467 -78 -1723073393
29.493 -52 -1723073393
29.520 -24 -1723073393
29.547 -3 -1723073393
29.573 25 -1723073393
29.600 53 -1723073393
29.627 72 -1723073393
29.653 96 -1723073393
29.680 115 -1723073393
29.707 125 -1723073393
29.733 135 -1723073393
29.760 141 -1723073393
29.787 139 -1723073393
29.813 141 -1723073393
29.840 146 -1723073393
29.867 146 -1723073393
29.893 153 -1723073393
29.920 163 -1723073393
29.947 165 -1723073393
29.973 172 -1723073393
30.000 182 -1723073393
30.027 179 -1723073393
30.053 180 -1723073393
30.080 182 -1723073393
30.107 174 -1723073393
30.133 170 -1723073393
30.160 171 -1723073393
30.187 164 -1723073393
30.213 163 -1723073393
30.240 168 -1723073393
30.267 171 -1723073393
30.293 182 -1723073393
30.320 197 -1723073393
30.347 208 -1723073393
30.373 223 -1723073393
30.400 241 -1723073393
30.427 252 -1723073393
30.453 266 -1723073393
30.480 289 -1723073393
30.507 301 -1723073393
30.533 306 -1723073393
30.560 312 -1723073393
30.587 304 -1723073393
30.613 285 -1723073393
30.640 265 -1723073393
30.667 233 -1723073393
30.693 190 -1723073393
30.720 143 -1723073393
30.747 89 -1723073393
30.773 35 -1723073393
30.800 -16 -1723073393
30.827 -71 -1723073393
30.853 -124 -1723073393
30.880 -171 -1723073393
30.907 -223 -1723073393
30.933 -272 -1723073393
30.960 -303 -1723073393
30.987 -324 -1723073393
31.013 -331 -1723073393
31.040 -317 -1723073393
31.067 -296 -1723073393
31.093 -267 -1723073393
31.120 -221 -1723073393
31.147 -168 -1723073393
31.173 -113 -1723073393
31.200 -48 -1723073393
31.227 9 -1723073393
31.253 60 -1723073393
31.280 111 -1723073393
31.307 149 -1723073393
31.333 178 -1723073393
31.360 204 -1723073393
31.387 221 -1723073393
31.413 219 -1723073393
31.440 212 -1723073393
31.467 202 -1723073393
31.493 182 -1723073393
31.520 161 -1723073393
31.547 143 -1723073393
31.573 119 -1723073393
31.600 100 -1723073393
31.627 89 -1723073393
31.653 72 -1723073393
31.680 61 -1723073393
31.707 59 -1723073393
31.733 56 -1723073393
31.760 62 -1723073393
31.787 78 -1723073393
31.813 84 -1723073393
31.840 91 -1723073393
31.867 104 -1723073393
31.893 108 -1723073393
31.920 109 -1723073393
31.947 116 -1723073393
31.973 111 -1723073393
32.000 98 -1723073393
32.027 87 -1723073393
32.053 70 -1723073393
32.080 56 -1723073393
32.107 54 -1723073393
32.133 50 -1723073393
32.160 47 -1723073393
32.187 55 -1723073393
32.213 66 -1723073393
32.240 84 -1723073393
32.267 110 -1723073393
32.293 132 -1723073393
32.320 152 -1723073393
32.347 180 -1723073393
32.373 202 -1723073393
32.400 210 -1723073393
32.427 216 -1723073393
32.453 213 -1723073393
32.480 198 -1723073393
32.507 179 -1723073393
32.533 154 -1723073393
32.560 113 -1723073393
32.587 63 -1723073393
32.613 8 -1723073393
32.640 -52 -1723073393
32.667 -110 -1723073393
32.693 -167 -1723073393
32.720 -227 -1723073393
32.747 -271 -1723073393
32.773 -295 -1723073393
32.800 -309 -1723073393
32.827 -303 -1723073393
32.853 -279 -1723073393
32.880 -245 -1723073393
32.907 -200 -1723073393
32.933 -145 -1723073393
32.960 -88 -1723073393
32.987 -21 -1723073393
33.013 44 -1723073393
33.040 100 -1723073393
33.067 149 -1723073393
33.093 190 -1723073393
33.120 215 -1723073393
33.147 229 -1723073393
33.173 235 -1723073393
33.200 234 -1723073393
33.227 228 -1723073393
33.253 217 -1723073393
33.280 198 -1723073393
33.307 171 -1723073393
33.333 146 -1723073393
33.360 123 -1723073393
33.387 98 -1723073393
33.413 81 -1723073393
33.440 70 -1723073393
33.467 59 -1723073393
33.493 48 -1723073393
33.520 37 -1723073393
33.547 27 -1723073393
33.573 24 -1723073393
33.600 25 -1723073393
33.627 21 -1723073393
33.653 23 -1723073393
33.680 34 -1723073393
33.707 40 -1723073393
33.733 48 -1723073393
33.760 61 -1723073393
33.787 74 -1723073393
33.813 94 -1723073393
33.840 126 -1723073393
33.867 156 -1723073393
33.893 195 -1723073393
33.920 244 -1723073393
33.947 285 -1723073393
33.973 324 -1723073393
34.000 374 -1723073393
34.027 419 -1723073393
34.053 454 -1723073393
34.080 486 -1723073393
34.107 512 -1723073393
34.133 530 -1723073393
34.160 541 -1723073393
34.187 539 -1723073393
34.213 520 -1723073393
34.240 490 -1723073393
34.267 447 -1723073393
34.293 389 -1723073393
34.320 321 -1723073393
34.347 251 -1723073393
34.373 180 -1723073393
34.400 112 -1723073393
34.427 51 -1723073393
34.453 -9 -1723073393
34.480 -59 -1723073393
34.507 -99 -1723073393
34.533 -128 -1723073393
34.560 -134 -1723073393
34.587 -125 -1723073393
34.613 -109 -1723073393
34.640 -69 -1723073393
34.667 -14 -1723073393
34.693 36 -1723073393
34.720 92 -1723073393
34.747 148 -1723073393
34.773 193 -1723073393
34.800 235 -1723073393
34.827 278 -1723073393
34.853 307 -1723073393
34.880 319 -1723073393
34.907 324 -1723073393
34.933 309 -1723073393
34.960 276 -1723073393
34.987 237 -1723073393
35.013 187 -1723073393
35.040 130 -1723073393
35.067 81 -1723073393
35.093 35 -1723073393
35.120 -8 -1723073393
35.147 -39 -1723073393
35.173 -58 -1723073393
35.200 -69 -1723073393
35.227 -66 -1723073393
35.253 -55 -1723073393
35.280 -42 -1723073393
35.307 -18 -1723073393
35.333 12 -1723073393
35.360 42 -1723073393
35.387 83 -1723073393
35.413 125 -1723073393
35.440 162 -1723073393
35.467 200 -1723073393
35.493 235 -1723073393
35.520 264 -1723073393
35.547 293 -1723073393
35.573 322 -1723073393
35.600 342 -1723073393
35.627 358 -1723073393
35.653 370 -1723073393
35.680 376 -1723073393
35.707 383 -1723073393
35.733 391 -1723073393
35.760 397 -1723073393
35.787 400 -1723073393
35.813 401 -1723073393
35.840 394 -1723073393
35.867 384 -1723073393
35.893 375 -1723073393
35.920 361 -1723073393
35.947 339 -1723073393
35.973 314 -1723073393
36.000 287 -1723073393
36.027 259 -1723073393
36.053 226 -1723073393
36.080 189 -1723073393
36.107 150 -1723073393
36.133 110 -1723073393
36.160 63 -1723073393
36.187 9 -1723073393
36.213 -40 -1723073393
36.240 -81 -1723073393
36.267 -120 -1723073393
36.293 -152 -1723073393
36.320 -174 -1723073393
36.347 -183 -1723073393
36.373 -173 -1723073393
36.400 -150 -1723073393
36.427 -123 -1723073393
36.453 -80 -1723073393
36.480 -28 -1723073393
36.507 24 -1723073393
36.533 86 -1723073393
36.560 145 -1723073393
36.587 198 -1723073393
36.613 246 -1723073393
36.640 288 -1723073393
36.667 320 -1723073393
36.693 344 -1723073393
36.720 355 -1723073393
36.747 347 -1723073393
36.773 330 -1723073393
36.800 310 -1723073393
36.827 278 -1723073393
36.853 238 -1723073393
36.880 198 -1723073393
36.907 159 -1723073393
36.933 127 -1723073393
36.960 105 -1723073393
36.987 91 -1723073393
37.013 78 -1723073393
37.040 75 -1723073393
37.067 84 -1723073393
37.093 95 -1723073393
37.120 114 -1723073393
37.147 138 -1723073393
37.173 159 -1723073393
37.200 182 -1723073393
37.227 210 -1723073393
37.253 239 -1723073393
37.280 264 -1723073393
37.307 288 -1723073393
37.333 307 -1723073393
37.360 326 -1723073393
37.387 348 -1723073393
37.413 367 -1723073393
37.440 387 -1723073393
37.467 406 -1723073393
37.493 421 -1723073393
37.520 435 -1723073393
37.547 441 -1723073393
37.573 443 -1723073393
37.600 444 -1723073393
37.627 437 -1723073393
37.653 420 -1723073393
37.680 408 -1723073393
37.707 396 -1723073393
37.733 377 -1723073393
37.760 351 -1723073393
37.787 325 -1723073393
37.813 296 -1723073393
37.840 263 -1723073393
37.867 223 -1723073393
37.893 179 -1723073393
37.920 128 -1723073393
37.947 80 -1723073393
37.973 37 -1723073393
38.000 1 -1723073393
38.027 -22 -1723073393
38.053 -33 -1723073393
38.080 -37 -1723073393
38.107 -30 -1723073393
38.133 -5 -1723073393
38.160 26 -1723073393
38.187 61 -1723073393
38.213 104 -1723073393
38.240 147 -1723073393
38.267 186 -1723073393
38.293 228 -1723073393
38.320 269 -1723073393
38.347 300 -1723073393
38.373 324 -1723073393
38.400 334 -1723073393
38.427 333 -1723073393
38.453 321 -1723073393
38.480 298 -1723073393
38.507 263 -1723073393
38.533 221 -1723073393
38.560 170 -1723073393
38.587 117 -1723073393
38.613 70 -1723073393
38.640 29 -1723073393
38.667 -9 -1723073393
38.693 -39 -1723073393
38.720 -57 -1723073393
38.747 -67 -1723073393
38.773 -76 -1723073393
38.800 -73 -1723073393
38.827 -59 -1723073393
38.853 -38 -1723073393
38.880 -12 -1723073393
38.907 19 -1723073393
38.933 46 -1723073393
38.960 70 -1723073393
38.987 96 -1723073393
39.013 118 -1723073393
39.040 137 -1723073393
39.067 156 -1723073393
39.093 170 -1723073393
39.120 175 -1723073393
39.147 177 -1723073393
39.173 179 -1723073393
39.200 181 -1723073393
39.227 186 -1723073393
39.253 193 -1723073393
39.280 207 -1723073393
39.307 221 -1723073393
39.333 233 -1723073393
39.360 245 -1723073393
39.387 254 -1723073393
39.413 262 -1723073393
39.440 270 -1723073393
39.467 275 -1723073393
39.493 274 -1723073393
39.520 268 -1723073393
39.547 260 -1723073393
39.573 251 -1723073393
39.600 237 -1723073393
39.627 222 -1723073393
39.653 207 -1723073393
39.680 188 -1723073393
39.707 165 -1723073393
39.733 144 -1723073393
39.760 124 -1723073393
39.787 99 -1723073393
39.813 74 -1723073393
39.840 57 -1723073393
39.867 46 -1723073393
39.893 41 -1723073393
39.920 37 -1723073393
39.947 32 -1723073393
39.973 36 -1723073393
40.000 42 -1723073393
40.027 47 -1723073393
40.053 57 -1723073393
40.080 71 -1723073393
40.107 80 -1723073393
40.133 85 -1723073393
40.160 93 -1723073393
40.187 94 -1723073393
40.213 89 -1723073393
40.240 93 -1723073393
40.267 95 -1723073393
40.293 90 -1723073393
40.320 85 -1723073393
40.347 76 -1723073393
40.373 59 -1723073393
40.400 46 -1723073393
40.427 36 -1723073393
40.453 28 -1723073393
40.480 25 -1723073393
40.507 31 -1723073393
40.533 39 -1723073393
40.560 49 -1723073393
40.587 62 -1723073393
40.613 76 -1723073393
40.640 90 -1723073393
40.667 106 -1723073393
40.693 121 -1723073393
40.720 136 -1723073393
40.747 151 -1723073393
40.773 164 -1723073393
40.800 178 -1723073393
40.827 197 -1723073393
40.853 214 -1723073393
40.880 228 -1723073393
40.907 243 -1723073393
40.933 260 -1723073393
40.960 276 -1723073393
40.987 290 -1723073393
41.013 302 -1723073393
41.040 311 -1723073393
41.067 313 -1723073393
41.093 309 -1723073393
41.120 306 -1723073393
41.147 303 -1723073393
41.173 297 -1723073393
41.200 289 -1723073393
41.227 280 -1723073393
41.253 264 -1723073393
41.280 244 -1723073393
41.307 222 -1723073393
41.333 199 -1723073393
41.360 174 -1723073393
41.387 144 -1723073393
41.413 111 -1723073393
41.440 77 -1723073393
41.467 41 -1723073393
41.493 10 -1723073393
41.520 -13 -1723073393
41.547 -27 -1723073393
41.573 -32 -1723073393
41.600 -33 -1723073393
41.627 -34 -1723073393
41.653 -29 -1723073393
41.680 -17 -1723073393
41.707 -3 -1723073393
41.733 9 -1723073393
41.760 29 -1723073393
41.787 47 -1723073393
41.813 58 -1723073393
41.840 67 -1723073393
41.867 73 -1723073393
41.893 73 -1723073393
41.920 70 -1723073393
41.947 60 -1723073393
41.973 42 -1723073393
42.000 22 -1723073393
42.027 1 -1723073393
42.053 -22 -1723073393
42.080 -44 -1723073393
42.107 -58 -1723073393
42.133 -68 -1723073393
42.160 -80 -1723073393
42.187 -85 -1723073393
42.213 -82 -1723073393
42.240 -76 -1723073393
42.267 -61 -1723073393
42.293 -38 -1723073393
42.320 -16 -1723073393
42.347 10 -1723073393
42.373 39 -1723073393
42.400 66 -1723073393
42.427 96 -1723073393
42.453 128 -1723073393
42.480 151 -1723073393
42.507 169 -1723073393
42.533 188 -1723073393
42.560 200 -1723073393
42.587 206 -1723073393
42.613 204 -1723073393
42.640 193 -1723073393
42.667 175 -1723073393
42.693 158 -1723073393
42.720 136 -1723073393
42.747 107 -1723073393
42.773 80 -1723073393
42.800 58 -1723073393
42.827 37 -1723073393
42.853 17 -1723073393
42.880 2 -1723073393
42.907 -6 -1723073393
42.933 -10 -1723073393
42.960 -3 -1723073393
42.987 5 -1723073393
43.013 10 -1723073393
43.040 18 -1723073393
43.067 27 -1723073393
43.093 32 -1723073393
43.120 36 -1723073393
43.147 43 -1723073393
43.173 43 -1723073393
43.200 38 -1723073393
43.227 36 -1723073393
43.253 34 -1723073393
43.280 28 -1723073393
43.307 26 -1723073393
43.333 24 -1723073393
43.360 21 -1723073393
43.387 26 -1723073393
43.413 33 -1723073393
43.440 34 -1723073393
43.467 35 -1723073393
43.493 36 -1723073393
43.520 30 -1723073393
43.547 25 -1723073393
43.573 25 -1723073393
43.600 20 -1723073393
43.627 13 -1723073393
43.653 7 -1723073393
43.680 -3 -1723073393
43.707 -25 -1723073393
43.733 -50 -1723073393
43.760 -76 -1723073393
43.787 -106 -1723073393
43.813 -130 -1723073393
43.840 -147 -1723073393
43.867 -164 -1723073393
43.893 -175 -1723073393
43.920 -173 -1723073393
43.947 -176 -1723073393
43.973 -175 -1723073393
44.000 -159 -1723073393
44.027 -141 -1723073393
44.053 -126 -1723073393
44.080 -102 -1723073393
44.107 -72 -1723073393
44.133 -50 -1723073393
44.160 -26 -1723073393
44.187 -2 -1723073393
44.213 12 -1723073393
44.240 27 -1723073393
44.267 42 -1723073393
44.293 46 -1723073393
44.320 42 -1723073393
44.347 38 -1723073393
44.373 30 -1723073393
44.400 20 -1723073393
44.427 22 -1723073393
44.453 28 -1723073393
44.480 33 -1723073393
44.507 48 -1723073393
44.533 66 -1723073393
44.560 80 -1723073393
44.587 97 -1723073393
44.613 110 -1723073393
44.640 112 -1723073393
44.667 114 -1723073393
44.693 119 -1723073393
44.720 123 -1723073393
44.747 125 -1723073393
44.773 127 -1723073393
44.800 125 -1723073393
44.827 122 -1723073393
44.853 122 -1723073393
44.880 122 -1723073393
44.907 119 -1723073393
44.933 119 -1723073393
44.960 119 -1723073393
44.987 119 -1723073393
45.013 119 -1723073393
45.040 120 -1723073393
45.067 118 -1723073393
45.093 118 -1723073393
45.120 123 -1723073393
45.147 126 -1723073393
45.173 129 -1723073393
45.200 133 -1723073393
45.227 134 -1723073393
45.253 128 -1723073393
45.280 124 -1723073393
45.307 119 -1723073393
45.333 107 -1723073393
45.360 93 -1723073393
45.387 79 -1723073393
45.413 58 -1723073393
45.440 36 -1723073393
45.467 18 -1723073393
45.493 -2 -1723073393
45.520 -29 -1723073393
45.547 -48 -1723073393
45.573 -65 -1723073393
45.600 -83 -1723073393
45.627 -92 -1723073393
45.653 -96 -1723073393
45.680 -105 -1723073393
45.707 -102 -1723073393
45.733 -86 -1723073393
45.760 -72 -1723073393
45.787 -53 -1723073393
45.813 -17 -1723073393
45.840 17 -1723073393
45.867 45 -1723073393
45.893 80 -1723073393
45.920 117 -1723073393
45.947 144 -1723073393
45.973 172 -1723073393
46.000 194 -1723073393
46.027 204 -1723073393
46.053 210 -1723073393
46.080 215 -1723073393
46.107 212 -1723073393
46.133 206 -1723073393
46.160 201 -1723073393
46.187 193 -1723073393
46.213 180 -1723073393
46.240 173 -1723073393
46.267 167 -1723073393
46.293 158 -1723073393
46.320 153 -1723073393
46.347 143 -1723073393
46.373 131 -1723073393
46.400 125 -1723073393
46.427 121 -1723073393
46.453 114 -1723073393
46.480 112 -1723073393
46.507 113 -1723073393
46.533 113 -1723073393
46.560 119 -1723073393
46.587 135 -1723073393
46.613 148 -1723073393
46.640 160 -1723073393
46.667 176 -1723073393
46.693 195 -1723073393
46.720 214 -1723073393
46.747 234 -1723073393
46.773 248 -1723073393
46.800 256 -1723073393
46.827 260 -1723073393
46.853 258 -1723073393
46.880 253 -1723073393
46.907 242 -1723073393
46.933 224 -1723073393
46.960 200 -1723073393
46.987 169 -1723073393
47.013 140 -1723073393
47.040 109 -1723073393
47.067 76 -1723073393
47.093 51 -1723073393
47.120 29 -1723073393
47.147 3 -1723073393
47.173 -16 -1723073393
47.200 -29 -1723073393
47.227 -44 -1723073393
47.253 -54 -1723073393
47.280 -49 -1723073393
47.307 -42 -1723073393
47.333 -39 -1723073393
47.360 -25 -1723073393
47.387 -5 -1723073393
47.413 12 -1723073393
47.440 41 -1723073393
47.467 78 -1723073393
47.493 111 -1723073393
47.520 144 -1723073393
47.547 176 -1723073393
47.573 197 -1723073393
47.600 217 -1723073393
47.627 240 -1723073393
47.653 260 -1723073393
47.680 274 -1723073393
47.707 283 -1723073393
47.733 286 -1723073393
47.760 285 -1723073393
47.787 287 -1723073393
47.813 288 -1723073393
47.840 282 -1723073393
47.867 274 -1723073393
47.893 267 -1723073393
47.920 257 -1723073393
47.947 244 -1723073393
47.973 232 -1723073393
48.000 221 -1723073393
48.027 211 -1723073393
48.053 204 -1723073393
48.080 201 -1723073393
48.107 201 -1723073393
48.133 201 -1723073393
48.160 202 -1723073393
48.187 206 -1723073393
48.213 211 -1723073393
48.240 217 -1723073393
48.267 222 -1723073393
48.293 230 -1723073393
48.320 248 -1723073393
48.347 269 -1723073393
48.373 288 -1723073393
48.400 309 -1723073393
48.427 332 -1723073393
48.453 351 -1723073393
48.480 369 -1723073393
48.507 388 -1723073393
48.533 406 -1723073393
48.560 423 -1723073393
48.587 439 -1723073393
48.613 448 -1723073393
48.640 456 -1723073393
48.667 466 -1723073393
48.693 467 -1723073393
48.720 464 -1723073393
48.747 462 -1723073393
48.773 455 -1723073393
48.800 443 -1723073393
48.827 426 -1723073393
48.853 406 -1723073393
48.880 386 -1723073393
48.907 369 -1723073393
48.933 354 -1723073393
48.960 339 -1723073393
48.987 324 -1723073393
49.013 314 -1723073393
49.040 303 -1723073393
49.067 293 -1723073393
49.093 289 -1723073393
49.120 282 -1723073393
49.147 271 -1723073393
49.173 264 -1723073393
49.200 261 -1723073393
49.227 260 -1723073393
49.253 264 -1723073393
49.280 270 -1723073393
49.307 277 -1723073393
49.333 286 -1723073393
49.360 299 -1723073393
49.387 311 -1723073393
49.413 321 -1723073393
49.440 338 -1723073393
49.467 352 -1723073393
49.493 360 -1723073393
49.520 369 -1723073393
49.547 379 -1723073393
49.573 380 -1723073393
49.600 379 -1723073393
49.627 376 -1723073393
49.653 360 -1723073393
49.680 341 -1723073393
49.707 328 -1723073393
49.733 304 -1723073393
49.760 272 -1723073393
49.787 249 -1723073393
49.813 232 -1723073393
49.840 215 -1723073393
49.867 209 -1723073393
49.893 211 -1723073393
49.920 209 -1723073393
49.947 208 -1723073393
49.973 211 -1723073393
50.000 208 -1723073393
50.027 202 -1723073393
50.053 203 -1723073393
50.080 205 -1723073393
50.107 206 -1723073393
50.133 214 -1723073393
50.160 222 -1723073393
50.187 225 -1723073393
50.213 231 -1723073393
50.240 239 -1723073393
50.267 239 -1723073393
50.293 238 -1723073393
50.320 239 -1723073393
50.347 236 -1723073393
50.373 225 -1723073393
50.400 213 -1723073393
50.427 198 -1723073393
50.453 175 -1723073393
50.480 153 -1723073393
50.507 127 -1723073393
50.533 90 -1723073393
50.560 52 -1723073393
50.587 15 -1723073393
50.613 -28 -1723073393
50.640 -68 -1723073393
50.667 -99 -1723073393
50.693 -134 -1723073393
50.720 -171 -1723073393
50.747 -195 -1723073393
50.773 -212 -1723073393
50.800 -227 -1723073393
50.827 -230 -1723073393
50.853 -226 -1723073393
50.880 -223 -1723073393
50.907 -209 -1723073393
50.933 -185 -1723073393
50.960 -167 -1723073393
50.987 -155 -1723073393
51.013 -138 -1723073393
51.040 -125 -1723073393
51.067 -121 -1723073393
51.093 -112 -1723073393
51.120 -102 -1723073393
51.147 -99 -1723073393
51.173 -91 -1723073393
51.200 -79 -1723073393
51.227 -76 -1723073393
51.253 -71 -1723073393
51.280 -55 -1723073393
51.307 -35 -1723073393
51.333 -17 -1723073393
51.360 -1 -1723073393
51.387 10 -1723073393
51.413 16 -1723073393
51.440 26 -1723073393
51.467 38 -1723073393
51.493 44 -1723073393
51.520 56 -1723073393
51.547 77 -1723073393
51.573 97 -1723073393
51.600 114 -1723073393
51.627 136 -1723073393
51.653 160 -1723073393
51.680 183 -1723073393
51.707 207 -1723073393
51.733 232 -1723073393
51.760 248 -1723073393
51.787 259 -1723073393
51.813 268 -1723073393
51.840 272 -1723073393
51.867 268 -1723073393
51.893 259 -1723073393
51.920 249 -1723073393
51.947 238 -1723073393
51.973 226 -1723073393
52.000 214 -1723073393
52.027 202 -1723073393
52.053 193 -1723073393
52.080 187 -1723073393
52.107 184 -1723073393
52.133 185 -1723073393
52.160 187 -1723073393
52.187 191 -1723073393
52.213 196 -1723073393
52.240 205 -1723073393
52.267 214 -1723073393
52.293 216 -1723073393
52.320 217 -1723073393
52.347 218 -1723073393
52.373 215 -1723073393
52.400 209 -1723073393
52.427 201 -1723073393
52.453 188 -1723073393
52.480 170 -1723073393
52.507 154 -1723073393
52.533 136 -1723073393
52.560 113 -1723073393
52.587 95 -1723073393
52.613 83 -1723073393
52.640 70 -1723073393
52.667 65 -1723073393
52.693 67 -1723073393
52.720 72 -1723073393
52.747 77 -1723073393
52.773 87 -1723073393
52.800 95 -1723073393
52.827 100 -1723073393
52.853 110 -1723073393
52.880 119 -1723073393
52.907 127 -1723073393
52.933 141 -1723073393
52.960 155 -1723073393
52.987 161 -1723073393
53.013 168 -1723073393
53.040 177 -1723073393
53.067 184 -1723073393
53.093 185 -1723073393
53.120 186 -1723073393
53.147 185 -1723073393
53.173 185 -1723073393
53.200 189 -1723073393
53.227 195 -1723073393
53.253 198 -1723073393
53.280 197 -1723073393
53.307 195 -1723073393
53.333 188 -1723073393
53.360 181 -1723073393
53.387 177 -1723073393
53.413 176 -1723073393
53.440 178 -1723073393
53.467 182 -1723073393
53.493 184 -1723073393
53.520 185 -1723073393
53.547 193 -1723073393
53.573 203 -1723073393
53.600 211 -1723073393
53.627 218 -1723073393
53.653 229 -1723073393
53.680 238 -1723073393
53.707 245 -1723073393
53.733 252 -1723073393
53.760 254 -1723073393
53.787 250 -1723073393
53.813 245 -1723073393
53.840 241 -1723073393
53.867 238 -1723073393
53.893 237 -1723073393
53.920 235 -1723073393
53.947 230 -1723073393
53.973 221 -1723073393
54.000 209 -1723073393
54.027 194 -1723073393
54.053 176 -1723073393
54.080 161 -1723073393
54.107 144 -1723073393
54.133 122 -1723073393
54.160 99 -1723073393
54.187 76 -1723073393
54.213 51 -1723073393
54.240 22 -1723073393
54.267 -3 -1723073393
54.293 -29 -1723073393
54.320 -55 -1723073393
54.347 -71 -1723073393
54.373 -79 -1723073393
54.400 -83 -1723073393
54.427 -84 -1723073393
54.453 -83 -1723073393
54.480 -84 -1723073393
54.507 -82 -1723073393
54.533 -77 -1723073393
54.560 -74 -1723073393
54.587 -68 -1723073393
54.613 -55 -1723073393
54.640 -46 -1723073393
54.667 -39 -1723073393
54.693 -27 -1723073393
54.720 -14 -1723073393
54.747 -8 -1723073393
54.773 -6 -1723073393
54.800 -1 -1723073393
54.827 5 -1723073393
54.853 12 -1723073393
54.880 23 -1723073393
54.907 33 -1723073393
54.933 40 -1723073393
54.960 54 -1723073393
54.987 72 -1723073393
55.013 90 -1723073393
55.040 111 -1723073393
55.067 137 -1723073393
55.093 160 -1723073393
55.120 185 -1723073393
55.147 216 -1723073393
55.173 245 -1723073393
55.200 267 -1723073393
55.227 292 -1723073393
55.253 322 -1723073393
55.280 351 -1723073393
55.307 377 -1723073393
55.333 403 -1723073393
55.360 423 -1723073393
55.387 442 -1723073393
55.413 459 -1723073393
55.440 469 -1723073393
55.467 470 -1723073393
55.493 471 -1723073393
55.520 474 -1723073393
55.547 476 -1723073393
55.573 481 -1723073393
55.600 489 -1723073393
55.627 498 -1723073393
55.653 510 -1723073393
55.680 521 -1723073393
55.707 531 -1723073393
55.733 540 -1723073393
55.760 550 -1723073393
55.787 555 -1723073393
55.813 554 -1723073393
55.840 554 -1723073393
55.867 553 -1723073393
55.893 552 -1723073393
55.920 549 -1723073393
55.947 543 -1723073393
55.973 527 -1723073393
56.000 506 -1723073393
56.027 485 -1723073393
56.053 462 -1723073393
56.080 436 -1723073393
56.107 413 -1723073393
56.133 388 -1723073393
56.160 359 -1723073393
56.187 332 -1723073393
56.213 307 -1723073393
56.240 284 -1723073393
56.267 262 -1723073393
56.293 243 -1723073393
56.320 222 -1723073393
56.347 204 -1723073393
56.373 192 -1723073393
56.400 180 -1723073393
56.427 168 -1723073393
56.453 158 -1723073393
56.480 150 -1723073393
56.507 140 -1723073393
56.533 133 -1723073393
56.560 128 -1723073393
56.587 120 -1723073393
56.613 110 -1723073393
56.640 99 -1723073393
56.667 90 -1723073393
56.693 81 -1723073393
56.720 78 -1723073393
56.747 76 -1723073393
56.773 70 -1723073393
56.800 63 -1723073393
56.827 56 -1723073393
56.853 42 -1723073393
56.880 27 -1723073393
56.907 17 -1723073393
56.933 8 -1723073393
56.960 -3 -1723073393
56.987 -10 -1723073393
57.013 -15 -1723073393
57.040 -23 -1723073393
57.067 -30 -1723073393
57.093 -34 -1723073393
57.120 -36 -1723073393
57.147 -35 -1723073393
57.173 -26 -1723073393
57.200 -15 -1723073393
57.227 -3 -1723073393
57.253 11 -1723073393
57.280 27 -1723073393
57.307 44 -1723073393
57.333 62 -1723073393
57.360 83 -1723073393
57.387 101 -1723073393
57.413 117 -1723073393
57.440 132 -1723073393
57.467 144 -1723073393
57.493 155 -1723073393
57.520 168 -1723073393
57.547 181 -1723073393
57.573 185 -1723073393
57.600 185 -1723073393
57.627 183 -1723073393
57.653 182 -1723073393
57.680 180 -1723073393
57.707 182 -1723073393
57.733 189 -1723073393
57.760 198 -1723073393
57.787 210 -1723073393
57.813 227 -1723073393
57.840 244 -1723073393
57.867 257 -1723073393
57.893 271 -1723073393
57.920 288 -1723073393
57.947 303 -1723073393
57.973 321 -1723073393
58.000 339 -1723073393
58.027 355 -1723073393
58.053 373 -1723073393
58.080 395 -1723073393
58.107 414 -1723073393
58.133 430 -1723073393
58.160 442 -1723073393
58.187 450 -1723073393
58.213 453 -1723073393
58.240 455 -1723073393
58.267 453 -1723073393
58.293 442 -1723073393
58.320 431 -1723073393
58.347 425 -1723073393
58.373 422 -1723073393
58.400 418 -1723073393
58.427 415 -1723073393
58.453 411 -1723073393
58.480 409 -1723073393
58.507 415 -1723073393
58.533 423 -1723073393
58.560 430 -1723073393
58.587 445 -1723073393
58.613 466 -1723073393
58.640 487 -1723073393
58.667 507 -1723073393
58.693 524 -1723073393
58.720 533 -1723073393
58.747 538 -1723073393
58.773 544 -1723073393
58.800 547 -1723073393
58.827 549 -1723073393
58.853 556 -1723073393
58.880 564 -1723073393
58.907 568 -1723073393
58.933 573 -1723073393
58.960 580 -1723073393
58.987 583 -1723073393
59.013 582 -1723073393
59.040 586 -1723073393
59.067 590 -1723073393
59.093 589 -1723073393
59.120 586 -1723073393
59.147 582 -1723073393
59.173 576 -1723073393
59.200 569 -1723073393
59.227 563 -1723073393
59.253 555 -1723073393
59.280 546 -1723073393
59.307 536 -1723073393
59.333 523 -1723073393
59.360 506 -1723073393
59.387 490 -1723073393
59.413 476 -1723073393
59.440 464 -1723073393
59.467 455 -1723073393
59.493 449 -1723073393
59.520 444 -1723073393
59.547 437 -1723073393
59.573 432 -1723073393
59.600 430 -1723073393
59.627 427 -1723073393
59.653 421 -1723073393
59.680 415 -1723073393
59.707 407 -1723073393
59.733 396 -1723073393
59.760 384 -1723073393
59.787 367 -1723073393
59.813 342 -1723073393
59.840 314 -1723073393
59.867 285 -1723073393
59.893 251 -1723073393
59.920 217 -1723073393
59.947 188 -1723073393
59.973 159 -1723073393
60.000 132 -1723073393
60.027 109 -1723073393
60.053 85 -1723073393
60.080 62 -1723073393
60.107 42 -1723073393
60.133 24 -1723073393
60.160 5 -1723073393
60.187 -10 -1723073393
60.213 -26 -1723073393
60.240 -43 -1723073393
60.267 -59 -1723073393
60.293 -73 -1723073393
60.320 -83 -1723073393
60.347 -86 -1723073393
60.373 -82 -1723073393
60.400 -77 -1723073393
60.427 -71 -1723073393
60.453 -62 -1723073393
60.480 -53 -1723073393
60.507 -43 -1723073393
60.533 -32 -1723073393
60.560 -23 -1723073393
60.587 -15 -1723073393
60.613 -8 -1723073393
60.640 -3 -1723073393
60.667 0 -1723073393
60.693 0 -1723073393
60.720 0 -1723073393
60.747 2 -1723073393
60.773 2 -1723073393
60.800 -2 -1723073393
60.827 -11 -1723073393
60.853 -25 -1723073393
60.880 -42 -1723073393
60.907 -57 -1723073393
60.933 -74 -1723073393
60.960 -95 -1723073393
60.987 -117 -1723073393
61.013 -142 -1723073393
61.040 -168 -1723073393
61.067 -190 -1723073393
61.093 -214 -1723073393
61.120 -242 -1723073393
61.147 -263 -1723073393
61.173 -277 -1723073393
61.200 -287 -1723073393
61.227 -292 -1723073393
61.253 -293 -1723073393
61.280 -293 -1723073393
61.307 -293 -1723073393
61.333 -288 -1723073393
61.360 -279 -1723073393
61.387 -265 -1723073393
61.413 -248 -1723073393
61.440 -235 -1723073393
61.467 -222 -1723073393
61.493 -206 -1723073393
61.520 -195 -1723073393
61.547 -188 -1723073393
61.573 -185 -1723073393
61.600 -184 -1723073393
61.627 -186 -1723073393
61.653 -188 -1723073393
61.680 -191 -1723073393
61.707 -199 -1723073393
61.733 -213 -1723073393
61.760 -229 -1723073393
61.787 -248 -1723073393
61.813 -268 -1723073393
61.840 -284 -1723073393
61.867 -296 -1723073393
61.893 -307 -1723073393
61.920 -315 -1723073393
61.947 -315 -1723073393
61.973 -307 -1723073393
62.000 -296 -1723073393
62.027 -280 -1723073393
62.053 -258 -1723073393
62.080 -232 -1723073393
62.107 -203 -1723073393
62.133 -172 -1723073393
62.160 -139 -1723073393
62.187 -107 -1723073393
62.213 -76 -1723073393
62.240 -47 -1723073393
62.267 -21 -1723073393
62.293 0 -1723073393
62.320 14 -1723073393
62.347 20 -1723073393
62.373 21 -1723073393
62.400 19 -1723073393
62.427 15 -1723073393
62.453 4 -1723073393
62.480 -11 -1723073393
62.507 -33 -1723073393
62.533 -59 -1723073393
62.560 -85 -1723073393
62.587 -108 -1723073393
62.613 -128 -1723073393
62.640 -146 -1723073393
62.667 -161 -1723073393
62.693 -173 -1723073393
62.720 -182 -1723073393
62.747 -188 -1723073393
62.773 -193 -1723073393
62.800 -201 -1723073393
62.827 -206 -1723073393
62.853 -205 -1723073393
62.880 -206 -1723073393
62.907 -205 -1723073393
62.933 -196 -1723073393
62.960 -186 -1723073393
62.987 -178 -1723073393
63.013 -168 -1723073393
63.040 -154 -1723073393
63.067 -138 -1723073393
63.093 -125 -1723073393
63.120 -110 -1723073393
63.147 -96 -1723073393
63.173 -89 -1723073393
63.200 -88 -1723073393
63.227 -88 -1723073393
63.253 -85 -1723073393
63.280 -83 -1723073393
63.307 -84 -1723073393
63.333 -90 -1723073393
63.360 -98 -1723073393
63.387 -112 -1723073393
63.413 -129 -1723073393
63.440 -150 -1723073393
63.467 -170 -1723073393
63.493 -185 -1723073393
63.520 -199 -1723073393
63.547 -216 -1723073393
63.573 -228 -1723073393
63.600 -238 -1723073393
63.627 -246 -1723073393
63.653 -246 -1723073393
63.680 -240 -1723073393
63.707 -234 -1723073393
63.733 -225 -1723073393
63.760 -210 -1723073393
63.787 -192 -1723073393
63.813 -173 -1723073393
63.840 -152 -1723073393
63.867 -131 -1723073393
63.893 -109 -1723073393
63.920 -83 -1723073393
63.947 -60 -1723073393
63.973 -44 -1723073393
64.000 -36 -1723073393
64.027 -32 -1723073393
64.053 -29 -1723073393
64.080 -26 -1723073393
64.107 -24 -1723073393
64.133 -23 -1723073393
64.160 -24 -1723073393
64.187 -33 -1723073393
64.213 -46 -1723073393
64.240 -57 -1723073393
64.267 -68 -1723073393
64.293 -81 -1723073393
64.320 -90 -1723073393
64.347 -94 -1723073393
64.373 -96 -1723073393
64.400 -96 -1723073393
64.427 -93 -1723073393
64.453 -90 -1723073393
64.480 -82 -1723073393
64.507 -72 -1723073393
64.533 -64 -1723073393
64.560 -56 -1723073393
64.587 -47 -1723073393
64.613 -39 -1723073393
64.640 -28 -1723073393
64.667 -12 -1723073393
64.693 1 -1723073393
64.720 12 -1723073393
64.747 24 -1723073393
64.773 36 -1723073393
64.800 49 -1723073393
64.827 65 -1723073393
64.853 79 -1723073393
64.880 92 -1723073393
64.907 110 -1723073393
64.933 128 -1723073393
64.960 141 -1723073393
64.987 149 -1723073393
65.013 152 -1723073393
65.040 152 -1723073393
65.067 151 -1723073393
65.093 151 -1723073393
65.120 152 -1723073393
65.147 148 -1723073393
65.173 139 -1723073393
65.200 125 -1723073393
65.227 107 -1723073393
65.253 92 -1723073393
65.280 78 -1723073393
65.307 64 -1723073393
65.333 53 -1723073393
65.360 47 -1723073393
65.387 42 -1723073393
65.413 41 -1723073393
65.440 45 -1723073393
65.467 54 -1723073393
65.493 64 -1723073393
65.520 81 -1723073393
65.547 102 -1723073393
65.573 121 -1723073393
65.600 141 -1723073393
65.627 166 -1723073393
65.653 195 -1723073393
65.680 222 -1723073393
65.707 248 -1723073393
65.733 270 -1723073393
65.760 289 -1723073393
65.787 307 -1723073393
65.813 318 -1723073393
65.840 322 -1723073393
65.867 323 -1723073393
65.893 319 -1723073393
65.920 308 -1723073393
65.947 297 -1723073393
65.973 285 -1723073393
66.000 273 -1723073393
66.027 264 -1723073393
66.053 253 -1723073393
66.080 238 -1723073393
66.107 225 -1723073393
66.133 219 -1723073393
66.160 213 -1723073393
66.187 204 -1723073393
66.213 197 -1723073393
66.240 194 -1723073393
66.267 193 -1723073393
66.293 196 -1723073393
66.320 199 -1723073393
66.347 201 -1723073393
66.373 204 -1723073393
66.400 203 -1723073393
66.427 202 -1723073393
66.453 208 -1723073393
66.480 217 -1723073393
66.507 230 -1723073393
66.533 246 -1723073393
66.560 262 -1723073393
66.587 273 -1723073393
66.613 279 -1723073393
66.640 288 -1723073393
66.667 299 -1723073393
66.693 309 -1723073393
66.720 319 -1723073393
66.747 326 -1723073393
66.773 330 -1723073393
66.800 332 -1723073393
66.827 330 -1723073393
66.853 329 -1723073393
66.880 326 -1723073393
66.907 323 -1723073393
66.933 323 -1723073393
66.960 321 -1723073393
66.987 315 -1723073393
67.013 311 -1723073393
67.040 313 -1723073393
67.067 315 -1723073393
67.093 318 -1723073393
67.120 321 -1723073393
67.147 326 -1723073393
67.173 337 -1723073393
67.200 352 -1723073393
67.227 369 -1723073393
67.253 387 -1723073393
67.280 406 -1723073393
67.307 422 -1723073393
67.333 434 -1723073393
67.360 443 -1723073393
67.387 452 -1723073393
67.413 457 -1723073393
67.440 459 -1723073393
67.467 462 -1723073393
67.493 463 -1723073393
67.520 458 -1723073393
67.547 452 -1723073393
67.573 447 -1723073393
67.600 437 -1723073393
67.627 429 -1723073393
67.653 425 -1723073393
67.680 417 -1723073393
67.707 409 -1723073393
67.733 407 -1723073393
67.760 408 -1723073393
67.787 406 -1723073393
67.813 408 -1723073393
67.840 411 -1723073393
67.867 412 -1723073393
67.893 413 -1723073393
67.920 414 -1723073393
67.947 412 -1723073393
67.973 405 -1723073393
68.000 399 -1723073393
68.027 393 -1723073393
68.053 385 -1723073393
68.080 376 -1723073393
68.107 366 -1723073393
68.133 355 -1723073393
68.160 340 -1723073393
68.187 322 -1723073393
68.213 303 -1723073393
68.240 282 -1723073393
68.267 264 -1723073393
68.293 252 -1723073393
68.320 241 -1723073393
68.347 230 -1723073393
68.373 222 -1723073393
68.400 214 -1723073393
68.427 207 -1723073393
68.453 201 -1723073393
68.480 202 -1723073393
68.507 203 -1723073393
68.533 204 -1723073393
68.560 208 -1723073393
68.587 213 -1723073393
68.613 216 -1723073393
68.640 221 -1723073393
68.667 229 -1723073393
68.693 236 -1723073393
68.720 243 -1723073393
68.747 252 -1723073393
68.773 259 -1723073393
68.800 261 -1723073393
68.827 265 -1723073393
68.853 272 -1723073393
68.880 280 -1723073393
68.907 290 -1723073393
68.933 303 -1723073393
68.960 316 -1723073393
68.987 329 -1723073393
69.013 342 -1723073393
69.040 352 -1723073393
69.067 361 -1723073393
69.093 367 -1723073393
69.120 371 -1723073393
69.147 375 -1723073393
69.173 384 -1723073393
69.200 392 -1723073393
69.227 398 -1723073393
69.253 404 -1723073393
69.280 412 -1723073393
69.307 413 -1723073393
69.333 409 -1723073393
69.360 403 -1723073393
69.387 392 -1723073393
69.413 374 -1723073393
69.440 357 -1723073393
69.467 344 -1723073393
69.493 330 -1723073393
69.520 319 -1723073393
69.547 313 -1723073393
69.573 303 -1723073393
69.600 288 -1723073393
69.627 278 -1723073393
69.653 273 -1723073393
69.680 264 -1723073393
69.707 254 -1723073393
69.733 245 -1723073393
69.760 232 -1723073393
69.787 219 -1723073393
69.813 207 -1723073393
69.840 192 -1723073393
69.867 179 -1723073393
69.893 169 -1723073393
69.920 156 -1723073393
69.947 141 -1723073393
69.973 130 -1723073393
70.000 128 -1723073393
70.027 128 -1723073393
70.053 127 -1723073393
70.080 128 -1723073393
70.107 131 -1723073393
70.133 136 -1723073393
70.160 145 -1723073393
70.187 160 -1723073393
70.213 171 -1723073393
70.240 181 -1723073393
70.267 194 -1723073393
70.293 209 -1723073393
70.320 225 -1723073393
70.347 243 -1723073393
70.373 259 -1723073393
70.400 270 -1723073393
70.427 281 -1723073393
70.453 293 -1723073393
70.480 299 -1723073393
70.507 302 -1723073393
70.533 307 -1723073393
70.560 305 -1723073393
70.587 300 -1723073393
70.613 299 -1723073393
70.640 296 -1723073393
70.667 288 -1723073393
70.693 284 -1723073393
70.720 281 -1723073393
70.747 274 -1723073393
70.773 268 -1723073393
70.800 266 -1723073393
70.827 263 -1723073393
70.853 259 -1723073393
70.880 258 -1723073393
70.907 259 -1723073393
70.933 260 -1723073393
70.960 263 -1723073393
70.987 267 -1723073393
71.013 272 -1723073393
71.040 278 -1723073393
71.067 285 -1723073393
71.093 291 -1723073393
71.120 296 -1723073393
71.147 303 -1723073393
71.173 311 -1723073393
71.200 318 -1723073393
71.227 329 -1723073393
71.253 342 -1723073393
71.280 351 -1723073393
71.307 359 -1723073393
71.333 371 -1723073393
71.360 378 -1723073393
71.387 382 -1723073393
71.413 389 -1723073393
71.440 396 -1723073393
71.467 398 -1723073393
71.493 397 -1723073393
71.520 396 -1723073393
71.547 392 -1723073393
71.573 386 -1723073393
71.600 382 -1723073393
71.627 371 -1723073393
71.653 348 -1723073393
71.680 328 -1723073393
71.707 310 -1723073393
71.733 285 -1723073393
71.760 261 -1723073393
71.787 244 -1723073393
71.813 223 -1723073393
71.840 199 -1723073393
71.867 181 -1723073393
71.893 168 -1723073393
71.920 154 -1723073393
71.947 143 -1723073393
71.973 134 -1723073393
72.000 127 -1723073393
72.027 124 -1723073393
72.053 127 -1723073393
72.080 133 -1723073393
72.107 136 -1723073393
72.133 140 -1723073393
72.160 151 -1723073393
72.187 164 -1723073393
72.213 175 -1723073393
72.240 187 -1723073393
72.267 199 -1723073393
72.293 210 -1723073393
72.320 220 -1723073393
72.347 228 -1723073393
72.373 235 -1723073393
72.400 242 -1723073393
72.427 249 -1723073393
72.453 254 -1723073393
72.480 259 -1723073393
72.507 268 -1723073393
72.533 276 -1723073393
72.560 278 -1723073393
72.587 279 -1723073393
72.613 278 -1723073393
72.640 273 -1723073393
72.667 272 -1723073393
72.693 275 -1723073393
72.720 276 -1723073393
72.747 275 -1723073393
72.773 276 -1723073393
72.800 272 -1723073393
72.827 269 -1723073393
72.853 272 -1723073393
72.880 271 -1723073393
72.907 265 -1723073393
72.933 259 -1723073393
72.960 253 -1723073393
72.987 246 -1723073393
73.013 241 -1723073393
73.040 235 -1723073393
73.067 227 -1723073393
73.093 219 -1723073393
73.120 217 -1723073393
73.147 213 -1723073393
73.173 207 -1723073393
73.200 205 -1723073393
73.227 201 -1723073393
73.253 195 -1723073393
73.280 191 -1723073393
73.307 192 -1723073393
73.333 193 -1723073393
73.360 195 -1723073393
73.387 201 -1723073393
73.413 204 -1723073393
73.440 200 -1723073393
73.467 201 -1723073393
73.493 207 -1723073393
73.520 210 -1723073393
73.547 209 -1723073393
73.573 206 -1723073393
73.600 202 -1723073393
73.627 194 -1723073393
73.653 188 -1723073393
73.680 185 -1723073393
73.707 177 -1723073393
73.733 166 -1723073393
73.760 158 -1723073393
73.787 148 -1723073393
73.813 146 -1723073393
73.840 148 -1723073393
73.867 154 -1723073393
73.893 161 -1723073393
73.920 165 -1723073393
73.947 171 -1723073393
73.973 181 -1723073393
74.000 195 -1723073393
74.027 212 -1723073393
74.053 228 -1723073393
74.080 241 -1723073393
74.107 252 -1723073393
74.133 261 -1723073393
74.160 266 -1723073393
74.187 270 -1723073393
74.213 271 -1723073393
74.240 265 -1723073393
74.267 259 -1723073393
74.293 253 -1723073393
74.320 243 -1723073393
74.347 235 -1723073393
74.373 231 -1723073393
74.400 228 -1723073393
74.427 222 -1723073393
74.453 216 -1723073393
74.480 208 -1723073393
74.507 199 -1723073393
74.533 194 -1723073393
74.560 192 -1723073393
74.587 189 -1723073393
74.613 190 -1723073393
74.640 197 -1723073393
74.667 203 -1723073393
74.693 204 -1723073393
74.720 204 -1723073393
74.747 203 -1723073393
74.773 200 -1723073393
74.800 197 -1723073393
74.827 197 -1723073393
74.853 196 -1723073393
74.880 196 -1723073393
74.907 195 -1723073393
74.933 193 -1723073393
74.960 188 -1723073393
74.987 184 -1723073393
75.013 188 -1723073393
75.040 196 -1723073393
75.067 207 -1723073393
75.093 220 -1723073393
75.120 230 -1723073393
75.147 236 -1723073393
75.173 241 -1723073393
75.200 246 -1723073393
75.227 251 -1723073393
75.253 256 -1723073393
75.280 260 -1723073393
75.307 262 -1723073393
75.333 265 -1723073393
75.360 265 -1723073393
75.387 256 -1723073393
75.413 247 -1723073393
75.440 241 -1723073393
75.467 237 -1723073393
75.493 235 -1723073393
75.520 235 -1723073393
75.547 234 -1723073393
75.573 233 -1723073393
75.600 235 -1723073393
75.627 237 -1723073393
75.653 239 -1723073393
75.680 241 -1723073393
75.707 243 -1723073393
75.733 245 -1723073393
75.760 247 -1723073393
75.787 251 -1723073393
75.813 253 -1723073393
75.840 255 -1723073393
75.867 257 -1723073393
75.893 249 -1723073393
75.920 231 -1723073393
75.947 217 -1723073393
75.973 204 -1723073393
76.000 188 -1723073393
76.027 172 -1723073393
76.053 154 -1723073393
76.080 135 -1723073393
76.107 122 -1723073393
76.133 113 -1723073393
76.160 107 -1723073393
76.187 105 -1723073393
76.213 109 -1723073393
76.240 113 -1723073393
76.267 118 -1723073393
76.293 123 -1723073393
76.320 120 -1723073393
76.347 117 -1723073393
76.373 121 -1723073393
76.400 129 -1723073393
76.427 141 -1723073393
76.453 158 -1723073393
76.480 175 -1723073393
76.507 189 -1723073393
76.533 201 -1723073393
76.560 213 -1723073393
76.587 222 -1723073393
76.613 232 -1723073393
76.640 246 -1723073393
76.667 262 -1723073393
76.693 274 -1723073393
76.720 285 -1723073393
76.747 300 -1723073393
76.773 308 -1723073393
76.800 313 -1723073393
76.827 321 -1723073393
76.853 328 -1723073393
76.880 331 -1723073393
76.907 336 -1723073393
76.933 345 -1723073393
76.960 355 -1723073393
76.987 366 -1723073393
77.013 377 -1723073393
77.040 384 -1723073393
77.067 382 -1723073393
77.093 378 -1723073393
77.120 379 -1723073393
77.147 376 -1723073393
77.173 368 -1723073393
77.200 359 -1723073393
77.227 349 -1723073393
77.253 335 -1723073393
77.280 326 -1723073393
77.307 317 -1723073393
77.333 305 -1723073393
77.360 296 -1723073393
77.387 287 -1723073393
77.413 276 -1723073393
77.440 269 -1723073393
77.467 267 -1723073393
77.493 263 -1723073393
77.520 257 -1723073393
77.547 256 -1723073393
77.573 257 -1723073393
77.600 260 -1723073393
77.627 270 -1723073393
77.653 278 -1723073393
77.680 283 -1723073393
77.707 291 -1723073393
77.733 300 -1723073393
77.760 311 -1723073393
77.787 325 -1723073393
77.813 334 -1723073393
77.840 331 -1723073393
77.867 324 -1723073393
77.893 322 -1723073393
77.920 320 -1723073393
77.947 313 -1723073393
77.973 307 -1723073393
78.000 305 -1723073393
78.027 299 -1723073393
78.053 287 -1723073393
78.080 275 -1723073393
78.107 262 -1723073393
78.133 249 -1723073393
78.160 244 -1723073393
78.187 242 -1723073393
78.213 237 -1723073393
78.240 231 -1723073393
78.267 229 -1723073393
78.293 230 -1723073393
78.320 232 -1723073393
78.347 239 -1723073393
78.373 246 -1723073393
78.400 250 -1723073393
78.427 258 -1723073393
78.453 271 -1723073393
78.480 281 -1723073393
78.507 291 -1723073393
78.533 297 -1723073393
78.560 295 -1723073393
78.587 293 -1723073393
78.613 296 -1723073393
78.640 293 -1723073393
78.667 288 -1723073393
78.693 283 -1723073393
78.720 276 -1723073393
78.747 269 -1723073393
78.773 263 -1723073393
78.800 254 -1723073393
78.827 239 -1723073393
78.853 222 -1723073393
78.880 206 -1723073393
78.907 189 -1723073393
78.933 176 -1723073393
78.960 161 -1723073393
78.987 143 -1723073393
79.013 133 -1723073393
79.040 125 -1723073393
79.067 117 -1723073393
79.093 111 -1723073393
79.120 106 -1723073393
79.147 98 -1723073393
79.173 95 -1723073393
79.200 100 -1723073393
79.227 105 -1723073393
79.253 115 -1723073393
79.280 127 -1723073393
79.307 132 -1723073393
79.333 137 -1723073393
79.360 148 -1723073393
79.387 156 -1723073393
79.413 164 -1723073393
79.440 177 -1723073393
79.467 187 -1723073393
79.493 193 -1723073393
79.520 200 -1723073393
79.547 203 -1723073393
79.573 200 -1723073393
79.600 196 -1723073393
79.627 192 -1723073393
79.653 185 -1723073393
79.680 176 -1723073393
79.707 171 -1723073393
79.733 162 -1723073393
79.760 150 -1723073393
79.787 138 -1723073393
79.813 126 -1723073393
79.840 116 -1723073393
79.867 112 -1723073393
79.893 113 -1723073393
79.920 113 -1723073393
79.947 112 -1723073393
79.973 111 -1723073393
80.000 105 -1723073393
80.027 105 -1723073393
80.053 113 -1723073393
80.080 122 -1723073393
80.107 132 -1723073393
80.133 146 -1723073393
80.160 159 -1723073393
80.187 169 -1723073393
80.213 180 -1723073393
80.240 191 -1723073393
80.267 199 -1723073393
80.293 208 -1723073393
80.320 217 -1723073393
80.347 226 -1723073393
80.373 239 -1723073393
80.400 250 -1723073393
80.427 255 -1723073393
80.453 259 -1723073393
80.480 266 -1723073393
80.507 275 -1723073393
80.533 281 -1723073393
80.560 284 -1723073393
80.587 285 -1723073393
80.613 287 -1723073393
80.640 287 -1723073393
80.667 285 -1723073393
80.693 278 -1723073393
80.720 268 -1723073393
80.747 259 -1723073393
80.773 252 -1723073393
80.800 240 -1723073393
80.827 225 -1723073393
80.853 211 -1723073393
80.880 198 -1723073393
80.907 185 -1723073393
80.933 177 -1723073393
80.960 170 -1723073393
80.987 165 -1723073393
81.013 164 -1723073393
81.040 165 -1723073393
81.067 166 -1723073393
81.093 167 -1723073393
81.120 171 -1723073393
81.147 175 -1723073393
81.173 179 -1723073393
81.200 180 -1723073393
81.227 183 -1723073393
81.253 190 -1723073393
81.280 196 -1723073393
81.307 199 -1723073393
81.333 202 -1723073393
81.360 204 -1723073393
81.387 203 -1723073393
81.413 201 -1723073393
81.440 199 -1723073393
81.467 195 -1723073393
81.493 191 -1723073393
81.520 190 -1723073393
81.547 186 -1723073393
81.573 178 -1723073393
81.600 164 -1723073393
81.627 153 -1723073393
81.653 146 -1723073393
81.680 142 -1723073393
81.707 140 -1723073393
81.733 142 -1723073393
81.760 151 -1723073393
81.787 163 -1723073393
81.813 174 -1723073393
81.840 187 -1723073393
81.867 201 -1723073393
81.893 210 -1723073393
81.920 223 -1723073393
81.947 241 -1723073393
81.973 254 -1723073393
82.000 264 -1723073393
82.027 278 -1723073393
82.053 292 -1723073393
82.080 308 -1723073393
82.107 328 -1723073393
82.133 347 -1723073393
82.160 362 -1723073393
82.187 371 -1723073393
82.213 378 -1723073393
82.240 383 -1723073393
82.267 385 -1723073393
82.293 382 -1723073393
82.320 377 -1723073393
82.347 366 -1723073393
82.373 348 -1723073393
82.400 327 -1723073393
82.427 308 -1723073393
82.453 292 -1723073393
82.480 281 -1723073393
82.507 271 -1723073393
82.533 263 -1723073393
82.560 255 -1723073393
82.587 246 -1723073393
82.613 240 -1723073393
82.640 236 -1723073393
82.667 225 -1723073393
82.693 215 -1723073393
82.720 209 -1723073393
82.747 203 -1723073393
82.773 201 -1723073393
82.800 208 -1723073393
82.827 215 -1723073393
82.853 222 -1723073393
82.880 228 -1723073393
82.907 234 -1723073393
82.933 236 -1723073393
82.960 238 -1723073393
82.987 238 -1723073393
83.013 237 -1723073393
83.040 234 -1723073393
83.067 232 -1723073393
83.093 232 -1723073393
83.120 231 -1723073393
83.147 227 -1723073393
83.173 223 -1723073393
83.200 218 -1723073393
83.227 211 -1723073393
83.253 202 -1723073393
83.280 197 -1723073393
83.307 192 -1723073393
83.333 189 -1723073393
83.360 186 -1723073393
83.387 181 -1723073393
83.413 178 -1723073393
83.440 181 -1723073393
83.467 190 -1723073393
83.493 199 -1723073393
83.520 206 -1723073393
83.547 213 -1723073393
83.573 220 -1723073393
83.600 226 -1723073393
83.627 233 -1723073393
83.653 239 -1723073393
83.680 246 -1723073393
83.707 252 -1723073393
83.733 255 -1723073393
83.760 257 -1723073393
83.787 258 -1723073393
83.813 257 -1723073393
83.840 257 -1723073393
83.867 258 -1723073393
83.893 254 -1723073393
83.920 248 -1723073393
83.947 244 -1723073393
83.973 242 -1723073393
84.000 237 -1723073393
84.027 236 -1723073393
84.053 239 -1723073393
84.080 244 -1723073393
84.107 247 -1723073393
84.133 250 -1723073393
84.160 253 -1723073393
84.187 255 -1723073393
84.213 256 -1723073393
84.240 252 -1723073393
84.267 249 -1723073393
84.293 245 -1723073393
84.320 238 -1723073393
84.347 227 -1723073393
84.373 219 -1723073393
84.400 214 -1723073393
84.427 208 -1723073393
84.453 200 -1723073393
84.480 191 -1723073393
84.507 185 -1723073393
84.533 184 -1723073393
84.560 187 -1723073393
84.587 191 -1723073393
84.613 195 -1723073393
84.640 202 -1723073393
84.667 206 -1723073393
84.693 205 -1723073393
84.720 206 -1723073393
84.747 208 -1723073393
84.773 209 -1723073393
84.800 216 -1723073393
84.827 226 -1723073393
84.853 229 -1723073393
84.880 230 -1723073393
84.907 229 -1723073393
84.933 226 -1723073393
84.960 225 -1723073393
84.987 224 -1723073393
85.013 215 -1723073393
85.040 206 -1723073393
85.067 198 -1723073393
85.093 191 -1723073393
85.120 187 -1723073393
85.147 191 -1723073393
85.173 194 -1723073393
85.200 194 -1723073393
85.227 196 -1723073393
85.253 192 -1723073393
85.280 188 -1723073393
85.307 189 -1723073393
85.333 186 -1723073393
85.360 181 -1723073393
85.387 185 -1723073393
85.413 189 -1723073393
85.440 191 -1723073393
85.467 198 -1723073393
85.493 206 -1723073393
85.520 213 -1723073393
85.547 219 -1723073393
85.573 221 -1723073393
85.600 221 -1723073393
85.627 227 -1723073393
85.653 233 -1723073393
85.680 236 -1723073393
85.707 242 -1723073393
85.733 248 -1723073393
85.760 252 -1723073393
85.787 258 -1723073393
85.813 261 -1723073393
85.840 261 -1723073393
85.867 262 -1723073393
85.893 264 -1723073393
85.920 267 -1723073393
85.947 272 -1723073393
85.973 276 -1723073393
86.000 274 -1723073393
86.027 270 -1723073393
86.053 264 -1723073393
86.080 253 -1723073393
86.107 246 -1723073393
86.133 239 -1723073393
86.160 234 -1723073393
86.187 232 -1723073393
86.213 230 -1723073393
86.240 229 -1723073393
86.267 229 -1723073393
86.293 225 -1723073393
86.320 215 -1723073393
86.347 206 -1723073393
86.373 204 -1723073393
86.400 203 -1723073393
86.427 202 -1723073393
86.453 203 -1723073393
86.480 196 -1723073393
86.507 187 -1723073393
86.533 182 -1723073393
86.560 175 -1723073393
86.587 169 -1723073393
86.613 164 -1723073393
86.640 159 -1723073393
86.667 158 -1723073393
86.693 158 -1723073393
86.720 154 -1723073393
86.747 149 -1723073393
86.773 147 -1723073393
86.800 143 -1723073393
86.827 142 -1723073393
86.853 146 -1723073393
86.880 148 -1723073393
86.907 144 -1723073393
86.933 145 -1723073393
86.960 148 -1723073393
86.987 150 -1723073393
87.013 160 -1723073393
87.040 171 -1723073393
87.067 182 -1723073393
87.093 192 -1723073393
87.120 195 -1723073393
87.147 200 -1723073393
87.173 212 -1723073393
87.200 220 -1723073393
87.227 224 -1723073393
87.253 234 -1723073393
87.280 240 -1723073393
87.307 243 -1723073393
87.333 248 -1723073393
87.360 249 -1723073393
87.387 247 -1723073393
87.413 246 -1723073393
87.440 240 -1723073393
87.467 234 -1723073393
87.493 230 -1723073393
87.520 228 -1723073393
87.547 224 -1723073393
87.573 224 -1723073393
87.600 224 -1723073393
87.627 224 -1723073393
87.653 225 -1723073393
87.680 225 -1723073393
87.707 228 -1723073393
87.733 236 -1723073393
87.760 242 -1723073393
87.787 251 -1723073393
87.813 260 -1723073393
87.840 261 -1723073393
87.867 261 -1723073393
87.893 262 -1723073393
87.920 259 -1723073393
87.947 257 -1723073393
87.973 257 -1723073393
88.000 252 -1723073393
88.027 245 -1723073393
88.053 242 -1723073393
88.080 234 -1723073393
88.107 225 -1723073393
88.133 218 -1723073393
88.160 208 -1723073393
88.187 195 -1723073393
88.213 185 -1723073393
88.240 179 -1723073393
88.267 172 -1723073393
88.293 164 -1723073393
88.320 157 -1723073393
88.347 151 -1723073393
88.373 148 -1723073393
88.400 151 -1723073393
88.427 154 -1723073393
88.453 160 -1723073393
88.480 166 -1723073393
88.507 172 -1723073393
88.533 180 -1723073393
88.560 184 -1723073393
88.587 185 -1723073393
88.613 192 -1723073393
88.640 201 -1723073393
88.667 206 -1723073393
88.693 209 -1723073393
88.720 205 -1723073393
88.747 203 -1723073393
88.773 204 -1723073393
88.800 201 -1723073393
88.827 195 -1723073393
88.853 194 -1723073393
88.880 195 -1723073393
88.907 192 -1723073393
88.933 196 -1723073393
88.960 202 -1723073393
88.987 205 -1723073393
89.013 214 -1723073393
89.040 220 -1723073393
89.067 215 -1723073393
89.093 213 -1723073393
89.120 212 -1723073393
89.147 213 -1723073393
89.173 216 -1723073393
89.200 217 -1723073393
89.227 212 -1723073393
89.253 206 -1723073393
89.280 198 -1723073393
89.307 191 -1723073393
89.333 190 -1723073393
89.360 188 -1723073393
89.387 182 -1723073393
89.413 179 -1723073393
89.440 175 -1723073393
89.467 173 -1723073393
89.493 174 -1723073393
89.520 175 -1723073393
89.547 172 -1723073393
89.573 170 -1723073393
89.600 170 -1723073393
89.627 169 -1723073393
89.653 170 -1723073393
89.680 165 -1723073393
89.707 161 -1723073393
89.733 168 -1723073393
89.760 172 -1723073393
89.787 174 -1723073393
89.813 174 -1723073393
89.840 172 -1723073393
89.867 172 -1723073393
89.893 172 -1723073393
89.920 166 -1723073393
89.947 163 -1723073393
89.973 162 -1723073393
90.000 160 -1723073393
90.027 156 -1723073393
90.053 146 -1723073393
90.080 136 -1723073393
90.107 130 -1723073393
90.133 127 -1723073393
90.160 128 -1723073393
90.187 135 -1723073393
90.213 138 -1723073393
90.240 141 -1723073393
90.267 150 -1723073393
90.293 152 -1723073393
90.320 151 -1723073393
90.347 155 -1723073393
90.373 152 -1723073393
90.400 153 -1723073393
90.427 160 -1723073393
90.453 160 -1723073393
90.480 164 -1723073393
90.507 167 -1723073393
90.533 164 -1723073393
90.560 164 -1723073393
90.587 165 -1723073393
90.613 164 -1723073393
90.640 170 -1723073393
90.667 171 -1723073393
90.693 166 -1723073393
90.720 171 -1723073393
90.747 177 -1723073393
90.773 182 -1723073393
90.800 188 -1723073393
90.827 190 -1723073393
90.853 190 -1723073393
90.880 197 -1723073393
90.907 200 -1723073393
90.933 203 -1723073393
90.960 212 -1723073393
90.987 218 -1723073393
91.013 221 -1723073393
91.040 224 -1723073393
91.067 222 -1723073393
91.093 226 -1723073393
91.120 239 -1723073393
91.147 243 -1723073393
91.173 245 -1723073393
91.200 255 -1723073393
91.227 266 -1723073393
91.253 282 -1723073393
91.280 295 -1723073393
91.307 306 -1723073393
91.333 321 -1723073393
91.360 335 -1723073393
91.387 351 -1723073393
91.413 363 -1723073393
91.440 367 -1723073393
91.467 374 -1723073393
91.493 377 -1723073393
91.520 379 -1723073393
91.547 382 -1723073393
91.573 375 -1723073393
91.600 368 -1723073393
91.627 362 -1723073393
91.653 352 -1723073393
91.680 342 -1723073393
91.707 332 -1723073393
91.733 319 -1723073393
91.760 309 -1723073393
91.787 302 -1723073393
91.813 295 -1723073393
91.840 290 -1723073393
91.867 285 -1723073393
91.893 278 -1723073393
91.920 276 -1723073393
91.947 275 -1723073393
91.973 273 -1723073393
92.000 278 -1723073393
92.027 282 -1723073393
92.053 284 -1723073393
92.080 289 -1723073393
92.107 297 -1723073393
92.133 306 -1723073393
92.160 318 -1723073393
92.187 328 -1723073393
92.213 340 -1723073393
92.240 350 -1723073393
92.267 356 -1723073393
92.293 361 -1723073393
92.320 363 -1723073393
92.347 360 -1723073393
92.373 358 -1723073393
92.400 355 -1723073393
92.427 353 -1723073393
92.453 352 -1723073393
92.480 347 -1723073393
92.507 352 -1723073393
92.533 350 -1723073393
92.560 341 -1723073393
92.587 340 -1723073393
92.613 342 -1723073393
92.640 342 -1723073393
92.667 346 -1723073393
92.693 347 -1723073393
92.720 347 -1723073393
92.747 350 -1723073393
92.773 346 -1723073393
92.800 345 -1723073393
92.827 354 -1723073393
92.853 358 -1723073393
92.880 362 -1723073393
92.907 367 -1723073393
92.933 374 -1723073393
92.960 382 -1723073393
92.987 386 -1723073393
93.013 393 -1723073393
93.040 404 -1723073393
93.067 410 -1723073393
93.093 413 -1723073393
93.120 411 -1723073393
93.147 404 -1723073393
93.173 400 -1723073393
93.200 398 -1723073393
93.227 400 -1723073393
93.253 400 -1723073393
93.280 391 -1723073393
93.307 387 -1723073393
93.333 385 -1723073393
93.360 382 -1723073393
93.387 381 -1723073393
93.413 371 -1723073393
93.440 357 -1723073393
93.467 347 -1723073393
93.493 335 -1723073393
93.520 326 -1723073393
93.547 318 -1723073393
93.573 304 -1723073393
93.600 295 -1723073393
93.627 284 -1723073393
93.653 269 -1723073393
93.680 262 -1723073393
93.707 256 -1723073393
93.733 256 -1723073393
93.760 263 -1723073393
93.787 268 -1723073393
93.813 276 -1723073393
93.840 288 -1723073393
93.867 294 -1723073393
93.893 303 -1723073393
93.920 310 -1723073393
93.947 317 -1723073393
93.973 330 -1723073393
94.000 338 -1723073393
94.027 346 -1723073393
94.053 352 -1723073393
94.080 355 -1723073393
94.107 361 -1723073393
94.133 368 -1723073393
94.160 373 -1723073393
94.187 375 -1723073393
94.213 371 -1723073393
94.240 366 -1723073393
94.267 358 -1723073393
94.293 346 -1723073393
94.320 338 -1723073393
94.347 329 -1723073393
94.373 326 -1723073393
94.400 323 -1723073393
94.427 312 -1723073393
94.453 300 -1723073393
94.480 282 -1723073393
94.507 274 -1723073393
94.533 271 -1723073393
94.560 265 -1723073393
94.587 269 -1723073393
94.613 276 -1723073393
94.640 280 -1723073393
94.667 282 -1723073393
94.693 282 -1723073393
94.720 290 -1723073393
94.747 301 -1723073393
94.773 306 -1723073393
94.800 311 -1723073393
94.827 314 -1723073393
94.853 316 -1723073393
94.880 320 -1723073393
94.907 316 -1723073393
94.933 318 -1723073393
94.960 322 -1723073393
94.987 323 -1723073393
95.013 332 -1723073393
95.040 332 -1723073393
95.067 330 -1723073393
95.093 328 -1723073393
95.120 325 -1723073393
95.147 328 -1723073393
95.173 329 -1723073393
95.200 330 -1723073393
95.227 321 -1723073393
95.253 304 -1723073393
95.280 293 -1723073393
95.307 278 -1723073393
95.333 263 -1723073393
95.360 251 -1723073393
95.387 232 -1723073393
95.413 227 -1723073393
95.440 219 -1723073393
95.467 209 -1723073393
95.493 212 -1723073393
95.520 209 -1723073393
95.547 214 -1723073393
95.573 217 -1723073393
95.600 218 -1723073393
95.627 223 -1723073393
95.653 223 -1723073393
95.680 225 -1723073393
95.707 228 -1723073393
95.733 231 -1723073393
95.760 236 -1723073393
95.787 231 -1723073393
95.813 230 -1723073393
95.840 231 -1723073393
95.867 226 -1723073393
95.893 225 -1723073393
95.920 212 -1723073393
95.947 197 -1723073393
95.973 185 -1723073393
96.000 171 -1723073393
96.027 168 -1723073393
96.053 159 -1723073393
96.080 152 -1723073393
96.107 149 -1723073393
96.133 145 -1723073393
96.160 146 -1723073393
96.187 143 -1723073393
96.213 145 -1723073393
96.240 144 -1723073393
96.267 148 -1723073393
96.293 155 -1723073393
96.320 152 -1723073393
96.347 159 -1723073393
96.373 160 -1723073393
96.400 158 -1723073393
96.427 161 -1723073393
96.453 153 -1723073393
96.480 155 -1723073393
96.507 154 -1723073393
96.533 163 -1723073393
96.560 170 -1723073393
96.587 163 -1723073393
96.613 164 -1723073393
96.640 157 -1723073393
96.667 156 -1723073393
96.693 154 -1723073393
96.720 148 -1723073393
96.747 154 -1723073393
96.773 152 -1723073393
96.800 152 -1723073393
96.827 142 -1723073393
96.853 133 -1723073393
96.880 133 -1723073393
96.907 128 -1723073393
96.933 132 -1723073393
96.960 124 -1723073393
96.987 118 -1723073393
97.013 117 -1723073393
97.040 107 -1723073393
97.067 98 -1723073393
97.093 89 -1723073393
97.120 86 -1723073393
97.147 77 -1723073393
97.173 71 -1723073393
97.200 67 -1723073393
97.227 62 -1723073393
97.253 59 -1723073393
97.280 49 -1723073393
97.307 40 -1723073393
97.333 31 -1723073393
97.360 31 -1723073393
97.387 41 -1723073393
97.413 39 -1723073393
97.440 42 -1723073393
97.467 37 -1723073393
97.493 38 -1723073393
97.520 35 -1723073393
97.547 35 -1723073393
97.573 42 -1723073393
97.600 40 -1723073393
97.627 52 -1723073393
97.653 54 -1723073393
97.680 53 -1723073393
97.707 50 -1723073393
97.733 54 -1723073393
97.760 59 -1723073393
97.787 64 -1723073393
97.813 71 -1723073393
97.840 66 -1723073393
97.867 65 -1723073393
97.893 59 -1723073393
97.920 64 -1723073393
97.947 65 -1723073393
97.973 64 -1723073393
98.000 72 -1723073393
98.027 71 -1723073393
98.053 84 -1723073393
98.080 86 -1723073393
98.107 95 -1723073393
98.133 94 -1723073393
98.160 90 -1723073393
98.187 83 -1723073393
98.213 76 -1723073393
98.240 80 -1723073393
98.267 80 -1723073393
98.293 89 -1723073393
98.320 90 -1723073393
98.347 104 -1723073393
98.373 106 -1723073393
98.400 110 -1723073393
98.427 109 -1723073393
98.453 104 -1723073393
98.480 107 -1723073393
98.507 96 -1723073393
98.533 97 -1723073393
98.560 90 -1723073393
98.587 94 -1723073393
98.613 93 -1723073393
98.640 93 -1723073393
98.667 83 -1723073393
98.693 78 -1723073393
98.720 77 -1723073393
98.747 67 -1723073393
98.773 55 -1723073393
98.800 38 -1723073393
98.827 31 -1723073393
98.853 15 -1723073393
98.880 18 -1723073393
98.907 16 -1723073393
98.933 29 -1723073393
98.960 29 -1723073393
98.987 29 -1723073393
99.013 21 -1723073393
99.040 13 -1723073393
99.067 7 -1723073393
99.093 11 -1723073393
99.120 20 -1723073393
99.147 17 -1723073393
99.173 20 -1723073393
99.200 4 -1723073393
99.227 7 -1723073393
99.253 0 -1723073393
99.280 8 -1723073393
99.307 6 -1723073393
99.333 13 -1723073393
99.360 7 -1723073393
99.387 14 -1723073393
99.413 12 -1723073393
99.440 20 -1723073393
99.467 14 -1723073393
99.493 13 -1723073393
99.520 6 -1723073393
99.547 5 -1723073393
99.573 1 -1723073393
99.600 0 -1723073393
99.627 2 -1723073393
99.653 2 -1723073393
99.680 0 -1723073393
99.707 -5 -1723073393
99.733 -2 -1723073393
99.760 0 -1723073393
99.787 3 -1723073393
99.813 4 -1723073393
99.840 13 -1723073393
99.867 22 -1723073393
99.893 25 -1723073393
99.920 17 -1723073393
99.947 16 -1723073393
99.973 26 -1723073393
100.000 0 -1723073393
