0.000 18 -1723073393
0.027 10 -1723073393
0.053 11 -1723073393
0.080 13 -1723073393
0.107 14 -1723073393
0.133 16 -1723073393
0.160 12 -1723073393
0.187 8 -1723073393
0.213 6 -1723073393
0.240 5 -1723073393
0.267 11 -1723073393
0.293 16 -1723073393
0.320 15 -1723073393
0.347 17 -1723073393
0.373 16 -1723073393
0.400 17 -1723073393
0.427 21 -1723073393
0.453 15 -1723073393
0.480 7 -1723073393
0.507 4 -1723073393
0.533 5 -1723073393
0.560 10 -1723073393
0.587 11 -1723073393
0.613 11 -1723073393
0.640 10 -1723073393
0.667 8 -1723073393
0.693 11 -1723073393
0.720 13 -1723073393
0.747 13 -1723073393
0.773 12 -1723073393
0.800 6 -1723073393
0.827 7 -1723073393
0.853 11 -1723073393
0.880 12 -1723073393
0.907 17 -1723073393
0.933 19 -1723073393
0.960 12 -1723073393
0.987 13 -1723073393
1.013 8 -1723073393
1.040 3 -1723073393
1.067 4 -1723073393
1.093 3 -1723073393
1.120 6 -1723073393
1.147 9 -1723073393
1.173 9 -1723073393
1.200 12 -1723073393
1.227 7 -1723073393
1.253 8 -1723073393
1.280 15 -1723073393
1.307 14 -1723073393
1.333 13 -1723073393
1.360 5 -1723073393
1.387 -2 -1723073393
1.413 2 -1723073393
1.440 3 -1723073393
1.467 4 -1723073393
1.493 7 -1723073393
1.520 3 -1723073393
1.547 0 -1723073393
1.573 -1 -1723073393
1.600 -7 -1723073393
1.627 -7 -1723073393
1.653 -3 -1723073393
1.680 -5 -1723073393
1.707 -2 -1723073393
1.733 -7 -1723073393
1.760 -13 -1723073393
1.787 -9 -1723073393
1.813 -11 -1723073393
1.840 -13 -1723073393
1.867 -11 -1723073393
1.893 -14 -1723073393
1.920 -14 -1723073393
1.947 -17 -1723073393
1.973 -18 -1723073393
2.000 -12 -1723073393
2.027 -10 -1723073393
2.053 -8 -1723073393
2.080 -4 -1723073393
2.107 -10 -1723073393
2.133 -17 -1723073393
2.160 -21 -1723073393
2.187 -25 -1723073393
2.213 -22 -1723073393
2.240 -15 -1723073393
2.267 -16 -1723073393
2.293 -18 -1723073393
2.320 -20 -1723073393
2.347 -20 -1723073393
2.373 -15 -1723073393
2.400 -20 -1723073393
2.427 -24 -1723073393
2.453 -28 -1723073393
2.480 -34 -1723073393
2.507 -30 -1723073393
2.533 -31 -1723073393
2.560 -33 -1723073393
2.587 -23 -1723073393
2.613 -20 -1723073393
2.640 -20 -1723073393
2.667 -21 -1723073393
2.693 -31 -1723073393
2.720 -35 -1723073393
2.747 -36 -1723073393
2.773 -38 -1723073393
2.800 -34 -1723073393
2.827 -30 -1723073393
2.853 -31 -1723073393
2.880 -28 -1723073393
2.907 -29 -1723073393
2.933 -26 -1723073393
2.960 -19 -1723073393
2.987 -19 -1723073393
3.013 -16 -1723073393
3.040 -19 -1723073393
3.067 -23 -1723073393
3.093 -19 -1723073393
3.120 -24 -1723073393
3.147 -22 -1723073393
3.173 -15 -1723073393
3.200 -18 -1723073393
3.227 -13 -1723073393
3.253 -16 -1723073393
3.280 -22 -1723073393
3.307 -19 -1723073393
3.333 -21 -1723073393
3.360 -20 -1723073393
3.387 -14 -1723073393
3.413 -20 -1723073393
3.440 -23 -1723073393
3.467 -27 -1723073393
3.493 -36 -1723073393
3.520 -32 -1723073393
3.547 -35 -1723073393
3.573 -40 -1723073393
3.600 -36 -1723073393
3.627 -39 -1723073393
3.653 -36 -1723073393
3.680 -29 -1723073393
3.707 -30 -1723073393
3.733 -26 -1723073393
3.760 -25 -1723073393
3.787 -23 -1723073393
3.813 -11 -1723073393
3.840 -10 -1723073393
3.867 -15 -1723073393
3.893 -13 -1723073393
3.920 -17 -1723073393
3.947 -16 -1723073393
3.973 -17 -1723073393
4.000 -22 -1723073393
4.027 -18 -1723073393
4.053 -22 -1723073393
4.080 -28 -1723073393
4.107 -22 -1723073393
4.133 -24 -1723073393
4.160 -26 -1723073393
4.187 -26 -1723073393
4.213 -33 -1723073393
4.240 -30 -1723073393
4.267 -24 -1723073393
4.293 -26 -1723073393
4.320 -23 -1723073393
4.347 -17 -1723073393
4.373 -16 -1723073393
4.400 -11 -1723073393
4.427 -13 -1723073393
4.453 -16 -1723073393
4.480 -20 -1723073393
4.507 -24 -1723073393
4.533 -21 -1723073393
4.560 -19 -1723073393
4.587 -23 -1723073393
4.613 -20 -1723073393
4.640 -18 -1723073393
4.667 -16 -1723073393
4.693 -8 -1723073393
4.720 -6 -1723073393
4.747 -10 -1723073393
4.773 -17 -1723073393
4.800 -25 -1723073393
4.827 -23 -1723073393
4.853 -23 -1723073393
4.880 -18 -1723073393
4.907 -6 -1723073393
4.933 -3 -1723073393
4.960 -5 -1723073393
4.987 -9 -1723073393
5.013 -16 -1723073393
5.040 -15 -1723073393
5.067 -9 -1723073393
5.093 -6 -1723073393
5.120 -1 -1723073393
5.147 0 -1723073393
5.173 -2 -1723073393
5.200 -8 -1723073393
5.227 -15 -1723073393
5.253 -18 -1723073393
5.280 -16 -1723073393
5.307 -19 -1723073393
5.333 -15 -1723073393
5.360 -12 -1723073393
5.387 -10 -1723073393
5.413 -3 -1723073393
5.440 -1 -1723073393
5.467 -3 -1723073393
5.493 1 -1723073393
5.520 0 -1723073393
5.547 0 -1723073393
5.573 2 -1723073393
5.600 -1 -1723073393
5.627 -6 -1723073393
5.653 -8 -1723073393
5.680 -12 -1723073393
5.707 -9 -1723073393
5.733 -6 -1723073393
5.760 -9 -1723073393
5.787 -8 -1723073393
5.813 -11 -1723073393
5.840 -15 -1723073393
5.867 -14 -1723073393
5.893 -16 -1723073393
5.920 -14 -1723073393
5.947 -11 -1723073393
5.973 -10 -1723073393
6.000 -9 -1723073393
6.027 -8 -1723073393
6.053 -4 -1723073393
6.080 0 -1723073393
6.107 -3 -1723073393
6.133 -2 -1723073393
6.160 2 -1723073393
6.187 4 -1723073393
6.213 5 -1723073393
6.240 2 -1723073393
6.267 -5 -1723073393
6.293 -12 -1723073393
6.320 -20 -1723073393
6.347 -25 -1723073393
6.373 -22 -1723073393
6.400 -23 -1723073393
6.427 -24 -1723073393
6.453 -25 -1723073393
6.480 -30 -1723073393
6.507 -32 -1723073393
6.533 -31 -1723073393
6.560 -34 -1723073393
6.587 -29 -1723073393
6.613 -21 -1723073393
6.640 -18 -1723073393
6.667 -14 -1723073393
6.693 -17 -1723073393
6.720 -20 -1723073393
6.747 -18 -1723073393
6.773 -15 -1723073393
6.800 -10 -1723073393
6.827 -9 -1723073393
6.853 -15 -1723073393
6.880 -17 -1723073393
6.907 -22 -1723073393
6.933 -30 -1723073393
6.960 -28 -1723073393
6.987 -26 -1723073393
7.013 -26 -1723073393
7.040 -25 -1723073393
7.067 -30 -1723073393
7.093 -33 -1723073393
7.120 -32 -1723073393
7.147 -33 -1723073393
7.173 -27 -1723073393
7.200 -22 -1723073393
7.227 -23 -1723073393
7.253 -22 -1723073393
7.280 -24 -1723073393
7.307 -23 -1723073393
7.333 -17 -1723073393
7.360 -12 -1723073393
7.387 -9 -1723073393
7.413 -13 -1723073393
7.440 -26 -1723073393
7.467 -32 -1723073393
7.493 -33 -1723073393
7.520 -35 -1723073393
7.547 -34 -1723073393
7.573 -35 -1723073393
7.600 -33 -1723073393
7.627 -31 -1723073393
7.653 -33 -1723073393
7.680 -31 -1723073393
7.707 -22 -1723073393
7.733 -14 -1723073393
7.760 -5 -1723073393
7.787 1 -1723073393
7.813 0 -1723073393
7.840 -1 -1723073393
7.867 -5 -1723073393
7.893 -10 -1723073393
7.920 -12 -1723073393
7.947 -13 -1723073393
7.973 -10 -1723073393
8.000 -4 -1723073393
8.027 -2 -1723073393
8.053 -3 -1723073393
8.080 -3 -1723073393
8.107 -1 -1723073393
8.133 0 -1723073393
8.160 -3 -1723073393
8.187 -4 -1723073393
8.213 -1 -1723073393
8.240 2 -1723073393
8.267 2 -1723073393
8.293 0 -1723073393
8.320 -3 -1723073393
8.347 -7 -1723073393
8.373 -12 -1723073393
8.400 -17 -1723073393
8.427 -23 -1723073393
8.453 -27 -1723073393
8.480 -25 -1723073393
8.507 -19 -1723073393
8.533 -16 -1723073393
8.560 -15 -1723073393
8.587 -18 -1723073393
8.613 -20 -1723073393
8.640 -17 -1723073393
8.667 -16 -1723073393
8.693 -14 -1723073393
8.720 -15 -1723073393
8.747 -18 -1723073393
8.773 -22 -1723073393
8.800 -16 -1723073393
8.827 -9 -1723073393
8.853 -7 -1723073393
8.880 -5 -1723073393
8.907 0 -1723073393
8.933 7 -1723073393
8.960 8 -1723073393
8.987 9 -1723073393
9.013 10 -1723073393
9.040 9 -1723073393
9.067 7 -1723073393
9.093 1 -1723073393
9.120 0 -1723073393
9.147 7 -1723073393
9.173 11 -1723073393
9.200 11 -1723073393
9.227 11 -1723073393
9.253 7 -1723073393
9.280 3 -1723073393
9.307 -3 -1723073393
9.333 -14 -1723073393
9.360 -19 -1723073393
9.387 -26 -1723073393
9.413 -30 -1723073393
9.440 -27 -1723073393
9.467 -23 -1723073393
9.493 -23 -1723073393
9.520 -20 -1723073393
9.547 -18 -1723073393
9.573 -18 -1723073393
9.600 -17 -1723073393
9.627 -21 -1723073393
9.653 -23 -1723073393
9.680 -27 -1723073393
9.707 -34 -1723073393
9.733 -34 -1723073393
9.760 -31 -1723073393
9.787 -32 -1723073393
9.813 -28 -1723073393
9.840 -27 -1723073393
9.867 -26 -1723073393
9.893 -22 -1723073393
9.920 -21 -1723073393
9.947 -19 -1723073393
9.973 -14 -1723073393
10.000 -14 -1723073393
10.027 -10 -1723073393
10.053 -4 -1723073393
10.080 -4 -1723073393
10.107 -2 -1723073393
10.133 1 -1723073393
10.160 3 -1723073393
10.187 5 -1723073393
10.213 6 -1723073393
10.240 7 -1723073393
10.267 12 -1723073393
10.293 15 -1723073393
10.320 18 -1723073393
10.347 16 -1723073393
10.373 9 -1723073393
10.400 8 -1723073393
10.427 8 -1723073393
10.453 7 -1723073393
10.480 6 -1723073393
10.507 1 -1723073393
10.533 0 -1723073393
10.560 2 -1723073393
10.587 0 -1723073393
10.613 -2 -1723073393
10.640 -3 -1723073393
10.667 -7 -1723073393
10.693 -7 -1723073393
10.720 -1 -1723073393
10.747 0 -1723073393
10.773 5 -1723073393
10.800 11 -1723073393
10.827 19 -1723073393
10.853 32 -1723073393
10.880 44 -1723073393
10.907 53 -1723073393
10.933 61 -1723073393
10.960 64 -1723073393
10.987 68 -1723073393
11.013 77 -1723073393
11.040 79 -1723073393
11.067 85 -1723073393
11.093 88 -1723073393
11.120 81 -1723073393
11.147 73 -1723073393
11.173 65 -1723073393
11.200 53 -1723073393
11.227 44 -1723073393
11.253 29 -1723073393
11.280 8 -1723073393
11.307 -11 -1723073393
11.333 -35 -1723073393
11.360 -57 -1723073393
11.387 -69 -1723073393
11.413 -83 -1723073393
11.440 -89 -1723073393
11.467 -92 -1723073393
11.493 -103 -1723073393
11.520 -103 -1723073393
11.547 -101 -1723073393
11.573 -106 -1723073393
11.600 -99 -1723073393
11.627 -94 -1723073393
11.653 -93 -1723073393
11.680 -80 -1723073393
11.707 -75 -1723073393
11.733 -68 -1723073393
11.760 -52 -1723073393
11.787 -44 -1723073393
11.813 -33 -1723073393
11.840 -14 -1723073393
11.867 0 -1723073393
11.893 22 -1723073393
11.920 49 -1723073393
11.947 68 -1723073393
11.973 92 -1723073393
12.000 115 -1723073393
12.027 138 -1723073393
12.053 166 -1723073393
12.080 191 -1723073393
12.107 225 -1723073393
12.133 261 -1723073393
12.160 288 -1723073393
12.187 320 -1723073393
12.213 346 -1723073393
12.240 368 -1723073393
12.267 386 -1723073393
12.293 402 -1723073393
12.320 417 -1723073393
12.347 421 -1723073393
12.373 411 -1723073393
12.400 395 -1723073393
12.427 372 -1723073393
12.453 345 -1723073393
12.480 315 -1723073393
12.507 276 -1723073393
12.533 234 -1723073393
12.560 191 -1723073393
12.587 147 -1723073393
12.613 100 -1723073393
12.640 61 -1723073393
12.667 25 -1723073393
12.693 -11 -1723073393
12.720 -33 -1723073393
12.747 -53 -1723073393
12.773 -74 -1723073393
12.800 -82 -1723073393
12.827 -98 -1723073393
12.853 -114 -1723073393
12.880 -112 -1723073393
12.907 -118 -1723073393
12.933 -120 -1723073393
12.960 -114 -1723073393
12.987 -116 -1723073393
13.013 -112 -1723073393
13.040 -110 -1723073393
13.067 -117 -1723073393
13.093 -112 -1723073393
13.120 -113 -1723073393
13.147 -123 -1723073393
13.173 -124 -1723073393
13.200 -133 -1723073393
13.227 -146 -1723073393
13.253 -146 -1723073393
13.280 -153 -1723073393
13.307 -154 -1723073393
13.333 -146 -1723073393
13.360 -152 -1723073393
13.387 -145 -1723073393
13.413 -129 -1723073393
13.440 -127 -1723073393
13.467 -109 -1723073393
13.493 -89 -1723073393
13.520 -81 -1723073393
13.547 -61 -1723073393
13.573 -45 -1723073393
13.600 -35 -1723073393
13.627 -14 -1723073393
13.653 -6 -1723073393
13.680 0 -1723073393
13.707 8 -1723073393
13.733 -1 -1723073393
13.760 -8 -1723073393
13.787 -12 -1723073393
13.813 -28 -1723073393
13.840 -42 -1723073393
13.867 -62 -1723073393
13.893 -94 -1723073393
13.920 -115 -1723073393
13.947 -139 -1723073393
13.973 -165 -1723073393
14.000 -177 -1723073393
14.027 -195 -1723073393
14.053 -214 -1723073393
14.080 -219 -1723073393
14.107 -235 -1723073393
14.133 -245 -1723073393
14.160 -239 -1723073393
14.187 -249 -1723073393
14.213 -246 -1723073393
14.240 -236 -1723073393
14.267 -248 -1723073393
14.293 -244 -1723073393
14.320 -241 -1723073393
14.347 -255 -1723073393
14.373 -253 -1723073393
14.400 -261 -1723073393
14.427 -283 -1723073393
14.453 -285 -1723073393
14.480 -306 -1723073393
14.507 -335 -1723073393
14.533 -348 -1723073393
14.560 -382 -1723073393
14.587 -405 -1723073393
14.613 -409 -1723073393
14.640 -431 -1723073393
14.667 -442 -1723073393
14.693 -446 -1723073393
14.720 -471 -1723073393
14.747 -469 -1723073393
14.773 -463 -1723073393
14.800 -476 -1723073393
14.827 -461 -1723073393
14.853 -452 -1723073393
14.880 -451 -1723073393
14.907 -424 -1723073393
14.933 -414 -1723073393
14.960 -411 -1723073393
14.987 -389 -1723073393
15.013 -386 -1723073393
15.040 -372 -1723073393
15.067 -342 -1723073393
15.093 -335 -1723073393
15.120 -316 -1723073393
15.147 -297 -1723073393
15.173 -300 -1723073393
15.200 -286 -1723073393
15.227 -281 -1723073393
15.253 -300 -1723073393
15.280 -297 -1723073393
15.307 -303 -1723073393
15.333 -315 -1723073393
15.360 -306 -1723073393
15.387 -312 -1723073393
15.413 -322 -1723073393
15.440 -320 -1723073393
15.467 -335 -1723073393
15.493 -344 -1723073393
15.520 -338 -1723073393
15.547 -351 -1723073393
15.573 -352 -1723073393
15.600 -345 -1723073393
15.627 -353 -1723073393
15.653 -344 -1723073393
15.680 -339 -1723073393
15.707 -352 -1723073393
15.733 -347 -1723073393
15.760 -346 -1723073393
15.787 -355 -1723073393
15.813 -349 -1723073393
15.840 -362 -1723073393
15.867 -385 -1723073393
15.893 -389 -1723073393
15.920 -406 -1723073393
15.947 -422 -1723073393
15.973 -418 -1723073393
16.000 -437 -1723073393
16.027 -451 -1723073393
16.053 -454 -1723073393
16.080 -478 -1723073393
16.107 -489 -1723073393
16.133 -493 -1723073393
16.160 -522 -1723073393
16.187 -534 -1723073393
16.213 -550 -1723073393
16.240 -583 -1723073393
16.267 -592 -1723073393
16.293 -610 -1723073393
16.320 -642 -1723073393
16.347 -650 -1723073393
16.373 -680 -1723073393
16.400 -714 -1723073393
16.427 -718 -1723073393
16.453 -748 -1723073393
16.480 -773 -1723073393
16.507 -778 -1723073393
16.533 -809 -1723073393
16.560 -824 -1723073393
16.587 -823 -1723073393
16.613 -849 -1723073393
16.640 -843 -1723073393
16.667 -819 -1723073393
16.693 -810 -1723073393
16.720 -754 -1723073393
16.747 -684 -1723073393
16.773 -609 -1723073393
16.800 -468 -1723073393
16.827 -296 -1723073393
16.853 -94 -1723073393
16.880 174 -1723073393
16.907 480 -1723073393
16.933 833 -1723073393
16.960 1255 -1723073393
16.987 1721 -1723073393
17.013 2210 -1723073393
17.040 2731 -1723073393
17.067 3283 -1723073393
17.093 3801 -1723073393
17.120 4282 -1723073393
17.147 4759 -1723073393
17.173 5096 -1723073393
17.200 5326 -1723073393
17.227 5542 -1723073393
17.253 5504 -1723073393
17.280 5342 -1723073393
17.307 5155 -1723073393
17.333 4679 -1723073393
17.360 4131 -1723073393
17.387 3580 -1723073393
17.413 2804 -1723073393
17.440 2052 -1723073393
17.467 1344 -1723073393
17.493 524 -1723073393
17.520 -208 -1723073393
17.547 -846 -1723073393
17.573 -1470 -1723073393
17.600 -2009 -1723073393
17.627 -2443 -1723073393
17.653 -2785 -1723073393
17.680 -3073 -1723073393
17.707 -3230 -1723073393
17.733 -3275 -1723073393
17.760 -3315 -1723073393
17.787 -3195 -1723073393
17.813 -2981 -1723073393
17.840 -2780 -1723073393
17.867 -2405 -1723073393
17.893 -1958 -1723073393
17.920 -1517 -1723073393
17.947 -918 -1723073393
17.973 -260 -1723073393
18.000 414 -1723073393
18.027 1241 -1723073393
18.053 2148 -1723073393
18.080 3086 -1723073393
18.107 4125 -1723073393
18.133 5256 -1723073393
18.160 6443 -1723073393
18.187 7668 -1723073393
18.213 8989 -1723073393
18.240 10277 -1723073393
18.267 11464 -1723073393
18.293 12794 -1723073393
18.320 13919 -1723073393
18.347 14794 -1723073393
18.373 15807 -1723073393
18.400 16375 -1723073393
18.427 16623 -1723073393
18.453 17002 -1723073393
18.480 16727 -1723073393
18.507 16186 -1723073393
18.533 15788 -1723073393
18.560 14671 -1723073393
18.587 13430 -1723073393
18.613 12369 -1723073393
18.640 10699 -1723073393
18.667 9119 -1723073393
18.693 7709 -1723073393
18.720 5878 -1723073393
18.747 4314 -1723073393
18.773 2913 -1723073393
18.800 1359 -1723073393
18.827 54 -1723073393
18.853 -1099 -1723073393
18.880 -2200 -1723073393
18.907 -3117 -1723073393
18.933 -3867 -1723073393
18.960 -4499 -1723073393
18.987 -5080 -1723073393
19.013 -5487 -1723073393
19.040 -5773 -1723073393
19.067 -6122 -1723073393
19.093 -6316 -1723073393
19.120 -6434 -1723073393
19.147 -6678 -1723073393
19.173 -6761 -1723073393
19.200 -6834 -1723073393
19.227 -7085 -1723073393
19.253 -7192 -1723073393
19.280 -7366 -1723073393
19.307 -7710 -1723073393
19.333 -7891 -1723073393
19.360 -8188 -1723073393
19.387 -8629 -1723073393
19.413 -8873 -1723073393
19.440 -9259 -1723073393
19.467 -9702 -1723073393
19.493 -9893 -1723073393
19.520 -10246 -1723073393
19.547 -10547 -1723073393
19.573 -10536 -1723073393
19.600 -10710 -1723073393
19.627 -10750 -1723073393
19.653 -10459 -1723073393
19.680 -10392 -1723073393
19.707 -10129 -1723073393
19.733 -9580 -1723073393
19.760 -9278 -1723073393
19.787 -8745 -1723073393
19.813 -8038 -1723073393
19.840 -7612 -1723073393
19.867 -6990 -1723073393
19.893 -6290 -1723073393
19.920 -5862 -1723073393
19.947 -5303 -1723073393
19.973 -4759 -1723073393
20.000 -4448 -1723073393
20.027 -4033 -1723073393
20.053 -3677 -1723073393
20.080 -3491 -1723073393
20.107 -3216 -1723073393
20.133 -3007 -1723073393
20.160 -2889 -1723073393
20.187 -2673 -1723073393
20.213 -2512 -1723073393
20.240 -2382 -1723073393
20.267 -2147 -1723073393
20.293 -1952 -1723073393
20.320 -1756 -1723073393
20.347 -1473 -1723073393
20.373 -1233 -1723073393
20.400 -990 -1723073393
20.427 -692 -1723073393
20.453 -445 -1723073393
20.480 -207 -1723073393
20.507 45 -1723073393
20.533 245 -1723073393
20.560 423 -1723073393
20.587 590 -1723073393
20.613 720 -1723073393
20.640 823 -1723073393
20.667 905 -1723073393
20.693 976 -1723073393
20.720 1014 -1723073393
20.747 1031 -1723073393
20.773 1055 -1723073393
20.800 1048 -1723073393
20.827 1032 -1723073393
20.853 1041 -1723073393
20.880 1020 -1723073393
20.907 992 -1723073393
20.933 982 -1723073393
20.960 943 -1723073393
20.987 903 -1723073393
21.013 883 -1723073393
21.040 836 -1723073393
21.067 791 -1723073393
21.093 764 -1723073393
21.120 718 -1723073393
21.147 681 -1723073393
21.173 654 -1723073393
21.200 608 -1723073393
21.227 573 -1723073393
21.253 551 -1723073393
21.280 515 -1723073393
21.307 492 -1723073393
21.333 481 -1723073393
21.360 467 -1723073393
21.387 472 -1723073393
21.413 492 -1723073393
21.440 515 -1723073393
21.467 552 -1723073393
21.493 600 -1723073393
21.520 651 -1723073393
21.547 710 -1723073393
21.573 759 -1723073393
21.600 789 -1723073393
21.627 821 -1723073393
21.653 831 -1723073393
21.680 815 -1723073393
21.707 798 -1723073393
21.733 749 -1723073393
21.760 673 -1723073393
21.787 610 -1723073393
21.813 522 -1723073393
21.840 421 -1723073393
21.867 338 -1723073393
21.893 247 -1723073393
21.920 158 -1723073393
21.947 91 -1723073393
21.973 29 -1723073393
22.000 -24 -1723073393
22.027 -54 -1723073393
22.053 -55 -1723073393
22.080 -42 -1723073393
22.107 -2 -1723073393
22.133 74 -1723073393
22.160 157 -1723073393
22.187 246 -1723073393
22.213 354 -1723073393
22.240 462 -1723073393
22.267 567 -1723073393
22.293 668 -1723073393
22.320 759 -1723073393
22.347 831 -1723073393
22.373 869 -1723073393
22.400 892 -1723073393
22.427 889 -1723073393
22.453 838 -1723073393
22.480 784 -1723073393
22.507 719 -1723073393
22.533 623 -1723073393
22.560 547 -1723073393
22.587 482 -1723073393
22.613 409 -1723073393
22.640 368 -1723073393
22.667 357 -1723073393
22.693 362 -1723073393
22.720 395 -1723073393
22.747 453 -1723073393
22.773 523 -1723073393
22.800 598 -1723073393
22.827 683 -1723073393
22.853 768 -1723073393
22.880 862 -1723073393
22.907 954 -1723073393
22.933 1041 -1723073393
22.960 1144 -1723073393
22.987 1227 -1723073393
23.013 1287 -1723073393
23.040 1367 -1723073393
23.067 1415 -1723073393
23.093 1437 -1723073393
23.120 1486 -1723073393
23.147 1496 -1723073393
23.173 1484 -1723073393
23.200 1504 -1723073393
23.227 1478 -1723073393
23.253 1429 -1723073393
23.280 1413 -1723073393
23.307 1348 -1723073393
23.333 1266 -1723073393
23.360 1216 -1723073393
23.387 1127 -1723073393
23.413 1039 -1723073393
23.440 985 -1723073393
23.467 898 -1723073393
23.493 813 -1723073393
23.520 760 -1723073393
23.547 686 -1723073393
23.573 614 -1723073393
23.600 566 -1723073393
23.627 506 -1723073393
23.653 460 -1723073393
23.680 439 -1723073393
23.707 420 -1723073393
23.733 411 -1723073393
23.760 419 -1723073393
23.787 429 -1723073393
23.813 446 -1723073393
23.840 475 -1723073393
23.867 508 -1723073393
23.893 545 -1723073393
23.920 580 -1723073393
23.947 598 -1723073393
23.973 614 -1723073393
24.000 629 -1723073393
24.027 622 -1723073393
24.053 615 -1723073393
24.080 607 -1723073393
24.107 576 -1723073393
24.133 547 -1723073393
24.160 525 -1723073393
24.187 492 -1723073393
24.213 478 -1723073393
24.240 475 -1723073393
24.267 463 -1723073393
24.293 454 -1723073393
24.320 454 -1723073393
24.347 455 -1723073393
24.373 467 -1723073393
24.400 490 -1723073393
24.427 514 -1723073393
24.453 554 -1723073393
24.480 601 -1723073393
24.507 641 -1723073393
24.533 687 -1723073393
24.560 731 -1723073393
24.587 766 -1723073393
24.613 806 -1723073393
24.640 832 -1723073393
24.667 828 -1723073393
24.693 825 -1723073393
24.720 807 -1723073393
24.747 757 -1723073393
24.773 718 -1723073393
24.800 671 -1723073393
24.827 602 -1723073393
24.853 551 -1723073393
24.880 502 -1723073393
24.907 448 -1723073393
24.933 413 -1723073393
24.960 390 -1723073393
24.987 362 -1723073393
25.013 340 -1723073393
25.040 326 -1723073393
25.067 311 -1723073393
25.093 298 -1723073393
25.120 283 -1723073393
25.147 265 -1723073393
25.173 244 -1723073393
25.200 227 -1723073393
25.227 209 -1723073393
25.253 185 -1723073393
25.280 158 -1723073393
25.307 128 -1723073393
25.333 89 -1723073393
25.360 48 -1723073393
25.387 4 -1723073393
25.413 -47 -1723073393
25.440 -102 -1723073393
25.467 -161 -1723073393
25.493 -228 -1723073393
25.520 -284 -1723073393
25.547 -325 -1723073393
25.573 -369 -1723073393
25.600 -386 -1723073393
25.627 -383 -1723073393
25.653 -392 -1723073393
25.680 -368 -1723073393
25.707 -315 -1723073393
25.733 -284 -1723073393
25.760 -226 -1723073393
25.787 -145 -1723073393
25.813 -92 -1723073393
25.840 -26 -1723073393
25.867 51 -1723073393
25.893 102 -1723073393
25.920 154 -1723073393
25.947 208 -1723073393
25.973 239 -1723073393
26.000 258 -1723073393
26.027 271 -1723073393
26.053 269 -1723073393
26.080 254 -1723073393
26.107 232 -1723073393
26.133 202 -1723073393
26.160 163 -1723073393
26.187 121 -1723073393
26.213 77 -1723073393
26.240 31 -1723073393
26.267 -12 -1723073393
26.293 -51 -1723073393
26.320 -79 -1723073393
26.347 -96 -1723073393
26.373 -114 -1723073393
26.400 -116 -1723073393
26.427 -108 -1723073393
26.453 -104 -1723073393
26.480 -79 -1723073393
26.507 -49 -1723073393
26.533 -37 -1723073393
26.560 -12 -1723073393
26.587 11 -1723073393
26.613 17 -1723073393
26.640 37 -1723073393
26.667 59 -1723073393
26.693 64 -1723073393
26.720 72 -1723073393
26.747 77 -1723073393
26.773 65 -1723073393
26.800 58 -1723073393
26.827 52 -1723073393
26.853 34 -1723073393
26.880 30 -1723073393
26.907 28 -1723073393
26.933 17 -1723073393
26.960 24 -1723073393
26.987 35 -1723073393
27.013 31 -1723073393
27.040 36 -1723073393
27.067 44 -1723073393
27.093 34 -1723073393
27.120 32 -1723073393
27.147 31 -1723073393
27.173 8 -1723073393
27.200 -8 -1723073393
27.227 -22 -1723073393
27.253 -54 -1723073393
27.280 -76 -1723073393
27.307 -100 -1723073393
27.333 -136 -1723073393
27.360 -155 -1723073393
27.387 -172 -1723073393
27.413 -204 -1723073393
27.440 -213 -1723073393
27.467 -213 -1723073393
27.493 -226 -1723073393
27.520 -209 -1723073393
27.547 -190 -1723073393
27.573 -189 -1723073393
27.600 -170 -1723073393
27.627 -154 -1723073393
27.653 -158 -1723073393
27.680 -141 -1723073393
27.707 -118 -1723073393
27.733 -105 -1723073393
27.760 -66 -1723073393
27.787 -22 -1723073393
27.813 6 -1723073393
27.840 55 -1723073393
27.867 105 -1723073393
27.893 141 -1723073393
27.920 182 -1723073393
27.947 215 -1723073393
27.973 229 -1723073393
28.000 247 -1723073393
28.027 262 -1723073393
28.053 263 -1723073393
28.080 264 -1723073393
28.107 257 -1723073393
28.133 245 -1723073393
28.160 236 -1723073393
28.187 228 -1723073393
28.213 216 -1723073393
28.240 202 -1723073393
28.267 193 -1723073393
28.293 181 -1723073393
28.320 171 -1723073393
28.347 163 -1723073393
28.373 148 -1723073393
28.400 140 -1723073393
28.427 137 -1723073393
28.453 133 -1723073393
28.480 133 -1723073393
28.507 137 -1723073393
28.533 134 -1723073393
28.560 139 -1723073393
28.587 148 -1723073393
28.613 156 -1723073393
28.640 174 -1723073393
28.667 196 -1723073393
28.693 214 -1723073393
28.720 237 -1723073393
28.747 258 -1723073393
28.773 265 -1723073393
28.800 272 -1723073393
28.827 278 -1723073393
28.853 268 -1723073393
28.880 250 -1723073393
28.907 224 -1723073393
28.933 186 -1723073393
28.960 139 -1723073393
28.987 89 -1723073393
29.013 35 -1723073393
29.040 -18 -1723073393
29.067 -72 -1723073393
29.093 -128 -1723073393
29.120 -170 -1723073393
29.147 -208 -1723073393
29.173 -255 -1723073393
29.200 -277 -1723073393
29.227 -285 -1723073393
29.253 -300 -1723073393
29.280 -290 -1723073393
29.307 -277 -1723073393
29.333 -276 -1723073393
29.360 -237 -1723073393
29.387 -187 -1723073393
29.413 -165 -1723073393
29.440 -116 -1723073393
29.467 -52 -1723073393
29.493 -13 -1723073393
29.520 47 -1723073393
29.547 114 -1723073393
29.573 156 -1723073393
29.600 198 -1723073393
29.627 240 -1723073393
29.653 263 -1723073393
29.680 278 -1723073393
29.707 285 -1723073393
29.733 280 -1723073393
29.760 271 -1723073393
29.787 261 -1723073393
29.813 253 -1723073393
29.840 244 -1723073393
29.867 234 -1723073393
29.893 227 -1723073393
29.920 222 -1723073393
29.947 219 -1723073393
29.973 219 -1723073393
30.000 217 -1723073393
30.027 219 -1723073393
30.053 219 -1723073393
30.080 222 -1723073393
30.107 228 -1723073393
30.133 227 -1723073393
30.160 221 -1723073393
30.187 219 -1723073393
30.213 211 -1723073393
30.240 203 -1723073393
30.267 197 -1723073393
30.293 181 -1723073393
30.320 156 -1723073393
30.347 130 -1723073393
30.373 101 -1723073393
30.400 72 -1723073393
30.427 47 -1723073393
30.453 20 -1723073393
30.480 7 -1723073393
30.507 4 -1723073393
30.533 -3 -1723073393
30.560 0 -1723073393
30.587 26 -1723073393
30.613 45 -1723073393
30.640 76 -1723073393
30.667 125 -1723073393
30.693 159 -1723073393
30.720 191 -1723073393
30.747 229 -1723073393
30.773 253 -1723073393
30.800 265 -1723073393
30.827 274 -1723073393
30.853 267 -1723073393
30.880 239 -1723073393
30.907 205 -1723073393
30.933 164 -1723073393
30.960 114 -1723073393
30.987 57 -1723073393
31.013 -4 -1723073393
31.040 -69 -1723073393
31.067 -124 -1723073393
31.093 -179 -1723073393
31.120 -223 -1723073393
31.147 -245 -1723073393
31.173 -271 -1723073393
31.200 -283 -1723073393
31.227 -262 -1723073393
31.253 -247 -1723073393
31.280 -219 -1723073393
31.307 -156 -1723073393
31.333 -108 -1723073393
31.360 -62 -1723073393
31.387 11 -1723073393
31.413 66 -1723073393
31.440 114 -1723073393
31.467 170 -1723073393
31.493 208 -1723073393
31.520 227 -1723073393
31.547 241 -1723073393
31.573 238 -1723073393
31.600 225 -1723073393
31.627 209 -1723073393
31.653 187 -1723073393
31.680 158 -1723073393
31.707 130 -1723073393
31.733 104 -1723073393
31.760 83 -1723073393
31.787 70 -1723073393
31.813 62 -1723073393
31.840 56 -1723073393
31.867 64 -1723073393
31.893 72 -1723073393
31.920 75 -1723073393
31.947 83 -1723073393
31.973 90 -1723073393
32.000 87 -1723073393
32.027 87 -1723073393
32.053 83 -1723073393
32.080 78 -1723073393
32.107 80 -1723073393
32.133 81 -1723073393
32.160 77 -1723073393
32.187 81 -1723073393
32.213 86 -1723073393
32.240 91 -1723073393
32.267 111 -1723073393
32.293 139 -1723073393
32.320 168 -1723073393
32.347 211 -1723073393
32.373 259 -1723073393
32.400 300 -1723073393
32.427 342 -1723073393
32.453 377 -1723073393
32.480 395 -1723073393
32.507 400 -1723073393
32.533 394 -1723073393
32.560 377 -1723073393
32.587 341 -1723073393
32.613 297 -1723073393
32.640 248 -1723073393
32.667 179 -1723073393
32.693 95 -1723073393
32.720 9 -1723073393
32.747 -75 -1723073393
32.773 -159 -1723073393
32.800 -241 -1723073393
32.827 -302 -1723073393
32.853 -345 -1723073393
32.880 -389 -1723073393
32.907 -401 -1723073393
32.933 -377 -1723073393
32.960 -366 -1723073393
32.987 -324 -1723073393
33.013 -244 -1723073393
33.040 -179 -1723073393
33.067 -102 -1723073393
33.093 5 -1723073393
33.120 86 -1723073393
33.147 161 -1723073393
33.173 248 -1723073393
33.200 308 -1723073393
33.227 343 -1723073393
33.253 371 -1723073393
33.280 382 -1723073393
33.307 377 -1723073393
33.333 362 -1723073393
33.360 342 -1723073393
33.387 315 -1723073393
33.413 281 -1723073393
33.440 247 -1723073393
33.467 225 -1723073393
33.493 218 -1723073393
33.520 220 -1723073393
33.547 226 -1723073393
33.573 247 -1723073393
33.600 271 -1723073393
33.627 292 -1723073393
33.653 316 -1723073393
33.680 337 -1723073393
33.707 347 -1723073393
33.733 352 -1723073393
33.760 351 -1723073393
33.787 339 -1723073393
33.813 317 -1723073393
33.840 294 -1723073393
33.867 274 -1723073393
33.893 250 -1723073393
33.920 225 -1723073393
33.947 203 -1723073393
33.973 192 -1723073393
34.000 192 -1723073393
34.027 193 -1723073393
34.053 205 -1723073393
34.080 229 -1723073393
34.107 250 -1723073393
34.133 278 -1723073393
34.160 312 -1723073393
34.187 335 -1723073393
34.213 355 -1723073393
34.240 374 -1723073393
34.267 386 -1723073393
34.293 383 -1723073393
34.320 375 -1723073393
34.347 364 -1723073393
34.373 340 -1723073393
34.400 298 -1723073393
34.427 248 -1723073393
34.453 183 -1723073393
34.480 105 -1723073393
34.507 23 -1723073393
34.533 -56 -1723073393
34.560 -137 -1723073393
34.587 -217 -1723073393
34.613 -284 -1723073393
34.640 -327 -1723073393
34.667 -362 -1723073393
34.693 -382 -1723073393
34.720 -360 -1723073393
34.747 -337 -1723073393
34.773 -310 -1723073393
34.800 -235 -1723073393
34.827 -152 -1723073393
34.853 -82 -1723073393
34.880 20 -1723073393
34.907 123 -1723073393
34.933 199 -1723073393
34.960 290 -1723073393
34.987 384 -1723073393
35.013 447 -1723073393
35.040 497 -1723073393
35.067 541 -1723073393
35.093 567 -1723073393
35.120 566 -1723073393
35.147 553 -1723073393
35.173 535 -1723073393
35.200 499 -1723073393
35.227 454 -1723073393
35.253 415 -1723073393
35.280 370 -1723073393
35.307 315 -1723073393
35.333 267 -1723073393
35.360 217 -1723073393
35.387 166 -1723073393
35.413 126 -1723073393
35.440 94 -1723073393
35.467 72 -1723073393
35.493 49 -1723073393
35.520 30 -1723073393
35.547 31 -1723073393
35.573 36 -1723073393
35.600 42 -1723073393
35.627 60 -1723073393
35.653 75 -1723073393
35.680 88 -1723073393
35.707 122 -1723073393
35.733 161 -1723073393
35.760 194 -1723073393
35.787 236 -1723073393
35.813 276 -1723073393
35.840 304 -1723073393
35.867 337 -1723073393
35.893 376 -1723073393
35.920 410 -1723073393
35.947 438 -1723073393
35.973 463 -1723073393
36.000 475 -1723073393
36.027 477 -1723073393
36.053 477 -1723073393
36.080 473 -1723073393
36.107 459 -1723073393
36.133 440 -1723073393
36.160 421 -1723073393
36.187 387 -1723073393
36.213 339 -1723073393
36.240 288 -1723073393
36.267 230 -1723073393
36.293 166 -1723073393
36.320 105 -1723073393
36.347 48 -1723073393
36.373 -2 -1723073393
36.400 -46 -1723073393
36.427 -84 -1723073393
36.453 -102 -1723073393
36.480 -110 -1723073393
36.507 -114 -1723073393
36.533 -87 -1723073393
36.560 -49 -1723073393
36.587 -11 -1723073393
36.613 54 -1723073393
36.640 126 -1723073393
36.667 178 -1723073393
36.693 237 -1723073393
36.720 300 -1723073393
36.747 344 -1723073393
36.773 380 -1723073393
36.800 411 -1723073393
36.827 428 -1723073393
36.853 431 -1723073393
36.880 424 -1723073393
36.907 405 -1723073393
36.933 373 -1723073393
36.960 333 -1723073393
36.987 295 -1723073393
37.013 253 -1723073393
37.040 210 -1723073393
37.067 173 -1723073393
37.093 145 -1723073393
37.120 134 -1723073393
37.147 133 -1723073393
37.173 136 -1723073393
37.200 154 -1723073393
37.227 174 -1723073393
37.253 187 -1723073393
37.280 210 -1723073393
37.307 232 -1723073393
37.333 243 -1723073393
37.360 259 -1723073393
37.387 278 -1723073393
37.413 287 -1723073393
37.440 294 -1723073393
37.467 302 -1723073393
37.493 299 -1723073393
37.520 295 -1723073393
37.547 301 -1723073393
37.573 307 -1723073393
37.600 312 -1723073393
37.627 323 -1723073393
37.653 337 -1723073393
37.680 348 -1723073393
37.707 363 -1723073393
37.733 379 -1723073393
37.760 389 -1723073393
37.787 402 -1723073393
37.813 414 -1723073393
37.840 417 -1723073393
37.867 411 -1723073393
37.893 401 -1723073393
37.920 376 -1723073393
37.947 335 -1723073393
37.973 291 -1723073393
38.000 242 -1723073393
38.027 185 -1723073393
38.053 126 -1723073393
38.080 65 -1723073393
38.107 4 -1723073393
38.133 -53 -1723073393
38.160 -114 -1723073393
38.187 -164 -1723073393
38.213 -191 -1723073393
38.240 -222 -1723073393
38.267 -240 -1723073393
38.293 -228 -1723073393
38.320 -218 -1723073393
38.347 -203 -1723073393
38.373 -159 -1723073393
38.400 -118 -1723073393
38.427 -80 -1723073393
38.453 -14 -1723073393
38.480 45 -1723073393
38.507 85 -1723073393
38.533 138 -1723073393
38.560 192 -1723073393
38.587 220 -1723073393
38.613 243 -1723073393
38.640 265 -1723073393
38.667 267 -1723073393
38.693 256 -1723073393
38.720 253 -1723073393
38.747 247 -1723073393
38.773 234 -1723073393
38.800 226 -1723073393
38.827 214 -1723073393
38.853 198 -1723073393
38.880 191 -1723073393
38.907 187 -1723073393
38.933 188 -1723073393
38.960 202 -1723073393
38.987 214 -1723073393
39.013 218 -1723073393
39.040 228 -1723073393
39.067 238 -1723073393
39.093 241 -1723073393
39.120 254 -1723073393
39.147 271 -1723073393
39.173 279 -1723073393
39.200 288 -1723073393
39.227 302 -1723073393
39.253 315 -1723073393
39.280 330 -1723073393
39.307 352 -1723073393
39.333 365 -1723073393
39.360 371 -1723073393
39.387 377 -1723073393
39.413 372 -1723073393
39.440 364 -1723073393
39.467 360 -1723073393
39.493 351 -1723073393
39.520 335 -1723073393
39.547 319 -1723073393
39.573 299 -1723073393
39.600 271 -1723073393
39.627 245 -1723073393
39.653 220 -1723073393
39.680 187 -1723073393
39.707 155 -1723073393
39.733 120 -1723073393
39.760 78 -1723073393
39.787 45 -1723073393
39.813 19 -1723073393
39.840 -11 -1723073393
39.867 -26 -1723073393
39.893 -24 -1723073393
39.920 -30 -1723073393
39.947 -25 -1723073393
39.973 2 -1723073393
40.000 20 -1723073393
40.027 37 -1723073393
40.053 71 -1723073393
40.080 97 -1723073393
40.107 115 -1723073393
40.133 144 -1723073393
40.160 168 -1723073393
40.187 183 -1723073393
40.213 207 -1723073393
40.240 227 -1723073393
40.267 231 -1723073393
40.293 237 -1723073393
40.320 241 -1723073393
40.347 230 -1723073393
40.373 214 -1723073393
40.400 201 -1723073393
40.427 179 -1723073393
40.453 158 -1723073393
40.480 141 -1723073393
40.507 119 -1723073393
40.533 101 -1723073393
40.560 96 -1723073393
40.587 92 -1723073393
40.613 94 -1723073393
40.640 111 -1723073393
40.667 125 -1723073393
40.693 131 -1723073393
40.720 152 -1723073393
40.747 178 -1723073393
40.773 194 -1723073393
40.800 212 -1723073393
40.827 230 -1723073393
40.853 236 -1723073393
40.880 240 -1723073393
40.907 244 -1723073393
40.933 239 -1723073393
40.960 230 -1723073393
40.987 220 -1723073393
41.013 200 -1723073393
41.040 176 -1723073393
41.067 160 -1723073393
41.093 145 -1723073393
41.120 132 -1723073393
41.147 133 -1723073393
41.173 131 -1723073393
41.200 120 -1723073393
41.227 120 -1723073393
41.253 123 -1723073393
41.280 119 -1723073393
41.307 124 -1723073393
41.333 137 -1723073393
41.360 140 -1723073393
41.387 140 -1723073393
41.413 145 -1723073393
41.440 138 -1723073393
41.467 125 -1723073393
41.493 117 -1723073393
41.520 104 -1723073393
41.547 89 -1723073393
41.573 85 -1723073393
41.600 74 -1723073393
41.627 51 -1723073393
41.653 38 -1723073393
41.680 24 -1723073393
41.707 -1 -1723073393
41.733 -17 -1723073393
41.760 -25 -1723073393
41.787 -44 -1723073393
41.813 -48 -1723073393
41.840 -34 -1723073393
41.867 -27 -1723073393
41.893 -17 -1723073393
41.920 7 -1723073393
41.947 23 -1723073393
41.973 35 -1723073393
42.000 56 -1723073393
42.027 67 -1723073393
42.053 65 -1723073393
42.080 69 -1723073393
42.107 63 -1723073393
42.133 43 -1723073393
42.160 33 -1723073393
42.187 27 -1723073393
42.213 7 -1723073393
42.240 -8 -1723073393
42.267 -19 -1723073393
42.293 -40 -1723073393
42.320 -51 -1723073393
42.347 -45 -1723073393
42.373 -45 -1723073393
42.400 -41 -1723073393
42.427 -22 -1723073393
42.453 -10 -1723073393
42.480 -2 -1723073393
42.507 24 -1723073393
42.533 48 -1723073393
42.560 61 -1723073393
42.587 82 -1723073393
42.613 99 -1723073393
42.640 103 -1723073393
42.667 111 -1723073393
42.693 120 -1723073393
42.720 120 -1723073393
42.747 127 -1723073393
42.773 139 -1723073393
42.800 140 -1723073393
42.827 140 -1723073393
42.853 148 -1723073393
42.880 149 -1723073393
42.907 151 -1723073393
42.933 164 -1723073393
42.960 173 -1723073393
42.987 177 -1723073393
43.013 187 -1723073393
43.040 193 -1723073393
43.067 186 -1723073393
43.093 176 -1723073393
43.120 158 -1723073393
43.147 130 -1723073393
43.173 104 -1723073393
43.200 82 -1723073393
43.227 53 -1723073393
43.253 24 -1723073393
43.280 2 -1723073393
43.307 -28 -1723073393
43.333 -64 -1723073393
43.360 -87 -1723073393
43.387 -107 -1723073393
43.413 -127 -1723073393
43.440 -126 -1723073393
43.467 -121 -1723073393
43.493 -128 -1723073393
43.520 -120 -1723073393
43.547 -102 -1723073393
43.573 -98 -1723073393
43.600 -87 -1723073393
43.627 -60 -1723073393
43.653 -45 -1723073393
43.680 -35 -1723073393
43.707 -16 -1723073393
43.733 -12 -1723073393
43.760 -19 -1723073393
43.787 -21 -1723073393
43.813 -32 -1723073393
43.840 -56 -1723073393
43.867 -74 -1723073393
43.893 -96 -1723073393
43.920 -130 -1723073393
43.947 -150 -1723073393
43.973 -158 -1723073393
44.000 -167 -1723073393
44.027 -156 -1723073393
44.053 -122 -1723073393
44.080 -95 -1723073393
44.107 -63 -1723073393
44.133 -9 -1723073393
44.160 36 -1723073393
44.187 76 -1723073393
44.213 127 -1723073393
44.240 172 -1723073393
44.267 205 -1723073393
44.293 241 -1723073393
44.320 270 -1723073393
44.347 283 -1723073393
44.373 294 -1723073393
44.400 301 -1723073393
44.427 298 -1723073393
44.453 295 -1723073393
44.480 291 -1723073393
44.507 271 -1723073393
44.533 242 -1723073393
44.560 218 -1723073393
44.587 188 -1723073393
44.613 160 -1723073393
44.640 146 -1723073393
44.667 128 -1723073393
44.693 105 -1723073393
44.720 91 -1723073393
44.747 79 -1723073393
44.773 62 -1723073393
44.800 55 -1723073393
44.827 55 -1723073393
44.853 47 -1723073393
44.880 42 -1723073393
44.907 45 -1723073393
44.933 41 -1723073393
44.960 37 -1723073393
44.987 44 -1723073393
45.013 49 -1723073393
45.040 49 -1723073393
45.067 59 -1723073393
45.093 71 -1723073393
45.120 69 -1723073393
45.147 71 -1723073393
45.173 79 -1723073393
45.200 76 -1723073393
45.227 77 -1723073393
45.253 83 -1723073393
45.280 77 -1723073393
45.307 71 -1723073393
45.333 69 -1723073393
45.360 57 -1723073393
45.387 38 -1723073393
45.413 23 -1723073393
45.440 7 -1723073393
45.467 -11 -1723073393
45.493 -23 -1723073393
45.520 -32 -1723073393
45.547 -48 -1723073393
45.573 -60 -1723073393
45.600 -63 -1723073393
45.627 -73 -1723073393
45.653 -83 -1723073393
45.680 -84 -1723073393
45.707 -90 -1723073393
45.733 -96 -1723073393
45.760 -87 -1723073393
45.787 -81 -1723073393
45.813 -82 -1723073393
45.840 -65 -1723073393
45.867 -38 -1723073393
45.893 -20 -1723073393
45.920 2 -1723073393
45.947 31 -1723073393
45.973 51 -1723073393
46.000 73 -1723073393
46.027 101 -1723073393
46.053 121 -1723073393
46.080 140 -1723073393
46.107 164 -1723073393
46.133 180 -1723073393
46.160 186 -1723073393
46.187 195 -1723073393
46.213 196 -1723073393
46.240 186 -1723073393
46.267 179 -1723073393
46.293 172 -1723073393
46.320 161 -1723073393
46.347 159 -1723073393
46.373 161 -1723073393
46.400 154 -1723073393
46.427 146 -1723073393
46.453 145 -1723073393
46.480 136 -1723073393
46.507 125 -1723073393
46.533 120 -1723073393
46.560 106 -1723073393
46.587 86 -1723073393
46.613 78 -1723073393
46.640 74 -1723073393
46.667 64 -1723073393
46.693 61 -1723073393
46.720 62 -1723073393
46.747 60 -1723073393
46.773 72 -1723073393
46.800 94 -1723073393
46.827 113 -1723073393
46.853 144 -1723073393
46.880 185 -1723073393
46.907 218 -1723073393
46.933 249 -1723073393
46.960 288 -1723073393
46.987 321 -1723073393
47.013 344 -1723073393
47.040 366 -1723073393
47.067 378 -1723073393
47.093 379 -1723073393
47.120 378 -1723073393
47.147 371 -1723073393
47.173 356 -1723073393
47.200 338 -1723073393
47.227 313 -1723073393
47.253 282 -1723073393
47.280 253 -1723073393
47.307 222 -1723073393
47.333 188 -1723073393
47.360 154 -1723073393
47.387 131 -1723073393
47.413 111 -1723073393
47.440 89 -1723073393
47.467 77 -1723073393
47.493 70 -1723073393
47.520 56 -1723073393
47.547 54 -1723073393
47.573 65 -1723073393
47.600 72 -1723073393
47.627 88 -1723073393
47.653 121 -1723073393
47.680 151 -1723073393
47.707 181 -1723073393
47.733 228 -1723073393
47.760 276 -1723073393
47.787 321 -1723073393
47.813 374 -1723073393
47.840 424 -1723073393
47.867 461 -1723073393
47.893 495 -1723073393
47.920 529 -1723073393
47.947 554 -1723073393
47.973 572 -1723073393
48.000 581 -1723073393
48.027 584 -1723073393
48.053 577 -1723073393
48.080 567 -1723073393
48.107 557 -1723073393
48.133 545 -1723073393
48.160 530 -1723073393
48.187 515 -1723073393
48.213 500 -1723073393
48.240 481 -1723073393
48.267 463 -1723073393
48.293 449 -1723073393
48.320 437 -1723073393
48.347 424 -1723073393
48.373 408 -1723073393
48.400 389 -1723073393
48.427 375 -1723073393
48.453 366 -1723073393
48.480 364 -1723073393
48.507 371 -1723073393
48.533 376 -1723073393
48.560 381 -1723073393
48.587 394 -1723073393
48.613 408 -1723073393
48.640 417 -1723073393
48.667 424 -1723073393
48.693 429 -1723073393
48.720 428 -1723073393
48.747 422 -1723073393
48.773 408 -1723073393
48.800 384 -1723073393
48.827 353 -1723073393
48.853 319 -1723073393
48.880 283 -1723073393
48.907 243 -1723073393
48.933 204 -1723073393
48.960 167 -1723073393
48.987 129 -1723073393
49.013 100 -1723073393
49.040 75 -1723073393
49.067 48 -1723073393
49.093 33 -1723073393
49.120 30 -1723073393
49.147 21 -1723073393
49.173 11 -1723073393
49.200 15 -1723073393
49.227 16 -1723073393
49.253 12 -1723073393
49.280 21 -1723073393
49.307 34 -1723073393
49.333 39 -1723073393
49.360 53 -1723073393
49.387 72 -1723073393
49.413 81 -1723073393
49.440 95 -1723073393
49.467 119 -1723073393
49.493 131 -1723073393
49.520 141 -1723073393
49.547 157 -1723073393
49.573 167 -1723073393
49.600 173 -1723073393
49.627 186 -1723073393
49.653 199 -1723073393
49.680 203 -1723073393
49.707 210 -1723073393
49.733 216 -1723073393
49.760 208 -1723073393
49.787 197 -1723073393
49.813 190 -1723073393
49.840 180 -1723073393
49.867 169 -1723073393
49.893 161 -1723073393
49.920 145 -1723073393
49.947 128 -1723073393
49.973 116 -1723073393
50.000 99 -1723073393
50.027 78 -1723073393
50.053 67 -1723073393
50.080 59 -1723073393
50.107 44 -1723073393
50.133 36 -1723073393
50.160 34 -1723073393
50.187 22 -1723073393
50.213 8 -1723073393
50.240 5 -1723073393
50.267 -7 -1723073393
50.293 -26 -1723073393
50.320 -34 -1723073393
50.347 -42 -1723073393
50.373 -54 -1723073393
50.400 -49 -1723073393
50.427 -36 -1723073393
50.453 -31 -1723073393
50.480 -17 -1723073393
50.507 4 -1723073393
50.533 10 -1723073393
50.560 18 -1723073393
50.587 43 -1723073393
50.613 57 -1723073393
50.640 62 -1723073393
50.667 75 -1723073393
50.693 83 -1723073393
50.720 75 -1723073393
50.747 76 -1723073393
50.773 79 -1723073393
50.800 65 -1723073393
50.827 52 -1723073393
50.853 45 -1723073393
50.880 27 -1723073393
50.907 14 -1723073393
50.933 15 -1723073393
50.960 10 -1723073393
50.987 2 -1723073393
51.013 9 -1723073393
51.040 17 -1723073393
51.067 17 -1723073393
51.093 34 -1723073393
51.120 59 -1723073393
51.147 75 -1723073393
51.173 99 -1723073393
51.200 136 -1723073393
51.227 164 -1723073393
51.253 193 -1723073393
51.280 238 -1723073393
51.307 274 -1723073393
51.333 298 -1723073393
51.360 327 -1723073393
51.387 353 -1723073393
51.413 367 -1723073393
51.440 382 -1723073393
51.467 390 -1723073393
51.493 384 -1723073393
51.520 373 -1723073393
51.547 362 -1723073393
51.573 341 -1723073393
51.600 315 -1723073393
51.627 293 -1723073393
51.653 272 -1723073393
51.680 252 -1723073393
51.707 242 -1723073393
51.733 232 -1723073393
51.760 222 -1723073393
51.787 224 -1723073393
51.813 235 -1723073393
51.840 242 -1723073393
51.867 251 -1723073393
51.893 265 -1723073393
51.920 271 -1723073393
51.947 271 -1723073393
51.973 274 -1723073393
52.000 272 -1723073393
52.027 265 -1723073393
52.053 263 -1723073393
52.080 260 -1723073393
52.107 246 -1723073393
52.133 231 -1723073393
52.160 221 -1723073393
52.187 208 -1723073393
52.213 198 -1723073393
52.240 197 -1723073393
52.267 189 -1723073393
52.293 177 -1723073393
52.320 173 -1723073393
52.347 167 -1723073393
52.373 153 -1723073393
52.400 143 -1723073393
52.427 133 -1723073393
52.453 114 -1723073393
52.480 97 -1723073393
52.507 82 -1723073393
52.533 50 -1723073393
52.560 9 -1723073393
52.587 -22 -1723073393
52.613 -53 -1723073393
52.640 -82 -1723073393
52.667 -97 -1723073393
52.693 -104 -1723073393
52.720 -117 -1723073393
52.747 -117 -1723073393
52.773 -104 -1723073393
52.800 -103 -1723073393
52.827 -101 -1723073393
52.853 -83 -1723073393
52.880 -74 -1723073393
52.907 -70 -1723073393
52.933 -48 -1723073393
52.960 -29 -1723073393
52.987 -25 -1723073393
53.013 -11 -1723073393
53.040 8 -1723073393
53.067 13 -1723073393
53.093 22 -1723073393
53.120 46 -1723073393
53.147 58 -1723073393
53.173 64 -1723073393
53.200 81 -1723073393
53.227 94 -1723073393
53.253 102 -1723073393
53.280 119 -1723073393
53.307 137 -1723073393
53.333 143 -1723073393
53.360 156 -1723073393
53.387 177 -1723073393
53.413 187 -1723073393
53.440 195 -1723073393
53.467 209 -1723073393
53.493 221 -1723073393
53.520 230 -1723073393
53.547 239 -1723073393
53.573 243 -1723073393
53.600 241 -1723073393
53.627 240 -1723073393
53.653 241 -1723073393
53.680 236 -1723073393
53.707 228 -1723073393
53.733 220 -1723073393
53.760 208 -1723073393
53.787 195 -1723073393
53.813 190 -1723073393
53.840 182 -1723073393
53.867 168 -1723073393
53.893 156 -1723073393
53.920 149 -1723073393
53.947 136 -1723073393
53.973 128 -1723073393
54.000 128 -1723073393
54.027 123 -1723073393
54.053 121 -1723073393
54.080 129 -1723073393
54.107 135 -1723073393
54.133 139 -1723073393
54.160 153 -1723073393
54.187 167 -1723073393
54.213 177 -1723073393
54.240 193 -1723073393
54.267 209 -1723073393
54.293 214 -1723073393
54.320 218 -1723073393
54.347 221 -1723073393
54.373 215 -1723073393
54.400 207 -1723073393
54.427 204 -1723073393
54.453 195 -1723073393
54.480 178 -1723073393
54.507 166 -1723073393
54.533 158 -1723073393
54.560 142 -1723073393
54.587 131 -1723073393
54.613 128 -1723073393
54.640 121 -1723073393
54.667 117 -1723073393
54.693 124 -1723073393
54.720 130 -1723073393
54.747 138 -1723073393
54.773 160 -1723073393
54.800 184 -1723073393
54.827 201 -1723073393
54.853 224 -1723073393
54.880 251 -1723073393
54.907 273 -1723073393
54.933 296 -1723073393
54.960 321 -1723073393
54.987 339 -1723073393
55.013 350 -1723073393
55.040 363 -1723073393
55.067 374 -1723073393
55.093 377 -1723073393
55.120 376 -1723073393
55.147 372 -1723073393
55.173 369 -1723073393
55.200 366 -1723073393
55.227 362 -1723073393
55.253 360 -1723073393
55.280 359 -1723073393
55.307 358 -1723073393
55.333 352 -1723073393
55.360 346 -1723073393
55.387 347 -1723073393
55.413 349 -1723073393
55.440 351 -1723073393
55.467 355 -1723073393
55.493 358 -1723073393
55.520 356 -1723073393
55.547 351 -1723073393
55.573 347 -1723073393
55.600 339 -1723073393
55.627 327 -1723073393
55.653 313 -1723073393
55.680 297 -1723073393
55.707 278 -1723073393
55.733 260 -1723073393
55.760 243 -1723073393
55.787 222 -1723073393
55.813 200 -1723073393
55.840 184 -1723073393
55.867 166 -1723073393
55.893 144 -1723073393
55.920 127 -1723073393
55.947 111 -1723073393
55.973 91 -1723073393
56.000 81 -1723073393
56.027 77 -1723073393
56.053 59 -1723073393
56.080 43 -1723073393
56.107 40 -1723073393
56.133 30 -1723073393
56.160 13 -1723073393
56.187 5 -1723073393
56.213 -3 -1723073393
56.240 -26 -1723073393
56.267 -45 -1723073393
56.293 -57 -1723073393
56.320 -80 -1723073393
56.347 -104 -1723073393
56.373 -110 -1723073393
56.400 -120 -1723073393
56.427 -134 -1723073393
56.453 -133 -1723073393
56.480 -135 -1723073393
56.507 -149 -1723073393
56.533 -152 -1723073393
56.560 -147 -1723073393
56.587 -157 -1723073393
56.613 -162 -1723073393
56.640 -152 -1723073393
56.667 -151 -1723073393
56.693 -155 -1723073393
56.720 -141 -1723073393
56.747 -129 -1723073393
56.773 -127 -1723073393
56.800 -108 -1723073393
56.827 -76 -1723073393
56.853 -55 -1723073393
56.880 -23 -1723073393
56.907 25 -1723073393
56.933 66 -1723073393
56.960 103 -1723073393
56.987 151 -1723073393
57.013 192 -1723073393
57.040 222 -1723073393
57.067 258 -1723073393
57.093 297 -1723073393
57.120 325 -1723073393
57.147 352 -1723073393
57.173 381 -1723073393
57.200 401 -1723073393
57.227 417 -1723073393
57.253 438 -1723073393
57.280 454 -1723073393
57.307 464 -1723073393
57.333 475 -1723073393
57.360 487 -1723073393
57.387 500 -1723073393
57.413 519 -1723073393
57.440 540 -1723073393
57.467 558 -1723073393
57.493 574 -1723073393
57.520 593 -1723073393
57.547 610 -1723073393
57.573 624 -1723073393
57.600 635 -1723073393
57.627 643 -1723073393
57.653 650 -1723073393
57.680 653 -1723073393
57.707 654 -1723073393
57.733 655 -1723073393
57.760 656 -1723073393
57.787 655 -1723073393
57.813 658 -1723073393
57.840 662 -1723073393
57.867 660 -1723073393
57.893 656 -1723073393
57.920 655 -1723073393
57.947 653 -1723073393
57.973 644 -1723073393
58.000 635 -1723073393
58.027 625 -1723073393
58.053 612 -1723073393
58.080 606 -1723073393
58.107 605 -1723073393
58.133 599 -1723073393
58.160 589 -1723073393
58.187 581 -1723073393
58.213 572 -1723073393
58.240 557 -1723073393
58.267 544 -1723073393
58.293 532 -1723073393
58.320 516 -1723073393
58.347 501 -1723073393
58.373 490 -1723073393
58.400 477 -1723073393
58.427 462 -1723073393
58.453 452 -1723073393
58.480 447 -1723073393
58.507 442 -1723073393
58.533 439 -1723073393
58.560 437 -1723073393
58.587 438 -1723073393
58.613 440 -1723073393
58.640 443 -1723073393
58.667 446 -1723073393
58.693 449 -1723073393
58.720 447 -1723073393
58.747 446 -1723073393
58.773 447 -1723073393
58.800 442 -1723073393
58.827 429 -1723073393
58.853 416 -1723073393
58.880 402 -1723073393
58.907 389 -1723073393
58.933 376 -1723073393
58.960 365 -1723073393
58.987 355 -1723073393
59.013 348 -1723073393
59.040 344 -1723073393
59.067 337 -1723073393
59.093 330 -1723073393
59.120 329 -1723073393
59.147 326 -1723073393
59.173 318 -1723073393
59.200 311 -1723073393
59.227 301 -1723073393
59.253 281 -1723073393
59.280 260 -1723073393
59.307 237 -1723073393
59.333 203 -1723073393
59.360 160 -1723073393
59.387 122 -1723073393
59.413 83 -1723073393
59.440 38 -1723073393
59.467 1 -1723073393
59.493 -27 -1723073393
59.520 -61 -1723073393
59.547 -85 -1723073393
59.573 -93 -1723073393
59.600 -103 -1723073393
59.627 -111 -1723073393
59.653 -98 -1723073393
59.680 -86 -1723073393
59.707 -86 -1723073393
59.733 -72 -1723073393
59.760 -49 -1723073393
59.787 -41 -1723073393
59.813 -26 -1723073393
59.840 2 -1723073393
59.867 16 -1723073393
59.893 22 -1723073393
59.920 39 -1723073393
59.947 46 -1723073393
59.973 37 -1723073393
60.000 34 -1723073393
60.027 36 -1723073393
60.053 23 -1723073393
60.080 11 -1723073393
60.107 11 -1723073393
60.133 2 -1723073393
60.160 -12 -1723073393
60.187 -12 -1723073393
60.213 -9 -1723073393
60.240 -20 -1723073393
60.267 -26 -1723073393
60.293 -23 -1723073393
60.320 -29 -1723073393
60.347 -37 -1723073393
60.373 -29 -1723073393
60.400 -24 -1723073393
60.427 -24 -1723073393
60.453 -8 -1723073393
60.480 10 -1723073393
60.507 18 -1723073393
60.533 27 -1723073393
60.560 41 -1723073393
60.587 50 -1723073393
60.613 56 -1723073393
60.640 73 -1723073393
60.667 82 -1723073393
60.693 78 -1723073393
60.720 78 -1723073393
60.747 78 -1723073393
60.773 67 -1723073393
60.800 57 -1723073393
60.827 56 -1723073393
60.853 43 -1723073393
60.880 26 -1723073393
60.907 19 -1723073393
60.933 9 -1723073393
60.960 -10 -1723073393
60.987 -23 -1723073393
61.013 -32 -1723073393
61.040 -50 -1723073393
61.067 -65 -1723073393
61.093 -69 -1723073393
61.120 -81 -1723073393
61.147 -99 -1723073393
61.173 -100 -1723073393
61.200 -103 -1723073393
61.227 -116 -1723073393
61.253 -116 -1723073393
61.280 -108 -1723073393
61.307 -115 -1723073393
61.333 -114 -1723073393
61.360 -97 -1723073393
61.387 -89 -1723073393
61.413 -89 -1723073393
61.440 -71 -1723073393
61.467 -53 -1723073393
61.493 -47 -1723073393
61.520 -31 -1723073393
61.547 -9 -1723073393
61.573 -7 -1723073393
61.600 -10 -1723073393
61.627 -2 -1723073393
61.653 -3 -1723073393
61.680 -13 -1723073393
61.707 -12 -1723073393
61.733 -10 -1723073393
61.760 -24 -1723073393
61.787 -38 -1723073393
61.813 -42 -1723073393
61.840 -58 -1723073393
61.867 -80 -1723073393
61.893 -91 -1723073393
61.920 -109 -1723073393
61.947 -140 -1723073393
61.973 -160 -1723073393
62.000 -172 -1723073393
62.027 -197 -1723073393
62.053 -215 -1723073393
62.080 -216 -1723073393
62.107 -226 -1723073393
62.133 -238 -1723073393
62.160 -231 -1723073393
62.187 -223 -1723073393
62.213 -226 -1723073393
62.240 -215 -1723073393
62.267 -194 -1723073393
62.293 -188 -1723073393
62.320 -175 -1723073393
62.347 -147 -1723073393
62.373 -130 -1723073393
62.400 -118 -1723073393
62.427 -93 -1723073393
62.453 -75 -1723073393
62.480 -73 -1723073393
62.507 -65 -1723073393
62.533 -49 -1723073393
62.560 -49 -1723073393
62.587 -53 -1723073393
62.613 -48 -1723073393
62.640 -53 -1723073393
62.667 -70 -1723073393
62.693 -79 -1723073393
62.720 -87 -1723073393
62.747 -106 -1723073393
62.773 -123 -1723073393
62.800 -137 -1723073393
62.827 -163 -1723073393
62.853 -194 -1723073393
62.880 -212 -1723073393
62.907 -232 -1723073393
62.933 -260 -1723073393
62.960 -276 -1723073393
62.987 -287 -1723073393
63.013 -307 -1723073393
63.040 -322 -1723073393
63.067 -320 -1723073393
63.093 -325 -1723073393
63.120 -332 -1723073393
63.147 -318 -1723073393
63.173 -300 -1723073393
63.200 -291 -1723073393
63.227 -267 -1723073393
63.253 -234 -1723073393
63.280 -216 -1723073393
63.307 -196 -1723073393
63.333 -164 -1723073393
63.360 -143 -1723073393
63.387 -132 -1723073393
63.413 -108 -1723073393
63.440 -85 -1723073393
63.467 -81 -1723073393
63.493 -78 -1723073393
63.520 -73 -1723073393
63.547 -87 -1723073393
63.573 -108 -1723073393
63.600 -120 -1723073393
63.627 -137 -1723073393
63.653 -166 -1723073393
63.680 -184 -1723073393
63.707 -198 -1723073393
63.733 -224 -1723073393
63.760 -240 -1723073393
63.787 -240 -1723073393
63.813 -244 -1723073393
63.840 -248 -1723073393
63.867 -231 -1723073393
63.893 -212 -1723073393
63.920 -206 -1723073393
63.947 -184 -1723073393
63.973 -145 -1723073393
64.000 -117 -1723073393
64.027 -86 -1723073393
64.053 -37 -1723073393
64.080 2 -1723073393
64.107 32 -1723073393
64.133 73 -1723073393
64.160 114 -1723073393
64.187 142 -1723073393
64.213 167 -1723073393
64.240 188 -1723073393
64.267 195 -1723073393
64.293 198 -1723073393
64.320 199 -1723073393
64.347 188 -1723073393
64.373 167 -1723073393
64.400 147 -1723073393
64.427 123 -1723073393
64.453 95 -1723073393
64.480 76 -1723073393
64.507 62 -1723073393
64.533 40 -1723073393
64.560 18 -1723073393
64.587 6 -1723073393
64.613 -9 -1723073393
64.640 -32 -1723073393
64.667 -45 -1723073393
64.693 -50 -1723073393
64.720 -60 -1723073393
64.747 -66 -1723073393
64.773 -61 -1723073393
64.800 -58 -1723073393
64.827 -54 -1723073393
64.853 -34 -1723073393
64.880 -15 -1723073393
64.907 -2 -1723073393
64.933 16 -1723073393
64.960 40 -1723073393
64.987 55 -1723073393
65.013 70 -1723073393
65.040 97 -1723073393
65.067 120 -1723073393
65.093 136 -1723073393
65.120 156 -1723073393
65.147 176 -1723073393
65.173 185 -1723073393
65.200 196 -1723073393
65.227 211 -1723073393
65.253 215 -1723073393
65.280 215 -1723073393
65.307 220 -1723073393
65.333 217 -1723073393
65.360 208 -1723073393
65.387 204 -1723073393
65.413 200 -1723073393
65.440 189 -1723073393
65.467 186 -1723073393
65.493 191 -1723073393
65.520 191 -1723073393
65.547 188 -1723073393
65.573 192 -1723073393
65.600 197 -1723073393
65.627 198 -1723073393
65.653 206 -1723073393
65.680 217 -1723073393
65.707 222 -1723073393
65.733 231 -1723073393
65.760 247 -1723073393
65.787 262 -1723073393
65.813 271 -1723073393
65.840 282 -1723073393
65.867 290 -1723073393
65.893 289 -1723073393
65.920 289 -1723073393
65.947 294 -1723073393
65.973 296 -1723073393
66.000 301 -1723073393
66.027 308 -1723073393
66.053 310 -1723073393
66.080 311 -1723073393
66.107 316 -1723073393
66.133 318 -1723073393
66.160 315 -1723073393
66.187 312 -1723073393
66.213 310 -1723073393
66.240 302 -1723073393
66.267 293 -1723073393
66.293 289 -1723073393
66.320 279 -1723073393
66.347 270 -1723073393
66.373 269 -1723073393
66.400 267 -1723073393
66.427 257 -1723073393
66.453 248 -1723073393
66.480 245 -1723073393
66.507 237 -1723073393
66.533 227 -1723073393
66.560 222 -1723073393
66.587 219 -1723073393
66.613 216 -1723073393
66.640 220 -1723073393
66.667 232 -1723073393
66.693 243 -1723073393
66.720 258 -1723073393
66.747 282 -1723073393
66.773 305 -1723073393
66.800 324 -1723073393
66.827 351 -1723073393
66.853 381 -1723073393
66.880 406 -1723073393
66.907 427 -1723073393
66.933 443 -1723073393
66.960 448 -1723073393
66.987 447 -1723073393
67.013 446 -1723073393
67.040 441 -1723073393
67.067 436 -1723073393
67.093 432 -1723073393
67.120 423 -1723073393
67.147 412 -1723073393
67.173 407 -1723073393
67.200 402 -1723073393
67.227 389 -1723073393
67.253 377 -1723073393
67.280 374 -1723073393
67.307 372 -1723073393
67.333 372 -1723073393
67.360 377 -1723073393
67.387 383 -1723073393
67.413 385 -1723073393
67.440 388 -1723073393
67.467 396 -1723073393
67.493 405 -1723073393
67.520 412 -1723073393
67.547 418 -1723073393
67.573 421 -1723073393
67.600 424 -1723073393
67.627 424 -1723073393
67.653 421 -1723073393
67.680 415 -1723073393
67.707 410 -1723073393
67.733 403 -1723073393
67.760 392 -1723073393
67.787 379 -1723073393
67.813 366 -1723073393
67.840 347 -1723073393
67.867 323 -1723073393
67.893 302 -1723073393
67.920 282 -1723073393
67.947 262 -1723073393
67.973 246 -1723073393
68.000 235 -1723073393
68.027 224 -1723073393
68.053 209 -1723073393
68.080 199 -1723073393
68.107 191 -1723073393
68.133 183 -1723073393
68.160 181 -1723073393
68.187 185 -1723073393
68.213 186 -1723073393
68.240 186 -1723073393
68.267 189 -1723073393
68.293 193 -1723073393
68.320 194 -1723073393
68.347 193 -1723073393
68.373 195 -1723073393
68.400 196 -1723073393
68.427 200 -1723073393
68.453 209 -1723073393
68.480 223 -1723073393
68.507 238 -1723073393
68.533 253 -1723073393
68.560 267 -1723073393
68.587 279 -1723073393
68.613 294 -1723073393
68.640 312 -1723073393
68.667 324 -1723073393
68.693 332 -1723073393
68.720 342 -1723073393
68.747 349 -1723073393
68.773 353 -1723073393
68.800 362 -1723073393
68.827 370 -1723073393
68.853 371 -1723073393
68.880 375 -1723073393
68.907 382 -1723073393
68.933 383 -1723073393
68.960 379 -1723073393
68.987 377 -1723073393
69.013 374 -1723073393
69.040 367 -1723073393
69.067 364 -1723073393
69.093 366 -1723073393
69.120 366 -1723073393
69.147 362 -1723073393
69.173 361 -1723073393
69.200 360 -1723073393
69.227 357 -1723073393
69.253 355 -1723073393
69.280 349 -1723073393
69.307 337 -1723073393
69.333 325 -1723073393
69.360 319 -1723073393
69.387 313 -1723073393
69.413 304 -1723073393
69.440 297 -1723073393
69.467 291 -1723073393
69.493 282 -1723073393
69.520 275 -1723073393
69.547 270 -1723073393
69.573 263 -1723073393
69.600 257 -1723073393
69.627 258 -1723073393
69.653 263 -1723073393
69.680 270 -1723073393
69.707 287 -1723073393
69.733 307 -1723073393
69.760 318 -1723073393
69.787 326 -1723073393
69.813 336 -1723073393
69.840 340 -1723073393
69.867 335 -1723073393
69.893 334 -1723073393
69.920 334 -1723073393
69.947 328 -1723073393
69.973 323 -1723073393
70.000 318 -1723073393
70.027 308 -1723073393
70.053 296 -1723073393
70.080 287 -1723073393
70.107 275 -1723073393
70.133 257 -1723073393
70.160 241 -1723073393
70.187 226 -1723073393
70.213 204 -1723073393
70.240 187 -1723073393
70.267 182 -1723073393
70.293 178 -1723073393
70.320 171 -1723073393
70.347 174 -1723073393
70.373 185 -1723073393
70.400 192 -1723073393
70.427 204 -1723073393
70.453 226 -1723073393
70.480 242 -1723073393
70.507 258 -1723073393
70.533 285 -1723073393
70.560 313 -1723073393
70.587 332 -1723073393
70.613 354 -1723073393
70.640 377 -1723073393
70.667 390 -1723073393
70.693 404 -1723073393
70.720 422 -1723073393
70.747 433 -1723073393
70.773 440 -1723073393
70.800 447 -1723073393
70.827 450 -1723073393
70.853 450 -1723073393
70.880 453 -1723073393
70.907 457 -1723073393
70.933 457 -1723073393
70.960 459 -1723073393
70.987 462 -1723073393
71.013 459 -1723073393
71.040 451 -1723073393
71.067 443 -1723073393
71.093 427 -1723073393
71.120 404 -1723073393
71.147 388 -1723073393
71.173 373 -1723073393
71.200 353 -1723073393
71.227 333 -1723073393
71.253 314 -1723073393
71.280 292 -1723073393
71.307 271 -1723073393
71.333 255 -1723073393
71.360 238 -1723073393
71.387 217 -1723073393
71.413 200 -1723073393
71.440 196 -1723073393
71.467 197 -1723073393
71.493 201 -1723073393
71.520 211 -1723073393
71.547 222 -1723073393
71.573 229 -1723073393
71.600 232 -1723073393
71.627 237 -1723073393
71.653 239 -1723073393
71.680 238 -1723073393
71.707 243 -1723073393
71.733 251 -1723073393
71.760 252 -1723073393
71.787 253 -1723073393
71.813 258 -1723073393
71.840 259 -1723073393
71.867 257 -1723073393
71.893 260 -1723073393
71.920 264 -1723073393
71.947 262 -1723073393
71.973 260 -1723073393
72.000 257 -1723073393
72.027 251 -1723073393
72.053 247 -1723073393
72.080 248 -1723073393
72.107 246 -1723073393
72.133 249 -1723073393
72.160 257 -1723073393
72.187 260 -1723073393
72.213 261 -1723073393
72.240 271 -1723073393
72.267 286 -1723073393
72.293 296 -1723073393
72.320 302 -1723073393
72.347 309 -1723073393
72.373 312 -1723073393
72.400 311 -1723073393
72.427 310 -1723073393
72.453 308 -1723073393
72.480 305 -1723073393
72.507 302 -1723073393
72.533 298 -1723073393
72.560 290 -1723073393
72.587 281 -1723073393
72.613 270 -1723073393
72.640 255 -1723073393
72.667 242 -1723073393
72.693 234 -1723073393
72.720 226 -1723073393
72.747 215 -1723073393
72.773 206 -1723073393
72.800 202 -1723073393
72.827 196 -1723073393
72.853 190 -1723073393
72.880 191 -1723073393
72.907 194 -1723073393
72.933 195 -1723073393
72.960 199 -1723073393
72.987 208 -1723073393
73.013 216 -1723073393
73.040 227 -1723073393
73.067 240 -1723073393
73.093 249 -1723073393
73.120 258 -1723073393
73.147 272 -1723073393
73.173 281 -1723073393
73.200 288 -1723073393
73.227 300 -1723073393
73.253 315 -1723073393
73.280 323 -1723073393
73.307 324 -1723073393
73.333 326 -1723073393
73.360 327 -1723073393
73.387 324 -1723073393
73.413 326 -1723073393
73.440 331 -1723073393
73.467 335 -1723073393
73.493 338 -1723073393
73.520 340 -1723073393
73.547 339 -1723073393
73.573 335 -1723073393
73.600 329 -1723073393
73.627 319 -1723073393
73.653 307 -1723073393
73.680 295 -1723073393
73.707 280 -1723073393
73.733 262 -1723073393
73.760 248 -1723073393
73.787 231 -1723073393
73.813 212 -1723073393
73.840 194 -1723073393
73.867 185 -1723073393
73.893 177 -1723073393
73.920 162 -1723073393
73.947 153 -1723073393
73.973 152 -1723073393
74.000 148 -1723073393
74.027 151 -1723073393
74.053 162 -1723073393
74.080 170 -1723073393
74.107 178 -1723073393
74.133 197 -1723073393
74.160 214 -1723073393
74.187 221 -1723073393
74.213 233 -1723073393
74.240 247 -1723073393
74.267 248 -1723073393
74.293 242 -1723073393
74.320 234 -1723073393
74.347 223 -1723073393
74.373 210 -1723073393
74.400 200 -1723073393
74.427 188 -1723073393
74.453 172 -1723073393
74.480 163 -1723073393
74.507 156 -1723073393
74.533 146 -1723073393
74.560 139 -1723073393
74.587 144 -1723073393
74.613 148 -1723073393
74.640 154 -1723073393
74.667 172 -1723073393
74.693 192 -1723073393
74.720 202 -1723073393
74.747 220 -1723073393
74.773 244 -1723073393
74.800 258 -1723073393
74.827 267 -1723073393
74.853 279 -1723073393
74.880 288 -1723073393
74.907 293 -1723073393
74.933 301 -1723073393
74.960 304 -1723073393
74.987 304 -1723073393
75.013 308 -1723073393
75.040 313 -1723073393
75.067 315 -1723073393
75.093 316 -1723073393
75.120 316 -1723073393
75.147 311 -1723073393
75.173 304 -1723073393
75.200 301 -1723073393
75.227 301 -1723073393
75.253 303 -1723073393
75.280 306 -1723073393
75.307 311 -1723073393
75.333 314 -1723073393
75.360 315 -1723073393
75.387 314 -1723073393
75.413 305 -1723073393
75.440 294 -1723073393
75.467 280 -1723073393
75.493 261 -1723073393
75.520 237 -1723073393
75.547 217 -1723073393
75.573 197 -1723073393
75.600 174 -1723073393
75.627 159 -1723073393
75.653 149 -1723073393
75.680 133 -1723073393
75.707 119 -1723073393
75.733 119 -1723073393
75.760 124 -1723073393
75.787 123 -1723073393
75.813 128 -1723073393
75.840 145 -1723073393
75.867 161 -1723073393
75.893 176 -1723073393
75.920 199 -1723073393
75.947 220 -1723073393
75.973 237 -1723073393
76.000 259 -1723073393
76.027 279 -1723073393
76.053 293 -1723073393
76.080 310 -1723073393
76.107 331 -1723073393
76.133 344 -1723073393
76.160 356 -1723073393
76.187 367 -1723073393
76.213 371 -1723073393
76.240 369 -1723073393
76.267 371 -1723073393
76.293 368 -1723073393
76.320 359 -1723073393
76.347 353 -1723073393
76.373 347 -1723073393
76.400 339 -1723073393
76.427 335 -1723073393
76.453 334 -1723073393
76.480 328 -1723073393
76.507 322 -1723073393
76.533 322 -1723073393
76.560 318 -1723073393
76.587 310 -1723073393
76.613 311 -1723073393
76.640 316 -1723073393
76.667 318 -1723073393
76.693 323 -1723073393
76.720 333 -1723073393
76.747 337 -1723073393
76.773 340 -1723073393
76.800 352 -1723073393
76.827 361 -1723073393
76.853 368 -1723073393
76.880 381 -1723073393
76.907 393 -1723073393
76.933 395 -1723073393
76.960 399 -1723073393
76.987 402 -1723073393
77.013 397 -1723073393
77.040 390 -1723073393
77.067 390 -1723073393
77.093 383 -1723073393
77.120 373 -1723073393
77.147 369 -1723073393
77.173 362 -1723073393
77.200 352 -1723073393
77.227 345 -1723073393
77.253 339 -1723073393
77.280 326 -1723073393
77.307 313 -1723073393
77.333 308 -1723073393
77.360 301 -1723073393
77.387 290 -1723073393
77.413 287 -1723073393
77.440 286 -1723073393
77.467 280 -1723073393
77.493 278 -1723073393
77.520 278 -1723073393
77.547 269 -1723073393
77.573 257 -1723073393
77.600 250 -1723073393
77.627 241 -1723073393
77.653 236 -1723073393
77.680 246 -1723073393
77.707 259 -1723073393
77.733 260 -1723073393
77.760 263 -1723073393
77.787 268 -1723073393
77.813 262 -1723073393
77.840 258 -1723073393
77.867 263 -1723073393
77.893 264 -1723073393
77.920 263 -1723073393
77.947 266 -1723073393
77.973 262 -1723073393
78.000 249 -1723073393
78.027 239 -1723073393
78.053 230 -1723073393
78.080 215 -1723073393
78.107 204 -1723073393
78.133 199 -1723073393
78.160 187 -1723073393
78.187 175 -1723073393
78.213 173 -1723073393
78.240 169 -1723073393
78.267 158 -1723073393
78.293 155 -1723073393
78.320 154 -1723073393
78.347 144 -1723073393
78.373 139 -1723073393
78.400 144 -1723073393
78.427 142 -1723073393
78.453 142 -1723073393
78.480 155 -1723073393
78.507 167 -1723073393
78.533 170 -1723073393
78.560 180 -1723073393
78.587 193 -1723073393
78.613 195 -1723073393
78.640 205 -1723073393
78.667 223 -1723073393
78.693 230 -1723073393
78.720 235 -1723073393
78.747 248 -1723073393
78.773 257 -1723073393
78.800 264 -1723073393
78.827 281 -1723073393
78.853 294 -1723073393
78.880 294 -1723073393
78.907 296 -1723073393
78.933 299 -1723073393
78.960 295 -1723073393
78.987 292 -1723073393
79.013 291 -1723073393
79.040 284 -1723073393
79.067 269 -1723073393
79.093 256 -1723073393
79.120 238 -1723073393
79.147 218 -1723073393
79.173 200 -1723073393
79.200 181 -1723073393
79.227 159 -1723073393
79.253 145 -1723073393
79.280 137 -1723073393
79.307 124 -1723073393
79.333 116 -1723073393
79.360 116 -1723073393
79.387 111 -1723073393
79.413 107 -1723073393
79.440 115 -1723073393
79.467 122 -1723073393
79.493 124 -1723073393
79.520 138 -1723073393
79.547 158 -1723073393
79.573 170 -1723073393
79.600 186 -1723073393
79.627 206 -1723073393
79.653 216 -1723073393
79.680 224 -1723073393
79.707 241 -1723073393
79.733 254 -1723073393
79.760 262 -1723073393
79.787 272 -1723073393
79.813 280 -1723073393
79.840 279 -1723073393
79.867 282 -1723073393
79.893 285 -1723073393
79.920 283 -1723073393
79.947 284 -1723073393
79.973 286 -1723073393
80.000 277 -1723073393
80.027 265 -1723073393
80.053 256 -1723073393
80.080 241 -1723073393
80.107 226 -1723073393
80.133 219 -1723073393
80.160 215 -1723073393
80.187 216 -1723073393
80.213 232 -1723073393
80.240 248 -1723073393
80.267 253 -1723073393
80.293 263 -1723073393
80.320 277 -1723073393
80.347 288 -1723073393
80.373 302 -1723073393
80.400 321 -1723073393
80.427 332 -1723073393
80.453 338 -1723073393
80.480 346 -1723073393
80.507 348 -1723073393
80.533 344 -1723073393
80.560 343 -1723073393
80.587 341 -1723073393
80.613 333 -1723073393
80.640 326 -1723073393
80.667 321 -1723073393
80.693 312 -1723073393
80.720 297 -1723073393
80.747 280 -1723073393
80.773 258 -1723073393
80.800 237 -1723073393
80.827 221 -1723073393
80.853 200 -1723073393
80.880 176 -1723073393
80.907 161 -1723073393
80.933 148 -1723073393
80.960 135 -1723073393
80.987 130 -1723073393
81.013 131 -1723073393
81.040 126 -1723073393
81.067 122 -1723073393
81.093 129 -1723073393
81.120 133 -1723073393
81.147 133 -1723073393
81.173 141 -1723073393
81.200 148 -1723073393
81.227 149 -1723073393
81.253 161 -1723073393
81.280 179 -1723073393
81.307 192 -1723073393
81.333 211 -1723073393
81.360 234 -1723073393
81.387 251 -1723073393
81.413 266 -1723073393
81.440 285 -1723073393
81.467 297 -1723073393
81.493 304 -1723073393
81.520 310 -1723073393
81.547 311 -1723073393
81.573 314 -1723073393
81.600 321 -1723073393
81.627 322 -1723073393
81.653 317 -1723073393
81.680 318 -1723073393
81.707 318 -1723073393
81.733 310 -1723073393
81.760 306 -1723073393
81.787 305 -1723073393
81.813 298 -1723073393
81.840 293 -1723073393
81.867 293 -1723073393
81.893 286 -1723073393
81.920 278 -1723073393
81.947 277 -1723073393
81.973 274 -1723073393
82.000 269 -1723073393
82.027 272 -1723073393
82.053 276 -1723073393
82.080 274 -1723073393
82.107 278 -1723073393
82.133 284 -1723073393
82.160 287 -1723073393
82.187 294 -1723073393
82.213 304 -1723073393
82.240 308 -1723073393
82.267 313 -1723073393
82.293 323 -1723073393
82.320 326 -1723073393
82.347 327 -1723073393
82.373 336 -1723073393
82.400 344 -1723073393
82.427 344 -1723073393
82.453 342 -1723073393
82.480 339 -1723073393
82.507 335 -1723073393
82.533 332 -1723073393
82.560 328 -1723073393
82.587 318 -1723073393
82.613 307 -1723073393
82.640 295 -1723073393
82.667 278 -1723073393
82.693 264 -1723073393
82.720 257 -1723073393
82.747 243 -1723073393
82.773 228 -1723073393
82.800 220 -1723073393
82.827 209 -1723073393
82.853 195 -1723073393
82.880 189 -1723073393
82.907 186 -1723073393
82.933 177 -1723073393
82.960 174 -1723073393
82.987 177 -1723073393
83.013 173 -1723073393
83.040 177 -1723073393
83.067 188 -1723073393
83.093 189 -1723073393
83.120 193 -1723073393
83.147 208 -1723073393
83.173 218 -1723073393
83.200 222 -1723073393
83.227 236 -1723073393
83.253 241 -1723073393
83.280 239 -1723073393
83.307 241 -1723073393
83.333 241 -1723073393
83.360 233 -1723073393
83.387 233 -1723073393
83.413 231 -1723073393
83.440 219 -1723073393
83.467 210 -1723073393
83.493 204 -1723073393
83.520 191 -1723073393
83.547 190 -1723073393
83.573 194 -1723073393
83.600 188 -1723073393
83.627 186 -1723073393
83.653 194 -1723073393
83.680 192 -1723073393
83.707 192 -1723073393
83.733 206 -1723073393
83.760 216 -1723073393
83.787 224 -1723073393
83.813 240 -1723073393
83.840 249 -1723073393
83.867 251 -1723073393
83.893 261 -1723073393
83.920 271 -1723073393
83.947 276 -1723073393
83.973 287 -1723073393
84.000 297 -1723073393
84.027 302 -1723073393
84.053 313 -1723073393
84.080 321 -1723073393
84.107 316 -1723073393
84.133 315 -1723073393
84.160 316 -1723073393
84.187 314 -1723073393
84.213 319 -1723073393
84.240 327 -1723073393
84.267 324 -1723073393
84.293 317 -1723073393
84.320 310 -1723073393
84.347 294 -1723073393
84.373 279 -1723073393
84.400 271 -1723073393
84.427 261 -1723073393
84.453 252 -1723073393
84.480 249 -1723073393
84.507 237 -1723073393
84.533 222 -1723073393
84.560 216 -1723073393
84.587 210 -1723073393
84.613 200 -1723073393
84.640 199 -1723073393
84.667 200 -1723073393
84.693 192 -1723073393
84.720 193 -1723073393
84.747 202 -1723073393
84.773 200 -1723073393
84.800 199 -1723073393
84.827 203 -1723073393
84.853 201 -1723073393
84.880 202 -1723073393
84.907 207 -1723073393
84.933 202 -1723073393
84.960 201 -1723073393
84.987 210 -1723073393
85.013 206 -1723073393
85.040 201 -1723073393
85.067 206 -1723073393
85.093 206 -1723073393
85.120 202 -1723073393
85.147 206 -1723073393
85.173 208 -1723073393
85.200 207 -1723073393
85.227 214 -1723073393
85.253 219 -1723073393
85.280 220 -1723073393
85.307 232 -1723073393
85.333 243 -1723073393
85.360 248 -1723073393
85.387 263 -1723073393
85.413 272 -1723073393
85.440 271 -1723073393
85.467 279 -1723073393
85.493 286 -1723073393
85.520 289 -1723073393
85.547 297 -1723073393
85.573 305 -1723073393
85.600 301 -1723073393
85.627 300 -1723073393
85.653 292 -1723073393
85.680 280 -1723073393
85.707 278 -1723073393
85.733 275 -1723073393
85.760 265 -1723073393
85.787 257 -1723073393
85.813 252 -1723073393
85.840 246 -1723073393
85.867 246 -1723073393
85.893 246 -1723073393
85.920 240 -1723073393
85.947 236 -1723073393
85.973 238 -1723073393
86.000 236 -1723073393
86.027 232 -1723073393
86.053 236 -1723073393
86.080 235 -1723073393
86.107 228 -1723073393
86.133 230 -1723073393
86.160 232 -1723073393
86.187 229 -1723073393
86.213 232 -1723073393
86.240 232 -1723073393
86.267 226 -1723073393
86.293 224 -1723073393
86.320 220 -1723073393
86.347 213 -1723073393
86.373 213 -1723073393
86.400 209 -1723073393
86.427 199 -1723073393
86.453 198 -1723073393
86.480 204 -1723073393
86.507 203 -1723073393
86.533 205 -1723073393
86.560 208 -1723073393
86.587 208 -1723073393
86.613 214 -1723073393
86.640 224 -1723073393
86.667 227 -1723073393
86.693 236 -1723073393
86.720 248 -1723073393
86.747 246 -1723073393
86.773 248 -1723073393
86.800 256 -1723073393
86.827 253 -1723073393
86.853 250 -1723073393
86.880 255 -1723073393
86.907 252 -1723073393
86.933 253 -1723073393
86.960 260 -1723073393
86.987 260 -1723073393
87.013 263 -1723073393
87.040 265 -1723073393
87.067 256 -1723073393
87.093 249 -1723073393
87.120 251 -1723073393
87.147 248 -1723073393
87.173 253 -1723073393
87.200 261 -1723073393
87.227 254 -1723073393
87.253 247 -1723073393
87.280 247 -1723073393
87.307 242 -1723073393
87.333 243 -1723073393
87.360 250 -1723073393
87.387 245 -1723073393
87.413 239 -1723073393
87.440 247 -1723073393
87.467 252 -1723073393
87.493 254 -1723073393
87.520 263 -1723073393
87.547 264 -1723073393
87.573 264 -1723073393
87.600 273 -1723073393
87.627 273 -1723073393
87.653 269 -1723073393
87.680 269 -1723073393
87.707 262 -1723073393
87.733 258 -1723073393
87.760 261 -1723073393
87.787 255 -1723073393
87.813 243 -1723073393
87.840 240 -1723073393
87.867 235 -1723073393
87.893 230 -1723073393
87.920 231 -1723073393
87.947 224 -1723073393
87.973 220 -1723073393
88.000 225 -1723073393
88.027 220 -1723073393
88.053 215 -1723073393
88.080 220 -1723073393
88.107 221 -1723073393
88.133 219 -1723073393
88.160 220 -1723073393
88.187 213 -1723073393
88.213 206 -1723073393
88.240 207 -1723073393
88.267 198 -1723073393
88.293 186 -1723073393
88.320 176 -1723073393
88.347 158 -1723073393
88.373 146 -1723073393
88.400 147 -1723073393
88.427 137 -1723073393
88.453 125 -1723073393
88.480 124 -1723073393
88.507 120 -1723073393
88.533 117 -1723073393
88.560 128 -1723073393
88.587 132 -1723073393
88.613 135 -1723073393
88.640 149 -1723073393
88.667 151 -1723073393
88.693 152 -1723073393
88.720 163 -1723073393
88.747 163 -1723073393
88.773 161 -1723073393
88.800 167 -1723073393
88.827 160 -1723073393
88.853 152 -1723073393
88.880 157 -1723073393
88.907 155 -1723073393
88.933 158 -1723073393
88.960 167 -1723073393
88.987 160 -1723073393
89.013 155 -1723073393
89.040 156 -1723073393
89.067 148 -1723073393
89.093 151 -1723073393
89.120 165 -1723073393
89.147 166 -1723073393
89.173 166 -1723073393
89.200 176 -1723073393
89.227 174 -1723073393
89.253 175 -1723073393
89.280 180 -1723073393
89.307 173 -1723073393
89.333 173 -1723073393
89.360 181 -1723073393
89.387 175 -1723073393
89.413 176 -1723073393
89.440 182 -1723073393
89.467 176 -1723073393
89.493 173 -1723073393
89.520 174 -1723073393
89.547 168 -1723073393
89.573 174 -1723073393
89.600 181 -1723073393
89.627 180 -1723073393
89.653 195 -1723073393
89.680 208 -1723073393
89.707 209 -1723073393
89.733 219 -1723073393
89.760 230 -1723073393
89.787 234 -1723073393
89.813 242 -1723073393
89.840 245 -1723073393
89.867 241 -1723073393
89.893 246 -1723073393
89.920 241 -1723073393
89.947 232 -1723073393
89.973 227 -1723073393
90.000 215 -1723073393
90.027 198 -1723073393
90.053 181 -1723073393
90.080 159 -1723073393
90.107 142 -1723073393
90.133 140 -1723073393
90.160 135 -1723073393
90.187 134 -1723073393
90.213 139 -1723073393
90.240 135 -1723073393
90.267 137 -1723073393
90.293 147 -1723073393
90.320 150 -1723073393
90.347 159 -1723073393
90.373 173 -1723073393
90.400 178 -1723073393
90.427 193 -1723073393
90.453 211 -1723073393
90.480 223 -1723073393
90.507 244 -1723073393
90.533 261 -1723073393
90.560 268 -1723073393
90.587 283 -1723073393
90.613 291 -1723073393
90.640 293 -1723073393
90.667 301 -1723073393
90.693 304 -1723073393
90.720 308 -1723073393
90.747 318 -1723073393
90.773 323 -1723073393
90.800 331 -1723073393
90.827 341 -1723073393
90.853 341 -1723073393
90.880 338 -1723073393
90.907 341 -1723073393
90.933 342 -1723073393
90.960 342 -1723073393
90.987 342 -1723073393
91.013 339 -1723073393
91.040 340 -1723073393
91.067 344 -1723073393
91.093 341 -1723073393
91.120 339 -1723073393
91.147 337 -1723073393
91.173 332 -1723073393
91.200 329 -1723073393
91.227 323 -1723073393
91.253 320 -1723073393
91.280 325 -1723073393
91.307 324 -1723073393
91.333 324 -1723073393
91.360 324 -1723073393
91.387 317 -1723073393
91.413 317 -1723073393
91.440 319 -1723073393
91.467 317 -1723073393
91.493 323 -1723073393
91.520 332 -1723073393
91.547 336 -1723073393
91.573 348 -1723073393
91.600 353 -1723073393
91.627 350 -1723073393
91.653 354 -1723073393
91.680 352 -1723073393
91.707 353 -1723073393
91.733 362 -1723073393
91.760 362 -1723073393
91.787 359 -1723073393
91.813 355 -1723073393
91.840 342 -1723073393
91.867 334 -1723073393
91.893 331 -1723073393
91.920 323 -1723073393
91.947 318 -1723073393
91.973 308 -1723073393
92.000 295 -1723073393
92.027 290 -1723073393
92.053 282 -1723073393
92.080 276 -1723073393
92.107 272 -1723073393
92.133 261 -1723073393
92.160 264 -1723073393
92.187 271 -1723073393
92.213 264 -1723073393
92.240 274 -1723073393
92.267 288 -1723073393
92.293 295 -1723073393
92.320 315 -1723073393
92.347 326 -1723073393
92.373 338 -1723073393
92.400 360 -1723073393
92.427 371 -1723073393
92.453 379 -1723073393
92.480 384 -1723073393
92.507 376 -1723073393
92.533 378 -1723073393
92.560 381 -1723073393
92.587 375 -1723073393
92.613 371 -1723073393
92.640 366 -1723073393
92.667 361 -1723073393
92.693 365 -1723073393
92.720 358 -1723073393
92.747 347 -1723073393
92.773 342 -1723073393
92.800 331 -1723073393
92.827 325 -1723073393
92.853 321 -1723073393
92.880 318 -1723073393
92.907 329 -1723073393
92.933 336 -1723073393
92.960 335 -1723073393
92.987 339 -1723073393
93.013 344 -1723073393
93.040 357 -1723073393
93.067 364 -1723073393
93.093 362 -1723073393
93.120 366 -1723073393
93.147 368 -1723073393
93.173 371 -1723073393
93.200 380 -1723073393
93.227 381 -1723073393
93.253 381 -1723073393
93.280 385 -1723073393
93.307 383 -1723073393
93.333 388 -1723073393
93.360 392 -1723073393
93.387 390 -1723073393
93.413 398 -1723073393
93.440 400 -1723073393
93.467 400 -1723073393
93.493 405 -1723073393
93.520 402 -1723073393
93.547 407 -1723073393
93.573 408 -1723073393
93.600 403 -1723073393
93.627 400 -1723073393
93.653 385 -1723073393
93.680 364 -1723073393
93.707 349 -1723073393
93.733 338 -1723073393
93.760 334 -1723073393
93.787 326 -1723073393
93.813 313 -1723073393
93.840 308 -1723073393
93.867 301 -1723073393
93.893 298 -1723073393
93.920 306 -1723073393
93.947 303 -1723073393
93.973 307 -1723073393
94.000 316 -1723073393
94.027 312 -1723073393
94.053 315 -1723073393
94.080 315 -1723073393
94.107 321 -1723073393
94.133 332 -1723073393
94.160 336 -1723073393
94.187 345 -1723073393
94.213 352 -1723073393
94.240 353 -1723073393
94.267 357 -1723073393
94.293 355 -1723073393
94.320 355 -1723073393
94.347 358 -1723073393
94.373 353 -1723073393
94.400 350 -1723073393
94.427 346 -1723073393
94.453 342 -1723073393
94.480 346 -1723073393
94.507 343 -1723073393
94.533 343 -1723073393
94.560 345 -1723073393
94.587 344 -1723073393
94.613 346 -1723073393
94.640 344 -1723073393
94.667 342 -1723073393
94.693 343 -1723073393
94.720 339 -1723073393
94.747 341 -1723073393
94.773 338 -1723073393
94.800 331 -1723073393
94.827 332 -1723073393
94.853 325 -1723073393
94.880 325 -1723073393
94.907 325 -1723073393
94.933 318 -1723073393
94.960 324 -1723073393
94.987 324 -1723073393
95.013 325 -1723073393
95.040 325 -1723073393
95.067 317 -1723073393
95.093 315 -1723073393
95.120 309 -1723073393
95.147 308 -1723073393
95.173 312 -1723073393
95.200 303 -1723073393
95.227 298 -1723073393
95.253 292 -1723073393
95.280 277 -1723073393
95.307 273 -1723073393
95.333 261 -1723073393
95.360 252 -1723073393
95.387 241 -1723073393
95.413 222 -1723073393
95.440 210 -1723073393
95.467 185 -1723073393
95.493 167 -1723073393
95.520 155 -1723073393
95.547 140 -1723073393
95.573 143 -1723073393
95.600 143 -1723073393
95.627 145 -1723073393
95.653 146 -1723073393
95.680 138 -1723073393
95.707 147 -1723073393
95.733 146 -1723073393
95.760 151 -1723073393
95.787 165 -1723073393
95.813 161 -1723073393
95.840 170 -1723073393
95.867 167 -1723073393
95.893 169 -1723073393
95.920 187 -1723073393
95.947 192 -1723073393
95.973 205 -1723073393
96.000 208 -1723073393
96.027 213 -1723073393
96.053 224 -1723073393
96.080 212 -1723073393
96.107 214 -1723073393
96.133 211 -1723073393
96.160 205 -1723073393
96.187 202 -1723073393
96.213 195 -1723073393
96.240 200 -1723073393
96.267 190 -1723073393
96.293 187 -1723073393
96.320 184 -1723073393
96.347 171 -1723073393
96.373 169 -1723073393
96.400 156 -1723073393
96.427 155 -1723073393
96.453 155 -1723073393
96.480 151 -1723073393
96.507 154 -1723073393
96.533 145 -1723073393
96.560 150 -1723073393
96.587 152 -1723073393
96.613 151 -1723073393
96.640 156 -1723073393
96.667 151 -1723073393
96.693 161 -1723073393
96.720 160 -1723073393
96.747 166 -1723073393
96.773 177 -1723073393
96.800 174 -1723073393
96.827 178 -1723073393
96.853 163 -1723073393
96.880 161 -1723073393
96.907 154 -1723073393
96.933 149 -1723073393
96.960 145 -1723073393
96.987 124 -1723073393
97.013 125 -1723073393
97.040 114 -1723073393
97.067 112 -1723073393
97.093 103 -1723073393
97.120 85 -1723073393
97.147 81 -1723073393
97.173 65 -1723073393
97.200 65 -1723073393
97.227 53 -1723073393
97.253 46 -1723073393
97.280 51 -1723073393
97.307 44 -1723073393
97.333 52 -1723073393
97.360 47 -1723073393
97.387 60 -1723073393
97.413 64 -1723073393
97.440 67 -1723073393
97.467 75 -1723073393
97.493 70 -1723073393
97.520 88 -1723073393
97.547 89 -1723073393
97.573 103 -1723073393
97.600 108 -1723073393
97.627 107 -1723073393
97.653 114 -1723073393
97.680 109 -1723073393
97.707 121 -1723073393
97.733 115 -1723073393
97.760 113 -1723073393
97.787 105 -1723073393
97.813 103 -1723073393
97.840 101 -1723073393
97.867 91 -1723073393
97.893 96 -1723073393
97.920 88 -1723073393
97.947 95 -1723073393
97.973 81 -1723073393
98.000 79 -1723073393
98.027 68 -1723073393
98.053 64 -1723073393
98.080 69 -1723073393
98.107 61 -1723073393
98.133 67 -1723073393
98.160 56 -1723073393
98.187 62 -1723073393
98.213 51 -1723073393
98.240 54 -1723073393
98.267 55 -1723073393
98.293 52 -1723073393
98.320 57 -1723073393
98.347 44 -1723073393
98.373 47 -1723073393
98.400 34 -1723073393
98.427 45 -1723073393
98.453 34 -1723073393
98.480 41 -1723073393
98.507 30 -1723073393
98.533 30 -1723073393
98.560 30 -1723073393
98.587 30 -1723073393
98.613 41 -1723073393
98.640 40 -1723073393
98.667 56 -1723073393
98.693 50 -1723073393
98.720 64 -1723073393
98.747 45 -1723073393
98.773 49 -1723073393
98.800 46 -1723073393
98.827 43 -1723073393
98.853 36 -1723073393
98.880 32 -1723073393
98.907 31 -1723073393
98.933 21 -1723073393
98.960 19 -1723073393
98.987 3 -1723073393
99.013 6 -1723073393
99.040 -13 -1723073393
99.067 -9 -1723073393
99.093 -22 -1723073393
99.120 -20 -1723073393
99.147 -44 -1723073393
99.173 -44 -1723073393
99.200 -53 -1723073393
99.227 -53 -1723073393
99.253 -54 -1723073393
99.280 -51 -1723073393
99.307 -47 -1723073393
99.333 -44 -1723073393
99.360 -46 -1723073393
99.387 -53 -1723073393
99.413 -48 -1723073393
99.440 -44 -1723073393
99.467 -27 -1723073393
99.493 -31 -1723073393
99.520 -14 -1723073393
99.547 -13 -1723073393
99.573 2 -1723073393
99.600 3 -1723073393
99.627 17 -1723073393
99.653 7 -1723073393
99.680 18 -1723073393
99.707 15 -1723073393
99.733 32 -1723073393
99.760 37 -1723073393
99.787 54 -1723073393
99.813 57 -1723073393
99.840 74 -1723073393
99.867 73 -1723073393
99.893 90 -1723073393
99.920 84 -1723073393
99.947 97 -1723073393
99.973 85 -1723073393
100.000 0 -1723073393
