0.000 12 -1723073393
0.027 12 -1723073393
0.053 18 -1723073393
0.080 19 -1723073393
0.107 20 -1723073393
0.133 18 -1723073393
0.160 16 -1723073393
0.187 22 -1723073393
0.213 22 -1723073393
0.240 21 -1723073393
0.267 20 -1723073393
0.293 14 -1723073393
0.320 17 -1723073393
0.347 18 -1723073393
0.373 12 -1723073393
0.400 8 -1723073393
0.427 4 -1723073393
0.453 7 -1723073393
0.480 11 -1723073393
0.507 8 -1723073393
0.533 6 -1723073393
0.560 4 -1723073393
0.587 4 -1723073393
0.613 11 -1723073393
0.640 12 -1723073393
0.667 11 -1723073393
0.693 14 -1723073393
0.720 13 -1723073393
0.747 11 -1723073393
0.773 12 -1723073393
0.800 10 -1723073393
0.827 8 -1723073393
0.853 2 -1723073393
0.880 0 -1723073393
0.907 2 -1723073393
0.933 3 -1723073393
0.960 5 -1723073393
0.987 10 -1723073393
1.013 9 -1723073393
1.040 14 -1723073393
1.067 13 -1723073393
1.093 6 -1723073393
1.120 5 -1723073393
1.147 0 -1723073393
1.173 2 -1723073393
1.200 9 -1723073393
1.227 6 -1723073393
1.253 6 -1723073393
1.280 2 -1723073393
1.307 -5 -1723073393
1.333 0 -1723073393
1.360 6 -1723073393
1.387 14 -1723073393
1.413 21 -1723073393
1.440 18 -1723073393
1.467 10 -1723073393
1.493 0 -1723073393
1.520 -11 -1723073393
1.547 -13 -1723073393
1.573 -14 -1723073393
1.600 -12 -1723073393
1.627 -2 -1723073393
1.653 -2 -1723073393
1.680 -2 -1723073393
1.707 2 -1723073393
1.733 -3 -1723073393
1.760 -5 -1723073393
1.787 -5 -1723073393
1.813 -10 -1723073393
1.840 -14 -1723073393
1.867 -18 -1723073393
1.893 -18 -1723073393
1.920 -11 -1723073393
1.947 -12 -1723073393
1.973 -13 -1723073393
2.000 -12 -1723073393
2.027 -22 -1723073393
2.053 -23 -1723073393
2.080 -26 -1723073393
2.107 -28 -1723073393
2.133 -23 -1723073393
2.160 -25 -1723073393
2.187 -23 -1723073393
2.213 -21 -1723073393
2.240 -30 -1723073393
2.267 -26 -1723073393
2.293 -22 -1723073393
2.320 -26 -1723073393
2.347 -20 -1723073393
2.373 -14 -1723073393
2.400 -14 -1723073393
2.427 -10 -1723073393
2.453 -9 -1723073393
2.480 -8 -1723073393
2.507 -8 -1723073393
2.533 -12 -1723073393
2.560 -12 -1723073393
2.587 -16 -1723073393
2.613 -21 -1723073393
2.640 -15 -1723073393
2.667 -12 -1723073393
2.693 -7 -1723073393
2.720 -4 -1723073393
2.747 -14 -1723073393
2.773 -18 -1723073393
2.800 -25 -1723073393
2.827 -33 -1723073393
2.853 -25 -1723073393
2.880 -24 -1723073393
2.907 -20 -1723073393
2.933 -12 -1723073393
2.960 -16 -1723073393
2.987 -15 -1723073393
3.013 -18 -1723073393
3.040 -23 -1723073393
3.067 -16 -1723073393
3.093 -15 -1723073393
3.120 -16 -1723073393
3.147 -11 -1723073393
3.173 -14 -1723073393
3.200 -13 -1723073393
3.227 -14 -1723073393
3.253 -20 -1723073393
3.280 -15 -1723073393
3.307 -16 -1723073393
3.333 -20 -1723073393
3.360 -20 -1723073393
3.387 -23 -1723073393
3.413 -19 -1723073393
3.440 -17 -1723073393
3.467 -22 -1723073393
3.493 -20 -1723073393
3.520 -18 -1723073393
3.547 -25 -1723073393
3.573 -23 -1723073393
3.600 -24 -1723073393
3.627 -31 -1723073393
3.653 -27 -1723073393
3.680 -28 -1723073393
3.707 -22 -1723073393
3.733 -15 -1723073393
3.760 -24 -1723073393
3.787 -23 -1723073393
3.813 -23 -1723073393
3.840 -30 -1723073393
3.867 -29 -1723073393
3.893 -36 -1723073393
3.920 -40 -1723073393
3.947 -40 -1723073393
3.973 -42 -1723073393
4.000 -34 -1723073393
4.027 -31 -1723073393
4.053 -30 -1723073393
4.080 -21 -1723073393
4.107 -22 -1723073393
4.133 -27 -1723073393
4.160 -29 -1723073393
4.187 -33 -1723073393
4.213 -25 -1723073393
4.240 -18 -1723073393
4.267 -16 -1723073393
4.293 -9 -1723073393
4.320 -10 -1723073393
4.347 -11 -1723073393
4.373 -4 -1723073393
4.400 -9 -1723073393
4.427 -7 -1723073393
4.453 -5 -1723073393
4.480 -15 -1723073393
4.507 -18 -1723073393
4.533 -19 -1723073393
4.560 -23 -1723073393
4.587 -18 -1723073393
4.613 -25 -1723073393
4.640 -29 -1723073393
4.667 -28 -1723073393
4.693 -33 -1723073393
4.720 -26 -1723073393
4.747 -22 -1723073393
4.773 -26 -1723073393
4.800 -23 -1723073393
4.827 -27 -1723073393
4.853 -28 -1723073393
4.880 -18 -1723073393
4.907 -19 -1723073393
4.933 -19 -1723073393
4.960 -12 -1723073393
4.987 -12 -1723073393
5.013 -9 -1723073393
5.040 -10 -1723073393
5.067 -21 -1723073393
5.093 -21 -1723073393
5.120 -20 -1723073393
5.147 -14 -1723073393
5.173 -5 -1723073393
5.200 -4 -1723073393
5.227 2 -1723073393
5.253 6 -1723073393
5.280 0 -1723073393
5.307 -4 -1723073393
5.333 -8 -1723073393
5.360 -12 -1723073393
5.387 -9 -1723073393
5.413 -10 -1723073393
5.440 -12 -1723073393
5.467 -11 -1723073393
5.493 -14 -1723073393
5.520 -15 -1723073393
5.547 -15 -1723073393
5.573 -20 -1723073393
5.600 -13 -1723073393
5.627 -14 -1723073393
5.653 -20 -1723073393
5.680 -16 -1723073393
5.707 -17 -1723073393
5.733 -16 -1723073393
5.760 -8 -1723073393
5.787 -9 -1723073393
5.813 -6 -1723073393
5.840 -2 -1723073393
5.867 -7 -1723073393
5.893 -4 -1723073393
5.920 1 -1723073393
5.947 0 -1723073393
5.973 3 -1723073393
6.000 -2 -1723073393
6.027 -11 -1723073393
6.053 -14 -1723073393
6.080 -25 -1723073393
6.107 -27 -1723073393
6.133 -26 -1723073393
6.160 -30 -1723073393
6.187 -25 -1723073393
6.213 -20 -1723073393
6.240 -21 -1723073393
6.267 -19 -1723073393
6.293 -27 -1723073393
6.320 -33 -1723073393
6.347 -29 -1723073393
6.373 -28 -1723073393
6.400 -23 -1723073393
6.427 -20 -1723073393
6.453 -21 -1723073393
6.480 -18 -1723073393
6.507 -19 -1723073393
6.533 -19 -1723073393
6.560 -10 -1723073393
6.587 -11 -1723073393
6.613 -9 -1723073393
6.640 -5 -1723073393
6.667 -13 -1723073393
6.693 -14 -1723073393
6.720 -12 -1723073393
6.747 -18 -1723073393
6.773 -19 -1723073393
6.800 -22 -1723073393
6.827 -27 -1723073393
6.853 -25 -1723073393
6.880 -23 -1723073393
6.907 -19 -1723073393
6.933 -15 -1723073393
6.960 -18 -1723073393
6.987 -16 -1723073393
7.013 -13 -1723073393
7.040 -23 -1723073393
7.067 -26 -1723073393
7.093 -28 -1723073393
7.120 -33 -1723073393
7.147 -32 -1723073393
7.173 -32 -1723073393
7.200 -32 -1723073393
7.227 -30 -1723073393
7.253 -33 -1723073393
7.280 -31 -1723073393
7.307 -30 -1723073393
7.333 -27 -1723073393
7.360 -21 -1723073393
7.387 -26 -1723073393
7.413 -34 -1723073393
7.440 -37 -1723073393
7.467 -48 -1723073393
7.493 -50 -1723073393
7.520 -46 -1723073393
7.547 -45 -1723073393
7.573 -38 -1723073393
7.600 -33 -1723073393
7.627 -31 -1723073393
7.653 -22 -1723073393
7.680 -20 -1723073393
7.707 -22 -1723073393
7.733 -21 -1723073393
7.760 -30 -1723073393
7.787 -37 -1723073393
7.813 -35 -1723073393
7.840 -41 -1723073393
7.867 -41 -1723073393
7.893 -42 -1723073393
7.920 -46 -1723073393
7.947 -37 -1723073393
7.973 -34 -1723073393
8.000 -39 -1723073393
8.027 -35 -1723073393
8.053 -38 -1723073393
8.080 -34 -1723073393
8.107 -26 -1723073393
8.133 -28 -1723073393
8.160 -24 -1723073393
8.187 -26 -1723073393
8.213 -33 -1723073393
8.240 -25 -1723073393
8.267 -26 -1723073393
8.293 -26 -1723073393
8.320 -17 -1723073393
8.347 -25 -1723073393
8.373 -29 -1723073393
8.400 -28 -1723073393
8.427 -38 -1723073393
8.453 -28 -1723073393
8.480 -17 -1723073393
8.507 -14 -1723073393
8.533 -2 -1723073393
8.560 2 -1723073393
8.587 3 -1723073393
8.613 11 -1723073393
8.640 8 -1723073393
8.667 4 -1723073393
8.693 5 -1723073393
8.720 -1 -1723073393
8.747 -1 -1723073393
8.773 0 -1723073393
8.800 -1 -1723073393
8.827 10 -1723073393
8.853 13 -1723073393
8.880 3 -1723073393
8.907 0 -1723073393
8.933 -11 -1723073393
8.960 -16 -1723073393
8.987 -9 -1723073393
9.013 -16 -1723073393
9.040 -15 -1723073393
9.067 -14 -1723073393
9.093 -23 -1723073393
9.120 -21 -1723073393
9.147 -21 -1723073393
9.173 -28 -1723073393
9.200 -21 -1723073393
9.227 -23 -1723073393
9.253 -31 -1723073393
9.280 -28 -1723073393
9.307 -32 -1723073393
9.333 -35 -1723073393
9.360 -31 -1723073393
9.387 -43 -1723073393
9.413 -51 -1723073393
9.440 -53 -1723073393
9.467 -61 -1723073393
9.493 -58 -1723073393
9.520 -55 -1723073393
9.547 -54 -1723073393
9.573 -45 -1723073393
9.600 -52 -1723073393
9.627 -60 -1723073393
9.653 -60 -1723073393
9.680 -66 -1723073393
9.707 -66 -1723073393
9.733 -62 -1723073393
9.760 -66 -1723073393
9.787 -61 -1723073393
9.813 -60 -1723073393
9.840 -66 -1723073393
9.867 -61 -1723073393
9.893 -62 -1723073393
9.920 -63 -1723073393
9.947 -57 -1723073393
9.973 -63 -1723073393
10.000 -63 -1723073393
10.027 -53 -1723073393
10.053 -50 -1723073393
10.080 -43 -1723073393
10.107 -31 -1723073393
10.133 -32 -1723073393
10.160 -28 -1723073393
10.187 -22 -1723073393
10.213 -23 -1723073393
10.240 -11 -1723073393
10.267 -8 -1723073393
10.293 -10 -1723073393
10.320 0 -1723073393
10.347 6 -1723073393
10.373 18 -1723073393
10.400 41 -1723073393
10.427 56 -1723073393
10.453 77 -1723073393
10.480 98 -1723073393
10.507 112 -1723073393
10.533 133 -1723073393
10.560 149 -1723073393
10.587 157 -1723073393
10.613 173 -1723073393
10.640 183 -1723073393
10.667 186 -1723073393
10.693 182 -1723073393
10.720 168 -1723073393
10.747 152 -1723073393
10.773 134 -1723073393
10.800 115 -1723073393
10.827 99 -1723073393
10.853 79 -1723073393
10.880 58 -1723073393
10.907 43 -1723073393
10.933 24 -1723073393
10.960 3 -1723073393
10.987 -10 -1723073393
11.013 -29 -1723073393
11.040 -46 -1723073393
11.067 -49 -1723073393
11.093 -60 -1723073393
11.120 -76 -1723073393
11.147 -82 -1723073393
11.173 -97 -1723073393
11.200 -103 -1723073393
11.227 -95 -1723073393
11.253 -91 -1723073393
11.280 -86 -1723073393
11.307 -86 -1723073393
11.333 -90 -1723073393
11.360 -87 -1723073393
11.387 -91 -1723073393
11.413 -96 -1723073393
11.440 -96 -1723073393
11.467 -101 -1723073393
11.493 -102 -1723073393
11.520 -95 -1723073393
11.547 -100 -1723073393
11.573 -105 -1723073393
11.600 -99 -1723073393
11.627 -98 -1723073393
11.653 -92 -1723073393
11.680 -86 -1723073393
11.707 -91 -1723073393
11.733 -86 -1723073393
11.760 -80 -1723073393
11.787 -77 -1723073393
11.813 -59 -1723073393
11.840 -47 -1723073393
11.867 -36 -1723073393
11.893 -10 -1723073393
11.920 10 -1723073393
11.947 29 -1723073393
11.973 49 -1723073393
12.000 59 -1723073393
12.027 73 -1723073393
12.053 94 -1723073393
12.080 109 -1723073393
12.107 123 -1723073393
12.133 136 -1723073393
12.160 148 -1723073393
12.187 165 -1723073393
12.213 182 -1723073393
12.240 202 -1723073393
12.267 220 -1723073393
12.293 233 -1723073393
12.320 249 -1723073393
12.347 263 -1723073393
12.373 266 -1723073393
12.400 269 -1723073393
12.427 277 -1723073393
12.453 282 -1723073393
12.480 286 -1723073393
12.507 285 -1723073393
12.533 279 -1723073393
12.560 270 -1723073393
12.587 258 -1723073393
12.613 244 -1723073393
12.640 221 -1723073393
12.667 190 -1723073393
12.693 160 -1723073393
12.720 132 -1723073393
12.747 100 -1723073393
12.773 66 -1723073393
12.800 32 -1723073393
12.827 -5 -1723073393
12.853 -42 -1723073393
12.880 -72 -1723073393
12.907 -98 -1723073393
12.933 -112 -1723073393
12.960 -121 -1723073393
12.987 -141 -1723073393
13.013 -155 -1723073393
13.040 -166 -1723073393
13.067 -179 -1723073393
13.093 -178 -1723073393
13.120 -181 -1723073393
13.147 -189 -1723073393
13.173 -184 -1723073393
13.200 -181 -1723073393
13.227 -184 -1723073393
13.253 -178 -1723073393
13.280 -178 -1723073393
13.307 -173 -1723073393
13.333 -161 -1723073393
13.360 -159 -1723073393
13.387 -150 -1723073393
13.413 -136 -1723073393
13.440 -127 -1723073393
13.467 -106 -1723073393
13.493 -82 -1723073393
13.520 -68 -1723073393
13.547 -46 -1723073393
13.573 -24 -1723073393
13.600 -11 -1723073393
13.627 9 -1723073393
13.653 27 -1723073393
13.680 40 -1723073393
13.707 61 -1723073393
13.733 75 -1723073393
13.760 77 -1723073393
13.787 83 -1723073393
13.813 80 -1723073393
13.840 75 -1723073393
13.867 69 -1723073393
13.893 57 -1723073393
13.920 42 -1723073393
13.947 20 -1723073393
13.973 -13 -1723073393
14.000 -46 -1723073393
14.027 -78 -1723073393
14.053 -121 -1723073393
14.080 -158 -1723073393
14.107 -198 -1723073393
14.133 -237 -1723073393
14.160 -262 -1723073393
14.187 -293 -1723073393
14.213 -321 -1723073393
14.240 -335 -1723073393
14.267 -359 -1723073393
14.293 -372 -1723073393
14.320 -369 -1723073393
14.347 -384 -1723073393
14.373 -384 -1723073393
14.400 -370 -1723073393
14.427 -372 -1723073393
14.453 -358 -1723073393
14.480 -341 -1723073393
14.507 -344 -1723073393
14.533 -336 -1723073393
14.560 -338 -1723073393
14.587 -355 -1723073393
14.613 -355 -1723073393
14.640 -363 -1723073393
14.667 -377 -1723073393
14.693 -376 -1723073393
14.720 -390 -1723073393
14.747 -409 -1723073393
14.773 -416 -1723073393
14.800 -435 -1723073393
14.827 -447 -1723073393
14.853 -445 -1723073393
14.880 -459 -1723073393
14.907 -460 -1723073393
14.933 -455 -1723073393
14.960 -464 -1723073393
14.987 -454 -1723073393
15.013 -448 -1723073393
15.040 -451 -1723073393
15.067 -429 -1723073393
15.093 -414 -1723073393
15.120 -409 -1723073393
15.147 -390 -1723073393
15.173 -384 -1723073393
15.200 -380 -1723073393
15.227 -363 -1723073393
15.253 -367 -1723073393
15.280 -376 -1723073393
15.307 -381 -1723073393
15.333 -403 -1723073393
15.360 -421 -1723073393
15.387 -432 -1723073393
15.413 -461 -1723073393
15.440 -481 -1723073393
15.467 -497 -1723073393
15.493 -528 -1723073393
15.520 -548 -1723073393
15.547 -567 -1723073393
15.573 -603 -1723073393
15.600 -621 -1723073393
15.627 -642 -1723073393
15.653 -680 -1723073393
15.680 -693 -1723073393
15.707 -716 -1723073393
15.733 -742 -1723073393
15.760 -741 -1723073393
15.787 -761 -1723073393
15.813 -779 -1723073393
15.840 -781 -1723073393
15.867 -811 -1723073393
15.893 -837 -1723073393
15.920 -849 -1723073393
15.947 -891 -1723073393
15.973 -918 -1723073393
16.000 -930 -1723073393
16.027 -971 -1723073393
16.053 -993 -1723073393
16.080 -1011 -1723073393
16.107 -1058 -1723073393
16.133 -1076 -1723073393
16.160 -1090 -1723073393
16.187 -1127 -1723073393
16.213 -1125 -1723073393
16.240 -1122 -1723073393
16.267 -1129 -1723073393
16.293 -1076 -1723073393
16.320 -1015 -1723073393
16.347 -940 -1723073393
16.373 -789 -1723073393
16.400 -629 -1723073393
16.427 -429 -1723073393
16.453 -140 -1723073393
16.480 165 -1723073393
16.507 531 -1723073393
16.533 992 -1723073393
16.560 1495 -1723073393
16.587 2063 -1723073393
16.613 2685 -1723073393
16.640 3340 -1723073393
16.667 3994 -1723073393
16.693 4641 -1723073393
16.720 5314 -1723073393
16.747 5867 -1723073393
16.773 6343 -1723073393
16.800 6799 -1723073393
16.827 6999 -1723073393
16.853 7092 -1723073393
16.880 7123 -1723073393
16.907 6804 -1723073393
16.933 6416 -1723073393
16.960 5974 -1723073393
16.987 5191 -1723073393
17.013 4452 -1723073393
17.040 3703 -1723073393
17.067 2738 -1723073393
17.093 1896 -1723073393
17.120 1089 -1723073393
17.147 243 -1723073393
17.173 -443 -1723073393
17.200 -1054 -1723073393
17.227 -1624 -1723073393
17.253 -2107 -1723073393
17.280 -2480 -1723073393
17.307 -2768 -1723073393
17.333 -3035 -1723073393
17.360 -3199 -1723073393
17.387 -3301 -1723073393
17.413 -3434 -1723073393
17.440 -3461 -1723073393
17.467 -3467 -1723073393
17.493 -3545 -1723073393
17.520 -3526 -1723073393
17.547 -3534 -1723073393
17.573 -3616 -1723073393
17.600 -3595 -1723073393
17.627 -3628 -1723073393
17.653 -3723 -1723073393
17.680 -3717 -1723073393
17.707 -3779 -1723073393
17.733 -3866 -1723073393
17.760 -3847 -1723073393
17.787 -3913 -1723073393
17.813 -3970 -1723073393
17.840 -3918 -1723073393
17.867 -3946 -1723073393
17.893 -3919 -1723073393
17.920 -3772 -1723073393
17.947 -3700 -1723073393
17.973 -3525 -1723073393
18.000 -3231 -1723073393
18.027 -2997 -1723073393
18.053 -2613 -1723073393
18.080 -2121 -1723073393
18.107 -1660 -1723073393
18.133 -1036 -1723073393
18.160 -301 -1723073393
18.187 454 -1723073393
18.213 1350 -1723073393
18.240 2334 -1723073393
18.267 3368 -1723073393
18.293 4508 -1723073393
18.320 5755 -1723073393
18.347 7034 -1723073393
18.373 8307 -1723073393
18.400 9689 -1723073393
18.427 11087 -1723073393
18.453 12343 -1723073393
18.480 13687 -1723073393
18.507 14923 -1723073393
18.533 15830 -1723073393
18.560 16852 -1723073393
18.587 17619 -1723073393
18.613 17882 -1723073393
18.640 18300 -1723073393
18.667 18278 -1723073393
18.693 17703 -1723073393
18.720 17361 -1723073393
18.747 16484 -1723073393
18.773 15177 -1723073393
18.800 14187 -1723073393
18.827 12695 -1723073393
18.853 10944 -1723073393
18.880 9589 -1723073393
18.907 7868 -1723073393
18.933 6129 -1723073393
18.960 4744 -1723073393
18.987 3139 -1723073393
19.013 1688 -1723073393
19.040 523 -1723073393
19.067 -683 -1723073393
19.093 -1733 -1723073393
19.120 -2601 -1723073393
19.147 -3363 -1723073393
19.173 -4018 -1723073393
19.200 -4558 -1723073393
19.227 -4942 -1723073393
19.253 -5321 -1723073393
19.280 -5617 -1723073393
19.307 -5751 -1723073393
19.333 -5971 -1723073393
19.360 -6130 -1723073393
19.387 -6137 -1723073393
19.413 -6288 -1723073393
19.440 -6358 -1723073393
19.467 -6297 -1723073393
19.493 -6402 -1723073393
19.520 -6402 -1723073393
19.547 -6307 -1723073393
19.573 -6379 -1723073393
19.600 -6305 -1723073393
19.627 -6162 -1723073393
19.653 -6180 -1723073393
19.680 -6028 -1723073393
19.707 -5854 -1723073393
19.733 -5821 -1723073393
19.760 -5612 -1723073393
19.787 -5413 -1723073393
19.813 -5338 -1723073393
19.840 -5089 -1723073393
19.867 -4903 -1723073393
19.893 -4828 -1723073393
19.920 -4604 -1723073393
19.947 -4494 -1723073393
19.973 -4475 -1723073393
20.000 -4352 -1723073393
20.027 -4383 -1723073393
20.053 -4507 -1723073393
20.080 -4562 -1723073393
20.107 -4788 -1723073393
20.133 -5073 -1723073393
20.160 -5309 -1723073393
20.187 -5722 -1723073393
20.213 -6130 -1723073393
20.240 -6461 -1723073393
20.267 -6947 -1723073393
20.293 -7346 -1723073393
20.320 -7626 -1723073393
20.347 -8033 -1723073393
20.373 -8248 -1723073393
20.400 -8316 -1723073393
20.427 -8506 -1723073393
20.453 -8419 -1723073393
20.480 -8191 -1723073393
20.507 -8089 -1723073393
20.533 -7672 -1723073393
20.560 -7167 -1723073393
20.587 -6802 -1723073393
20.613 -6150 -1723073393
20.640 -5510 -1723073393
20.667 -5024 -1723073393
20.693 -4327 -1723073393
20.720 -3711 -1723073393
20.747 -3253 -1723073393
20.773 -2672 -1723073393
20.800 -2217 -1723073393
20.827 -1893 -1723073393
20.853 -1509 -1723073393
20.880 -1255 -1723073393
20.907 -1082 -1723073393
20.933 -875 -1723073393
20.960 -743 -1723073393
20.987 -642 -1723073393
21.013 -520 -1723073393
21.040 -444 -1723073393
21.067 -367 -1723073393
21.093 -259 -1723073393
21.120 -175 -1723073393
21.147 -85 -1723073393
21.173 23 -1723073393
21.200 118 -1723073393
21.227 223 -1723073393
21.253 347 -1723073393
21.280 452 -1723073393
21.307 551 -1723073393
21.333 656 -1723073393
21.360 749 -1723073393
21.387 824 -1723073393
21.413 893 -1723073393
21.440 956 -1723073393
21.467 995 -1723073393
21.493 1033 -1723073393
21.520 1079 -1723073393
21.547 1102 -1723073393
21.573 1128 -1723073393
21.600 1159 -1723073393
21.627 1161 -1723073393
21.653 1170 -1723073393
21.680 1198 -1723073393
21.707 1213 -1723073393
21.733 1246 -1723073393
21.760 1294 -1723073393
21.787 1327 -1723073393
21.813 1377 -1723073393
21.840 1434 -1723073393
21.867 1473 -1723073393
21.893 1539 -1723073393
21.920 1616 -1723073393
21.947 1669 -1723073393
21.973 1743 -1723073393
22.000 1810 -1723073393
22.027 1848 -1723073393
22.053 1923 -1723073393
22.080 1985 -1723073393
22.107 2011 -1723073393
22.133 2067 -1723073393
22.160 2099 -1723073393
22.187 2096 -1723073393
22.213 2139 -1723073393
22.240 2154 -1723073393
22.267 2135 -1723073393
22.293 2165 -1723073393
22.320 2166 -1723073393
22.347 2134 -1723073393
22.373 2143 -1723073393
22.400 2110 -1723073393
22.427 2050 -1723073393
22.453 2020 -1723073393
22.480 1938 -1723073393
22.507 1843 -1723073393
22.533 1790 -1723073393
22.560 1686 -1723073393
22.587 1568 -1723073393
22.613 1487 -1723073393
22.640 1365 -1723073393
22.667 1248 -1723073393
22.693 1167 -1723073393
22.720 1058 -1723073393
22.747 965 -1723073393
22.773 913 -1723073393
22.800 855 -1723073393
22.827 815 -1723073393
22.853 800 -1723073393
22.880 784 -1723073393
22.907 792 -1723073393
22.933 821 -1723073393
22.960 846 -1723073393
22.987 884 -1723073393
23.013 931 -1723073393
23.040 969 -1723073393
23.067 1011 -1723073393
23.093 1046 -1723073393
23.120 1054 -1723073393
23.147 1064 -1723073393
23.173 1065 -1723073393
23.200 1042 -1723073393
23.227 1034 -1723073393
23.253 1021 -1723073393
23.280 984 -1723073393
23.307 969 -1723073393
23.333 954 -1723073393
23.360 922 -1723073393
23.387 911 -1723073393
23.413 895 -1723073393
23.440 856 -1723073393
23.467 833 -1723073393
23.493 805 -1723073393
23.520 762 -1723073393
23.547 731 -1723073393
23.573 694 -1723073393
23.600 642 -1723073393
23.627 604 -1723073393
23.653 560 -1723073393
23.680 500 -1723073393
23.707 448 -1723073393
23.733 393 -1723073393
23.760 332 -1723073393
23.787 277 -1723073393
23.813 223 -1723073393
23.840 164 -1723073393
23.867 103 -1723073393
23.893 45 -1723073393
23.920 -12 -1723073393
23.947 -70 -1723073393
23.973 -112 -1723073393
24.000 -139 -1723073393
24.027 -156 -1723073393
24.053 -149 -1723073393
24.080 -126 -1723073393
24.107 -100 -1723073393
24.133 -48 -1723073393
24.160 13 -1723073393
24.187 66 -1723073393
24.213 134 -1723073393
24.240 207 -1723073393
24.267 266 -1723073393
24.293 329 -1723073393
24.320 397 -1723073393
24.347 453 -1723073393
24.373 506 -1723073393
24.400 557 -1723073393
24.427 599 -1723073393
24.453 635 -1723073393
24.480 676 -1723073393
24.507 720 -1723073393
24.533 759 -1723073393
24.560 792 -1723073393
24.587 817 -1723073393
24.613 836 -1723073393
24.640 854 -1723073393
24.667 872 -1723073393
24.693 871 -1723073393
24.720 867 -1723073393
24.747 865 -1723073393
24.773 844 -1723073393
24.800 820 -1723073393
24.827 795 -1723073393
24.853 750 -1723073393
24.880 701 -1723073393
24.907 651 -1723073393
24.933 582 -1723073393
24.960 512 -1723073393
24.987 448 -1723073393
25.013 376 -1723073393
25.040 309 -1723073393
25.067 249 -1723073393
25.093 192 -1723073393
25.120 144 -1723073393
25.147 109 -1723073393
25.173 86 -1723073393
25.200 71 -1723073393
25.227 68 -1723073393
25.253 75 -1723073393
25.280 82 -1723073393
25.307 98 -1723073393
25.333 123 -1723073393
25.360 142 -1723073393
25.387 159 -1723073393
25.413 174 -1723073393
25.440 175 -1723073393
25.467 170 -1723073393
25.493 164 -1723073393
25.520 141 -1723073393
25.547 112 -1723073393
25.573 85 -1723073393
25.600 55 -1723073393
25.627 27 -1723073393
25.653 3 -1723073393
25.680 -30 -1723073393
25.707 -63 -1723073393
25.733 -89 -1723073393
25.760 -120 -1723073393
25.787 -140 -1723073393
25.813 -139 -1723073393
25.840 -140 -1723073393
25.867 -131 -1723073393
25.893 -102 -1723073393
25.920 -81 -1723073393
25.947 -53 -1723073393
25.973 -6 -1723073393
26.000 33 -1723073393
26.027 76 -1723073393
26.053 129 -1723073393
26.080 164 -1723073393
26.107 189 -1723073393
26.133 214 -1723073393
26.160 227 -1723073393
26.187 236 -1723073393
26.213 243 -1723073393
26.240 241 -1723073393
26.267 234 -1723073393
26.293 223 -1723073393
26.320 204 -1723073393
26.347 184 -1723073393
26.373 162 -1723073393
26.400 133 -1723073393
26.427 105 -1723073393
26.453 78 -1723073393
26.480 48 -1723073393
26.507 24 -1723073393
26.533 4 -1723073393
26.560 -20 -1723073393
26.587 -37 -1723073393
26.613 -42 -1723073393
26.640 -49 -1723073393
26.667 -45 -1723073393
26.693 -34 -1723073393
26.720 -36 -1723073393
26.747 -33 -1723073393
26.773 -31 -1723073393
26.800 -48 -1723073393
26.827 -64 -1723073393
26.853 -78 -1723073393
26.880 -106 -1723073393
26.907 -133 -1723073393
26.933 -155 -1723073393
26.960 -187 -1723073393
26.987 -209 -1723073393
27.013 -214 -1723073393
27.040 -224 -1723073393
27.067 -224 -1723073393
27.093 -210 -1723073393
27.120 -200 -1723073393
27.147 -179 -1723073393
27.173 -144 -1723073393
27.200 -121 -1723073393
27.227 -97 -1723073393
27.253 -69 -1723073393
27.280 -62 -1723073393
27.307 -53 -1723073393
27.333 -38 -1723073393
27.360 -38 -1723073393
27.387 -39 -1723073393
27.413 -40 -1723073393
27.440 -54 -1723073393
27.467 -69 -1723073393
27.493 -85 -1723073393
27.520 -112 -1723073393
27.547 -131 -1723073393
27.573 -145 -1723073393
27.600 -170 -1723073393
27.627 -191 -1723073393
27.653 -212 -1723073393
27.680 -238 -1723073393
27.707 -251 -1723073393
27.733 -255 -1723073393
27.760 -267 -1723073393
27.787 -264 -1723073393
27.813 -247 -1723073393
27.840 -235 -1723073393
27.867 -212 -1723073393
27.893 -180 -1723073393
27.920 -158 -1723073393
27.947 -127 -1723073393
27.973 -87 -1723073393
28.000 -51 -1723073393
28.027 -6 -1723073393
28.053 42 -1723073393
28.080 79 -1723073393
28.107 123 -1723073393
28.133 168 -1723073393
28.160 198 -1723073393
28.187 230 -1723073393
28.213 259 -1723073393
28.240 276 -1723073393
28.267 298 -1723073393
28.293 314 -1723073393
28.320 323 -1723073393
28.347 333 -1723073393
28.373 336 -1723073393
28.400 331 -1723073393
28.427 330 -1723073393
28.453 322 -1723073393
28.480 304 -1723073393
28.507 285 -1723073393
28.533 263 -1723073393
28.560 231 -1723073393
28.587 200 -1723073393
28.613 169 -1723073393
28.640 137 -1723073393
28.667 109 -1723073393
28.693 81 -1723073393
28.720 49 -1723073393
28.747 27 -1723073393
28.773 13 -1723073393
28.800 -3 -1723073393
28.827 -11 -1723073393
28.853 -7 -1723073393
28.880 -6 -1723073393
28.907 1 -1723073393
28.933 14 -1723073393
28.960 22 -1723073393
28.987 34 -1723073393
29.013 46 -1723073393
29.040 46 -1723073393
29.067 50 -1723073393
29.093 57 -1723073393
29.120 57 -1723073393
29.147 65 -1723073393
29.173 81 -1723073393
29.200 81 -1723073393
29.227 74 -1723073393
29.253 68 -1723073393
29.280 55 -1723073393
29.307 40 -1723073393
29.333 28 -1723073393
29.360 2 -1723073393
29.387 -24 -1723073393
29.413 -41 -1723073393
29.440 -69 -1723073393
29.467 -96 -1723073393
29.493 -109 -1723073393
29.520 -124 -1723073393
29.547 -131 -1723073393
29.573 -125 -1723073393
29.600 -125 -1723073393
29.627 -121 -1723073393
29.653 -102 -1723073393
29.680 -87 -1723073393
29.707 -72 -1723073393
29.733 -36 -1723073393
29.760 -3 -1723073393
29.787 32 -1723073393
29.813 77 -1723073393
29.840 113 -1723073393
29.867 142 -1723073393
29.893 178 -1723073393
29.920 207 -1723073393
29.947 227 -1723073393
29.973 249 -1723073393
30.000 264 -1723073393
30.027 271 -1723073393
30.053 279 -1723073393
30.080 284 -1723073393
30.107 286 -1723073393
30.133 290 -1723073393
30.160 295 -1723073393
30.187 302 -1723073393
30.213 312 -1723073393
30.240 312 -1723073393
30.267 302 -1723073393
30.293 290 -1723073393
30.320 273 -1723073393
30.347 248 -1723073393
30.373 220 -1723073393
30.400 185 -1723073393
30.427 142 -1723073393
30.453 104 -1723073393
30.480 65 -1723073393
30.507 21 -1723073393
30.533 -16 -1723073393
30.560 -54 -1723073393
30.587 -98 -1723073393
30.613 -132 -1723073393
30.640 -163 -1723073393
30.667 -194 -1723073393
30.693 -197 -1723073393
30.720 -181 -1723073393
30.747 -167 -1723073393
30.773 -133 -1723073393
30.800 -82 -1723073393
30.827 -36 -1723073393
30.853 23 -1723073393
30.880 93 -1723073393
30.907 146 -1723073393
30.933 197 -1723073393
30.960 249 -1723073393
30.987 282 -1723073393
31.013 303 -1723073393
31.040 310 -1723073393
31.067 294 -1723073393
31.093 268 -1723073393
31.120 226 -1723073393
31.147 168 -1723073393
31.173 102 -1723073393
31.200 32 -1723073393
31.227 -42 -1723073393
31.253 -111 -1723073393
31.280 -170 -1723073393
31.307 -226 -1723073393
31.333 -268 -1723073393
31.360 -293 -1723073393
31.387 -315 -1723073393
31.413 -317 -1723073393
31.440 -296 -1723073393
31.467 -273 -1723073393
31.493 -238 -1723073393
31.520 -180 -1723073393
31.547 -131 -1723073393
31.573 -80 -1723073393
31.600 -14 -1723073393
31.627 44 -1723073393
31.653 92 -1723073393
31.680 142 -1723073393
31.707 180 -1723073393
31.733 211 -1723073393
31.760 238 -1723073393
31.787 253 -1723073393
31.813 254 -1723073393
31.840 250 -1723073393
31.867 239 -1723073393
31.893 229 -1723073393
31.920 222 -1723073393
31.947 218 -1723073393
31.973 211 -1723073393
32.000 205 -1723073393
32.027 201 -1723073393
32.053 197 -1723073393
32.080 193 -1723073393
32.107 187 -1723073393
32.133 177 -1723073393
32.160 164 -1723073393
32.187 147 -1723073393
32.213 119 -1723073393
32.240 86 -1723073393
32.267 52 -1723073393
32.293 13 -1723073393
32.320 -25 -1723073393
32.347 -55 -1723073393
32.373 -83 -1723073393
32.400 -107 -1723073393
32.427 -115 -1723073393
32.453 -117 -1723073393
32.480 -103 -1723073393
32.507 -69 -1723073393
32.533 -34 -1723073393
32.560 7 -1723073393
32.587 62 -1723073393
32.613 105 -1723073393
32.640 148 -1723073393
32.667 196 -1723073393
32.693 231 -1723073393
32.720 258 -1723073393
32.747 281 -1723073393
32.773 287 -1723073393
32.800 275 -1723073393
32.827 251 -1723073393
32.853 209 -1723073393
32.880 152 -1723073393
32.907 86 -1723073393
32.933 13 -1723073393
32.960 -68 -1723073393
32.987 -155 -1723073393
33.013 -237 -1723073393
33.040 -311 -1723073393
33.067 -368 -1723073393
33.093 -407 -1723073393
33.120 -429 -1723073393
33.147 -424 -1723073393
33.173 -396 -1723073393
33.200 -360 -1723073393
33.227 -297 -1723073393
33.253 -214 -1723073393
33.280 -139 -1723073393
33.307 -55 -1723073393
33.333 34 -1723073393
33.360 107 -1723073393
33.387 182 -1723073393
33.413 251 -1723073393
33.440 299 -1723073393
33.467 337 -1723073393
33.493 375 -1723073393
33.520 402 -1723073393
33.547 419 -1723073393
33.573 436 -1723073393
33.600 446 -1723073393
33.627 450 -1723073393
33.653 450 -1723073393
33.680 449 -1723073393
33.707 447 -1723073393
33.733 441 -1723073393
33.760 436 -1723073393
33.787 431 -1723073393
33.813 421 -1723073393
33.840 408 -1723073393
33.867 388 -1723073393
33.893 359 -1723073393
33.920 324 -1723073393
33.947 287 -1723073393
33.973 245 -1723073393
34.000 203 -1723073393
34.027 159 -1723073393
34.053 110 -1723073393
34.080 64 -1723073393
34.107 24 -1723073393
34.133 -10 -1723073393
34.160 -34 -1723073393
34.187 -51 -1723073393
34.213 -51 -1723073393
34.240 -37 -1723073393
34.267 -17 -1723073393
34.293 16 -1723073393
34.320 62 -1723073393
34.347 102 -1723073393
34.373 145 -1723073393
34.400 194 -1723073393
34.427 242 -1723073393
34.453 288 -1723073393
34.480 330 -1723073393
34.507 361 -1723073393
34.533 381 -1723073393
34.560 389 -1723073393
34.587 382 -1723073393
34.613 364 -1723073393
34.640 329 -1723073393
34.667 278 -1723073393
34.693 212 -1723073393
34.720 130 -1723073393
34.747 46 -1723073393
34.773 -34 -1723073393
34.800 -113 -1723073393
34.827 -185 -1723073393
34.853 -247 -1723073393
34.880 -287 -1723073393
34.907 -304 -1723073393
34.933 -308 -1723073393
34.960 -288 -1723073393
34.987 -241 -1723073393
35.013 -193 -1723073393
35.040 -132 -1723073393
35.067 -50 -1723073393
35.093 28 -1723073393
35.120 108 -1723073393
35.147 192 -1723073393
35.173 266 -1723073393
35.200 330 -1723073393
35.227 393 -1723073393
35.253 438 -1723073393
35.280 464 -1723073393
35.307 479 -1723073393
35.333 482 -1723073393
35.360 476 -1723073393
35.387 461 -1723073393
35.413 439 -1723073393
35.440 413 -1723073393
35.467 380 -1723073393
35.493 346 -1723073393
35.520 309 -1723073393
35.547 270 -1723073393
35.573 232 -1723073393
35.600 197 -1723073393
35.627 164 -1723073393
35.653 135 -1723073393
35.680 111 -1723073393
35.707 87 -1723073393
35.733 67 -1723073393
35.760 50 -1723073393
35.787 32 -1723073393
35.813 19 -1723073393
35.840 13 -1723073393
35.867 14 -1723073393
35.893 21 -1723073393
35.920 25 -1723073393
35.947 32 -1723073393
35.973 51 -1723073393
36.000 72 -1723073393
36.027 93 -1723073393
36.053 121 -1723073393
36.080 151 -1723073393
36.107 183 -1723073393
36.133 220 -1723073393
36.160 256 -1723073393
36.187 288 -1723073393
36.213 320 -1723073393
36.240 347 -1723073393
36.267 364 -1723073393
36.293 377 -1723073393
36.320 390 -1723073393
36.347 394 -1723073393
36.373 385 -1723073393
36.400 366 -1723073393
36.427 335 -1723073393
36.453 287 -1723073393
36.480 235 -1723073393
36.507 185 -1723073393
36.533 127 -1723073393
36.560 68 -1723073393
36.587 15 -1723073393
36.613 -30 -1723073393
36.640 -67 -1723073393
36.667 -94 -1723073393
36.693 -115 -1723073393
36.720 -116 -1723073393
36.747 -102 -1723073393
36.773 -81 -1723073393
36.800 -41 -1723073393
36.827 8 -1723073393
36.853 57 -1723073393
36.880 113 -1723073393
36.907 167 -1723073393
36.933 211 -1723073393
36.960 253 -1723073393
36.987 290 -1723073393
37.013 317 -1723073393
37.040 342 -1723073393
37.067 359 -1723073393
37.093 364 -1723073393
37.120 361 -1723073393
37.147 353 -1723073393
37.173 341 -1723073393
37.200 326 -1723073393
37.227 309 -1723073393
37.253 300 -1723073393
37.280 294 -1723073393
37.307 289 -1723073393
37.333 286 -1723073393
37.360 285 -1723073393
37.387 292 -1723073393
37.413 304 -1723073393
37.440 315 -1723073393
37.467 327 -1723073393
37.493 344 -1723073393
37.520 351 -1723073393
37.547 345 -1723073393
37.573 336 -1723073393
37.600 323 -1723073393
37.627 304 -1723073393
37.653 283 -1723073393
37.680 263 -1723073393
37.707 244 -1723073393
37.733 232 -1723073393
37.760 226 -1723073393
37.787 219 -1723073393
37.813 218 -1723073393
37.840 225 -1723073393
37.867 233 -1723073393
37.893 245 -1723073393
37.920 258 -1723073393
37.947 268 -1723073393
37.973 280 -1723073393
38.000 291 -1723073393
38.027 296 -1723073393
38.053 298 -1723073393
38.080 297 -1723073393
38.107 285 -1723073393
38.133 265 -1723073393
38.160 239 -1723073393
38.187 204 -1723073393
38.213 165 -1723073393
38.240 124 -1723073393
38.267 71 -1723073393
38.293 15 -1723073393
38.320 -37 -1723073393
38.347 -88 -1723073393
38.373 -137 -1723073393
38.400 -173 -1723073393
38.427 -197 -1723073393
38.453 -207 -1723073393
38.480 -195 -1723073393
38.507 -173 -1723073393
38.533 -145 -1723073393
38.560 -98 -1723073393
38.587 -50 -1723073393
38.613 -7 -1723073393
38.640 46 -1723073393
38.667 101 -1723073393
38.693 141 -1723073393
38.720 180 -1723073393
38.747 216 -1723073393
38.773 237 -1723073393
38.800 255 -1723073393
38.827 272 -1723073393
38.853 277 -1723073393
38.880 272 -1723073393
38.907 266 -1723073393
38.933 256 -1723073393
38.960 240 -1723073393
38.987 228 -1723073393
39.013 216 -1723073393
39.040 204 -1723073393
39.067 204 -1723073393
39.093 211 -1723073393
39.120 215 -1723073393
39.147 223 -1723073393
39.173 232 -1723073393
39.200 233 -1723073393
39.227 237 -1723073393
39.253 245 -1723073393
39.280 244 -1723073393
39.307 241 -1723073393
39.333 242 -1723073393
39.360 235 -1723073393
39.387 223 -1723073393
39.413 215 -1723073393
39.440 201 -1723073393
39.467 180 -1723073393
39.493 169 -1723073393
39.520 165 -1723073393
39.547 160 -1723073393
39.573 163 -1723073393
39.600 169 -1723073393
39.627 170 -1723073393
39.653 173 -1723073393
39.680 171 -1723073393
39.707 163 -1723073393
39.733 157 -1723073393
39.760 150 -1723073393
39.787 137 -1723073393
39.813 125 -1723073393
39.840 116 -1723073393
39.867 103 -1723073393
39.893 88 -1723073393
39.920 77 -1723073393
39.947 63 -1723073393
39.973 48 -1723073393
40.000 38 -1723073393
40.027 28 -1723073393
40.053 10 -1723073393
40.080 1 -1723073393
40.107 4 -1723073393
40.133 9 -1723073393
40.160 17 -1723073393
40.187 35 -1723073393
40.213 51 -1723073393
40.240 68 -1723073393
40.267 92 -1723073393
40.293 112 -1723073393
40.320 134 -1723073393
40.347 162 -1723073393
40.373 188 -1723073393
40.400 214 -1723073393
40.427 243 -1723073393
40.453 261 -1723073393
40.480 264 -1723073393
40.507 265 -1723073393
40.533 265 -1723073393
40.560 256 -1723073393
40.587 247 -1723073393
40.613 238 -1723073393
40.640 222 -1723073393
40.667 202 -1723073393
40.693 188 -1723073393
40.720 170 -1723073393
40.747 154 -1723073393
40.773 148 -1723073393
40.800 145 -1723073393
40.827 146 -1723073393
40.853 152 -1723073393
40.880 158 -1723073393
40.907 161 -1723073393
40.933 169 -1723073393
40.960 181 -1723073393
40.987 188 -1723073393
41.013 195 -1723073393
41.040 203 -1723073393
41.067 204 -1723073393
41.093 202 -1723073393
41.120 200 -1723073393
41.147 189 -1723073393
41.173 172 -1723073393
41.200 163 -1723073393
41.227 151 -1723073393
41.253 134 -1723073393
41.280 124 -1723073393
41.307 115 -1723073393
41.333 105 -1723073393
41.360 101 -1723073393
41.387 101 -1723073393
41.413 100 -1723073393
41.440 104 -1723073393
41.467 112 -1723073393
41.493 112 -1723073393
41.520 109 -1723073393
41.547 111 -1723073393
41.573 111 -1723073393
41.600 108 -1723073393
41.627 108 -1723073393
41.653 97 -1723073393
41.680 78 -1723073393
41.707 63 -1723073393
41.733 42 -1723073393
41.760 12 -1723073393
41.787 -12 -1723073393
41.813 -34 -1723073393
41.840 -59 -1723073393
41.867 -77 -1723073393
41.893 -87 -1723073393
41.920 -97 -1723073393
41.947 -98 -1723073393
41.973 -93 -1723073393
42.000 -90 -1723073393
42.027 -81 -1723073393
42.053 -60 -1723073393
42.080 -43 -1723073393
42.107 -26 -1723073393
42.133 0 -1723073393
42.160 21 -1723073393
42.187 37 -1723073393
42.213 56 -1723073393
42.240 68 -1723073393
42.267 69 -1723073393
42.293 63 -1723073393
42.320 52 -1723073393
42.347 34 -1723073393
42.373 18 -1723073393
42.400 6 -1723073393
42.427 -9 -1723073393
42.453 -23 -1723073393
42.480 -28 -1723073393
42.507 -33 -1723073393
42.533 -36 -1723073393
42.560 -31 -1723073393
42.587 -25 -1723073393
42.613 -18 -1723073393
42.640 0 -1723073393
42.667 24 -1723073393
42.693 46 -1723073393
42.720 71 -1723073393
42.747 94 -1723073393
42.773 112 -1723073393
42.800 132 -1723073393
42.827 151 -1723073393
42.853 164 -1723073393
42.880 175 -1723073393
42.907 188 -1723073393
42.933 197 -1723073393
42.960 199 -1723073393
42.987 198 -1723073393
43.013 190 -1723073393
43.040 179 -1723073393
43.067 164 -1723073393
43.093 146 -1723073393
43.120 126 -1723073393
43.147 110 -1723073393
43.173 96 -1723073393
43.200 79 -1723073393
43.227 63 -1723073393
43.253 48 -1723073393
43.280 28 -1723073393
43.307 11 -1723073393
43.333 -1 -1723073393
43.360 -20 -1723073393
43.387 -41 -1723073393
43.413 -51 -1723073393
43.440 -64 -1723073393
43.467 -87 -1723073393
43.493 -102 -1723073393
43.520 -116 -1723073393
43.547 -136 -1723073393
43.573 -149 -1723073393
43.600 -152 -1723073393
43.627 -153 -1723073393
43.653 -147 -1723073393
43.680 -128 -1723073393
43.707 -108 -1723073393
43.733 -90 -1723073393
43.760 -65 -1723073393
43.787 -42 -1723073393
43.813 -26 -1723073393
43.840 -7 -1723073393
43.867 5 -1723073393
43.893 11 -1723073393
43.920 21 -1723073393
43.947 26 -1723073393
43.973 17 -1723073393
44.000 6 -1723073393
44.027 -8 -1723073393
44.053 -37 -1723073393
44.080 -69 -1723073393
44.107 -91 -1723073393
44.133 -113 -1723073393
44.160 -133 -1723073393
44.187 -138 -1723073393
44.213 -139 -1723073393
44.240 -140 -1723073393
44.267 -125 -1723073393
44.293 -94 -1723073393
44.320 -65 -1723073393
44.347 -28 -1723073393
44.373 19 -1723073393
44.400 62 -1723073393
44.427 102 -1723073393
44.453 148 -1723073393
44.480 184 -1723073393
44.507 213 -1723073393
44.533 243 -1723073393
44.560 263 -1723073393
44.587 273 -1723073393
44.613 280 -1723073393
44.640 283 -1723073393
44.667 277 -1723073393
44.693 266 -1723073393
44.720 254 -1723073393
44.747 236 -1723073393
44.773 212 -1723073393
44.800 187 -1723073393
44.827 157 -1723073393
44.853 125 -1723073393
44.880 95 -1723073393
44.907 69 -1723073393
44.933 40 -1723073393
44.960 16 -1723073393
44.987 -5 -1723073393
45.013 -29 -1723073393
45.040 -49 -1723073393
45.067 -63 -1723073393
45.093 -75 -1723073393
45.120 -82 -1723073393
45.147 -82 -1723073393
45.173 -82 -1723073393
45.200 -83 -1723073393
45.227 -73 -1723073393
45.253 -60 -1723073393
45.280 -49 -1723073393
45.307 -31 -1723073393
45.333 -9 -1723073393
45.360 8 -1723073393
45.387 26 -1723073393
45.413 43 -1723073393
45.440 53 -1723073393
45.467 66 -1723073393
45.493 84 -1723073393
45.520 101 -1723073393
45.547 114 -1723073393
45.573 122 -1723073393
45.600 129 -1723073393
45.627 130 -1723073393
45.653 127 -1723073393
45.680 120 -1723073393
45.707 110 -1723073393
45.733 99 -1723073393
45.760 88 -1723073393
45.787 73 -1723073393
45.813 51 -1723073393
45.840 25 -1723073393
45.867 -4 -1723073393
45.893 -34 -1723073393
45.920 -59 -1723073393
45.947 -77 -1723073393
45.973 -92 -1723073393
46.000 -98 -1723073393
46.027 -97 -1723073393
46.053 -94 -1723073393
46.080 -83 -1723073393
46.107 -67 -1723073393
46.133 -48 -1723073393
46.160 -23 -1723073393
46.187 12 -1723073393
46.213 42 -1723073393
46.240 71 -1723073393
46.267 105 -1723073393
46.293 132 -1723073393
46.320 153 -1723073393
46.347 179 -1723073393
46.373 207 -1723073393
46.400 227 -1723073393
46.427 244 -1723073393
46.453 264 -1723073393
46.480 278 -1723073393
46.507 287 -1723073393
46.533 292 -1723073393
46.560 291 -1723073393
46.587 283 -1723073393
46.613 271 -1723073393
46.640 255 -1723073393
46.667 233 -1723073393
46.693 210 -1723073393
46.720 188 -1723073393
46.747 158 -1723073393
46.773 124 -1723073393
46.800 91 -1723073393
46.827 58 -1723073393
46.853 31 -1723073393
46.880 17 -1723073393
46.907 7 -1723073393
46.933 0 -1723073393
46.960 5 -1723073393
46.987 19 -1723073393
47.013 32 -1723073393
47.040 52 -1723073393
47.067 80 -1723073393
47.093 104 -1723073393
47.120 132 -1723073393
47.147 161 -1723073393
47.173 184 -1723073393
47.200 205 -1723073393
47.227 227 -1723073393
47.253 243 -1723073393
47.280 252 -1723073393
47.307 261 -1723073393
47.333 267 -1723073393
47.360 263 -1723073393
47.387 255 -1723073393
47.413 249 -1723073393
47.440 240 -1723073393
47.467 225 -1723073393
47.493 210 -1723073393
47.520 192 -1723073393
47.547 170 -1723073393
47.573 152 -1723073393
47.600 136 -1723073393
47.627 120 -1723073393
47.653 107 -1723073393
47.680 98 -1723073393
47.707 89 -1723073393
47.733 85 -1723073393
47.760 93 -1723073393
47.787 104 -1723073393
47.813 119 -1723073393
47.840 145 -1723073393
47.867 175 -1723073393
47.893 204 -1723073393
47.920 243 -1723073393
47.947 288 -1723073393
47.973 325 -1723073393
48.000 364 -1723073393
48.027 405 -1723073393
48.053 438 -1723073393
48.080 467 -1723073393
48.107 497 -1723073393
48.133 524 -1723073393
48.160 541 -1723073393
48.187 552 -1723073393
48.213 558 -1723073393
48.240 561 -1723073393
48.267 561 -1723073393
48.293 562 -1723073393
48.320 558 -1723073393
48.347 546 -1723073393
48.373 531 -1723073393
48.400 509 -1723073393
48.427 485 -1723073393
48.453 460 -1723073393
48.480 436 -1723073393
48.507 412 -1723073393
48.533 387 -1723073393
48.560 362 -1723073393
48.587 335 -1723073393
48.613 312 -1723073393
48.640 294 -1723073393
48.667 280 -1723073393
48.693 271 -1723073393
48.720 269 -1723073393
48.747 271 -1723073393
48.773 275 -1723073393
48.800 283 -1723073393
48.827 293 -1723073393
48.853 302 -1723073393
48.880 313 -1723073393
48.907 318 -1723073393
48.933 318 -1723073393
48.960 313 -1723073393
48.987 304 -1723073393
49.013 293 -1723073393
49.040 280 -1723073393
49.067 268 -1723073393
49.093 257 -1723073393
49.120 242 -1723073393
49.147 233 -1723073393
49.173 226 -1723073393
49.200 216 -1723073393
49.227 209 -1723073393
49.253 205 -1723073393
49.280 197 -1723073393
49.307 190 -1723073393
49.333 187 -1723073393
49.360 181 -1723073393
49.387 174 -1723073393
49.413 169 -1723073393
49.440 163 -1723073393
49.467 157 -1723073393
49.493 157 -1723073393
49.520 165 -1723073393
49.547 169 -1723073393
49.573 171 -1723073393
49.600 178 -1723073393
49.627 184 -1723073393
49.653 193 -1723073393
49.680 212 -1723073393
49.707 233 -1723073393
49.733 250 -1723073393
49.760 265 -1723073393
49.787 276 -1723073393
49.813 277 -1723073393
49.840 278 -1723073393
49.867 281 -1723073393
49.893 279 -1723073393
49.920 273 -1723073393
49.947 266 -1723073393
49.973 253 -1723073393
50.000 238 -1723073393
50.027 228 -1723073393
50.053 212 -1723073393
50.080 188 -1723073393
50.107 165 -1723073393
50.133 144 -1723073393
50.160 119 -1723073393
50.187 94 -1723073393
50.213 75 -1723073393
50.240 56 -1723073393
50.267 35 -1723073393
50.293 17 -1723073393
50.320 -9 -1723073393
50.347 -40 -1723073393
50.373 -64 -1723073393
50.400 -87 -1723073393
50.427 -113 -1723073393
50.453 -136 -1723073393
50.480 -155 -1723073393
50.507 -173 -1723073393
50.533 -182 -1723073393
50.560 -180 -1723073393
50.587 -176 -1723073393
50.613 -166 -1723073393
50.640 -147 -1723073393
50.667 -128 -1723073393
50.693 -113 -1723073393
50.720 -90 -1723073393
50.747 -67 -1723073393
50.773 -52 -1723073393
50.800 -35 -1723073393
50.827 -13 -1723073393
50.853 -1 -1723073393
50.880 0 -1723073393
50.907 1 -1723073393
50.933 -2 -1723073393
50.960 -13 -1723073393
50.987 -19 -1723073393
51.013 -27 -1723073393
51.040 -38 -1723073393
51.067 -44 -1723073393
51.093 -46 -1723073393
51.120 -51 -1723073393
51.147 -56 -1723073393
51.173 -53 -1723073393
51.200 -50 -1723073393
51.227 -44 -1723073393
51.253 -28 -1723073393
51.280 -11 -1723073393
51.307 5 -1723073393
51.333 31 -1723073393
51.360 58 -1723073393
51.387 78 -1723073393
51.413 99 -1723073393
51.440 125 -1723073393
51.467 149 -1723073393
51.493 174 -1723073393
51.520 205 -1723073393
51.547 233 -1723073393
51.573 256 -1723073393
51.600 278 -1723073393
51.627 295 -1723073393
51.653 304 -1723073393
51.680 309 -1723073393
51.707 311 -1723073393
51.733 316 -1723073393
51.760 318 -1723073393
51.787 315 -1723073393
51.813 315 -1723073393
51.840 318 -1723073393
51.867 320 -1723073393
51.893 318 -1723073393
51.920 313 -1723073393
51.947 308 -1723073393
51.973 306 -1723073393
52.000 304 -1723073393
52.027 300 -1723073393
52.053 298 -1723073393
52.080 299 -1723073393
52.107 296 -1723073393
52.133 290 -1723073393
52.160 280 -1723073393
52.187 268 -1723073393
52.213 256 -1723073393
52.240 245 -1723073393
52.267 233 -1723073393
52.293 218 -1723073393
52.320 203 -1723073393
52.347 187 -1723073393
52.373 172 -1723073393
52.400 162 -1723073393
52.427 153 -1723073393
52.453 146 -1723073393
52.480 146 -1723073393
52.507 147 -1723073393
52.533 145 -1723073393
52.560 143 -1723073393
52.587 142 -1723073393
52.613 136 -1723073393
52.640 127 -1723073393
52.667 121 -1723073393
52.693 114 -1723073393
52.720 106 -1723073393
52.747 99 -1723073393
52.773 87 -1723073393
52.800 71 -1723073393
52.827 55 -1723073393
52.853 41 -1723073393
52.880 25 -1723073393
52.907 13 -1723073393
52.933 8 -1723073393
52.960 6 -1723073393
52.987 7 -1723073393
53.013 12 -1723073393
53.040 14 -1723073393
53.067 16 -1723073393
53.093 23 -1723073393
53.120 35 -1723073393
53.147 44 -1723073393
53.173 56 -1723073393
53.200 69 -1723073393
53.227 78 -1723073393
53.253 82 -1723073393
53.280 88 -1723073393
53.307 97 -1723073393
53.333 103 -1723073393
53.360 113 -1723073393
53.387 130 -1723073393
53.413 146 -1723073393
53.440 160 -1723073393
53.467 175 -1723073393
53.493 187 -1723073393
53.520 197 -1723073393
53.547 211 -1723073393
53.573 224 -1723073393
53.600 233 -1723073393
53.627 242 -1723073393
53.653 257 -1723073393
53.680 267 -1723073393
53.707 268 -1723073393
53.733 268 -1723073393
53.760 268 -1723073393
53.787 263 -1723073393
53.813 256 -1723073393
53.840 248 -1723073393
53.867 239 -1723073393
53.893 227 -1723073393
53.920 215 -1723073393
53.947 196 -1723073393
53.973 171 -1723073393
54.000 145 -1723073393
54.027 116 -1723073393
54.053 87 -1723073393
54.080 65 -1723073393
54.107 47 -1723073393
54.133 30 -1723073393
54.160 19 -1723073393
54.187 15 -1723073393
54.213 16 -1723073393
54.240 18 -1723073393
54.267 20 -1723073393
54.293 20 -1723073393
54.320 23 -1723073393
54.347 34 -1723073393
54.373 42 -1723073393
54.400 49 -1723073393
54.427 57 -1723073393
54.453 65 -1723073393
54.480 69 -1723073393
54.507 69 -1723073393
54.533 69 -1723073393
54.560 66 -1723073393
54.587 64 -1723073393
54.613 64 -1723073393
54.640 67 -1723073393
54.667 66 -1723073393
54.693 64 -1723073393
54.720 58 -1723073393
54.747 52 -1723073393
54.773 51 -1723073393
54.800 56 -1723073393
54.827 63 -1723073393
54.853 76 -1723073393
54.880 98 -1723073393
54.907 119 -1723073393
54.933 139 -1723073393
54.960 162 -1723073393
54.987 184 -1723073393
55.013 199 -1723073393
55.040 216 -1723073393
55.067 235 -1723073393
55.093 251 -1723073393
55.120 265 -1723073393
55.147 283 -1723073393
55.173 296 -1723073393
55.200 304 -1723073393
55.227 314 -1723073393
55.253 327 -1723073393
55.280 336 -1723073393
55.307 345 -1723073393
55.333 358 -1723073393
55.360 370 -1723073393
55.387 382 -1723073393
55.413 395 -1723073393
55.440 410 -1723073393
55.467 421 -1723073393
55.493 432 -1723073393
55.520 443 -1723073393
55.547 451 -1723073393
55.573 458 -1723073393
55.600 465 -1723073393
55.627 471 -1723073393
55.653 475 -1723073393
55.680 480 -1723073393
55.707 487 -1723073393
55.733 490 -1723073393
55.760 484 -1723073393
55.787 476 -1723073393
55.813 467 -1723073393
55.840 455 -1723073393
55.867 439 -1723073393
55.893 424 -1723073393
55.920 409 -1723073393
55.947 388 -1723073393
55.973 363 -1723073393
56.000 340 -1723073393
56.027 317 -1723073393
56.053 297 -1723073393
56.080 281 -1723073393
56.107 264 -1723073393
56.133 244 -1723073393
56.160 223 -1723073393
56.187 201 -1723073393
56.213 180 -1723073393
56.240 161 -1723073393
56.267 145 -1723073393
56.293 126 -1723073393
56.320 102 -1723073393
56.347 77 -1723073393
56.373 54 -1723073393
56.400 30 -1723073393
56.427 8 -1723073393
56.453 -5 -1723073393
56.480 -16 -1723073393
56.507 -26 -1723073393
56.533 -31 -1723073393
56.560 -36 -1723073393
56.587 -45 -1723073393
56.613 -54 -1723073393
56.640 -58 -1723073393
56.667 -62 -1723073393
56.693 -68 -1723073393
56.720 -72 -1723073393
56.747 -74 -1723073393
56.773 -74 -1723073393
56.800 -76 -1723073393
56.827 -79 -1723073393
56.853 -87 -1723073393
56.880 -90 -1723073393
56.907 -88 -1723073393
56.933 -87 -1723073393
56.960 -80 -1723073393
56.987 -62 -1723073393
57.013 -44 -1723073393
57.040 -30 -1723073393
57.067 -13 -1723073393
57.093 11 -1723073393
57.120 38 -1723073393
57.147 61 -1723073393
57.173 83 -1723073393
57.200 106 -1723073393
57.227 126 -1723073393
57.253 144 -1723073393
57.280 159 -1723073393
57.307 171 -1723073393
57.333 186 -1723073393
57.360 203 -1723073393
57.387 219 -1723073393
57.413 235 -1723073393
57.440 251 -1723073393
57.467 265 -1723073393
57.493 280 -1723073393
57.520 299 -1723073393
57.547 317 -1723073393
57.573 337 -1723073393
57.600 360 -1723073393
57.627 384 -1723073393
57.653 407 -1723073393
57.680 427 -1723073393
57.707 444 -1723073393
57.733 456 -1723073393
57.760 465 -1723073393
57.787 472 -1723073393
57.813 475 -1723073393
57.840 474 -1723073393
57.867 475 -1723073393
57.893 475 -1723073393
57.920 471 -1723073393
57.947 469 -1723073393
57.973 468 -1723073393
58.000 466 -1723073393
58.027 464 -1723073393
58.053 466 -1723073393
58.080 467 -1723073393
58.107 467 -1723073393
58.133 471 -1723073393
58.160 482 -1723073393
58.187 491 -1723073393
58.213 503 -1723073393
58.240 521 -1723073393
58.267 537 -1723073393
58.293 555 -1723073393
58.320 583 -1723073393
58.347 610 -1723073393
58.373 634 -1723073393
58.400 659 -1723073393
58.427 679 -1723073393
58.453 689 -1723073393
58.480 697 -1723073393
58.507 706 -1723073393
58.533 708 -1723073393
58.560 705 -1723073393
58.587 706 -1723073393
58.613 698 -1723073393
58.640 682 -1723073393
58.667 671 -1723073393
58.693 660 -1723073393
58.720 644 -1723073393
58.747 638 -1723073393
58.773 641 -1723073393
58.800 640 -1723073393
58.827 635 -1723073393
58.853 637 -1723073393
58.880 635 -1723073393
58.907 626 -1723073393
58.933 621 -1723073393
58.960 614 -1723073393
58.987 600 -1723073393
59.013 589 -1723073393
59.040 578 -1723073393
59.067 558 -1723073393
59.093 534 -1723073393
59.120 516 -1723073393
59.147 498 -1723073393
59.173 480 -1723073393
59.200 471 -1723073393
59.227 465 -1723073393
59.253 453 -1723073393
59.280 446 -1723073393
59.307 447 -1723073393
59.333 445 -1723073393
59.360 440 -1723073393
59.387 433 -1723073393
59.413 417 -1723073393
59.440 393 -1723073393
59.467 370 -1723073393
59.493 346 -1723073393
59.520 311 -1723073393
59.547 276 -1723073393
59.573 247 -1723073393
59.600 209 -1723073393
59.627 162 -1723073393
59.653 122 -1723073393
59.680 85 -1723073393
59.707 48 -1723073393
59.733 13 -1723073393
59.760 -12 -1723073393
59.787 -36 -1723073393
59.813 -58 -1723073393
59.840 -74 -1723073393
59.867 -79 -1723073393
59.893 -79 -1723073393
59.920 -73 -1723073393
59.947 -59 -1723073393
59.973 -42 -1723073393
60.000 -27 -1723073393
60.027 -10 -1723073393
60.053 12 -1723073393
60.080 36 -1723073393
60.107 50 -1723073393
60.133 58 -1723073393
60.160 63 -1723073393
60.187 63 -1723073393
60.213 61 -1723073393
60.240 56 -1723073393
60.267 44 -1723073393
60.293 29 -1723073393
60.320 15 -1723073393
60.347 -4 -1723073393
60.373 -30 -1723073393
60.400 -59 -1723073393
60.427 -84 -1723073393
60.453 -110 -1723073393
60.480 -130 -1723073393
60.507 -145 -1723073393
60.533 -161 -1723073393
60.560 -175 -1723073393
60.587 -183 -1723073393
60.613 -186 -1723073393
60.640 -192 -1723073393
60.667 -194 -1723073393
60.693 -187 -1723073393
60.720 -179 -1723073393
60.747 -174 -1723073393
60.773 -163 -1723073393
60.800 -153 -1723073393
60.827 -147 -1723073393
60.853 -138 -1723073393
60.880 -129 -1723073393
60.907 -126 -1723073393
60.933 -122 -1723073393
60.960 -113 -1723073393
60.987 -104 -1723073393
61.013 -98 -1723073393
61.040 -93 -1723073393
61.067 -91 -1723073393
61.093 -93 -1723073393
61.120 -96 -1723073393
61.147 -102 -1723073393
61.173 -115 -1723073393
61.200 -132 -1723073393
61.227 -144 -1723073393
61.253 -157 -1723073393
61.280 -170 -1723073393
61.307 -182 -1723073393
61.333 -195 -1723073393
61.360 -215 -1723073393
61.387 -233 -1723073393
61.413 -245 -1723073393
61.440 -257 -1723073393
61.467 -265 -1723073393
61.493 -265 -1723073393
61.520 -264 -1723073393
61.547 -265 -1723073393
61.573 -261 -1723073393
61.600 -251 -1723073393
61.627 -242 -1723073393
61.653 -228 -1723073393
61.680 -203 -1723073393
61.707 -174 -1723073393
61.733 -148 -1723073393
61.760 -121 -1723073393
61.787 -95 -1723073393
61.813 -75 -1723073393
61.840 -56 -1723073393
61.867 -32 -1723073393
61.893 -9 -1723073393
61.920 5 -1723073393
61.947 15 -1723073393
61.973 20 -1723073393
62.000 18 -1723073393
62.027 12 -1723073393
62.053 0 -1723073393
62.080 -18 -1723073393
62.107 -43 -1723073393
62.133 -68 -1723073393
62.160 -95 -1723073393
62.187 -126 -1723073393
62.213 -153 -1723073393
62.240 -179 -1723073393
62.267 -207 -1723073393
62.293 -231 -1723073393
62.320 -245 -1723073393
62.347 -255 -1723073393
62.373 -261 -1723073393
62.400 -257 -1723073393
62.427 -250 -1723073393
62.453 -241 -1723073393
62.480 -222 -1723073393
62.507 -193 -1723073393
62.533 -165 -1723073393
62.560 -139 -1723073393
62.587 -107 -1723073393
62.613 -76 -1723073393
62.640 -50 -1723073393
62.667 -26 -1723073393
62.693 -5 -1723073393
62.720 4 -1723073393
62.747 8 -1723073393
62.773 13 -1723073393
62.800 16 -1723073393
62.827 13 -1723073393
62.853 6 -1723073393
62.880 -2 -1723073393
62.907 -15 -1723073393
62.933 -34 -1723073393
62.960 -58 -1723073393
62.987 -90 -1723073393
63.013 -120 -1723073393
63.040 -150 -1723073393
63.067 -184 -1723073393
63.093 -219 -1723073393
63.120 -251 -1723073393
63.147 -283 -1723073393
63.173 -315 -1723073393
63.200 -339 -1723073393
63.227 -355 -1723073393
63.253 -370 -1723073393
63.280 -377 -1723073393
63.307 -373 -1723073393
63.333 -369 -1723073393
63.360 -362 -1723073393
63.387 -341 -1723073393
63.413 -314 -1723073393
63.440 -292 -1723073393
63.467 -268 -1723073393
63.493 -237 -1723073393
63.520 -208 -1723073393
63.547 -184 -1723073393
63.573 -154 -1723073393
63.600 -127 -1723073393
63.627 -107 -1723073393
63.653 -87 -1723073393
63.680 -69 -1723073393
63.707 -56 -1723073393
63.733 -52 -1723073393
63.760 -49 -1723073393
63.787 -52 -1723073393
63.813 -62 -1723073393
63.840 -79 -1723073393
63.867 -97 -1723073393
63.893 -116 -1723073393
63.920 -132 -1723073393
63.947 -144 -1723073393
63.973 -155 -1723073393
64.000 -164 -1723073393
64.027 -169 -1723073393
64.053 -173 -1723073393
64.080 -173 -1723073393
64.107 -166 -1723073393
64.133 -154 -1723073393
64.160 -141 -1723073393
64.187 -122 -1723073393
64.213 -96 -1723073393
64.240 -73 -1723073393
64.267 -51 -1723073393
64.293 -28 -1723073393
64.320 -5 -1723073393
64.347 15 -1723073393
64.373 35 -1723073393
64.400 51 -1723073393
64.427 62 -1723073393
64.453 69 -1723073393
64.480 75 -1723073393
64.507 79 -1723073393
64.533 79 -1723073393
64.560 75 -1723073393
64.587 69 -1723073393
64.613 60 -1723073393
64.640 49 -1723073393
64.667 41 -1723073393
64.693 33 -1723073393
64.720 26 -1723073393
64.747 20 -1723073393
64.773 14 -1723073393
64.800 4 -1723073393
64.827 -6 -1723073393
64.853 -13 -1723073393
64.880 -21 -1723073393
64.907 -32 -1723073393
64.933 -38 -1723073393
64.960 -41 -1723073393
64.987 -42 -1723073393
65.013 -38 -1723073393
65.040 -28 -1723073393
65.067 -16 -1723073393
65.093 0 -1723073393
65.120 19 -1723073393
65.147 36 -1723073393
65.173 54 -1723073393
65.200 79 -1723073393
65.227 106 -1723073393
65.253 132 -1723073393
65.280 159 -1723073393
65.307 185 -1723073393
65.333 207 -1723073393
65.360 228 -1723073393
65.387 248 -1723073393
65.413 264 -1723073393
65.440 277 -1723073393
65.467 285 -1723073393
65.493 288 -1723073393
65.520 290 -1723073393
65.547 293 -1723073393
65.573 292 -1723073393
65.600 288 -1723073393
65.627 288 -1723073393
65.653 287 -1723073393
65.680 282 -1723073393
65.707 275 -1723073393
65.733 269 -1723073393
65.760 260 -1723073393
65.787 250 -1723073393
65.813 244 -1723073393
65.840 238 -1723073393
65.867 232 -1723073393
65.893 228 -1723073393
65.920 226 -1723073393
65.947 223 -1723073393
65.973 221 -1723073393
66.000 222 -1723073393
66.027 223 -1723073393
66.053 222 -1723073393
66.080 225 -1723073393
66.107 228 -1723073393
66.133 226 -1723073393
66.160 224 -1723073393
66.187 223 -1723073393
66.213 221 -1723073393
66.240 220 -1723073393
66.267 221 -1723073393
66.293 218 -1723073393
66.320 212 -1723073393
66.347 207 -1723073393
66.373 206 -1723073393
66.400 207 -1723073393
66.427 211 -1723073393
66.453 217 -1723073393
66.480 222 -1723073393
66.507 225 -1723073393
66.533 226 -1723073393
66.560 227 -1723073393
66.587 226 -1723073393
66.613 222 -1723073393
66.640 218 -1723073393
66.667 218 -1723073393
66.693 219 -1723073393
66.720 216 -1723073393
66.747 213 -1723073393
66.773 215 -1723073393
66.800 225 -1723073393
66.827 241 -1723073393
66.853 256 -1723073393
66.880 272 -1723073393
66.907 293 -1723073393
66.933 314 -1723073393
66.960 335 -1723073393
66.987 354 -1723073393
67.013 370 -1723073393
67.040 388 -1723073393
67.067 407 -1723073393
67.093 421 -1723073393
67.120 433 -1723073393
67.147 448 -1723073393
67.173 461 -1723073393
67.200 469 -1723073393
67.227 473 -1723073393
67.253 479 -1723073393
67.280 477 -1723073393
67.307 471 -1723073393
67.333 469 -1723073393
67.360 467 -1723073393
67.387 460 -1723073393
67.413 452 -1723073393
67.440 447 -1723073393
67.467 442 -1723073393
67.493 437 -1723073393
67.520 434 -1723073393
67.547 431 -1723073393
67.573 424 -1723073393
67.600 417 -1723073393
67.627 412 -1723073393
67.653 405 -1723073393
67.680 397 -1723073393
67.707 393 -1723073393
67.733 391 -1723073393
67.760 386 -1723073393
67.787 381 -1723073393
67.813 377 -1723073393
67.840 364 -1723073393
67.867 347 -1723073393
67.893 330 -1723073393
67.920 312 -1723073393
67.947 292 -1723073393
67.973 277 -1723073393
68.000 263 -1723073393
68.027 245 -1723073393
68.053 231 -1723073393
68.080 226 -1723073393
68.107 218 -1723073393
68.133 206 -1723073393
68.160 203 -1723073393
68.187 209 -1723073393
68.213 217 -1723073393
68.240 226 -1723073393
68.267 237 -1723073393
68.293 248 -1723073393
68.320 253 -1723073393
68.347 257 -1723073393
68.373 259 -1723073393
68.400 258 -1723073393
68.427 256 -1723073393
68.453 257 -1723073393
68.480 254 -1723073393
68.507 250 -1723073393
68.533 248 -1723073393
68.560 245 -1723073393
68.587 240 -1723073393
68.613 236 -1723073393
68.640 235 -1723073393
68.667 238 -1723073393
68.693 239 -1723073393
68.720 241 -1723073393
68.747 246 -1723073393
68.773 251 -1723073393
68.800 259 -1723073393
68.827 270 -1723073393
68.853 280 -1723073393
68.880 288 -1723073393
68.907 299 -1723073393
68.933 309 -1723073393
68.960 318 -1723073393
68.987 329 -1723073393
69.013 338 -1723073393
69.040 346 -1723073393
69.067 358 -1723073393
69.093 369 -1723073393
69.120 377 -1723073393
69.147 384 -1723073393
69.173 389 -1723073393
69.200 392 -1723073393
69.227 392 -1723073393
69.253 394 -1723073393
69.280 394 -1723073393
69.307 390 -1723073393
69.333 390 -1723073393
69.360 392 -1723073393
69.387 387 -1723073393
69.413 376 -1723073393
69.440 364 -1723073393
69.467 344 -1723073393
69.493 320 -1723073393
69.520 298 -1723073393
69.547 277 -1723073393
69.573 253 -1723073393
69.600 232 -1723073393
69.627 214 -1723073393
69.653 200 -1723073393
69.680 189 -1723073393
69.707 175 -1723073393
69.733 165 -1723073393
69.760 159 -1723073393
69.787 157 -1723073393
69.813 157 -1723073393
69.840 155 -1723073393
69.867 154 -1723073393
69.893 161 -1723073393
69.920 173 -1723073393
69.947 188 -1723073393
69.973 207 -1723073393
70.000 225 -1723073393
70.027 241 -1723073393
70.053 257 -1723073393
70.080 275 -1723073393
70.107 291 -1723073393
70.133 303 -1723073393
70.160 312 -1723073393
70.187 315 -1723073393
70.213 314 -1723073393
70.240 311 -1723073393
70.267 303 -1723073393
70.293 291 -1723073393
70.320 282 -1723073393
70.347 276 -1723073393
70.373 267 -1723073393
70.400 259 -1723073393
70.427 257 -1723073393
70.453 253 -1723073393
70.480 247 -1723073393
70.507 247 -1723073393
70.533 249 -1723073393
70.560 249 -1723073393
70.587 250 -1723073393
70.613 258 -1723073393
70.640 272 -1723073393
70.667 286 -1723073393
70.693 301 -1723073393
70.720 311 -1723073393
70.747 320 -1723073393
70.773 331 -1723073393
70.800 342 -1723073393
70.827 349 -1723073393
70.853 354 -1723073393
70.880 360 -1723073393
70.907 363 -1723073393
70.933 360 -1723073393
70.960 360 -1723073393
70.987 362 -1723073393
71.013 364 -1723073393
71.040 369 -1723073393
71.067 376 -1723073393
71.093 384 -1723073393
71.120 389 -1723073393
71.147 391 -1723073393
71.173 391 -1723073393
71.200 389 -1723073393
71.227 389 -1723073393
71.253 391 -1723073393
71.280 392 -1723073393
71.307 390 -1723073393
71.333 382 -1723073393
71.360 370 -1723073393
71.387 355 -1723073393
71.413 343 -1723073393
71.440 331 -1723073393
71.467 315 -1723073393
71.493 297 -1723073393
71.520 277 -1723073393
71.547 256 -1723073393
71.573 240 -1723073393
71.600 229 -1723073393
71.627 216 -1723073393
71.653 202 -1723073393
71.680 192 -1723073393
71.707 184 -1723073393
71.733 181 -1723073393
71.760 186 -1723073393
71.787 195 -1723073393
71.813 205 -1723073393
71.840 213 -1723073393
71.867 222 -1723073393
71.893 231 -1723073393
71.920 240 -1723073393
71.947 247 -1723073393
71.973 254 -1723073393
72.000 263 -1723073393
72.027 270 -1723073393
72.053 271 -1723073393
72.080 266 -1723073393
72.107 261 -1723073393
72.133 260 -1723073393
72.160 258 -1723073393
72.187 256 -1723073393
72.213 257 -1723073393
72.240 257 -1723073393
72.267 257 -1723073393
72.293 253 -1723073393
72.320 249 -1723073393
72.347 244 -1723073393
72.373 239 -1723073393
72.400 238 -1723073393
72.427 239 -1723073393
72.453 237 -1723073393
72.480 238 -1723073393
72.507 239 -1723073393
72.533 238 -1723073393
72.560 236 -1723073393
72.587 239 -1723073393
72.613 240 -1723073393
72.640 238 -1723073393
72.667 236 -1723073393
72.693 233 -1723073393
72.720 224 -1723073393
72.747 215 -1723073393
72.773 209 -1723073393
72.800 201 -1723073393
72.827 191 -1723073393
72.853 182 -1723073393
72.880 175 -1723073393
72.907 167 -1723073393
72.933 163 -1723073393
72.960 163 -1723073393
72.987 159 -1723073393
73.013 154 -1723073393
73.040 154 -1723073393
73.067 156 -1723073393
73.093 153 -1723073393
73.120 152 -1723073393
73.147 158 -1723073393
73.173 168 -1723073393
73.200 175 -1723073393
73.227 185 -1723073393
73.253 196 -1723073393
73.280 205 -1723073393
73.307 217 -1723073393
73.333 229 -1723073393
73.360 237 -1723073393
73.387 247 -1723073393
73.413 257 -1723073393
73.440 263 -1723073393
73.467 269 -1723073393
73.493 276 -1723073393
73.520 285 -1723073393
73.547 295 -1723073393
73.573 305 -1723073393
73.600 311 -1723073393
73.627 316 -1723073393
73.653 321 -1723073393
73.680 324 -1723073393
73.707 325 -1723073393
73.733 327 -1723073393
73.760 332 -1723073393
73.787 331 -1723073393
73.813 325 -1723073393
73.840 319 -1723073393
73.867 308 -1723073393
73.893 291 -1723073393
73.920 271 -1723073393
73.947 247 -1723073393
73.973 215 -1723073393
74.000 184 -1723073393
74.027 158 -1723073393
74.053 131 -1723073393
74.080 104 -1723073393
74.107 83 -1723073393
74.133 69 -1723073393
74.160 59 -1723073393
74.187 55 -1723073393
74.213 58 -1723073393
74.240 61 -1723073393
74.267 68 -1723073393
74.293 81 -1723073393
74.320 96 -1723073393
74.347 109 -1723073393
74.373 126 -1723073393
74.400 147 -1723073393
74.427 164 -1723073393
74.453 179 -1723073393
74.480 192 -1723073393
74.507 204 -1723073393
74.533 213 -1723073393
74.560 224 -1723073393
74.587 233 -1723073393
74.613 240 -1723073393
74.640 251 -1723073393
74.667 258 -1723073393
74.693 260 -1723073393
74.720 262 -1723073393
74.747 267 -1723073393
74.773 269 -1723073393
74.800 273 -1723073393
74.827 278 -1723073393
74.853 283 -1723073393
74.880 282 -1723073393
74.907 279 -1723073393
74.933 274 -1723073393
74.960 269 -1723073393
74.987 266 -1723073393
75.013 266 -1723073393
75.040 266 -1723073393
75.067 264 -1723073393
75.093 261 -1723073393
75.120 260 -1723073393
75.147 259 -1723073393
75.173 257 -1723073393
75.200 254 -1723073393
75.227 253 -1723073393
75.253 251 -1723073393
75.280 251 -1723073393
75.307 253 -1723073393
75.333 255 -1723073393
75.360 256 -1723073393
75.387 260 -1723073393
75.413 265 -1723073393
75.440 269 -1723073393
75.467 273 -1723073393
75.493 276 -1723073393
75.520 277 -1723073393
75.547 280 -1723073393
75.573 282 -1723073393
75.600 279 -1723073393
75.627 273 -1723073393
75.653 264 -1723073393
75.680 252 -1723073393
75.707 237 -1723073393
75.733 221 -1723073393
75.760 202 -1723073393
75.787 181 -1723073393
75.813 165 -1723073393
75.840 151 -1723073393
75.867 136 -1723073393
75.893 125 -1723073393
75.920 114 -1723073393
75.947 103 -1723073393
75.973 99 -1723073393
76.000 101 -1723073393
76.027 109 -1723073393
76.053 120 -1723073393
76.080 136 -1723073393
76.107 154 -1723073393
76.133 169 -1723073393
76.160 188 -1723073393
76.187 208 -1723073393
76.213 226 -1723073393
76.240 245 -1723073393
76.267 264 -1723073393
76.293 281 -1723073393
76.320 296 -1723073393
76.347 308 -1723073393
76.373 321 -1723073393
76.400 335 -1723073393
76.427 346 -1723073393
76.453 350 -1723073393
76.480 351 -1723073393
76.507 355 -1723073393
76.533 359 -1723073393
76.560 364 -1723073393
76.587 367 -1723073393
76.613 366 -1723073393
76.640 359 -1723073393
76.667 348 -1723073393
76.693 338 -1723073393
76.720 329 -1723073393
76.747 321 -1723073393
76.773 318 -1723073393
76.800 313 -1723073393
76.827 302 -1723073393
76.853 293 -1723073393
76.880 287 -1723073393
76.907 277 -1723073393
76.933 266 -1723073393
76.960 267 -1723073393
76.987 272 -1723073393
77.013 272 -1723073393
77.040 279 -1723073393
77.067 291 -1723073393
77.093 302 -1723073393
77.120 313 -1723073393
77.147 326 -1723073393
77.173 336 -1723073393
77.200 343 -1723073393
77.227 350 -1723073393
77.253 354 -1723073393
77.280 353 -1723073393
77.307 357 -1723073393
77.333 368 -1723073393
77.360 375 -1723073393
77.387 376 -1723073393
77.413 377 -1723073393
77.440 377 -1723073393
77.467 376 -1723073393
77.493 378 -1723073393
77.520 375 -1723073393
77.547 365 -1723073393
77.573 355 -1723073393
77.600 346 -1723073393
77.627 334 -1723073393
77.653 317 -1723073393
77.680 302 -1723073393
77.707 285 -1723073393
77.733 264 -1723073393
77.760 247 -1723073393
77.787 232 -1723073393
77.813 217 -1723073393
77.840 207 -1723073393
77.867 200 -1723073393
77.893 193 -1723073393
77.920 191 -1723073393
77.947 194 -1723073393
77.973 201 -1723073393
78.000 209 -1723073393
78.027 223 -1723073393
78.053 240 -1723073393
78.080 252 -1723073393
78.107 261 -1723073393
78.133 269 -1723073393
78.160 276 -1723073393
78.187 284 -1723073393
78.213 291 -1723073393
78.240 295 -1723073393
78.267 296 -1723073393
78.293 295 -1723073393
78.320 290 -1723073393
78.347 283 -1723073393
78.373 277 -1723073393
78.400 271 -1723073393
78.427 263 -1723073393
78.453 250 -1723073393
78.480 235 -1723073393
78.507 219 -1723073393
78.533 201 -1723073393
78.560 186 -1723073393
78.587 175 -1723073393
78.613 164 -1723073393
78.640 154 -1723073393
78.667 148 -1723073393
78.693 143 -1723073393
78.720 140 -1723073393
78.747 138 -1723073393
78.773 135 -1723073393
78.800 134 -1723073393
78.827 138 -1723073393
78.853 145 -1723073393
78.880 152 -1723073393
78.907 161 -1723073393
78.933 173 -1723073393
78.960 184 -1723073393
78.987 195 -1723073393
79.013 204 -1723073393
79.040 210 -1723073393
79.067 217 -1723073393
79.093 229 -1723073393
79.120 235 -1723073393
79.147 230 -1723073393
79.173 222 -1723073393
79.200 214 -1723073393
79.227 204 -1723073393
79.253 193 -1723073393
79.280 180 -1723073393
79.307 162 -1723073393
79.333 142 -1723073393
79.360 125 -1723073393
79.387 107 -1723073393
79.413 86 -1723073393
79.440 69 -1723073393
79.467 55 -1723073393
79.493 42 -1723073393
79.520 34 -1723073393
79.547 29 -1723073393
79.573 23 -1723073393
79.600 21 -1723073393
79.627 26 -1723073393
79.653 33 -1723073393
79.680 45 -1723073393
79.707 65 -1723073393
79.733 83 -1723073393
79.760 98 -1723073393
79.787 117 -1723073393
79.813 139 -1723073393
79.840 161 -1723073393
79.867 188 -1723073393
79.893 217 -1723073393
79.920 240 -1723073393
79.947 257 -1723073393
79.973 275 -1723073393
80.000 290 -1723073393
80.027 297 -1723073393
80.053 301 -1723073393
80.080 303 -1723073393
80.107 303 -1723073393
80.133 307 -1723073393
80.160 310 -1723073393
80.187 309 -1723073393
80.213 308 -1723073393
80.240 305 -1723073393
80.267 292 -1723073393
80.293 276 -1723073393
80.320 261 -1723073393
80.347 250 -1723073393
80.373 242 -1723073393
80.400 240 -1723073393
80.427 242 -1723073393
80.453 244 -1723073393
80.480 248 -1723073393
80.507 254 -1723073393
80.533 257 -1723073393
80.560 262 -1723073393
80.587 267 -1723073393
80.613 267 -1723073393
80.640 267 -1723073393
80.667 269 -1723073393
80.693 271 -1723073393
80.720 268 -1723073393
80.747 264 -1723073393
80.773 262 -1723073393
80.800 264 -1723073393
80.827 265 -1723073393
80.853 260 -1723073393
80.880 251 -1723073393
80.907 246 -1723073393
80.933 241 -1723073393
80.960 234 -1723073393
80.987 229 -1723073393
81.013 221 -1723073393
81.040 207 -1723073393
81.067 193 -1723073393
81.093 180 -1723073393
81.120 168 -1723073393
81.147 160 -1723073393
81.173 155 -1723073393
81.200 150 -1723073393
81.227 145 -1723073393
81.253 141 -1723073393
81.280 136 -1723073393
81.307 129 -1723073393
81.333 126 -1723073393
81.360 126 -1723073393
81.387 129 -1723073393
81.413 137 -1723073393
81.440 148 -1723073393
81.467 157 -1723073393
81.493 168 -1723073393
81.520 181 -1723073393
81.547 194 -1723073393
81.573 208 -1723073393
81.600 225 -1723073393
81.627 243 -1723073393
81.653 259 -1723073393
81.680 277 -1723073393
81.707 294 -1723073393
81.733 304 -1723073393
81.760 311 -1723073393
81.787 317 -1723073393
81.813 320 -1723073393
81.840 320 -1723073393
81.867 317 -1723073393
81.893 310 -1723073393
81.920 303 -1723073393
81.947 299 -1723073393
81.973 293 -1723073393
82.000 288 -1723073393
82.027 283 -1723073393
82.053 278 -1723073393
82.080 271 -1723073393
82.107 267 -1723073393
82.133 265 -1723073393
82.160 264 -1723073393
82.187 260 -1723073393
82.213 258 -1723073393
82.240 252 -1723073393
82.267 243 -1723073393
82.293 237 -1723073393
82.320 236 -1723073393
82.347 237 -1723073393
82.373 241 -1723073393
82.400 247 -1723073393
82.427 252 -1723073393
82.453 257 -1723073393
82.480 264 -1723073393
82.507 273 -1723073393
82.533 281 -1723073393
82.560 291 -1723073393
82.587 299 -1723073393
82.613 309 -1723073393
82.640 318 -1723073393
82.667 320 -1723073393
82.693 317 -1723073393
82.720 311 -1723073393
82.747 306 -1723073393
82.773 301 -1723073393
82.800 293 -1723073393
82.827 287 -1723073393
82.853 280 -1723073393
82.880 271 -1723073393
82.907 259 -1723073393
82.933 243 -1723073393
82.960 232 -1723073393
82.987 223 -1723073393
83.013 216 -1723073393
83.040 207 -1723073393
83.067 199 -1723073393
83.093 186 -1723073393
83.120 176 -1723073393
83.147 172 -1723073393
83.173 170 -1723073393
83.200 171 -1723073393
83.227 176 -1723073393
83.253 183 -1723073393
83.280 187 -1723073393
83.307 193 -1723073393
83.333 200 -1723073393
83.360 203 -1723073393
83.387 205 -1723073393
83.413 209 -1723073393
83.440 212 -1723073393
83.467 218 -1723073393
83.493 229 -1723073393
83.520 235 -1723073393
83.547 235 -1723073393
83.573 235 -1723073393
83.600 234 -1723073393
83.627 230 -1723073393
83.653 226 -1723073393
83.680 217 -1723073393
83.707 206 -1723073393
83.733 202 -1723073393
83.760 205 -1723073393
83.787 209 -1723073393
83.813 215 -1723073393
83.840 222 -1723073393
83.867 230 -1723073393
83.893 237 -1723073393
83.920 242 -1723073393
83.947 246 -1723073393
83.973 252 -1723073393
84.000 259 -1723073393
84.027 265 -1723073393
84.053 273 -1723073393
84.080 277 -1723073393
84.107 275 -1723073393
84.133 274 -1723073393
84.160 274 -1723073393
84.187 269 -1723073393
84.213 265 -1723073393
84.240 261 -1723073393
84.267 250 -1723073393
84.293 241 -1723073393
84.320 237 -1723073393
84.347 234 -1723073393
84.373 231 -1723073393
84.400 231 -1723073393
84.427 231 -1723073393
84.453 231 -1723073393
84.480 233 -1723073393
84.507 230 -1723073393
84.533 227 -1723073393
84.560 224 -1723073393
84.587 217 -1723073393
84.613 210 -1723073393
84.640 206 -1723073393
84.667 195 -1723073393
84.693 185 -1723073393
84.720 179 -1723073393
84.747 175 -1723073393
84.773 169 -1723073393
84.800 169 -1723073393
84.827 167 -1723073393
84.853 160 -1723073393
84.880 158 -1723073393
84.907 160 -1723073393
84.933 160 -1723073393
84.960 161 -1723073393
84.987 163 -1723073393
85.013 165 -1723073393
85.040 172 -1723073393
85.067 185 -1723073393
85.093 195 -1723073393
85.120 201 -1723073393
85.147 206 -1723073393
85.173 211 -1723073393
85.200 216 -1723073393
85.227 220 -1723073393
85.253 223 -1723073393
85.280 222 -1723073393
85.307 221 -1723073393
85.333 220 -1723073393
85.360 219 -1723073393
85.387 220 -1723073393
85.413 222 -1723073393
85.440 225 -1723073393
85.467 235 -1723073393
85.493 244 -1723073393
85.520 247 -1723073393
85.547 256 -1723073393
85.573 264 -1723073393
85.600 263 -1723073393
85.627 269 -1723073393
85.653 275 -1723073393
85.680 276 -1723073393
85.707 282 -1723073393
85.733 284 -1723073393
85.760 275 -1723073393
85.787 271 -1723073393
85.813 270 -1723073393
85.840 259 -1723073393
85.867 253 -1723073393
85.893 250 -1723073393
85.920 242 -1723073393
85.947 239 -1723073393
85.973 240 -1723073393
86.000 233 -1723073393
86.027 226 -1723073393
86.053 224 -1723073393
86.080 216 -1723073393
86.107 214 -1723073393
86.133 219 -1723073393
86.160 215 -1723073393
86.187 212 -1723073393
86.213 216 -1723073393
86.240 212 -1723073393
86.267 203 -1723073393
86.293 200 -1723073393
86.320 198 -1723073393
86.347 196 -1723073393
86.373 197 -1723073393
86.400 194 -1723073393
86.427 190 -1723073393
86.453 194 -1723073393
86.480 195 -1723073393
86.507 192 -1723073393
86.533 193 -1723073393
86.560 188 -1723073393
86.587 177 -1723073393
86.613 172 -1723073393
86.640 166 -1723073393
86.667 163 -1723073393
86.693 169 -1723073393
86.720 176 -1723073393
86.747 176 -1723073393
86.773 185 -1723073393
86.800 191 -1723073393
86.827 189 -1723073393
86.853 196 -1723073393
86.880 201 -1723073393
86.907 198 -1723073393
86.933 203 -1723073393
86.960 209 -1723073393
86.987 207 -1723073393
87.013 210 -1723073393
87.040 215 -1723073393
87.067 218 -1723073393
87.093 227 -1723073393
87.120 237 -1723073393
87.147 235 -1723073393
87.173 237 -1723073393
87.200 239 -1723073393
87.227 233 -1723073393
87.253 230 -1723073393
87.280 230 -1723073393
87.307 225 -1723073393
87.333 230 -1723073393
87.360 237 -1723073393
87.387 231 -1723073393
87.413 228 -1723073393
87.440 231 -1723073393
87.467 233 -1723073393
87.493 241 -1723073393
87.520 251 -1723073393
87.547 249 -1723073393
87.573 247 -1723073393
87.600 248 -1723073393
87.627 245 -1723073393
87.653 243 -1723073393
87.680 243 -1723073393
87.707 234 -1723073393
87.733 228 -1723073393
87.760 230 -1723073393
87.787 228 -1723073393
87.813 225 -1723073393
87.840 222 -1723073393
87.867 210 -1723073393
87.893 205 -1723073393
87.920 206 -1723073393
87.947 201 -1723073393
87.973 200 -1723073393
88.000 200 -1723073393
88.027 195 -1723073393
88.053 196 -1723073393
88.080 204 -1723073393
88.107 207 -1723073393
88.133 211 -1723073393
88.160 219 -1723073393
88.187 222 -1723073393
88.213 227 -1723073393
88.240 234 -1723073393
88.267 233 -1723073393
88.293 233 -1723073393
88.320 232 -1723073393
88.347 225 -1723073393
88.373 217 -1723073393
88.400 210 -1723073393
88.427 199 -1723073393
88.453 190 -1723073393
88.480 184 -1723073393
88.507 173 -1723073393
88.533 166 -1723073393
88.560 160 -1723073393
88.587 145 -1723073393
88.613 130 -1723073393
88.640 119 -1723073393
88.667 106 -1723073393
88.693 99 -1723073393
88.720 95 -1723073393
88.747 90 -1723073393
88.773 92 -1723073393
88.800 95 -1723073393
88.827 95 -1723073393
88.853 104 -1723073393
88.880 119 -1723073393
88.907 127 -1723073393
88.933 133 -1723073393
88.960 140 -1723073393
88.987 146 -1723073393
89.013 154 -1723073393
89.040 161 -1723073393
89.067 167 -1723073393
89.093 178 -1723073393
89.120 193 -1723073393
89.147 201 -1723073393
89.173 210 -1723073393
89.200 218 -1723073393
89.227 221 -1723073393
89.253 224 -1723073393
89.280 223 -1723073393
89.307 216 -1723073393
89.333 216 -1723073393
89.360 216 -1723073393
89.387 212 -1723073393
89.413 210 -1723073393
89.440 205 -1723073393
89.467 200 -1723073393
89.493 199 -1723073393
89.520 191 -1723073393
89.547 181 -1723073393
89.573 170 -1723073393
89.600 157 -1723073393
89.627 146 -1723073393
89.653 141 -1723073393
89.680 131 -1723073393
89.707 120 -1723073393
89.733 113 -1723073393
89.760 108 -1723073393
89.787 111 -1723073393
89.813 115 -1723073393
89.840 115 -1723073393
89.867 117 -1723073393
89.893 120 -1723073393
89.920 125 -1723073393
89.947 136 -1723073393
89.973 148 -1723073393
90.000 156 -1723073393
90.027 164 -1723073393
90.053 168 -1723073393
90.080 163 -1723073393
90.107 163 -1723073393
90.133 165 -1723073393
90.160 161 -1723073393
90.187 159 -1723073393
90.213 157 -1723073393
90.240 151 -1723073393
90.267 148 -1723073393
90.293 145 -1723073393
90.320 137 -1723073393
90.347 139 -1723073393
90.373 139 -1723073393
90.400 132 -1723073393
90.427 132 -1723073393
90.453 131 -1723073393
90.480 129 -1723073393
90.507 132 -1723073393
90.533 131 -1723073393
90.560 132 -1723073393
90.587 140 -1723073393
90.613 145 -1723073393
90.640 154 -1723073393
90.667 166 -1723073393
90.693 175 -1723073393
90.720 192 -1723073393
90.747 210 -1723073393
90.773 227 -1723073393
90.800 242 -1723073393
90.827 259 -1723073393
90.853 276 -1723073393
90.880 291 -1723073393
90.907 302 -1723073393
90.933 310 -1723073393
90.960 318 -1723073393
90.987 324 -1723073393
91.013 335 -1723073393
91.040 347 -1723073393
91.067 352 -1723073393
91.093 355 -1723073393
91.120 358 -1723073393
91.147 357 -1723073393
91.173 358 -1723073393
91.200 359 -1723073393
91.227 359 -1723073393
91.253 362 -1723073393
91.280 360 -1723073393
91.307 357 -1723073393
91.333 359 -1723073393
91.360 350 -1723073393
91.387 334 -1723073393
91.413 319 -1723073393
91.440 305 -1723073393
91.467 293 -1723073393
91.493 285 -1723073393
91.520 275 -1723073393
91.547 268 -1723073393
91.573 267 -1723073393
91.600 270 -1723073393
91.627 281 -1723073393
91.653 286 -1723073393
91.680 290 -1723073393
91.707 302 -1723073393
91.733 312 -1723073393
91.760 321 -1723073393
91.787 334 -1723073393
91.813 343 -1723073393
91.840 352 -1723073393
91.867 367 -1723073393
91.893 378 -1723073393
91.920 385 -1723073393
91.947 391 -1723073393
91.973 391 -1723073393
92.000 386 -1723073393
92.027 381 -1723073393
92.053 376 -1723073393
92.080 373 -1723073393
92.107 365 -1723073393
92.133 354 -1723073393
92.160 350 -1723073393
92.187 342 -1723073393
92.213 332 -1723073393
92.240 324 -1723073393
92.267 314 -1723073393
92.293 308 -1723073393
92.320 305 -1723073393
92.347 296 -1723073393
92.373 291 -1723073393
92.400 294 -1723073393
92.427 294 -1723073393
92.453 300 -1723073393
92.480 307 -1723073393
92.507 313 -1723073393
92.533 325 -1723073393
92.560 333 -1723073393
92.587 340 -1723073393
92.613 351 -1723073393
92.640 356 -1723073393
92.667 364 -1723073393
92.693 371 -1723073393
92.720 375 -1723073393
92.747 385 -1723073393
92.773 388 -1723073393
92.800 391 -1723073393
92.827 399 -1723073393
92.853 403 -1723073393
92.880 405 -1723073393
92.907 403 -1723073393
92.933 392 -1723073393
92.960 389 -1723073393
92.987 385 -1723073393
93.013 375 -1723073393
93.040 372 -1723073393
93.067 364 -1723073393
93.093 356 -1723073393
93.120 357 -1723073393
93.147 348 -1723073393
93.173 342 -1723073393
93.200 343 -1723073393
93.227 338 -1723073393
93.253 342 -1723073393
93.280 343 -1723073393
93.307 337 -1723073393
93.333 337 -1723073393
93.360 333 -1723073393
93.387 334 -1723073393
93.413 341 -1723073393
93.440 340 -1723073393
93.467 344 -1723073393
93.493 346 -1723073393
93.520 344 -1723073393
93.547 354 -1723073393
93.573 361 -1723073393
93.600 365 -1723073393
93.627 372 -1723073393
93.653 375 -1723073393
93.680 379 -1723073393
93.707 378 -1723073393
93.733 375 -1723073393
93.760 379 -1723073393
93.787 378 -1723073393
93.813 376 -1723073393
93.840 374 -1723073393
93.867 364 -1723073393
93.893 351 -1723073393
93.920 336 -1723073393
93.947 322 -1723073393
93.973 317 -1723073393
94.000 303 -1723073393
94.027 288 -1723073393
94.053 285 -1723073393
94.080 279 -1723073393
94.107 279 -1723073393
94.133 281 -1723073393
94.160 281 -1723073393
94.187 289 -1723073393
94.213 298 -1723073393
94.240 308 -1723073393
94.267 314 -1723073393
94.293 316 -1723073393
94.320 320 -1723073393
94.347 324 -1723073393
94.373 327 -1723073393
94.400 333 -1723073393
94.427 335 -1723073393
94.453 346 -1723073393
94.480 358 -1723073393
94.507 359 -1723073393
94.533 364 -1723073393
94.560 362 -1723073393
94.587 358 -1723073393
94.613 364 -1723073393
94.640 363 -1723073393
94.667 368 -1723073393
94.693 376 -1723073393
94.720 377 -1723073393
94.747 377 -1723073393
94.773 367 -1723073393
94.800 361 -1723073393
94.827 358 -1723073393
94.853 343 -1723073393
94.880 331 -1723073393
94.907 320 -1723073393
94.933 315 -1723073393
94.960 315 -1723073393
94.987 311 -1723073393
95.013 308 -1723073393
95.040 301 -1723073393
95.067 295 -1723073393
95.093 291 -1723073393
95.120 284 -1723073393
95.147 285 -1723073393
95.173 285 -1723073393
95.200 283 -1723073393
95.227 281 -1723073393
95.253 273 -1723073393
95.280 271 -1723073393
95.307 269 -1723073393
95.333 262 -1723073393
95.360 268 -1723073393
95.387 270 -1723073393
95.413 271 -1723073393
95.440 271 -1723073393
95.467 265 -1723073393
95.493 262 -1723073393
95.520 255 -1723073393
95.547 245 -1723073393
95.573 232 -1723073393
95.600 224 -1723073393
95.627 215 -1723073393
95.653 201 -1723073393
95.680 191 -1723073393
95.707 179 -1723073393
95.733 162 -1723073393
95.760 152 -1723073393
95.787 143 -1723073393
95.813 138 -1723073393
95.840 135 -1723073393
95.867 132 -1723073393
95.893 138 -1723073393
95.920 141 -1723073393
95.947 141 -1723073393
95.973 140 -1723073393
96.000 134 -1723073393
96.027 139 -1723073393
96.053 147 -1723073393
96.080 159 -1723073393
96.107 175 -1723073393
96.133 183 -1723073393
96.160 187 -1723073393
96.187 190 -1723073393
96.213 200 -1723073393
96.240 208 -1723073393
96.267 209 -1723073393
96.293 214 -1723073393
96.320 211 -1723073393
96.347 207 -1723073393
96.373 202 -1723073393
96.400 194 -1723073393
96.427 187 -1723073393
96.453 178 -1723073393
96.480 175 -1723073393
96.507 163 -1723073393
96.533 152 -1723073393
96.560 144 -1723073393
96.587 130 -1723073393
96.613 126 -1723073393
96.640 120 -1723073393
96.667 116 -1723073393
96.693 108 -1723073393
96.720 91 -1723073393
96.747 86 -1723073393
96.773 84 -1723073393
96.800 89 -1723073393
96.827 90 -1723073393
96.853 89 -1723073393
96.880 93 -1723073393
96.907 90 -1723073393
96.933 90 -1723073393
96.960 87 -1723073393
96.987 86 -1723073393
97.013 88 -1723073393
97.040 90 -1723073393
97.067 95 -1723073393
97.093 95 -1723073393
97.120 100 -1723073393
97.147 99 -1723073393
97.173 96 -1723073393
97.200 89 -1723073393
97.227 83 -1723073393
97.253 84 -1723073393
97.280 84 -1723073393
97.307 83 -1723073393
97.333 74 -1723073393
97.360 69 -1723073393
97.387 67 -1723073393
97.413 59 -1723073393
97.440 59 -1723073393
97.467 58 -1723073393
97.493 63 -1723073393
97.520 60 -1723073393
97.547 53 -1723073393
97.573 49 -1723073393
97.600 51 -1723073393
97.627 57 -1723073393
97.653 54 -1723073393
97.680 55 -1723073393
97.707 57 -1723073393
97.733 64 -1723073393
97.760 65 -1723073393
97.787 62 -1723073393
97.813 69 -1723073393
97.840 65 -1723073393
97.867 64 -1723073393
97.893 68 -1723073393
97.920 79 -1723073393
97.947 88 -1723073393
97.973 90 -1723073393
98.000 96 -1723073393
98.027 93 -1723073393
98.053 95 -1723073393
98.080 95 -1723073393
98.107 99 -1723073393
98.133 102 -1723073393
98.160 95 -1723073393
98.187 90 -1723073393
98.213 89 -1723073393
98.240 98 -1723073393
98.267 99 -1723073393
98.293 103 -1723073393
98.320 99 -1723073393
98.347 101 -1723073393
98.373 97 -1723073393
98.400 91 -1723073393
98.427 84 -1723073393
98.453 75 -1723073393
98.480 71 -1723073393
98.507 63 -1723073393
98.533 58 -1723073393
98.560 53 -1723073393
98.587 60 -1723073393
98.613 55 -1723073393
98.640 42 -1723073393
98.667 26 -1723073393
98.693 13 -1723073393
98.720 6 -1723073393
98.747 7 -1723073393
98.773 13 -1723073393
98.800 24 -1723073393
98.827 36 -1723073393
98.853 39 -1723073393
98.880 43 -1723073393
98.907 40 -1723073393
98.933 44 -1723073393
98.960 39 -1723073393
98.987 36 -1723073393
99.013 37 -1723073393
99.040 33 -1723073393
99.067 36 -1723073393
99.093 26 -1723073393
99.120 24 -1723073393
99.147 16 -1723073393
99.173 17 -1723073393
99.200 8 -1723073393
99.227 -1 -1723073393
99.253 -18 -1723073393
99.280 -27 -1723073393
99.307 -35 -1723073393
99.333 -36 -1723073393
99.360 -45 -1723073393
99.387 -46 -1723073393
99.413 -49 -1723073393
99.440 -46 -1723073393
99.467 -47 -1723073393
99.493 -46 -1723073393
99.520 -42 -1723073393
99.547 -37 -1723073393
99.573 -36 -1723073393
99.600 -37 -1723073393
99.627 -34 -1723073393
99.653 -31 -1723073393
99.680 -23 -1723073393
99.707 -20 -1723073393
99.733 -21 -1723073393
99.760 -21 -1723073393
99.787 -11 -1723073393
99.813 -5 -1723073393
99.840 -2 -1723073393
99.867 7 -1723073393
99.893 21 -1723073393
99.920 29 -1723073393
99.947 37 -1723073393
99.973 41 -1723073393
100.000 0 -1723073393
