0.000 19 -1723073393
0.027 14 -1723073393
0.053 16 -1723073393
0.080 12 -1723073393
0.107 6 -1723073393
0.133 11 -1723073393
0.160 8 -1723073393
0.187 7 -1723073393
0.213 12 -1723073393
0.240 12 -1723073393
0.267 14 -1723073393
0.293 13 -1723073393
0.320 8 -1723073393
0.347 13 -1723073393
0.373 11 -1723073393
0.400 13 -1723073393
0.427 21 -1723073393
0.453 18 -1723073393
0.480 16 -1723073393
0.507 12 -1723073393
0.533 6 -1723073393
0.560 11 -1723073393
0.587 12 -1723073393
0.613 14 -1723073393
0.640 20 -1723073393
0.667 16 -1723073393
0.693 17 -1723073393
0.720 14 -1723073393
0.747 3 -1723073393
0.773 4 -1723073393
0.800 1 -1723073393
0.827 -2 -1723073393
0.853 5 -1723073393
0.880 5 -1723073393
0.907 11 -1723073393
0.933 17 -1723073393
0.960 16 -1723073393
0.987 19 -1723073393
1.013 17 -1723073393
1.040 11 -1723073393
1.067 12 -1723073393
1.093 9 -1723073393
1.120 7 -1723073393
1.147 7 -1723073393
1.173 0 -1723073393
1.200 -5 -1723073393
1.227 -8 -1723073393
1.253 -13 -1723073393
1.280 -8 -1723073393
1.307 -11 -1723073393
1.333 -12 -1723073393
1.360 -5 -1723073393
1.387 -1 -1723073393
1.413 1 -1723073393
1.440 0 -1723073393
1.467 -4 -1723073393
1.493 0 -1723073393
1.520 -1 -1723073393
1.547 -4 -1723073393
1.573 0 -1723073393
1.600 -2 -1723073393
1.627 -2 -1723073393
1.653 0 -1723073393
1.680 -1 -1723073393
1.707 0 -1723073393
1.733 -2 -1723073393
1.760 -8 -1723073393
1.787 -8 -1723073393
1.813 -15 -1723073393
1.840 -18 -1723073393
1.867 -15 -1723073393
1.893 -16 -1723073393
1.920 -13 -1723073393
1.947 -16 -1723073393
1.973 -21 -1723073393
2.000 -14 -1723073393
2.027 -11 -1723073393
2.053 -12 -1723073393
2.080 -10 -1723073393
2.107 -12 -1723073393
2.133 -10 -1723073393
2.160 -9 -1723073393
2.187 -18 -1723073393
2.213 -19 -1723073393
2.240 -22 -1723073393
2.267 -23 -1723073393
2.293 -16 -1723073393
2.320 -15 -1723073393
2.347 -14 -1723073393
2.373 -12 -1723073393
2.400 -13 -1723073393
2.427 -8 -1723073393
2.453 -9 -1723073393
2.480 -10 -1723073393
2.507 -6 -1723073393
2.533 -13 -1723073393
2.560 -15 -1723073393
2.587 -14 -1723073393
2.613 -20 -1723073393
2.640 -19 -1723073393
2.667 -20 -1723073393
2.693 -27 -1723073393
2.720 -24 -1723073393
2.747 -22 -1723073393
2.773 -22 -1723073393
2.800 -17 -1723073393
2.827 -15 -1723073393
2.853 -8 -1723073393
2.880 -7 -1723073393
2.907 -16 -1723073393
2.933 -14 -1723073393
2.960 -16 -1723073393
2.987 -23 -1723073393
3.013 -29 -1723073393
3.040 -40 -1723073393
3.067 -38 -1723073393
3.093 -32 -1723073393
3.120 -38 -1723073393
3.147 -34 -1723073393
3.173 -31 -1723073393
3.200 -36 -1723073393
3.227 -31 -1723073393
3.253 -29 -1723073393
3.280 -27 -1723073393
3.307 -20 -1723073393
3.333 -24 -1723073393
3.360 -25 -1723073393
3.387 -25 -1723073393
3.413 -35 -1723073393
3.440 -35 -1723073393
3.467 -32 -1723073393
3.493 -30 -1723073393
3.520 -23 -1723073393
3.547 -22 -1723073393
3.573 -22 -1723073393
3.600 -20 -1723073393
3.627 -28 -1723073393
3.653 -31 -1723073393
3.680 -30 -1723073393
3.707 -33 -1723073393
3.733 -28 -1723073393
3.760 -31 -1723073393
3.787 -34 -1723073393
3.813 -30 -1723073393
3.840 -32 -1723073393
3.867 -32 -1723073393
3.893 -32 -1723073393
3.920 -39 -1723073393
3.947 -35 -1723073393
3.973 -36 -1723073393
4.000 -35 -1723073393
4.027 -26 -1723073393
4.053 -30 -1723073393
4.080 -29 -1723073393
4.107 -24 -1723073393
4.133 -27 -1723073393
4.160 -25 -1723073393
4.187 -28 -1723073393
4.213 -34 -1723073393
4.240 -30 -1723073393
4.267 -30 -1723073393
4.293 -27 -1723073393
4.320 -18 -1723073393
4.347 -20 -1723073393
4.373 -20 -1723073393
4.400 -18 -1723073393
4.427 -21 -1723073393
4.453 -22 -1723073393
4.480 -27 -1723073393
4.507 -32 -1723073393
4.533 -28 -1723073393
4.560 -26 -1723073393
4.587 -18 -1723073393
4.613 -13 -1723073393
4.640 -19 -1723073393
4.667 -21 -1723073393
4.693 -21 -1723073393
4.720 -26 -1723073393
4.747 -24 -1723073393
4.773 -21 -1723073393
4.800 -22 -1723073393
4.827 -20 -1723073393
4.853 -22 -1723073393
4.880 -18 -1723073393
4.907 -15 -1723073393
4.933 -22 -1723073393
4.960 -27 -1723073393
4.987 -33 -1723073393
5.013 -40 -1723073393
5.040 -37 -1723073393
5.067 -33 -1723073393
5.093 -27 -1723073393
5.120 -19 -1723073393
5.147 -19 -1723073393
5.173 -16 -1723073393
5.200 -11 -1723073393
5.227 -9 -1723073393
5.253 -5 -1723073393
5.280 -9 -1723073393
5.307 -13 -1723073393
5.333 -13 -1723073393
5.360 -22 -1723073393
5.387 -20 -1723073393
5.413 -16 -1723073393
5.440 -14 -1723073393
5.467 -6 -1723073393
5.493 -7 -1723073393
5.520 -8 -1723073393
5.547 -5 -1723073393
5.573 -8 -1723073393
5.600 -2 -1723073393
5.627 8 -1723073393
5.653 8 -1723073393
5.680 4 -1723073393
5.707 -4 -1723073393
5.733 -14 -1723073393
5.760 -10 -1723073393
5.787 -6 -1723073393
5.813 -2 -1723073393
5.840 1 -1723073393
5.867 -1 -1723073393
5.893 -4 -1723073393
5.920 0 -1723073393
5.947 -2 -1723073393
5.973 -2 -1723073393
6.000 -8 -1723073393
6.027 -17 -1723073393
6.053 -21 -1723073393
6.080 -26 -1723073393
6.107 -24 -1723073393
6.133 -16 -1723073393
6.160 -17 -1723073393
6.187 -17 -1723073393
6.213 -16 -1723073393
6.240 -17 -1723073393
6.267 -6 -1723073393
6.293 -3 -1723073393
6.320 -7 -1723073393
6.347 -6 -1723073393
6.373 -11 -1723073393
6.400 -13 -1723073393
6.427 -13 -1723073393
6.453 -20 -1723073393
6.480 -18 -1723073393
6.507 -13 -1723073393
6.533 -13 -1723073393
6.560 -10 -1723073393
6.587 -11 -1723073393
6.613 -15 -1723073393
6.640 -10 -1723073393
6.667 -9 -1723073393
6.693 -6 -1723073393
6.720 1 -1723073393
6.747 -2 -1723073393
6.773 -3 -1723073393
6.800 -3 -1723073393
6.827 -8 -1723073393
6.853 -6 -1723073393
6.880 -8 -1723073393
6.907 -12 -1723073393
6.933 -10 -1723073393
6.960 -21 -1723073393
6.987 -28 -1723073393
7.013 -30 -1723073393
7.040 -40 -1723073393
7.067 -38 -1723073393
7.093 -34 -1723073393
7.120 -34 -1723073393
7.147 -26 -1723073393
7.173 -24 -1723073393
7.200 -22 -1723073393
7.227 -16 -1723073393
7.253 -19 -1723073393
7.280 -16 -1723073393
7.307 -14 -1723073393
7.333 -15 -1723073393
7.360 -1 -1723073393
7.387 7 -1723073393
7.413 3 -1723073393
7.440 3 -1723073393
7.467 -3 -1723073393
7.493 -13 -1723073393
7.520 -17 -1723073393
7.547 -29 -1723073393
7.573 -37 -1723073393
7.600 -37 -1723073393
7.627 -37 -1723073393
7.653 -31 -1723073393
7.680 -27 -1723073393
7.707 -29 -1723073393
7.733 -26 -1723073393
7.760 -30 -1723073393
7.787 -36 -1723073393
7.813 -34 -1723073393
7.840 -35 -1723073393
7.867 -31 -1723073393
7.893 -28 -1723073393
7.920 -33 -1723073393
7.947 -32 -1723073393
7.973 -31 -1723073393
8.000 -37 -1723073393
8.027 -34 -1723073393
8.053 -32 -1723073393
8.080 -34 -1723073393
8.107 -32 -1723073393
8.133 -35 -1723073393
8.160 -31 -1723073393
8.187 -23 -1723073393
8.213 -29 -1723073393
8.240 -33 -1723073393
8.267 -38 -1723073393
8.293 -43 -1723073393
8.320 -36 -1723073393
8.347 -34 -1723073393
8.373 -29 -1723073393
8.400 -15 -1723073393
8.427 -13 -1723073393
8.453 -12 -1723073393
8.480 -7 -1723073393
8.507 -15 -1723073393
8.533 -19 -1723073393
8.560 -16 -1723073393
8.587 -19 -1723073393
8.613 -16 -1723073393
8.640 -12 -1723073393
8.667 -12 -1723073393
8.693 -3 -1723073393
8.720 -1 -1723073393
8.747 -2 -1723073393
8.773 -2 -1723073393
8.800 -12 -1723073393
8.827 -17 -1723073393
8.853 -15 -1723073393
8.880 -19 -1723073393
8.907 -17 -1723073393
8.933 -15 -1723073393
8.960 -23 -1723073393
8.987 -24 -1723073393
9.013 -25 -1723073393
9.040 -29 -1723073393
9.067 -27 -1723073393
9.093 -29 -1723073393
9.120 -32 -1723073393
9.147 -30 -1723073393
9.173 -36 -1723073393
9.200 -38 -1723073393
9.227 -36 -1723073393
9.253 -39 -1723073393
9.280 -32 -1723073393
9.307 -29 -1723073393
9.333 -30 -1723073393
9.360 -26 -1723073393
9.387 -28 -1723073393
9.413 -30 -1723073393
9.440 -28 -1723073393
9.467 -33 -1723073393
9.493 -30 -1723073393
9.520 -22 -1723073393
9.547 -27 -1723073393
9.573 -25 -1723073393
9.600 -24 -1723073393
9.627 -29 -1723073393
9.653 -30 -1723073393
9.680 -39 -1723073393
9.707 -51 -1723073393
9.733 -50 -1723073393
9.760 -52 -1723073393
9.787 -59 -1723073393
9.813 -59 -1723073393
9.840 -58 -1723073393
9.867 -51 -1723073393
9.893 -50 -1723073393
9.920 -54 -1723073393
9.947 -51 -1723073393
9.973 -49 -1723073393
10.000 -51 -1723073393
10.027 -44 -1723073393
10.053 -43 -1723073393
10.080 -38 -1723073393
10.107 -28 -1723073393
10.133 -29 -1723073393
10.160 -28 -1723073393
10.187 -21 -1723073393
10.213 -18 -1723073393
10.240 -9 -1723073393
10.267 -4 -1723073393
10.293 -4 -1723073393
10.320 9 -1723073393
10.347 23 -1723073393
10.373 34 -1723073393
10.400 53 -1723073393
10.427 68 -1723073393
10.453 87 -1723073393
10.480 107 -1723073393
10.507 118 -1723073393
10.533 131 -1723073393
10.560 144 -1723073393
10.587 155 -1723073393
10.613 168 -1723073393
10.640 172 -1723073393
10.667 173 -1723073393
10.693 175 -1723073393
10.720 166 -1723073393
10.747 153 -1723073393
10.773 143 -1723073393
10.800 127 -1723073393
10.827 110 -1723073393
10.853 94 -1723073393
10.880 71 -1723073393
10.907 49 -1723073393
10.933 21 -1723073393
10.960 -6 -1723073393
10.987 -23 -1723073393
11.013 -39 -1723073393
11.040 -55 -1723073393
11.067 -61 -1723073393
11.093 -69 -1723073393
11.120 -77 -1723073393
11.147 -78 -1723073393
11.173 -83 -1723073393
11.200 -89 -1723073393
11.227 -90 -1723073393
11.253 -95 -1723073393
11.280 -92 -1723073393
11.307 -90 -1723073393
11.333 -93 -1723073393
11.360 -92 -1723073393
11.387 -91 -1723073393
11.413 -97 -1723073393
11.440 -98 -1723073393
11.467 -102 -1723073393
11.493 -109 -1723073393
11.520 -107 -1723073393
11.547 -110 -1723073393
11.573 -110 -1723073393
11.600 -103 -1723073393
11.627 -99 -1723073393
11.653 -93 -1723073393
11.680 -92 -1723073393
11.707 -91 -1723073393
11.733 -80 -1723073393
11.760 -73 -1723073393
11.787 -67 -1723073393
11.813 -53 -1723073393
11.840 -39 -1723073393
11.867 -25 -1723073393
11.893 -8 -1723073393
11.920 3 -1723073393
11.947 20 -1723073393
11.973 38 -1723073393
12.000 55 -1723073393
12.027 71 -1723073393
12.053 86 -1723073393
12.080 97 -1723073393
12.107 110 -1723073393
12.133 117 -1723073393
12.160 125 -1723073393
12.187 142 -1723073393
12.213 158 -1723073393
12.240 174 -1723073393
12.267 188 -1723073393
12.293 195 -1723073393
12.320 206 -1723073393
12.347 219 -1723073393
12.373 229 -1723073393
12.400 246 -1723073393
12.427 266 -1723073393
12.453 278 -1723073393
12.480 290 -1723073393
12.507 292 -1723073393
12.533 283 -1723073393
12.560 276 -1723073393
12.587 264 -1723073393
12.613 243 -1723073393
12.640 218 -1723073393
12.667 191 -1723073393
12.693 168 -1723073393
12.720 143 -1723073393
12.747 110 -1723073393
12.773 82 -1723073393
12.800 55 -1723073393
12.827 21 -1723073393
12.853 -9 -1723073393
12.880 -39 -1723073393
12.907 -69 -1723073393
12.933 -88 -1723073393
12.960 -106 -1723073393
12.987 -130 -1723073393
13.013 -148 -1723073393
13.040 -166 -1723073393
13.067 -178 -1723073393
13.093 -181 -1723073393
13.120 -184 -1723073393
13.147 -188 -1723073393
13.173 -189 -1723073393
13.200 -191 -1723073393
13.227 -187 -1723073393
13.253 -178 -1723073393
13.280 -175 -1723073393
13.307 -169 -1723073393
13.333 -158 -1723073393
13.360 -151 -1723073393
13.387 -139 -1723073393
13.413 -127 -1723073393
13.440 -113 -1723073393
13.467 -96 -1723073393
13.493 -83 -1723073393
13.520 -70 -1723073393
13.547 -52 -1723073393
13.573 -37 -1723073393
13.600 -22 -1723073393
13.627 -8 -1723073393
13.653 4 -1723073393
13.680 19 -1723073393
13.707 35 -1723073393
13.733 50 -1723073393
13.760 64 -1723073393
13.787 73 -1723073393
13.813 77 -1723073393
13.840 76 -1723073393
13.867 69 -1723073393
13.893 58 -1723073393
13.920 42 -1723073393
13.947 19 -1723073393
13.973 -3 -1723073393
14.000 -32 -1723073393
14.027 -67 -1723073393
14.053 -102 -1723073393
14.080 -138 -1723073393
14.107 -178 -1723073393
14.133 -214 -1723073393
14.160 -246 -1723073393
14.187 -278 -1723073393
14.213 -305 -1723073393
14.240 -327 -1723073393
14.267 -348 -1723073393
14.293 -359 -1723073393
14.320 -365 -1723073393
14.347 -375 -1723073393
14.373 -377 -1723073393
14.400 -377 -1723073393
14.427 -380 -1723073393
14.453 -374 -1723073393
14.480 -374 -1723073393
14.507 -374 -1723073393
14.533 -362 -1723073393
14.560 -360 -1723073393
14.587 -361 -1723073393
14.613 -359 -1723073393
14.640 -369 -1723073393
14.667 -380 -1723073393
14.693 -385 -1723073393
14.720 -398 -1723073393
14.747 -407 -1723073393
14.773 -413 -1723073393
14.800 -424 -1723073393
14.827 -426 -1723073393
14.853 -430 -1723073393
14.880 -442 -1723073393
14.907 -444 -1723073393
14.933 -448 -1723073393
14.960 -453 -1723073393
14.987 -444 -1723073393
15.013 -435 -1723073393
15.040 -426 -1723073393
15.067 -409 -1723073393
15.093 -401 -1723073393
15.120 -398 -1723073393
15.147 -390 -1723073393
15.173 -388 -1723073393
15.200 -381 -1723073393
15.227 -370 -1723073393
15.253 -370 -1723073393
15.280 -368 -1723073393
15.307 -367 -1723073393
15.333 -378 -1723073393
15.360 -386 -1723073393
15.387 -402 -1723073393
15.413 -424 -1723073393
15.440 -438 -1723073393
15.467 -461 -1723073393
15.493 -490 -1723073393
15.520 -511 -1723073393
15.547 -542 -1723073393
15.573 -577 -1723073393
15.600 -600 -1723073393
15.627 -624 -1723073393
15.653 -645 -1723073393
15.680 -659 -1723073393
15.707 -686 -1723073393
15.733 -706 -1723073393
15.760 -717 -1723073393
15.787 -744 -1723073393
15.813 -764 -1723073393
15.840 -777 -1723073393
15.867 -802 -1723073393
15.893 -815 -1723073393
15.920 -826 -1723073393
15.947 -856 -1723073393
15.973 -874 -1723073393
16.000 -891 -1723073393
16.027 -926 -1723073393
16.053 -947 -1723073393
16.080 -974 -1723073393
16.107 -1014 -1723073393
16.133 -1029 -1723073393
16.160 -1048 -1723073393
16.187 -1065 -1723073393
16.213 -1061 -1723073393
16.240 -1063 -1723073393
16.267 -1048 -1723073393
16.293 -996 -1723073393
16.320 -943 -1723073393
16.347 -852 -1723073393
16.373 -711 -1723073393
16.400 -552 -1723073393
16.427 -333 -1723073393
16.453 -48 -1723073393
16.480 269 -1723073393
16.507 652 -1723073393
16.533 1104 -1723073393
16.560 1605 -1723073393
16.587 2171 -1723073393
16.613 2774 -1723073393
16.640 3409 -1723073393
16.667 4048 -1723073393
16.693 4694 -1723073393
16.720 5322 -1723073393
16.747 5840 -1723073393
16.773 6309 -1723073393
16.800 6678 -1723073393
16.827 6844 -1723073393
16.853 6936 -1723073393
16.880 6852 -1723073393
16.907 6530 -1723073393
16.933 6155 -1723073393
16.960 5603 -1723073393
16.987 4857 -1723073393
17.013 4138 -1723073393
17.040 3319 -1723073393
17.067 2437 -1723073393
17.093 1636 -1723073393
17.120 817 -1723073393
17.147 52 -1723073393
17.173 -599 -1723073393
17.200 -1191 -1723073393
17.227 -1713 -1723073393
17.253 -2151 -1723073393
17.280 -2485 -1723073393
17.307 -2764 -1723073393
17.333 -2989 -1723073393
17.360 -3116 -1723073393
17.387 -3238 -1723073393
17.413 -3320 -1723073393
17.440 -3327 -1723073393
17.467 -3370 -1723073393
17.493 -3398 -1723073393
17.520 -3379 -1723073393
17.547 -3424 -1723073393
17.573 -3451 -1723073393
17.600 -3448 -1723073393
17.627 -3509 -1723073393
17.653 -3530 -1723073393
17.680 -3540 -1723073393
17.707 -3617 -1723073393
17.733 -3644 -1723073393
17.760 -3664 -1723073393
17.787 -3731 -1723073393
17.813 -3721 -1723073393
17.840 -3715 -1723073393
17.867 -3743 -1723073393
17.893 -3671 -1723073393
17.920 -3590 -1723073393
17.947 -3504 -1723073393
17.973 -3298 -1723073393
18.000 -3082 -1723073393
18.027 -2830 -1723073393
18.053 -2436 -1723073393
18.080 -2035 -1723073393
18.107 -1566 -1723073393
18.133 -963 -1723073393
18.160 -325 -1723073393
18.187 408 -1723073393
18.213 1240 -1723073393
18.240 2120 -1723073393
18.267 3095 -1723073393
18.293 4159 -1723073393
18.320 5320 -1723073393
18.347 6502 -1723073393
18.373 7724 -1723073393
18.400 9041 -1723073393
18.427 10303 -1723073393
18.453 11592 -1723073393
18.480 12917 -1723073393
18.507 14027 -1723073393
18.533 15099 -1723073393
18.560 16161 -1723073393
18.587 16834 -1723073393
18.613 17412 -1723073393
18.640 17876 -1723073393
18.667 17802 -1723073393
18.693 17646 -1723073393
18.720 17306 -1723073393
18.747 16409 -1723073393
18.773 15539 -1723073393
18.800 14482 -1723073393
18.827 12959 -1723073393
18.853 11566 -1723073393
18.880 10062 -1723073393
18.907 8312 -1723073393
18.933 6787 -1723073393
18.960 5230 -1723073393
18.987 3581 -1723073393
19.013 2205 -1723073393
19.040 893 -1723073393
19.067 -366 -1723073393
19.093 -1428 -1723073393
19.120 -2379 -1723073393
19.147 -3205 -1723073393
19.173 -3897 -1723073393
19.200 -4437 -1723073393
19.227 -4892 -1723073393
19.253 -5308 -1723073393
19.280 -5556 -1723073393
19.307 -5773 -1723073393
19.333 -5997 -1723073393
19.360 -6071 -1723073393
19.387 -6179 -1723073393
19.413 -6299 -1723073393
19.440 -6277 -1723073393
19.467 -6329 -1723073393
19.493 -6386 -1723073393
19.520 -6306 -1723073393
19.547 -6333 -1723073393
19.573 -6345 -1723073393
19.600 -6237 -1723073393
19.627 -6235 -1723073393
19.653 -6178 -1723073393
19.680 -6018 -1723073393
19.707 -5968 -1723073393
19.733 -5843 -1723073393
19.760 -5637 -1723073393
19.787 -5543 -1723073393
19.813 -5361 -1723073393
19.840 -5135 -1723073393
19.867 -5027 -1723073393
19.893 -4830 -1723073393
19.920 -4622 -1723073393
19.947 -4537 -1723073393
19.973 -4386 -1723073393
20.000 -4283 -1723073393
20.027 -4307 -1723073393
20.053 -4283 -1723073393
20.080 -4347 -1723073393
20.107 -4534 -1723073393
20.133 -4692 -1723073393
20.160 -4959 -1723073393
20.187 -5322 -1723073393
20.213 -5625 -1723073393
20.240 -6020 -1723073393
20.267 -6449 -1723073393
20.293 -6775 -1723073393
20.320 -7193 -1723073393
20.347 -7564 -1723073393
20.373 -7770 -1723073393
20.400 -8049 -1723073393
20.427 -8217 -1723073393
20.453 -8172 -1723073393
20.480 -8193 -1723073393
20.507 -8048 -1723073393
20.533 -7697 -1723073393
20.560 -7437 -1723073393
20.587 -6991 -1723073393
20.613 -6405 -1723073393
20.640 -5953 -1723073393
20.667 -5354 -1723073393
20.693 -4692 -1723073393
20.720 -4183 -1723073393
20.747 -3601 -1723073393
20.773 -3045 -1723073393
20.800 -2638 -1723073393
20.827 -2197 -1723073393
20.853 -1802 -1723073393
20.880 -1531 -1723073393
20.907 -1251 -1723073393
20.933 -1024 -1723073393
20.960 -869 -1723073393
20.987 -695 -1723073393
21.013 -559 -1723073393
21.040 -458 -1723073393
21.067 -338 -1723073393
21.093 -234 -1723073393
21.120 -137 -1723073393
21.147 -22 -1723073393
21.173 73 -1723073393
21.200 169 -1723073393
21.227 283 -1723073393
21.253 388 -1723073393
21.280 489 -1723073393
21.307 593 -1723073393
21.333 686 -1723073393
21.360 775 -1723073393
21.387 865 -1723073393
21.413 946 -1723073393
21.440 1014 -1723073393
21.467 1068 -1723073393
21.493 1116 -1723073393
21.520 1150 -1723073393
21.547 1172 -1723073393
21.573 1201 -1723073393
21.600 1222 -1723073393
21.627 1235 -1723073393
21.653 1259 -1723073393
21.680 1271 -1723073393
21.707 1282 -1723073393
21.733 1310 -1723073393
21.760 1326 -1723073393
21.787 1349 -1723073393
21.813 1389 -1723073393
21.840 1416 -1723073393
21.867 1449 -1723073393
21.893 1498 -1723073393
21.920 1533 -1723073393
21.947 1580 -1723073393
21.973 1641 -1723073393
22.000 1682 -1723073393
22.027 1730 -1723073393
22.053 1790 -1723073393
22.080 1821 -1723073393
22.107 1861 -1723073393
22.133 1909 -1723073393
22.160 1930 -1723073393
22.187 1971 -1723073393
22.213 2020 -1723073393
22.240 2042 -1723073393
22.267 2091 -1723073393
22.293 2144 -1723073393
22.320 2161 -1723073393
22.347 2190 -1723073393
22.373 2210 -1723073393
22.400 2187 -1723073393
22.427 2184 -1723073393
22.453 2166 -1723073393
22.480 2102 -1723073393
22.507 2057 -1723073393
22.533 1986 -1723073393
22.560 1868 -1723073393
22.587 1775 -1723073393
22.613 1663 -1723073393
22.640 1523 -1723073393
22.667 1415 -1723073393
22.693 1294 -1723073393
22.720 1159 -1723073393
22.747 1068 -1723073393
22.773 982 -1723073393
22.800 899 -1723073393
22.827 855 -1723073393
22.853 822 -1723073393
22.880 793 -1723073393
22.907 790 -1723073393
22.933 798 -1723073393
22.960 814 -1723073393
22.987 849 -1723073393
23.013 886 -1723073393
23.040 921 -1723073393
23.067 960 -1723073393
23.093 988 -1723073393
23.120 1008 -1723073393
23.147 1022 -1723073393
23.173 1013 -1723073393
23.200 999 -1723073393
23.227 995 -1723073393
23.253 977 -1723073393
23.280 957 -1723073393
23.307 946 -1723073393
23.333 921 -1723073393
23.360 901 -1723073393
23.387 892 -1723073393
23.413 868 -1723073393
23.440 845 -1723073393
23.467 828 -1723073393
23.493 793 -1723073393
23.520 758 -1723073393
23.547 727 -1723073393
23.573 682 -1723073393
23.600 640 -1723073393
23.627 602 -1723073393
23.653 553 -1723073393
23.680 507 -1723073393
23.707 465 -1723073393
23.733 412 -1723073393
23.760 356 -1723073393
23.787 303 -1723073393
23.813 246 -1723073393
23.840 186 -1723073393
23.867 129 -1723073393
23.893 78 -1723073393
23.920 28 -1723073393
23.947 -16 -1723073393
23.973 -51 -1723073393
24.000 -90 -1723073393
24.027 -116 -1723073393
24.053 -120 -1723073393
24.080 -116 -1723073393
24.107 -95 -1723073393
24.133 -51 -1723073393
24.160 -9 -1723073393
24.187 41 -1723073393
24.213 102 -1723073393
24.240 156 -1723073393
24.267 212 -1723073393
24.293 271 -1723073393
24.320 324 -1723073393
24.347 369 -1723073393
24.373 411 -1723073393
24.400 453 -1723073393
24.427 498 -1723073393
24.453 544 -1723073393
24.480 591 -1723073393
24.507 632 -1723073393
24.533 670 -1723073393
24.560 713 -1723073393
24.587 748 -1723073393
24.613 778 -1723073393
24.640 809 -1723073393
24.667 831 -1723073393
24.693 842 -1723073393
24.720 856 -1723073393
24.747 856 -1723073393
24.773 845 -1723073393
24.800 833 -1723073393
24.827 804 -1723073393
24.853 761 -1723073393
24.880 722 -1723073393
24.907 668 -1723073393
24.933 603 -1723073393
24.960 547 -1723073393
24.987 476 -1723073393
25.013 400 -1723073393
25.040 331 -1723073393
25.067 260 -1723073393
25.093 191 -1723073393
25.120 135 -1723073393
25.147 95 -1723073393
25.173 72 -1723073393
25.200 59 -1723073393
25.227 66 -1723073393
25.253 81 -1723073393
25.280 93 -1723073393
25.307 117 -1723073393
25.333 140 -1723073393
25.360 155 -1723073393
25.387 169 -1723073393
25.413 178 -1723073393
25.440 178 -1723073393
25.467 176 -1723073393
25.493 163 -1723073393
25.520 137 -1723073393
25.547 114 -1723073393
25.573 89 -1723073393
25.600 57 -1723073393
25.627 26 -1723073393
25.653 -4 -1723073393
25.680 -39 -1723073393
25.707 -67 -1723073393
25.733 -93 -1723073393
25.760 -118 -1723073393
25.787 -131 -1723073393
25.813 -141 -1723073393
25.840 -144 -1723073393
25.867 -130 -1723073393
25.893 -113 -1723073393
25.920 -94 -1723073393
25.947 -54 -1723073393
25.973 -12 -1723073393
26.000 30 -1723073393
26.027 86 -1723073393
26.053 135 -1723073393
26.080 172 -1723073393
26.107 212 -1723073393
26.133 247 -1723073393
26.160 273 -1723073393
26.187 294 -1723073393
26.213 304 -1723073393
26.240 302 -1723073393
26.267 291 -1723073393
26.293 274 -1723073393
26.320 252 -1723073393
26.347 226 -1723073393
26.373 198 -1723073393
26.400 169 -1723073393
26.427 140 -1723073393
26.453 110 -1723073393
26.480 77 -1723073393
26.507 44 -1723073393
26.533 10 -1723073393
26.560 -19 -1723073393
26.587 -38 -1723073393
26.613 -51 -1723073393
26.640 -60 -1723073393
26.667 -59 -1723073393
26.693 -58 -1723073393
26.720 -55 -1723073393
26.747 -44 -1723073393
26.773 -48 -1723073393
26.800 -63 -1723073393
26.827 -72 -1723073393
26.853 -92 -1723073393
26.880 -116 -1723073393
26.907 -133 -1723073393
26.933 -156 -1723073393
26.960 -181 -1723073393
26.987 -196 -1723073393
27.013 -214 -1723073393
27.040 -226 -1723073393
27.067 -218 -1723073393
27.093 -212 -1723073393
27.120 -200 -1723073393
27.147 -172 -1723073393
27.173 -150 -1723073393
27.200 -130 -1723073393
27.227 -98 -1723073393
27.253 -78 -1723073393
27.280 -70 -1723073393
27.307 -58 -1723073393
27.333 -54 -1723073393
27.360 -54 -1723073393
27.387 -49 -1723073393
27.413 -53 -1723073393
27.440 -57 -1723073393
27.467 -57 -1723073393
27.493 -69 -1723073393
27.520 -90 -1723073393
27.547 -109 -1723073393
27.573 -134 -1723073393
27.600 -158 -1723073393
27.627 -170 -1723073393
27.653 -191 -1723073393
27.680 -214 -1723073393
27.707 -228 -1723073393
27.733 -245 -1723073393
27.760 -257 -1723073393
27.787 -253 -1723073393
27.813 -249 -1723073393
27.840 -241 -1723073393
27.867 -220 -1723073393
27.893 -203 -1723073393
27.920 -183 -1723073393
27.947 -145 -1723073393
27.973 -112 -1723073393
28.000 -80 -1723073393
28.027 -34 -1723073393
28.053 8 -1723073393
28.080 50 -1723073393
28.107 97 -1723073393
28.133 138 -1723073393
28.160 174 -1723073393
28.187 212 -1723073393
28.213 245 -1723073393
28.240 273 -1723073393
28.267 298 -1723073393
28.293 314 -1723073393
28.320 326 -1723073393
28.347 337 -1723073393
28.373 344 -1723073393
28.400 342 -1723073393
28.427 336 -1723073393
28.453 328 -1723073393
28.480 316 -1723073393
28.507 301 -1723073393
28.533 285 -1723073393
28.560 260 -1723073393
28.587 226 -1723073393
28.613 191 -1723073393
28.640 149 -1723073393
28.667 108 -1723073393
28.693 70 -1723073393
28.720 33 -1723073393
28.747 3 -1723073393
28.773 -20 -1723073393
28.800 -30 -1723073393
28.827 -30 -1723073393
28.853 -32 -1723073393
28.880 -32 -1723073393
28.907 -23 -1723073393
28.933 -13 -1723073393
28.960 -1 -1723073393
28.987 16 -1723073393
29.013 33 -1723073393
29.040 55 -1723073393
29.067 82 -1723073393
29.093 95 -1723073393
29.120 100 -1723073393
29.147 108 -1723073393
29.173 110 -1723073393
29.200 103 -1723073393
29.227 95 -1723073393
29.253 83 -1723073393
29.280 66 -1723073393
29.307 48 -1723073393
29.333 26 -1723073393
29.360 0 -1723073393
29.387 -24 -1723073393
29.413 -51 -1723073393
29.440 -80 -1723073393
29.467 -103 -1723073393
29.493 -118 -1723073393
29.520 -131 -1723073393
29.547 -135 -1723073393
29.573 -134 -1723073393
29.600 -128 -1723073393
29.627 -109 -1723073393
29.653 -88 -1723073393
29.680 -63 -1723073393
29.707 -25 -1723073393
29.733 8 -1723073393
29.760 36 -1723073393
29.787 76 -1723073393
29.813 113 -1723073393
29.840 143 -1723073393
29.867 179 -1723073393
29.893 209 -1723073393
29.920 229 -1723073393
29.947 248 -1723073393
29.973 266 -1723073393
30.000 273 -1723073393
30.027 275 -1723073393
30.053 277 -1723073393
30.080 278 -1723073393
30.107 278 -1723073393
30.133 284 -1723073393
30.160 291 -1723073393
30.187 297 -1723073393
30.213 305 -1723073393
30.240 308 -1723073393
30.267 304 -1723073393
30.293 298 -1723073393
30.320 287 -1723073393
30.347 270 -1723073393
30.373 250 -1723073393
30.400 222 -1723073393
30.427 182 -1723073393
30.453 141 -1723073393
30.480 101 -1723073393
30.507 57 -1723073393
30.533 7 -1723073393
30.560 -44 -1723073393
30.587 -90 -1723073393
30.613 -126 -1723073393
30.640 -159 -1723073393
30.667 -180 -1723073393
30.693 -185 -1723073393
30.720 -181 -1723073393
30.747 -159 -1723073393
30.773 -128 -1723073393
30.800 -91 -1723073393
30.827 -37 -1723073393
30.853 22 -1723073393
30.880 74 -1723073393
30.907 132 -1723073393
30.933 191 -1723073393
30.960 236 -1723073393
30.987 266 -1723073393
31.013 292 -1723073393
31.040 304 -1723073393
31.067 295 -1723073393
31.093 273 -1723073393
31.120 236 -1723073393
31.147 184 -1723073393
31.173 124 -1723073393
31.200 60 -1723073393
31.227 -9 -1723073393
31.253 -78 -1723073393
31.280 -142 -1723073393
31.307 -197 -1723073393
31.333 -237 -1723073393
31.360 -273 -1723073393
31.387 -291 -1723073393
31.413 -286 -1723073393
31.440 -280 -1723073393
31.467 -260 -1723073393
31.493 -221 -1723073393
31.520 -188 -1723073393
31.547 -145 -1723073393
31.573 -83 -1723073393
31.600 -30 -1723073393
31.627 20 -1723073393
31.653 79 -1723073393
31.680 128 -1723073393
31.707 167 -1723073393
31.733 202 -1723073393
31.760 225 -1723073393
31.787 235 -1723073393
31.813 246 -1723073393
31.840 255 -1723073393
31.867 259 -1723073393
31.893 257 -1723073393
31.920 253 -1723073393
31.947 244 -1723073393
31.973 235 -1723073393
32.000 223 -1723073393
32.027 209 -1723073393
32.053 201 -1723073393
32.080 198 -1723073393
32.107 190 -1723073393
32.133 176 -1723073393
32.160 159 -1723073393
32.187 129 -1723073393
32.213 96 -1723073393
32.240 65 -1723073393
32.267 33 -1723073393
32.293 0 -1723073393
32.320 -32 -1723073393
32.347 -63 -1723073393
32.373 -83 -1723073393
32.400 -96 -1723073393
32.427 -105 -1723073393
32.453 -98 -1723073393
32.480 -75 -1723073393
32.507 -49 -1723073393
32.533 -10 -1723073393
32.560 39 -1723073393
32.587 83 -1723073393
32.613 127 -1723073393
32.640 177 -1723073393
32.667 222 -1723073393
32.693 257 -1723073393
32.720 287 -1723073393
32.747 304 -1723073393
32.773 304 -1723073393
32.800 294 -1723073393
32.827 269 -1723073393
32.853 223 -1723073393
32.880 161 -1723073393
32.907 89 -1723073393
32.933 8 -1723073393
32.960 -72 -1723073393
32.987 -153 -1723073393
33.013 -230 -1723073393
33.040 -293 -1723073393
33.067 -348 -1723073393
33.093 -391 -1723073393
33.120 -404 -1723073393
33.147 -403 -1723073393
33.173 -387 -1723073393
33.200 -336 -1723073393
33.227 -276 -1723073393
33.253 -218 -1723073393
33.280 -134 -1723073393
33.307 -44 -1723073393
33.333 30 -1723073393
33.360 110 -1723073393
33.387 190 -1723073393
33.413 257 -1723073393
33.440 317 -1723073393
33.467 366 -1723073393
33.493 398 -1723073393
33.520 422 -1723073393
33.547 444 -1723073393
33.573 457 -1723073393
33.600 459 -1723073393
33.627 462 -1723073393
33.653 464 -1723073393
33.680 456 -1723073393
33.707 453 -1723073393
33.733 453 -1723073393
33.760 445 -1723073393
33.787 439 -1723073393
33.813 435 -1723073393
33.840 419 -1723073393
33.867 401 -1723073393
33.893 386 -1723073393
33.920 358 -1723073393
33.947 325 -1723073393
33.973 289 -1723073393
34.000 241 -1723073393
34.027 188 -1723073393
34.053 144 -1723073393
34.080 101 -1723073393
34.107 59 -1723073393
34.133 22 -1723073393
34.160 -11 -1723073393
34.187 -30 -1723073393
34.213 -36 -1723073393
34.240 -32 -1723073393
34.267 -9 -1723073393
34.293 24 -1723073393
34.320 59 -1723073393
34.347 105 -1723073393
34.373 159 -1723073393
34.400 205 -1723073393
34.427 255 -1723073393
34.453 308 -1723073393
34.480 349 -1723073393
34.507 382 -1723073393
34.533 407 -1723073393
34.560 414 -1723073393
34.587 402 -1723073393
34.613 381 -1723073393
34.640 346 -1723073393
34.667 289 -1723073393
34.693 223 -1723073393
34.720 149 -1723073393
34.747 68 -1723073393
34.773 -12 -1723073393
34.800 -94 -1723073393
34.827 -170 -1723073393
34.853 -226 -1723073393
34.880 -268 -1723073393
34.907 -297 -1723073393
34.933 -297 -1723073393
34.960 -283 -1723073393
34.987 -258 -1723073393
35.013 -203 -1723073393
35.040 -138 -1723073393
35.067 -71 -1723073393
35.093 14 -1723073393
35.120 102 -1723073393
35.147 178 -1723073393
35.173 255 -1723073393
35.200 323 -1723073393
35.227 374 -1723073393
35.253 419 -1723073393
35.280 457 -1723073393
35.307 484 -1723073393
35.333 492 -1723073393
35.360 491 -1723073393
35.387 480 -1723073393
35.413 455 -1723073393
35.440 431 -1723073393
35.467 408 -1723073393
35.493 373 -1723073393
35.520 336 -1723073393
35.547 306 -1723073393
35.573 271 -1723073393
35.600 240 -1723073393
35.627 212 -1723073393
35.653 180 -1723073393
35.680 152 -1723073393
35.707 125 -1723073393
35.733 93 -1723073393
35.760 67 -1723073393
35.787 46 -1723073393
35.813 27 -1723073393
35.840 15 -1723073393
35.867 9 -1723073393
35.893 5 -1723073393
35.920 11 -1723073393
35.947 22 -1723073393
35.973 32 -1723073393
36.000 54 -1723073393
36.027 84 -1723073393
36.053 111 -1723073393
36.080 142 -1723073393
36.107 176 -1723073393
36.133 206 -1723073393
36.160 240 -1723073393
36.187 280 -1723073393
36.213 317 -1723073393
36.240 349 -1723073393
36.267 380 -1723073393
36.293 402 -1723073393
36.320 409 -1723073393
36.347 407 -1723073393
36.373 397 -1723073393
36.400 367 -1723073393
36.427 324 -1723073393
36.453 280 -1723073393
36.480 227 -1723073393
36.507 170 -1723073393
36.533 122 -1723073393
36.560 71 -1723073393
36.587 19 -1723073393
36.613 -21 -1723073393
36.640 -61 -1723073393
36.667 -90 -1723073393
36.693 -102 -1723073393
36.720 -106 -1723073393
36.747 -91 -1723073393
36.773 -61 -1723073393
36.800 -28 -1723073393
36.827 20 -1723073393
36.853 80 -1723073393
36.880 129 -1723073393
36.907 181 -1723073393
36.933 239 -1723073393
36.960 282 -1723073393
36.987 313 -1723073393
37.013 344 -1723073393
37.040 364 -1723073393
37.067 370 -1723073393
37.093 371 -1723073393
37.120 368 -1723073393
37.147 355 -1723073393
37.173 344 -1723073393
37.200 336 -1723073393
37.227 323 -1723073393
37.253 314 -1723073393
37.280 312 -1723073393
37.307 307 -1723073393
37.333 305 -1723073393
37.360 311 -1723073393
37.387 313 -1723073393
37.413 318 -1723073393
37.440 331 -1723073393
37.467 338 -1723073393
37.493 341 -1723073393
37.520 345 -1723073393
37.547 339 -1723073393
37.573 330 -1723073393
37.600 324 -1723073393
37.627 316 -1723073393
37.653 303 -1723073393
37.680 289 -1723073393
37.707 276 -1723073393
37.733 265 -1723073393
37.760 258 -1723073393
37.787 254 -1723073393
37.813 248 -1723073393
37.840 249 -1723073393
37.867 256 -1723073393
37.893 259 -1723073393
37.920 264 -1723073393
37.947 273 -1723073393
37.973 276 -1723073393
38.000 277 -1723073393
38.027 278 -1723073393
38.053 273 -1723073393
38.080 266 -1723073393
38.107 260 -1723073393
38.133 247 -1723073393
38.160 224 -1723073393
38.187 197 -1723073393
38.213 164 -1723073393
38.240 122 -1723073393
38.267 75 -1723073393
38.293 26 -1723073393
38.320 -25 -1723073393
38.347 -71 -1723073393
38.373 -114 -1723073393
38.400 -154 -1723073393
38.427 -180 -1723073393
38.453 -196 -1723073393
38.480 -203 -1723073393
38.507 -187 -1723073393
38.533 -161 -1723073393
38.560 -131 -1723073393
38.587 -84 -1723073393
38.613 -32 -1723073393
38.640 14 -1723073393
38.667 67 -1723073393
38.693 119 -1723073393
38.720 162 -1723073393
38.747 197 -1723073393
38.773 228 -1723073393
38.800 248 -1723073393
38.827 254 -1723073393
38.853 260 -1723073393
38.880 261 -1723073393
38.907 257 -1723073393
38.933 251 -1723073393
38.960 246 -1723073393
38.987 236 -1723073393
39.013 230 -1723073393
39.040 225 -1723073393
39.067 218 -1723073393
39.093 216 -1723073393
39.120 216 -1723073393
39.147 217 -1723073393
39.173 223 -1723073393
39.200 228 -1723073393
39.227 229 -1723073393
39.253 232 -1723073393
39.280 236 -1723073393
39.307 233 -1723073393
39.333 226 -1723073393
39.360 225 -1723073393
39.387 219 -1723073393
39.413 207 -1723073393
39.440 200 -1723073393
39.467 197 -1723073393
39.493 193 -1723073393
39.520 190 -1723073393
39.547 186 -1723073393
39.573 181 -1723073393
39.600 180 -1723073393
39.627 182 -1723073393
39.653 180 -1723073393
39.680 177 -1723073393
39.707 176 -1723073393
39.733 170 -1723073393
39.760 162 -1723073393
39.787 155 -1723073393
39.813 145 -1723073393
39.840 131 -1723073393
39.867 120 -1723073393
39.893 104 -1723073393
39.920 87 -1723073393
39.947 74 -1723073393
39.973 57 -1723073393
40.000 36 -1723073393
40.027 20 -1723073393
40.053 6 -1723073393
40.080 -6 -1723073393
40.107 -6 -1723073393
40.133 -2 -1723073393
40.160 2 -1723073393
40.187 17 -1723073393
40.213 40 -1723073393
40.240 57 -1723073393
40.267 80 -1723073393
40.293 110 -1723073393
40.320 135 -1723073393
40.347 159 -1723073393
40.373 189 -1723073393
40.400 218 -1723073393
40.427 238 -1723073393
40.453 253 -1723073393
40.480 265 -1723073393
40.507 267 -1723073393
40.533 265 -1723073393
40.560 262 -1723073393
40.587 255 -1723073393
40.613 243 -1723073393
40.640 225 -1723073393
40.667 199 -1723073393
40.693 175 -1723073393
40.720 155 -1723073393
40.747 137 -1723073393
40.773 126 -1723073393
40.800 124 -1723073393
40.827 122 -1723073393
40.853 124 -1723073393
40.880 135 -1723073393
40.907 151 -1723073393
40.933 167 -1723073393
40.960 183 -1723073393
40.987 199 -1723073393
41.013 205 -1723073393
41.040 208 -1723073393
41.067 208 -1723073393
41.093 200 -1723073393
41.120 189 -1723073393
41.147 182 -1723073393
41.173 172 -1723073393
41.200 158 -1723073393
41.227 147 -1723073393
41.253 136 -1723073393
41.280 127 -1723073393
41.307 119 -1723073393
41.333 108 -1723073393
41.360 100 -1723073393
41.387 100 -1723073393
41.413 106 -1723073393
41.440 109 -1723073393
41.467 111 -1723073393
41.493 112 -1723073393
41.520 114 -1723073393
41.547 115 -1723073393
41.573 115 -1723073393
41.600 109 -1723073393
41.627 99 -1723073393
41.653 89 -1723073393
41.680 77 -1723073393
41.707 56 -1723073393
41.733 32 -1723073393
41.760 8 -1723073393
41.787 -17 -1723073393
41.813 -38 -1723073393
41.840 -54 -1723073393
41.867 -72 -1723073393
41.893 -82 -1723073393
41.920 -82 -1723073393
41.947 -82 -1723073393
41.973 -73 -1723073393
42.000 -58 -1723073393
42.027 -47 -1723073393
42.053 -36 -1723073393
42.080 -24 -1723073393
42.107 -16 -1723073393
42.133 -5 -1723073393
42.160 14 -1723073393
42.187 29 -1723073393
42.213 34 -1723073393
42.240 39 -1723073393
42.267 38 -1723073393
42.293 27 -1723073393
42.320 20 -1723073393
42.347 17 -1723073393
42.373 7 -1723073393
42.400 -8 -1723073393
42.427 -20 -1723073393
42.453 -30 -1723073393
42.480 -39 -1723073393
42.507 -40 -1723073393
42.533 -37 -1723073393
42.560 -31 -1723073393
42.587 -19 -1723073393
42.613 -6 -1723073393
42.640 5 -1723073393
42.667 26 -1723073393
42.693 49 -1723073393
42.720 65 -1723073393
42.747 84 -1723073393
42.773 107 -1723073393
42.800 126 -1723073393
42.827 144 -1723073393
42.853 160 -1723073393
42.880 171 -1723073393
42.907 176 -1723073393
42.933 180 -1723073393
42.960 182 -1723073393
42.987 179 -1723073393
43.013 175 -1723073393
43.040 170 -1723073393
43.067 158 -1723073393
43.093 142 -1723073393
43.120 124 -1723073393
43.147 102 -1723073393
43.173 80 -1723073393
43.200 62 -1723073393
43.227 45 -1723073393
43.253 27 -1723073393
43.280 15 -1723073393
43.307 5 -1723073393
43.333 -5 -1723073393
43.360 -15 -1723073393
43.387 -23 -1723073393
43.413 -35 -1723073393
43.440 -47 -1723073393
43.467 -62 -1723073393
43.493 -83 -1723073393
43.520 -103 -1723073393
43.547 -126 -1723073393
43.573 -150 -1723073393
43.600 -164 -1723073393
43.627 -165 -1723073393
43.653 -166 -1723073393
43.680 -159 -1723073393
43.707 -139 -1723073393
43.733 -122 -1723073393
43.760 -106 -1723073393
43.787 -78 -1723073393
43.813 -49 -1723073393
43.840 -28 -1723073393
43.867 -4 -1723073393
43.893 12 -1723073393
43.920 17 -1723073393
43.947 18 -1723073393
43.973 14 -1723073393
44.000 -2 -1723073393
44.027 -24 -1723073393
44.053 -44 -1723073393
44.080 -66 -1723073393
44.107 -92 -1723073393
44.133 -116 -1723073393
44.160 -133 -1723073393
44.187 -145 -1723073393
44.213 -145 -1723073393
44.240 -139 -1723073393
44.267 -131 -1723073393
44.293 -108 -1723073393
44.320 -73 -1723073393
44.347 -37 -1723073393
44.373 4 -1723073393
44.400 54 -1723073393
44.427 100 -1723073393
44.453 142 -1723073393
44.480 183 -1723073393
44.507 213 -1723073393
44.533 235 -1723073393
44.560 253 -1723073393
44.587 266 -1723073393
44.613 270 -1723073393
44.640 269 -1723073393
44.667 266 -1723073393
44.693 259 -1723073393
44.720 243 -1723073393
44.747 224 -1723073393
44.773 204 -1723073393
44.800 179 -1723073393
44.827 151 -1723073393
44.853 123 -1723073393
44.880 92 -1723073393
44.907 62 -1723073393
44.933 36 -1723073393
44.960 10 -1723073393
44.987 -14 -1723073393
45.013 -34 -1723073393
45.040 -53 -1723073393
45.067 -71 -1723073393
45.093 -79 -1723073393
45.120 -89 -1723073393
45.147 -99 -1723073393
45.173 -101 -1723073393
45.200 -97 -1723073393
45.227 -89 -1723073393
45.253 -70 -1723073393
45.280 -48 -1723073393
45.307 -31 -1723073393
45.333 -15 -1723073393
45.360 4 -1723073393
45.387 19 -1723073393
45.413 33 -1723073393
45.440 55 -1723073393
45.467 73 -1723073393
45.493 82 -1723073393
45.520 97 -1723073393
45.547 113 -1723073393
45.573 119 -1723073393
45.600 124 -1723073393
45.627 131 -1723073393
45.653 129 -1723073393
45.680 121 -1723073393
45.707 115 -1723073393
45.733 101 -1723073393
45.760 79 -1723073393
45.787 58 -1723073393
45.813 32 -1723073393
45.840 3 -1723073393
45.867 -20 -1723073393
45.893 -44 -1723073393
45.920 -70 -1723073393
45.947 -82 -1723073393
45.973 -83 -1723073393
46.000 -84 -1723073393
46.027 -76 -1723073393
46.053 -59 -1723073393
46.080 -50 -1723073393
46.107 -39 -1723073393
46.133 -18 -1723073393
46.160 -1 -1723073393
46.187 18 -1723073393
46.213 47 -1723073393
46.240 77 -1723073393
46.267 105 -1723073393
46.293 134 -1723073393
46.320 163 -1723073393
46.347 188 -1723073393
46.373 209 -1723073393
46.400 228 -1723073393
46.427 245 -1723073393
46.453 259 -1723073393
46.480 271 -1723073393
46.507 280 -1723073393
46.533 283 -1723073393
46.560 281 -1723073393
46.587 277 -1723073393
46.613 268 -1723073393
46.640 251 -1723073393
46.667 232 -1723073393
46.693 210 -1723073393
46.720 185 -1723073393
46.747 158 -1723073393
46.773 130 -1723073393
46.800 102 -1723073393
46.827 78 -1723073393
46.853 61 -1723073393
46.880 46 -1723073393
46.907 36 -1723073393
46.933 28 -1723073393
46.960 22 -1723073393
46.987 30 -1723073393
47.013 47 -1723073393
47.040 68 -1723073393
47.067 94 -1723073393
47.093 121 -1723073393
47.120 144 -1723073393
47.147 166 -1723073393
47.173 188 -1723073393
47.200 204 -1723073393
47.227 215 -1723073393
47.253 228 -1723073393
47.280 242 -1723073393
47.307 250 -1723073393
47.333 254 -1723073393
47.360 258 -1723073393
47.387 257 -1723073393
47.413 248 -1723073393
47.440 238 -1723073393
47.467 230 -1723073393
47.493 218 -1723073393
47.520 204 -1723073393
47.547 191 -1723073393
47.573 173 -1723073393
47.600 155 -1723073393
47.627 140 -1723073393
47.653 125 -1723073393
47.680 113 -1723073393
47.707 104 -1723073393
47.733 95 -1723073393
47.760 89 -1723073393
47.787 97 -1723073393
47.813 110 -1723073393
47.840 128 -1723073393
47.867 159 -1723073393
47.893 197 -1723073393
47.920 235 -1723073393
47.947 275 -1723073393
47.973 316 -1723073393
48.000 353 -1723073393
48.027 391 -1723073393
48.053 434 -1723073393
48.080 471 -1723073393
48.107 499 -1723073393
48.133 523 -1723073393
48.160 543 -1723073393
48.187 554 -1723073393
48.213 562 -1723073393
48.240 568 -1723073393
48.267 569 -1723073393
48.293 563 -1723073393
48.320 558 -1723073393
48.347 550 -1723073393
48.373 534 -1723073393
48.400 516 -1723073393
48.427 498 -1723073393
48.453 474 -1723073393
48.480 446 -1723073393
48.507 417 -1723073393
48.533 387 -1723073393
48.560 357 -1723073393
48.587 331 -1723073393
48.613 308 -1723073393
48.640 286 -1723073393
48.667 270 -1723073393
48.693 260 -1723073393
48.720 256 -1723073393
48.747 264 -1723073393
48.773 275 -1723073393
48.800 282 -1723073393
48.827 292 -1723073393
48.853 308 -1723073393
48.880 319 -1723073393
48.907 326 -1723073393
48.933 330 -1723073393
48.960 328 -1723073393
48.987 321 -1723073393
49.013 310 -1723073393
49.040 297 -1723073393
49.067 282 -1723073393
49.093 267 -1723073393
49.120 249 -1723073393
49.147 231 -1723073393
49.173 217 -1723073393
49.200 208 -1723073393
49.227 197 -1723073393
49.253 189 -1723073393
49.280 183 -1723073393
49.307 176 -1723073393
49.333 172 -1723073393
49.360 172 -1723073393
49.387 171 -1723073393
49.413 167 -1723073393
49.440 165 -1723073393
49.467 161 -1723073393
49.493 155 -1723073393
49.520 156 -1723073393
49.547 161 -1723073393
49.573 165 -1723073393
49.600 170 -1723073393
49.627 182 -1723073393
49.653 197 -1723073393
49.680 212 -1723073393
49.707 234 -1723073393
49.733 254 -1723073393
49.760 268 -1723073393
49.787 281 -1723073393
49.813 291 -1723073393
49.840 292 -1723073393
49.867 284 -1723073393
49.893 275 -1723073393
49.920 265 -1723073393
49.947 255 -1723073393
49.973 247 -1723073393
50.000 238 -1723073393
50.027 222 -1723073393
50.053 208 -1723073393
50.080 194 -1723073393
50.107 175 -1723073393
50.133 157 -1723073393
50.160 139 -1723073393
50.187 115 -1723073393
50.213 91 -1723073393
50.240 69 -1723073393
50.267 44 -1723073393
50.293 21 -1723073393
50.320 1 -1723073393
50.347 -26 -1723073393
50.373 -57 -1723073393
50.400 -81 -1723073393
50.427 -105 -1723073393
50.453 -131 -1723073393
50.480 -149 -1723073393
50.507 -160 -1723073393
50.533 -172 -1723073393
50.560 -176 -1723073393
50.587 -173 -1723073393
50.613 -172 -1723073393
50.640 -166 -1723073393
50.667 -148 -1723073393
50.693 -130 -1723073393
50.720 -115 -1723073393
50.747 -94 -1723073393
50.773 -74 -1723073393
50.800 -61 -1723073393
50.827 -44 -1723073393
50.853 -32 -1723073393
50.880 -32 -1723073393
50.907 -33 -1723073393
50.933 -34 -1723073393
50.960 -41 -1723073393
50.987 -49 -1723073393
51.013 -52 -1723073393
51.040 -56 -1723073393
51.067 -64 -1723073393
51.093 -65 -1723073393
51.120 -59 -1723073393
51.147 -55 -1723073393
51.173 -48 -1723073393
51.200 -35 -1723073393
51.227 -25 -1723073393
51.253 -11 -1723073393
51.280 6 -1723073393
51.307 26 -1723073393
51.333 41 -1723073393
51.360 56 -1723073393
51.387 74 -1723073393
51.413 92 -1723073393
51.440 111 -1723073393
51.467 133 -1723073393
51.493 158 -1723073393
51.520 186 -1723073393
51.547 217 -1723073393
51.573 246 -1723073393
51.600 274 -1723073393
51.627 300 -1723073393
51.653 320 -1723073393
51.680 327 -1723073393
51.707 326 -1723073393
51.733 324 -1723073393
51.760 322 -1723073393
51.787 317 -1723073393
51.813 309 -1723073393
51.840 304 -1723073393
51.867 301 -1723073393
51.893 301 -1723073393
51.920 303 -1723073393
51.947 304 -1723073393
51.973 306 -1723073393
52.000 310 -1723073393
52.027 313 -1723073393
52.053 316 -1723073393
52.080 316 -1723073393
52.107 312 -1723073393
52.133 305 -1723073393
52.160 292 -1723073393
52.187 276 -1723073393
52.213 256 -1723073393
52.240 235 -1723073393
52.267 217 -1723073393
52.293 201 -1723073393
52.320 188 -1723073393
52.347 179 -1723073393
52.373 175 -1723073393
52.400 174 -1723073393
52.427 173 -1723073393
52.453 171 -1723073393
52.480 171 -1723073393
52.507 169 -1723073393
52.533 165 -1723073393
52.560 159 -1723073393
52.587 155 -1723073393
52.613 157 -1723073393
52.640 155 -1723073393
52.667 149 -1723073393
52.693 145 -1723073393
52.720 137 -1723073393
52.747 119 -1723073393
52.773 97 -1723073393
52.800 75 -1723073393
52.827 54 -1723073393
52.853 43 -1723073393
52.880 37 -1723073393
52.907 27 -1723073393
52.933 21 -1723073393
52.960 25 -1723073393
52.987 28 -1723073393
53.013 29 -1723073393
53.040 31 -1723073393
53.067 34 -1723073393
53.093 38 -1723073393
53.120 45 -1723073393
53.147 53 -1723073393
53.173 58 -1723073393
53.200 66 -1723073393
53.227 78 -1723073393
53.253 84 -1723073393
53.280 87 -1723073393
53.307 98 -1723073393
53.333 108 -1723073393
53.360 116 -1723073393
53.387 129 -1723073393
53.413 143 -1723073393
53.440 154 -1723073393
53.467 165 -1723073393
53.493 178 -1723073393
53.520 191 -1723073393
53.547 208 -1723073393
53.573 229 -1723073393
53.600 245 -1723073393
53.627 251 -1723073393
53.653 256 -1723073393
53.680 258 -1723073393
53.707 255 -1723073393
53.733 252 -1723073393
53.760 254 -1723073393
53.787 251 -1723073393
53.813 246 -1723073393
53.840 244 -1723073393
53.867 235 -1723073393
53.893 221 -1723073393
53.920 208 -1723073393
53.947 194 -1723073393
53.973 174 -1723073393
54.000 154 -1723073393
54.027 134 -1723073393
54.053 105 -1723073393
54.080 77 -1723073393
54.107 60 -1723073393
54.133 41 -1723073393
54.160 23 -1723073393
54.187 17 -1723073393
54.213 9 -1723073393
54.240 0 -1723073393
54.267 0 -1723073393
54.293 5 -1723073393
54.320 7 -1723073393
54.347 13 -1723073393
54.373 26 -1723073393
54.400 30 -1723073393
54.427 33 -1723073393
54.453 47 -1723073393
54.480 54 -1723073393
54.507 54 -1723073393
54.533 58 -1723073393
54.560 67 -1723073393
54.587 69 -1723073393
54.613 69 -1723073393
54.640 71 -1723073393
54.667 64 -1723073393
54.693 56 -1723073393
54.720 55 -1723073393
54.747 52 -1723073393
54.773 52 -1723073393
54.800 63 -1723073393
54.827 80 -1723073393
54.853 92 -1723073393
54.880 103 -1723073393
54.907 121 -1723073393
54.933 139 -1723073393
54.960 156 -1723073393
54.987 178 -1723073393
55.013 198 -1723073393
55.040 216 -1723073393
55.067 237 -1723073393
55.093 261 -1723073393
55.120 282 -1723073393
55.147 301 -1723073393
55.173 321 -1723073393
55.200 337 -1723073393
55.227 348 -1723073393
55.253 360 -1723073393
55.280 373 -1723073393
55.307 385 -1723073393
55.333 395 -1723073393
55.360 406 -1723073393
55.387 416 -1723073393
55.413 422 -1723073393
55.440 427 -1723073393
55.467 429 -1723073393
55.493 433 -1723073393
55.520 440 -1723073393
55.547 449 -1723073393
55.573 455 -1723073393
55.600 463 -1723073393
55.627 470 -1723073393
55.653 473 -1723073393
55.680 478 -1723073393
55.707 485 -1723073393
55.733 487 -1723073393
55.760 488 -1723073393
55.787 491 -1723073393
55.813 486 -1723073393
55.840 471 -1723073393
55.867 456 -1723073393
55.893 437 -1723073393
55.920 414 -1723073393
55.947 392 -1723073393
55.973 371 -1723073393
56.000 347 -1723073393
56.027 324 -1723073393
56.053 306 -1723073393
56.080 286 -1723073393
56.107 263 -1723073393
56.133 242 -1723073393
56.160 221 -1723073393
56.187 200 -1723073393
56.213 183 -1723073393
56.240 170 -1723073393
56.267 153 -1723073393
56.293 133 -1723073393
56.320 114 -1723073393
56.347 90 -1723073393
56.373 65 -1723073393
56.400 45 -1723073393
56.427 26 -1723073393
56.453 5 -1723073393
56.480 -4 -1723073393
56.507 -7 -1723073393
56.533 -15 -1723073393
56.560 -22 -1723073393
56.587 -20 -1723073393
56.613 -26 -1723073393
56.640 -36 -1723073393
56.667 -37 -1723073393
56.693 -40 -1723073393
56.720 -49 -1723073393
56.747 -54 -1723073393
56.773 -55 -1723073393
56.800 -62 -1723073393
56.827 -68 -1723073393
56.853 -71 -1723073393
56.880 -79 -1723073393
56.907 -87 -1723073393
56.933 -86 -1723073393
56.960 -83 -1723073393
56.987 -83 -1723073393
57.013 -72 -1723073393
57.040 -49 -1723073393
57.067 -24 -1723073393
57.093 3 -1723073393
57.120 37 -1723073393
57.147 65 -1723073393
57.173 88 -1723073393
57.200 114 -1723073393
57.227 134 -1723073393
57.253 144 -1723073393
57.280 156 -1723073393
57.307 175 -1723073393
57.333 193 -1723073393
57.360 210 -1723073393
57.387 228 -1723073393
57.413 243 -1723073393
57.440 256 -1723073393
57.467 270 -1723073393
57.493 287 -1723073393
57.520 302 -1723073393
57.547 318 -1723073393
57.573 336 -1723073393
57.600 354 -1723073393
57.627 369 -1723073393
57.653 386 -1723073393
57.680 399 -1723073393
57.707 408 -1723073393
57.733 420 -1723073393
57.760 434 -1723073393
57.787 439 -1723073393
57.813 439 -1723073393
57.840 441 -1723073393
57.867 442 -1723073393
57.893 442 -1723073393
57.920 442 -1723073393
57.947 444 -1723073393
57.973 443 -1723073393
58.000 443 -1723073393
58.027 445 -1723073393
58.053 449 -1723073393
58.080 451 -1723073393
58.107 457 -1723073393
58.133 466 -1723073393
58.160 476 -1723073393
58.187 485 -1723073393
58.213 496 -1723073393
58.240 508 -1723073393
58.267 522 -1723073393
58.293 542 -1723073393
58.320 564 -1723073393
58.347 583 -1723073393
58.373 603 -1723073393
58.400 623 -1723073393
58.427 639 -1723073393
58.453 653 -1723073393
58.480 669 -1723073393
58.507 681 -1723073393
58.533 684 -1723073393
58.560 687 -1723073393
58.587 689 -1723073393
58.613 684 -1723073393
58.640 680 -1723073393
58.667 677 -1723073393
58.693 666 -1723073393
58.720 654 -1723073393
58.747 647 -1723073393
58.773 642 -1723073393
58.800 636 -1723073393
58.827 637 -1723073393
58.853 637 -1723073393
58.880 632 -1723073393
58.907 627 -1723073393
58.933 619 -1723073393
58.960 606 -1723073393
58.987 593 -1723073393
59.013 584 -1723073393
59.040 576 -1723073393
59.067 564 -1723073393
59.093 553 -1723073393
59.120 543 -1723073393
59.147 530 -1723073393
59.173 514 -1723073393
59.200 504 -1723073393
59.227 497 -1723073393
59.253 490 -1723073393
59.280 482 -1723073393
59.307 472 -1723073393
59.333 459 -1723073393
59.360 451 -1723073393
59.387 442 -1723073393
59.413 427 -1723073393
59.440 411 -1723073393
59.467 389 -1723073393
59.493 363 -1723073393
59.520 329 -1723073393
59.547 290 -1723073393
59.573 249 -1723073393
59.600 205 -1723073393
59.627 161 -1723073393
59.653 121 -1723073393
59.680 85 -1723073393
59.707 50 -1723073393
59.733 15 -1723073393
59.760 -17 -1723073393
59.787 -43 -1723073393
59.813 -63 -1723073393
59.840 -79 -1723073393
59.867 -85 -1723073393
59.893 -81 -1723073393
59.920 -78 -1723073393
59.947 -69 -1723073393
59.973 -49 -1723073393
60.000 -28 -1723073393
60.027 -7 -1723073393
60.053 18 -1723073393
60.080 41 -1723073393
60.107 57 -1723073393
60.133 71 -1723073393
60.160 83 -1723073393
60.187 89 -1723073393
60.213 90 -1723073393
60.240 88 -1723073393
60.267 75 -1723073393
60.293 50 -1723073393
60.320 25 -1723073393
60.347 4 -1723073393
60.373 -23 -1723073393
60.400 -50 -1723073393
60.427 -73 -1723073393
60.453 -98 -1723073393
60.480 -124 -1723073393
60.507 -143 -1723073393
60.533 -161 -1723073393
60.560 -182 -1723073393
60.587 -195 -1723073393
60.613 -197 -1723073393
60.640 -199 -1723073393
60.667 -199 -1723073393
60.693 -193 -1723073393
60.720 -190 -1723073393
60.747 -188 -1723073393
60.773 -176 -1723073393
60.800 -160 -1723073393
60.827 -149 -1723073393
60.853 -134 -1723073393
60.880 -120 -1723073393
60.907 -118 -1723073393
60.933 -119 -1723073393
60.960 -115 -1723073393
60.987 -114 -1723073393
61.013 -114 -1723073393
61.040 -111 -1723073393
61.067 -109 -1723073393
61.093 -113 -1723073393
61.120 -116 -1723073393
61.147 -118 -1723073393
61.173 -130 -1723073393
61.200 -145 -1723073393
61.227 -155 -1723073393
61.253 -165 -1723073393
61.280 -180 -1723073393
61.307 -194 -1723073393
61.333 -206 -1723073393
61.360 -224 -1723073393
61.387 -240 -1723073393
61.413 -248 -1723073393
61.440 -259 -1723073393
61.467 -271 -1723073393
61.493 -274 -1723073393
61.520 -275 -1723073393
61.547 -277 -1723073393
61.573 -271 -1723073393
61.600 -258 -1723073393
61.627 -250 -1723073393
61.653 -238 -1723073393
61.680 -214 -1723073393
61.707 -191 -1723073393
61.733 -167 -1723073393
61.760 -131 -1723073393
61.787 -97 -1723073393
61.813 -73 -1723073393
61.840 -47 -1723073393
61.867 -19 -1723073393
61.893 -3 -1723073393
61.920 8 -1723073393
61.947 19 -1723073393
61.973 22 -1723073393
62.000 16 -1723073393
62.027 12 -1723073393
62.053 6 -1723073393
62.080 -5 -1723073393
62.107 -20 -1723073393
62.133 -38 -1723073393
62.160 -66 -1723073393
62.187 -98 -1723073393
62.213 -123 -1723073393
62.240 -151 -1723073393
62.267 -183 -1723073393
62.293 -205 -1723073393
62.320 -218 -1723073393
62.347 -232 -1723073393
62.373 -235 -1723073393
62.400 -224 -1723073393
62.427 -216 -1723073393
62.453 -207 -1723073393
62.480 -185 -1723073393
62.507 -162 -1723073393
62.533 -148 -1723073393
62.560 -125 -1723073393
62.587 -93 -1723073393
62.613 -73 -1723073393
62.640 -56 -1723073393
62.667 -33 -1723073393
62.693 -19 -1723073393
62.720 -18 -1723073393
62.747 -9 -1723073393
62.773 2 -1723073393
62.800 6 -1723073393
62.827 7 -1723073393
62.853 9 -1723073393
62.880 4 -1723073393
62.907 -10 -1723073393
62.933 -24 -1723073393
62.960 -39 -1723073393
62.987 -65 -1723073393
63.013 -91 -1723073393
63.040 -116 -1723073393
63.067 -149 -1723073393
63.093 -182 -1723073393
63.120 -208 -1723073393
63.147 -239 -1723073393
63.173 -274 -1723073393
63.200 -299 -1723073393
63.227 -322 -1723073393
63.253 -346 -1723073393
63.280 -356 -1723073393
63.307 -357 -1723073393
63.333 -361 -1723073393
63.360 -355 -1723073393
63.387 -331 -1723073393
63.413 -312 -1723073393
63.440 -298 -1723073393
63.467 -272 -1723073393
63.493 -243 -1723073393
63.520 -222 -1723073393
63.547 -194 -1723073393
63.573 -160 -1723073393
63.600 -134 -1723073393
63.627 -112 -1723073393
63.653 -86 -1723073393
63.680 -67 -1723073393
63.707 -58 -1723073393
63.733 -46 -1723073393
63.760 -41 -1723073393
63.787 -46 -1723073393
63.813 -54 -1723073393
63.840 -63 -1723073393
63.867 -81 -1723073393
63.893 -104 -1723073393
63.920 -121 -1723073393
63.947 -139 -1723073393
63.973 -160 -1723073393
64.000 -170 -1723073393
64.027 -174 -1723073393
64.053 -178 -1723073393
64.080 -177 -1723073393
64.107 -165 -1723073393
64.133 -154 -1723073393
64.160 -144 -1723073393
64.187 -125 -1723073393
64.213 -101 -1723073393
64.240 -82 -1723073393
64.267 -55 -1723073393
64.293 -22 -1723073393
64.320 0 -1723073393
64.347 23 -1723073393
64.373 48 -1723073393
64.400 63 -1723073393
64.427 69 -1723073393
64.453 78 -1723073393
64.480 86 -1723073393
64.507 88 -1723073393
64.533 87 -1723073393
64.560 84 -1723073393
64.587 77 -1723073393
64.613 68 -1723073393
64.640 62 -1723073393
64.667 56 -1723073393
64.693 46 -1723073393
64.720 38 -1723073393
64.747 30 -1723073393
64.773 16 -1723073393
64.800 3 -1723073393
64.827 -3 -1723073393
64.853 -13 -1723073393
64.880 -23 -1723073393
64.907 -25 -1723073393
64.933 -29 -1723073393
64.960 -36 -1723073393
64.987 -36 -1723073393
65.013 -29 -1723073393
65.040 -22 -1723073393
65.067 -10 -1723073393
65.093 10 -1723073393
65.120 28 -1723073393
65.147 47 -1723073393
65.173 75 -1723073393
65.200 105 -1723073393
65.227 127 -1723073393
65.253 148 -1723073393
65.280 172 -1723073393
65.307 190 -1723073393
65.333 208 -1723073393
65.360 234 -1723073393
65.387 258 -1723073393
65.413 273 -1723073393
65.440 289 -1723073393
65.467 305 -1723073393
65.493 312 -1723073393
65.520 313 -1723073393
65.547 315 -1723073393
65.573 314 -1723073393
65.600 309 -1723073393
65.627 304 -1723073393
65.653 294 -1723073393
65.680 280 -1723073393
65.707 269 -1723073393
65.733 263 -1723073393
65.760 255 -1723073393
65.787 248 -1723073393
65.813 243 -1723073393
65.840 237 -1723073393
65.867 231 -1723073393
65.893 228 -1723073393
65.920 231 -1723073393
65.947 233 -1723073393
65.973 237 -1723073393
66.000 244 -1723073393
66.027 249 -1723073393
66.053 250 -1723073393
66.080 249 -1723073393
66.107 241 -1723073393
66.133 226 -1723073393
66.160 213 -1723073393
66.187 207 -1723073393
66.213 200 -1723073393
66.240 195 -1723073393
66.267 195 -1723073393
66.293 195 -1723073393
66.320 195 -1723073393
66.347 199 -1723073393
66.373 204 -1723073393
66.400 202 -1723073393
66.427 202 -1723073393
66.453 212 -1723073393
66.480 218 -1723073393
66.507 220 -1723073393
66.533 222 -1723073393
66.560 222 -1723073393
66.587 217 -1723073393
66.613 220 -1723073393
66.640 223 -1723073393
66.667 222 -1723073393
66.693 223 -1723073393
66.720 229 -1723073393
66.747 233 -1723073393
66.773 232 -1723073393
66.800 238 -1723073393
66.827 248 -1723073393
66.853 257 -1723073393
66.880 275 -1723073393
66.907 300 -1723073393
66.933 322 -1723073393
66.960 341 -1723073393
66.987 362 -1723073393
67.013 380 -1723073393
67.040 399 -1723073393
67.067 421 -1723073393
67.093 440 -1723073393
67.120 452 -1723073393
67.147 462 -1723073393
67.173 468 -1723073393
67.200 468 -1723073393
67.227 466 -1723073393
67.253 466 -1723073393
67.280 465 -1723073393
67.307 464 -1723073393
67.333 463 -1723073393
67.360 461 -1723073393
67.387 456 -1723073393
67.413 447 -1723073393
67.440 440 -1723073393
67.467 432 -1723073393
67.493 426 -1723073393
67.520 421 -1723073393
67.547 416 -1723073393
67.573 410 -1723073393
67.600 408 -1723073393
67.627 407 -1723073393
67.653 402 -1723073393
67.680 396 -1723073393
67.707 388 -1723073393
67.733 380 -1723073393
67.760 370 -1723073393
67.787 363 -1723073393
67.813 362 -1723073393
67.840 359 -1723073393
67.867 350 -1723073393
67.893 339 -1723073393
67.920 324 -1723073393
67.947 308 -1723073393
67.973 292 -1723073393
68.000 275 -1723073393
68.027 258 -1723073393
68.053 244 -1723073393
68.080 234 -1723073393
68.107 225 -1723073393
68.133 221 -1723073393
68.160 222 -1723073393
68.187 227 -1723073393
68.213 232 -1723073393
68.240 236 -1723073393
68.267 236 -1723073393
68.293 236 -1723073393
68.320 241 -1723073393
68.347 244 -1723073393
68.373 244 -1723073393
68.400 244 -1723073393
68.427 248 -1723073393
68.453 250 -1723073393
68.480 250 -1723073393
68.507 248 -1723073393
68.533 246 -1723073393
68.560 243 -1723073393
68.587 241 -1723073393
68.613 241 -1723073393
68.640 244 -1723073393
68.667 250 -1723073393
68.693 253 -1723073393
68.720 256 -1723073393
68.747 261 -1723073393
68.773 268 -1723073393
68.800 277 -1723073393
68.827 285 -1723073393
68.853 292 -1723073393
68.880 298 -1723073393
68.907 305 -1723073393
68.933 316 -1723073393
68.960 329 -1723073393
68.987 339 -1723073393
69.013 346 -1723073393
69.040 353 -1723073393
69.067 362 -1723073393
69.093 369 -1723073393
69.120 376 -1723073393
69.147 384 -1723073393
69.173 388 -1723073393
69.200 391 -1723073393
69.227 394 -1723073393
69.253 398 -1723073393
69.280 402 -1723073393
69.307 402 -1723073393
69.333 399 -1723073393
69.360 395 -1723073393
69.387 390 -1723073393
69.413 381 -1723073393
69.440 369 -1723073393
69.467 353 -1723073393
69.493 332 -1723073393
69.520 309 -1723073393
69.547 286 -1723073393
69.573 266 -1723073393
69.600 246 -1723073393
69.627 224 -1723073393
69.653 203 -1723073393
69.680 187 -1723073393
69.707 170 -1723073393
69.733 155 -1723073393
69.760 145 -1723073393
69.787 142 -1723073393
69.813 142 -1723073393
69.840 148 -1723073393
69.867 159 -1723073393
69.893 166 -1723073393
69.920 171 -1723073393
69.947 185 -1723073393
69.973 201 -1723073393
70.000 217 -1723073393
70.027 238 -1723073393
70.053 262 -1723073393
70.080 282 -1723073393
70.107 297 -1723073393
70.133 310 -1723073393
70.160 321 -1723073393
70.187 327 -1723073393
70.213 329 -1723073393
70.240 323 -1723073393
70.267 313 -1723073393
70.293 304 -1723073393
70.320 293 -1723073393
70.347 282 -1723073393
70.373 273 -1723073393
70.400 266 -1723073393
70.427 261 -1723073393
70.453 256 -1723073393
70.480 255 -1723073393
70.507 259 -1723073393
70.533 259 -1723073393
70.560 260 -1723073393
70.587 266 -1723073393
70.613 271 -1723073393
70.640 271 -1723073393
70.667 274 -1723073393
70.693 279 -1723073393
70.720 281 -1723073393
70.747 285 -1723073393
70.773 295 -1723073393
70.800 304 -1723073393
70.827 312 -1723073393
70.853 323 -1723073393
70.880 333 -1723073393
70.907 340 -1723073393
70.933 346 -1723073393
70.960 352 -1723073393
70.987 357 -1723073393
71.013 360 -1723073393
71.040 365 -1723073393
71.067 368 -1723073393
71.093 372 -1723073393
71.120 373 -1723073393
71.147 369 -1723073393
71.173 367 -1723073393
71.200 371 -1723073393
71.227 377 -1723073393
71.253 376 -1723073393
71.280 371 -1723073393
71.307 366 -1723073393
71.333 359 -1723073393
71.360 348 -1723073393
71.387 337 -1723073393
71.413 330 -1723073393
71.440 319 -1723073393
71.467 306 -1723073393
71.493 291 -1723073393
71.520 273 -1723073393
71.547 257 -1723073393
71.573 246 -1723073393
71.600 236 -1723073393
71.627 224 -1723073393
71.653 217 -1723073393
71.680 216 -1723073393
71.707 213 -1723073393
71.733 213 -1723073393
71.760 218 -1723073393
71.787 218 -1723073393
71.813 218 -1723073393
71.840 226 -1723073393
71.867 235 -1723073393
71.893 239 -1723073393
71.920 244 -1723073393
71.947 253 -1723073393
71.973 255 -1723073393
72.000 253 -1723073393
72.027 254 -1723073393
72.053 253 -1723073393
72.080 247 -1723073393
72.107 246 -1723073393
72.133 248 -1723073393
72.160 246 -1723073393
72.187 241 -1723073393
72.213 238 -1723073393
72.240 232 -1723073393
72.267 224 -1723073393
72.293 225 -1723073393
72.320 230 -1723073393
72.347 229 -1723073393
72.373 230 -1723073393
72.400 238 -1723073393
72.427 241 -1723073393
72.453 240 -1723073393
72.480 243 -1723073393
72.507 247 -1723073393
72.533 248 -1723073393
72.560 247 -1723073393
72.587 245 -1723073393
72.613 241 -1723073393
72.640 242 -1723073393
72.667 247 -1723073393
72.693 246 -1723073393
72.720 241 -1723073393
72.747 238 -1723073393
72.773 232 -1723073393
72.800 220 -1723073393
72.827 210 -1723073393
72.853 201 -1723073393
72.880 188 -1723073393
72.907 175 -1723073393
72.933 170 -1723073393
72.960 162 -1723073393
72.987 155 -1723073393
73.013 157 -1723073393
73.040 163 -1723073393
73.067 166 -1723073393
73.093 172 -1723073393
73.120 179 -1723073393
73.147 180 -1723073393
73.173 183 -1723073393
73.200 195 -1723073393
73.227 204 -1723073393
73.253 208 -1723073393
73.280 215 -1723073393
73.307 221 -1723073393
73.333 225 -1723073393
73.360 232 -1723073393
73.387 244 -1723073393
73.413 252 -1723073393
73.440 262 -1723073393
73.467 276 -1723073393
73.493 287 -1723073393
73.520 291 -1723073393
73.547 294 -1723073393
73.573 298 -1723073393
73.600 300 -1723073393
73.627 303 -1723073393
73.653 313 -1723073393
73.680 321 -1723073393
73.707 325 -1723073393
73.733 328 -1723073393
73.760 329 -1723073393
73.787 324 -1723073393
73.813 323 -1723073393
73.840 320 -1723073393
73.867 308 -1723073393
73.893 294 -1723073393
73.920 279 -1723073393
73.947 252 -1723073393
73.973 222 -1723073393
74.000 196 -1723073393
74.027 164 -1723073393
74.053 128 -1723073393
74.080 101 -1723073393
74.107 83 -1723073393
74.133 62 -1723073393
74.160 50 -1723073393
74.187 48 -1723073393
74.213 45 -1723073393
74.240 44 -1723073393
74.267 60 -1723073393
74.293 81 -1723073393
74.320 95 -1723073393
74.347 115 -1723073393
74.373 136 -1723073393
74.400 148 -1723073393
74.427 159 -1723073393
74.453 177 -1723073393
74.480 191 -1723073393
74.507 200 -1723073393
74.533 213 -1723073393
74.560 224 -1723073393
74.587 233 -1723073393
74.613 243 -1723073393
74.640 253 -1723073393
74.667 254 -1723073393
74.693 253 -1723073393
74.720 253 -1723073393
74.747 249 -1723073393
74.773 251 -1723073393
74.800 261 -1723073393
74.827 272 -1723073393
74.853 278 -1723073393
74.880 283 -1723073393
74.907 289 -1723073393
74.933 290 -1723073393
74.960 290 -1723073393
74.987 291 -1723073393
75.013 287 -1723073393
75.040 280 -1723073393
75.067 279 -1723073393
75.093 282 -1723073393
75.120 283 -1723073393
75.147 284 -1723073393
75.173 284 -1723073393
75.200 279 -1723073393
75.227 274 -1723073393
75.253 271 -1723073393
75.280 266 -1723073393
75.307 262 -1723073393
75.333 263 -1723073393
75.360 266 -1723073393
75.387 265 -1723073393
75.413 267 -1723073393
75.440 268 -1723073393
75.467 267 -1723073393
75.493 270 -1723073393
75.520 277 -1723073393
75.547 280 -1723073393
75.573 278 -1723073393
75.600 278 -1723073393
75.627 277 -1723073393
75.653 270 -1723073393
75.680 259 -1723073393
75.707 246 -1723073393
75.733 228 -1723073393
75.760 211 -1723073393
75.787 198 -1723073393
75.813 181 -1723073393
75.840 162 -1723073393
75.867 149 -1723073393
75.893 140 -1723073393
75.920 130 -1723073393
75.947 127 -1723073393
75.973 128 -1723073393
76.000 122 -1723073393
76.027 116 -1723073393
76.053 122 -1723073393
76.080 130 -1723073393
76.107 138 -1723073393
76.133 156 -1723073393
76.160 178 -1723073393
76.187 196 -1723073393
76.213 221 -1723073393
76.240 247 -1723073393
76.267 266 -1723073393
76.293 281 -1723073393
76.320 300 -1723073393
76.347 317 -1723073393
76.373 330 -1723073393
76.400 341 -1723073393
76.427 347 -1723073393
76.453 347 -1723073393
76.480 348 -1723073393
76.507 354 -1723073393
76.533 356 -1723073393
76.560 356 -1723073393
76.587 356 -1723073393
76.613 355 -1723073393
76.640 353 -1723073393
76.667 350 -1723073393
76.693 345 -1723073393
76.720 337 -1723073393
76.747 326 -1723073393
76.773 315 -1723073393
76.800 307 -1723073393
76.827 301 -1723073393
76.853 296 -1723073393
76.880 292 -1723073393
76.907 291 -1723073393
76.933 293 -1723073393
76.960 294 -1723073393
76.987 293 -1723073393
77.013 294 -1723073393
77.040 300 -1723073393
77.067 301 -1723073393
77.093 302 -1723073393
77.120 312 -1723073393
77.147 323 -1723073393
77.173 330 -1723073393
77.200 340 -1723073393
77.227 351 -1723073393
77.253 356 -1723073393
77.280 362 -1723073393
77.307 372 -1723073393
77.333 376 -1723073393
77.360 373 -1723073393
77.387 373 -1723073393
77.413 369 -1723073393
77.440 364 -1723073393
77.467 361 -1723073393
77.493 361 -1723073393
77.520 357 -1723073393
77.547 351 -1723073393
77.573 343 -1723073393
77.600 329 -1723073393
77.627 312 -1723073393
77.653 294 -1723073393
77.680 276 -1723073393
77.707 261 -1723073393
77.733 250 -1723073393
77.760 239 -1723073393
77.787 226 -1723073393
77.813 217 -1723073393
77.840 205 -1723073393
77.867 193 -1723073393
77.893 190 -1723073393
77.920 194 -1723073393
77.947 194 -1723073393
77.973 196 -1723073393
78.000 204 -1723073393
78.027 211 -1723073393
78.053 220 -1723073393
78.080 230 -1723073393
78.107 238 -1723073393
78.133 243 -1723073393
78.160 253 -1723073393
78.187 261 -1723073393
78.213 266 -1723073393
78.240 271 -1723073393
78.267 276 -1723073393
78.293 278 -1723073393
78.320 277 -1723073393
78.347 277 -1723073393
78.373 273 -1723073393
78.400 264 -1723073393
78.427 256 -1723073393
78.453 244 -1723073393
78.480 229 -1723073393
78.507 218 -1723073393
78.533 206 -1723073393
78.560 190 -1723073393
78.587 179 -1723073393
78.613 174 -1723073393
78.640 165 -1723073393
78.667 156 -1723073393
78.693 155 -1723073393
78.720 150 -1723073393
78.747 145 -1723073393
78.773 150 -1723073393
78.800 155 -1723073393
78.827 156 -1723073393
78.853 163 -1723073393
78.880 172 -1723073393
78.907 175 -1723073393
78.933 180 -1723073393
78.960 192 -1723073393
78.987 200 -1723073393
79.013 206 -1723073393
79.040 219 -1723073393
79.067 230 -1723073393
79.093 237 -1723073393
79.120 241 -1723073393
79.147 243 -1723073393
79.173 239 -1723073393
79.200 235 -1723073393
79.227 226 -1723073393
79.253 211 -1723073393
79.280 194 -1723073393
79.307 177 -1723073393
79.333 155 -1723073393
79.360 134 -1723073393
79.387 119 -1723073393
79.413 103 -1723073393
79.440 83 -1723073393
79.467 67 -1723073393
79.493 52 -1723073393
79.520 34 -1723073393
79.547 24 -1723073393
79.573 22 -1723073393
79.600 20 -1723073393
79.627 21 -1723073393
79.653 31 -1723073393
79.680 41 -1723073393
79.707 47 -1723073393
79.733 62 -1723073393
79.760 85 -1723073393
79.787 105 -1723073393
79.813 128 -1723073393
79.840 158 -1723073393
79.867 182 -1723073393
79.893 202 -1723073393
79.920 227 -1723073393
79.947 247 -1723073393
79.973 264 -1723073393
80.000 282 -1723073393
80.027 297 -1723073393
80.053 307 -1723073393
80.080 316 -1723073393
80.107 321 -1723073393
80.133 315 -1723073393
80.160 310 -1723073393
80.187 306 -1723073393
80.213 300 -1723073393
80.240 292 -1723073393
80.267 281 -1723073393
80.293 269 -1723073393
80.320 258 -1723073393
80.347 249 -1723073393
80.373 242 -1723073393
80.400 234 -1723073393
80.427 228 -1723073393
80.453 226 -1723073393
80.480 226 -1723073393
80.507 230 -1723073393
80.533 234 -1723073393
80.560 236 -1723073393
80.587 242 -1723073393
80.613 249 -1723073393
80.640 253 -1723073393
80.667 254 -1723073393
80.693 257 -1723073393
80.720 264 -1723073393
80.747 269 -1723073393
80.773 272 -1723073393
80.800 275 -1723073393
80.827 272 -1723073393
80.853 266 -1723073393
80.880 260 -1723073393
80.907 251 -1723073393
80.933 243 -1723073393
80.960 236 -1723073393
80.987 227 -1723073393
81.013 212 -1723073393
81.040 197 -1723073393
81.067 179 -1723073393
81.093 159 -1723073393
81.120 147 -1723073393
81.147 139 -1723073393
81.173 134 -1723073393
81.200 135 -1723073393
81.227 133 -1723073393
81.253 126 -1723073393
81.280 128 -1723073393
81.307 131 -1723073393
81.333 128 -1723073393
81.360 128 -1723073393
81.387 139 -1723073393
81.413 146 -1723073393
81.440 151 -1723073393
81.467 165 -1723073393
81.493 176 -1723073393
81.520 188 -1723073393
81.547 206 -1723073393
81.573 229 -1723073393
81.600 246 -1723073393
81.627 262 -1723073393
81.653 275 -1723073393
81.680 285 -1723073393
81.707 293 -1723073393
81.733 301 -1723073393
81.760 308 -1723073393
81.787 317 -1723073393
81.813 324 -1723073393
81.840 324 -1723073393
81.867 323 -1723073393
81.893 326 -1723073393
81.920 329 -1723073393
81.947 327 -1723073393
81.973 322 -1723073393
82.000 314 -1723073393
82.027 304 -1723073393
82.053 297 -1723073393
82.080 290 -1723073393
82.107 278 -1723073393
82.133 266 -1723073393
82.160 260 -1723073393
82.187 258 -1723073393
82.213 255 -1723073393
82.240 252 -1723073393
82.267 246 -1723073393
82.293 240 -1723073393
82.320 238 -1723073393
82.347 240 -1723073393
82.373 243 -1723073393
82.400 249 -1723073393
82.427 256 -1723073393
82.453 264 -1723073393
82.480 269 -1723073393
82.507 271 -1723073393
82.533 273 -1723073393
82.560 279 -1723073393
82.587 286 -1723073393
82.613 291 -1723073393
82.640 296 -1723073393
82.667 300 -1723073393
82.693 303 -1723073393
82.720 303 -1723073393
82.747 304 -1723073393
82.773 302 -1723073393
82.800 294 -1723073393
82.827 282 -1723073393
82.853 272 -1723073393
82.880 264 -1723073393
82.907 254 -1723073393
82.933 241 -1723073393
82.960 227 -1723073393
82.987 217 -1723073393
83.013 211 -1723073393
83.040 202 -1723073393
83.067 194 -1723073393
83.093 190 -1723073393
83.120 184 -1723073393
83.147 177 -1723073393
83.173 179 -1723073393
83.200 183 -1723073393
83.227 181 -1723073393
83.253 182 -1723073393
83.280 186 -1723073393
83.307 185 -1723073393
83.333 190 -1723073393
83.360 198 -1723073393
83.387 203 -1723073393
83.413 210 -1723073393
83.440 220 -1723073393
83.467 225 -1723073393
83.493 228 -1723073393
83.520 233 -1723073393
83.547 232 -1723073393
83.573 229 -1723073393
83.600 226 -1723073393
83.627 220 -1723073393
83.653 213 -1723073393
83.680 211 -1723073393
83.707 213 -1723073393
83.733 210 -1723073393
83.760 210 -1723073393
83.787 213 -1723073393
83.813 211 -1723073393
83.840 212 -1723073393
83.867 223 -1723073393
83.893 229 -1723073393
83.920 231 -1723073393
83.947 239 -1723073393
83.973 245 -1723073393
84.000 246 -1723073393
84.027 251 -1723073393
84.053 260 -1723073393
84.080 266 -1723073393
84.107 272 -1723073393
84.133 274 -1723073393
84.160 271 -1723073393
84.187 270 -1723073393
84.213 264 -1723073393
84.240 255 -1723073393
84.267 250 -1723073393
84.293 249 -1723073393
84.320 248 -1723073393
84.347 246 -1723073393
84.373 245 -1723073393
84.400 241 -1723073393
84.427 238 -1723073393
84.453 238 -1723073393
84.480 234 -1723073393
84.507 228 -1723073393
84.533 226 -1723073393
84.560 222 -1723073393
84.587 214 -1723073393
84.613 208 -1723073393
84.640 200 -1723073393
84.667 188 -1723073393
84.693 181 -1723073393
84.720 172 -1723073393
84.747 165 -1723073393
84.773 165 -1723073393
84.800 166 -1723073393
84.827 164 -1723073393
84.853 162 -1723073393
84.880 155 -1723073393
84.907 147 -1723073393
84.933 148 -1723073393
84.960 149 -1723073393
84.987 150 -1723073393
85.013 156 -1723073393
85.040 161 -1723073393
85.067 164 -1723073393
85.093 173 -1723073393
85.120 183 -1723073393
85.147 189 -1723073393
85.173 197 -1723073393
85.200 205 -1723073393
85.227 208 -1723073393
85.253 211 -1723073393
85.280 216 -1723073393
85.307 218 -1723073393
85.333 220 -1723073393
85.360 228 -1723073393
85.387 234 -1723073393
85.413 233 -1723073393
85.440 233 -1723073393
85.467 233 -1723073393
85.493 237 -1723073393
85.520 244 -1723073393
85.547 244 -1723073393
85.573 242 -1723073393
85.600 250 -1723073393
85.627 257 -1723073393
85.653 264 -1723073393
85.680 276 -1723073393
85.707 284 -1723073393
85.733 285 -1723073393
85.760 286 -1723073393
85.787 281 -1723073393
85.813 271 -1723073393
85.840 265 -1723073393
85.867 259 -1723073393
85.893 250 -1723073393
85.920 242 -1723073393
85.947 231 -1723073393
85.973 216 -1723073393
86.000 203 -1723073393
86.027 190 -1723073393
86.053 179 -1723073393
86.080 176 -1723073393
86.107 179 -1723073393
86.133 180 -1723073393
86.160 181 -1723073393
86.187 183 -1723073393
86.213 186 -1723073393
86.240 189 -1723073393
86.267 192 -1723073393
86.293 190 -1723073393
86.320 190 -1723073393
86.347 195 -1723073393
86.373 197 -1723073393
86.400 196 -1723073393
86.427 195 -1723073393
86.453 190 -1723073393
86.480 183 -1723073393
86.507 184 -1723073393
86.533 187 -1723073393
86.560 194 -1723073393
86.587 201 -1723073393
86.613 197 -1723073393
86.640 192 -1723073393
86.667 193 -1723073393
86.693 189 -1723073393
86.720 181 -1723073393
86.747 179 -1723073393
86.773 176 -1723073393
86.800 169 -1723073393
86.827 169 -1723073393
86.853 170 -1723073393
86.880 173 -1723073393
86.907 184 -1723073393
86.933 195 -1723073393
86.960 198 -1723073393
86.987 204 -1723073393
87.013 211 -1723073393
87.040 212 -1723073393
87.067 213 -1723073393
87.093 212 -1723073393
87.120 206 -1723073393
87.147 206 -1723073393
87.173 208 -1723073393
87.200 208 -1723073393
87.227 214 -1723073393
87.253 218 -1723073393
87.280 218 -1723073393
87.307 223 -1723073393
87.333 228 -1723073393
87.360 226 -1723073393
87.387 227 -1723073393
87.413 231 -1723073393
87.440 226 -1723073393
87.467 226 -1723073393
87.493 233 -1723073393
87.520 238 -1723073393
87.547 246 -1723073393
87.573 253 -1723073393
87.600 246 -1723073393
87.627 241 -1723073393
87.653 243 -1723073393
87.680 243 -1723073393
87.707 243 -1723073393
87.733 244 -1723073393
87.760 242 -1723073393
87.787 236 -1723073393
87.813 233 -1723073393
87.840 228 -1723073393
87.867 227 -1723073393
87.893 226 -1723073393
87.920 218 -1723073393
87.947 216 -1723073393
87.973 216 -1723073393
88.000 211 -1723073393
88.027 211 -1723073393
88.053 217 -1723073393
88.080 220 -1723073393
88.107 223 -1723073393
88.133 228 -1723073393
88.160 225 -1723073393
88.187 226 -1723073393
88.213 229 -1723073393
88.240 229 -1723073393
88.267 232 -1723073393
88.293 231 -1723073393
88.320 220 -1723073393
88.347 214 -1723073393
88.373 210 -1723073393
88.400 201 -1723073393
88.427 193 -1723073393
88.453 184 -1723073393
88.480 173 -1723073393
88.507 169 -1723073393
88.533 164 -1723073393
88.560 155 -1723073393
88.587 152 -1723073393
88.613 141 -1723073393
88.640 128 -1723073393
88.667 124 -1723073393
88.693 123 -1723073393
88.720 117 -1723073393
88.747 117 -1723073393
88.773 115 -1723073393
88.800 113 -1723073393
88.827 115 -1723073393
88.853 119 -1723073393
88.880 121 -1723073393
88.907 130 -1723073393
88.933 139 -1723073393
88.960 142 -1723073393
88.987 149 -1723073393
89.013 155 -1723073393
89.040 160 -1723073393
89.067 171 -1723073393
89.093 180 -1723073393
89.120 189 -1723073393
89.147 200 -1723073393
89.173 209 -1723073393
89.200 214 -1723073393
89.227 215 -1723073393
89.253 213 -1723073393
89.280 216 -1723073393
89.307 226 -1723073393
89.333 228 -1723073393
89.360 226 -1723073393
89.387 225 -1723073393
89.413 216 -1723073393
89.440 208 -1723073393
89.467 204 -1723073393
89.493 196 -1723073393
89.520 187 -1723073393
89.547 181 -1723073393
89.573 169 -1723073393
89.600 158 -1723073393
89.627 153 -1723073393
89.653 143 -1723073393
89.680 139 -1723073393
89.707 134 -1723073393
89.733 120 -1723073393
89.760 117 -1723073393
89.787 122 -1723073393
89.813 120 -1723073393
89.840 126 -1723073393
89.867 135 -1723073393
89.893 138 -1723073393
89.920 149 -1723073393
89.947 161 -1723073393
89.973 164 -1723073393
90.000 172 -1723073393
90.027 176 -1723073393
90.053 176 -1723073393
90.080 184 -1723073393
90.107 185 -1723073393
90.133 184 -1723073393
90.160 186 -1723073393
90.187 178 -1723073393
90.213 168 -1723073393
90.240 166 -1723073393
90.267 154 -1723073393
90.293 140 -1723073393
90.320 136 -1723073393
90.347 128 -1723073393
90.373 124 -1723073393
90.400 128 -1723073393
90.427 124 -1723073393
90.453 126 -1723073393
90.480 134 -1723073393
90.507 134 -1723073393
90.533 137 -1723073393
90.560 144 -1723073393
90.587 142 -1723073393
90.613 148 -1723073393
90.640 160 -1723073393
90.667 168 -1723073393
90.693 186 -1723073393
90.720 203 -1723073393
90.747 214 -1723073393
90.773 229 -1723073393
90.800 241 -1723073393
90.827 250 -1723073393
90.853 264 -1723073393
90.880 273 -1723073393
90.907 283 -1723073393
90.933 295 -1723073393
90.960 306 -1723073393
90.987 316 -1723073393
91.013 329 -1723073393
91.040 337 -1723073393
91.067 345 -1723073393
91.093 356 -1723073393
91.120 363 -1723073393
91.147 372 -1723073393
91.173 379 -1723073393
91.200 378 -1723073393
91.227 377 -1723073393
91.253 371 -1723073393
91.280 364 -1723073393
91.307 360 -1723073393
91.333 348 -1723073393
91.360 334 -1723073393
91.387 326 -1723073393
91.413 312 -1723073393
91.440 298 -1723073393
91.467 294 -1723073393
91.493 288 -1723073393
91.520 282 -1723073393
91.547 276 -1723073393
91.573 268 -1723073393
91.600 270 -1723073393
91.627 280 -1723073393
91.653 288 -1723073393
91.680 301 -1723073393
91.707 314 -1723073393
91.733 322 -1723073393
91.760 336 -1723073393
91.787 346 -1723073393
91.813 353 -1723073393
91.840 366 -1723073393
91.867 372 -1723073393
91.893 378 -1723073393
91.920 389 -1723073393
91.947 387 -1723073393
91.973 385 -1723073393
92.000 387 -1723073393
92.027 381 -1723073393
92.053 380 -1723073393
92.080 375 -1723073393
92.107 362 -1723073393
92.133 354 -1723073393
92.160 345 -1723073393
92.187 333 -1723073393
92.213 322 -1723073393
92.240 309 -1723073393
92.267 303 -1723073393
92.293 298 -1723073393
92.320 289 -1723073393
92.347 288 -1723073393
92.373 290 -1723073393
92.400 290 -1723073393
92.427 301 -1723073393
92.453 312 -1723073393
92.480 316 -1723073393
92.507 324 -1723073393
92.533 328 -1723073393
92.560 332 -1723073393
92.587 341 -1723073393
92.613 350 -1723073393
92.640 368 -1723073393
92.667 385 -1723073393
92.693 396 -1723073393
92.720 401 -1723073393
92.747 396 -1723073393
92.773 393 -1723073393
92.800 395 -1723073393
92.827 396 -1723073393
92.853 397 -1723073393
92.880 395 -1723073393
92.907 389 -1723073393
92.933 386 -1723073393
92.960 383 -1723073393
92.987 382 -1723073393
93.013 381 -1723073393
93.040 371 -1723073393
93.067 358 -1723073393
93.093 351 -1723073393
93.120 345 -1723073393
93.147 344 -1723073393
93.173 349 -1723073393
93.200 347 -1723073393
93.227 339 -1723073393
93.253 330 -1723073393
93.280 326 -1723073393
93.307 330 -1723073393
93.333 332 -1723073393
93.360 334 -1723073393
93.387 337 -1723073393
93.413 337 -1723073393
93.440 341 -1723073393
93.467 347 -1723073393
93.493 351 -1723073393
93.520 357 -1723073393
93.547 360 -1723073393
93.573 364 -1723073393
93.600 371 -1723073393
93.627 375 -1723073393
93.653 381 -1723073393
93.680 389 -1723073393
93.707 388 -1723073393
93.733 385 -1723073393
93.760 376 -1723073393
93.787 363 -1723073393
93.813 359 -1723073393
93.840 351 -1723073393
93.867 342 -1723073393
93.893 337 -1723073393
93.920 328 -1723073393
93.947 320 -1723073393
93.973 309 -1723073393
94.000 295 -1723073393
94.027 289 -1723073393
94.053 283 -1723073393
94.080 280 -1723073393
94.107 277 -1723073393
94.133 278 -1723073393
94.160 285 -1723073393
94.187 294 -1723073393
94.213 298 -1723073393
94.240 302 -1723073393
94.267 304 -1723073393
94.293 310 -1723073393
94.320 318 -1723073393
94.347 328 -1723073393
94.373 341 -1723073393
94.400 348 -1723073393
94.427 349 -1723073393
94.453 355 -1723073393
94.480 357 -1723073393
94.507 362 -1723073393
94.533 363 -1723073393
94.560 362 -1723073393
94.587 367 -1723073393
94.613 366 -1723073393
94.640 365 -1723073393
94.667 365 -1723073393
94.693 357 -1723073393
94.720 360 -1723073393
94.747 359 -1723073393
94.773 355 -1723073393
94.800 356 -1723073393
94.827 351 -1723073393
94.853 352 -1723073393
94.880 349 -1723073393
94.907 340 -1723073393
94.933 336 -1723073393
94.960 323 -1723073393
94.987 312 -1723073393
95.013 304 -1723073393
95.040 293 -1723073393
95.067 293 -1723073393
95.093 287 -1723073393
95.120 279 -1723073393
95.147 274 -1723073393
95.173 269 -1723073393
95.200 270 -1723073393
95.227 269 -1723073393
95.253 267 -1723073393
95.280 272 -1723073393
95.307 276 -1723073393
95.333 276 -1723073393
95.360 274 -1723073393
95.387 270 -1723073393
95.413 265 -1723073393
95.440 259 -1723073393
95.467 260 -1723073393
95.493 256 -1723073393
95.520 240 -1723073393
95.547 226 -1723073393
95.573 210 -1723073393
95.600 199 -1723073393
95.627 192 -1723073393
95.653 183 -1723073393
95.680 175 -1723073393
95.707 167 -1723073393
95.733 164 -1723073393
95.760 155 -1723073393
95.787 144 -1723073393
95.813 137 -1723073393
95.840 129 -1723073393
95.867 130 -1723073393
95.893 129 -1723073393
95.920 126 -1723073393
95.947 130 -1723073393
95.973 128 -1723073393
96.000 135 -1723073393
96.027 145 -1723073393
96.053 151 -1723073393
96.080 162 -1723073393
96.107 167 -1723073393
96.133 180 -1723073393
96.160 189 -1723073393
96.187 193 -1723073393
96.213 197 -1723073393
96.240 202 -1723073393
96.267 206 -1723073393
96.293 202 -1723073393
96.320 201 -1723073393
96.347 202 -1723073393
96.373 199 -1723073393
96.400 200 -1723073393
96.427 192 -1723073393
96.453 187 -1723073393
96.480 181 -1723073393
96.507 170 -1723073393
96.533 160 -1723073393
96.560 145 -1723073393
96.587 136 -1723073393
96.613 127 -1723073393
96.640 122 -1723073393
96.667 119 -1723073393
96.693 108 -1723073393
96.720 101 -1723073393
96.747 94 -1723073393
96.773 86 -1723073393
96.800 78 -1723073393
96.827 72 -1723073393
96.853 68 -1723073393
96.880 61 -1723073393
96.907 65 -1723073393
96.933 66 -1723073393
96.960 73 -1723073393
96.987 77 -1723073393
97.013 71 -1723073393
97.040 75 -1723073393
97.067 76 -1723073393
97.093 76 -1723073393
97.120 79 -1723073393
97.147 87 -1723073393
97.173 99 -1723073393
97.200 98 -1723073393
97.227 101 -1723073393
97.253 92 -1723073393
97.280 84 -1723073393
97.307 79 -1723073393
97.333 73 -1723073393
97.360 73 -1723073393
97.387 66 -1723073393
97.413 66 -1723073393
97.440 64 -1723073393
97.467 60 -1723073393
97.493 47 -1723073393
97.520 39 -1723073393
97.547 42 -1723073393
97.573 41 -1723073393
97.600 46 -1723073393
97.627 38 -1723073393
97.653 36 -1723073393
97.680 40 -1723073393
97.707 45 -1723073393
97.733 58 -1723073393
97.760 58 -1723073393
97.787 56 -1723073393
97.813 50 -1723073393
97.840 57 -1723073393
97.867 64 -1723073393
97.893 71 -1723073393
97.920 79 -1723073393
97.947 77 -1723073393
97.973 83 -1723073393
98.000 82 -1723073393
98.027 86 -1723073393
98.053 83 -1723073393
98.080 86 -1723073393
98.107 87 -1723073393
98.133 86 -1723073393
98.160 89 -1723073393
98.187 88 -1723073393
98.213 93 -1723073393
98.240 94 -1723073393
98.267 96 -1723073393
98.293 95 -1723073393
98.320 106 -1723073393
98.347 111 -1723073393
98.373 106 -1723073393
98.400 101 -1723073393
98.427 95 -1723073393
98.453 93 -1723073393
98.480 83 -1723073393
98.507 75 -1723073393
98.533 61 -1723073393
98.560 54 -1723073393
98.587 48 -1723073393
98.613 41 -1723073393
98.640 35 -1723073393
98.667 26 -1723073393
98.693 21 -1723073393
98.720 12 -1723073393
98.747 14 -1723073393
98.773 10 -1723073393
98.800 16 -1723073393
98.827 20 -1723073393
98.853 27 -1723073393
98.880 25 -1723073393
98.907 28 -1723073393
98.933 26 -1723073393
98.960 25 -1723073393
98.987 35 -1723073393
99.013 38 -1723073393
99.040 40 -1723073393
99.067 35 -1723073393
99.093 39 -1723073393
99.120 26 -1723073393
99.147 21 -1723073393
99.173 4 -1723073393
99.200 -2 -1723073393
99.227 -16 -1723073393
99.253 -18 -1723073393
99.280 -25 -1723073393
99.307 -28 -1723073393
99.333 -38 -1723073393
99.360 -41 -1723073393
99.387 -46 -1723073393
99.413 -45 -1723073393
99.440 -40 -1723073393
99.467 -47 -1723073393
99.493 -45 -1723073393
99.520 -49 -1723073393
99.547 -52 -1723073393
99.573 -53 -1723073393
99.600 -42 -1723073393
99.627 -44 -1723073393
99.653 -43 -1723073393
99.680 -47 -1723073393
99.707 -35 -1723073393
99.733 -31 -1723073393
99.760 -17 -1723073393
99.787 -17 -1723073393
99.813 -4 -1723073393
99.840 -7 -1723073393
99.867 8 -1723073393
99.893 11 -1723073393
99.920 26 -1723073393
99.947 30 -1723073393
99.973 45 -1723073393
100.000 0 -1723073393
