0.000 13 -1723073393
0.027 18 -1723073393
0.053 13 -1723073393
0.080 7 -1723073393
0.107 19 -1723073393
0.133 23 -1723073393
0.160 30 -1723073393
0.187 39 -1723073393
0.213 32 -1723073393
0.240 37 -1723073393
0.267 36 -1723073393
0.293 28 -1723073393
0.320 31 -1723073393
0.347 23 -1723073393
0.373 19 -1723073393
0.400 27 -1723073393
0.427 22 -1723073393
0.453 18 -1723073393
0.480 12 -1723073393
0.507 0 -1723073393
0.533 0 -1723073393
0.560 -1 -1723073393
0.587 -4 -1723073393
0.613 8 -1723073393
0.640 6 -1723073393
0.667 6 -1723073393
0.693 9 -1723073393
0.720 -1 -1723073393
0.747 2 -1723073393
0.773 0 -1723073393
0.800 -4 -1723073393
0.827 4 -1723073393
0.853 0 -1723073393
0.880 -2 -1723073393
0.907 3 -1723073393
0.933 0 -1723073393
0.960 0 -1723073393
0.987 2 -1723073393
1.013 4 -1723073393
1.040 12 -1723073393
1.067 4 -1723073393
1.093 -2 -1723073393
1.120 2 -1723073393
1.147 -1 -1723073393
1.173 2 -1723073393
1.200 2 -1723073393
1.227 -1 -1723073393
1.253 6 -1723073393
1.280 6 -1723073393
1.307 8 -1723073393
1.333 15 -1723073393
1.360 8 -1723073393
1.387 6 -1723073393
1.413 1 -1723073393
1.440 -13 -1723073393
1.467 -16 -1723073393
1.493 -23 -1723073393
1.520 -24 -1723073393
1.547 -15 -1723073393
1.573 -19 -1723073393
1.600 -19 -1723073393
1.627 -16 -1723073393
1.653 -14 -1723073393
1.680 0 -1723073393
1.707 1 -1723073393
1.733 -2 -1723073393
1.760 1 -1723073393
1.787 -2 -1723073393
1.813 0 -1723073393
1.840 2 -1723073393
1.867 -6 -1723073393
1.893 -3 -1723073393
1.920 -8 -1723073393
1.947 -17 -1723073393
1.973 -12 -1723073393
2.000 -12 -1723073393
2.027 -9 -1723073393
2.053 -2 -1723073393
2.080 -8 -1723073393
2.107 -6 -1723073393
2.133 -7 -1723073393
2.160 -13 -1723073393
2.187 -6 -1723073393
2.213 -9 -1723073393
2.240 -15 -1723073393
2.267 -10 -1723073393
2.293 -19 -1723073393
2.320 -19 -1723073393
2.347 -18 -1723073393
2.373 -22 -1723073393
2.400 -12 -1723073393
2.427 -11 -1723073393
2.453 -18 -1723073393
2.480 -14 -1723073393
2.507 -22 -1723073393
2.533 -27 -1723073393
2.560 -23 -1723073393
2.587 -31 -1723073393
2.613 -30 -1723073393
2.640 -32 -1723073393
2.667 -27 -1723073393
2.693 -17 -1723073393
2.720 -21 -1723073393
2.747 -16 -1723073393
2.773 -14 -1723073393
2.800 -25 -1723073393
2.827 -26 -1723073393
2.853 -28 -1723073393
2.880 -30 -1723073393
2.907 -26 -1723073393
2.933 -30 -1723073393
2.960 -30 -1723073393
2.987 -24 -1723073393
3.013 -24 -1723073393
3.040 -18 -1723073393
3.067 -14 -1723073393
3.093 -12 -1723073393
3.120 -5 -1723073393
3.147 -12 -1723073393
3.173 -15 -1723073393
3.200 -16 -1723073393
3.227 -22 -1723073393
3.253 -17 -1723073393
3.280 -14 -1723073393
3.307 -25 -1723073393
3.333 -23 -1723073393
3.360 -20 -1723073393
3.387 -17 -1723073393
3.413 -10 -1723073393
3.440 -19 -1723073393
3.467 -26 -1723073393
3.493 -31 -1723073393
3.520 -43 -1723073393
3.547 -42 -1723073393
3.573 -43 -1723073393
3.600 -42 -1723073393
3.627 -25 -1723073393
3.653 -21 -1723073393
3.680 -17 -1723073393
3.707 -12 -1723073393
3.733 -20 -1723073393
3.760 -23 -1723073393
3.787 -28 -1723073393
3.813 -33 -1723073393
3.840 -25 -1723073393
3.867 -30 -1723073393
3.893 -28 -1723073393
3.920 -15 -1723073393
3.947 -15 -1723073393
3.973 -12 -1723073393
4.000 -14 -1723073393
4.027 -23 -1723073393
4.053 -21 -1723073393
4.080 -25 -1723073393
4.107 -27 -1723073393
4.133 -22 -1723073393
4.160 -26 -1723073393
4.187 -25 -1723073393
4.213 -23 -1723073393
4.240 -31 -1723073393
4.267 -29 -1723073393
4.293 -34 -1723073393
4.320 -44 -1723073393
4.347 -39 -1723073393
4.373 -42 -1723073393
4.400 -44 -1723073393
4.427 -38 -1723073393
4.453 -39 -1723073393
4.480 -27 -1723073393
4.507 -20 -1723073393
4.533 -23 -1723073393
4.560 -15 -1723073393
4.587 -18 -1723073393
4.613 -20 -1723073393
4.640 -18 -1723073393
4.667 -26 -1723073393
4.693 -30 -1723073393
4.720 -32 -1723073393
4.747 -39 -1723073393
4.773 -37 -1723073393
4.800 -37 -1723073393
4.827 -36 -1723073393
4.853 -28 -1723073393
4.880 -23 -1723073393
4.907 -8 -1723073393
4.933 0 -1723073393
4.960 -10 -1723073393
4.987 -10 -1723073393
5.013 -11 -1723073393
5.040 -15 -1723073393
5.067 -12 -1723073393
5.093 -17 -1723073393
5.120 -23 -1723073393
5.147 -21 -1723073393
5.173 -29 -1723073393
5.200 -29 -1723073393
5.227 -28 -1723073393
5.253 -33 -1723073393
5.280 -26 -1723073393
5.307 -25 -1723073393
5.333 -25 -1723073393
5.360 -17 -1723073393
5.387 -20 -1723073393
5.413 -20 -1723073393
5.440 -14 -1723073393
5.467 -13 -1723073393
5.493 -5 -1723073393
5.520 -3 -1723073393
5.547 -7 -1723073393
5.573 -3 -1723073393
5.600 -1 -1723073393
5.627 0 -1723073393
5.653 8 -1723073393
5.680 -1 -1723073393
5.707 -7 -1723073393
5.733 -9 -1723073393
5.760 -12 -1723073393
5.787 -8 -1723073393
5.813 -13 -1723073393
5.840 -20 -1723073393
5.867 -18 -1723073393
5.893 -21 -1723073393
5.920 -19 -1723073393
5.947 -15 -1723073393
5.973 -19 -1723073393
6.000 -15 -1723073393
6.027 -13 -1723073393
6.053 -13 -1723073393
6.080 -4 -1723073393
6.107 0 -1723073393
6.133 -4 -1723073393
6.160 -8 -1723073393
6.187 -13 -1723073393
6.213 -11 -1723073393
6.240 -14 -1723073393
6.267 -20 -1723073393
6.293 -12 -1723073393
6.320 -8 -1723073393
6.347 -12 -1723073393
6.373 -14 -1723073393
6.400 -21 -1723073393
6.427 -23 -1723073393
6.453 -21 -1723073393
6.480 -27 -1723073393
6.507 -23 -1723073393
6.533 -20 -1723073393
6.560 -23 -1723073393
6.587 -16 -1723073393
6.613 -13 -1723073393
6.640 -13 -1723073393
6.667 -10 -1723073393
6.693 -17 -1723073393
6.720 -16 -1723073393
6.747 -12 -1723073393
6.773 -17 -1723073393
6.800 -18 -1723073393
6.827 -21 -1723073393
6.853 -27 -1723073393
6.880 -22 -1723073393
6.907 -21 -1723073393
6.933 -19 -1723073393
6.960 -13 -1723073393
6.987 -19 -1723073393
7.013 -18 -1723073393
7.040 -19 -1723073393
7.067 -24 -1723073393
7.093 -16 -1723073393
7.120 -13 -1723073393
7.147 -12 -1723073393
7.173 -4 -1723073393
7.200 -11 -1723073393
7.227 -14 -1723073393
7.253 -15 -1723073393
7.280 -24 -1723073393
7.307 -16 -1723073393
7.333 -12 -1723073393
7.360 -18 -1723073393
7.387 -14 -1723073393
7.413 -17 -1723073393
7.440 -17 -1723073393
7.467 -12 -1723073393
7.493 -20 -1723073393
7.520 -22 -1723073393
7.547 -23 -1723073393
7.573 -32 -1723073393
7.600 -31 -1723073393
7.627 -33 -1723073393
7.653 -38 -1723073393
7.680 -33 -1723073393
7.707 -41 -1723073393
7.733 -43 -1723073393
7.760 -40 -1723073393
7.787 -47 -1723073393
7.813 -38 -1723073393
7.840 -30 -1723073393
7.867 -33 -1723073393
7.893 -17 -1723073393
7.920 -14 -1723073393
7.947 -17 -1723073393
7.973 -14 -1723073393
8.000 -24 -1723073393
8.027 -24 -1723073393
8.053 -20 -1723073393
8.080 -28 -1723073393
8.107 -25 -1723073393
8.133 -23 -1723073393
8.160 -29 -1723073393
8.187 -23 -1723073393
8.213 -28 -1723073393
8.240 -28 -1723073393
8.267 -19 -1723073393
8.293 -22 -1723073393
8.320 -17 -1723073393
8.347 -13 -1723073393
8.373 -17 -1723073393
8.400 -10 -1723073393
8.427 -11 -1723073393
8.453 -13 -1723073393
8.480 -7 -1723073393
8.507 -13 -1723073393
8.533 -12 -1723073393
8.560 -4 -1723073393
8.587 -11 -1723073393
8.613 -6 -1723073393
8.640 -9 -1723073393
8.667 -19 -1723073393
8.693 -18 -1723073393
8.720 -33 -1723073393
8.747 -38 -1723073393
8.773 -33 -1723073393
8.800 -45 -1723073393
8.827 -44 -1723073393
8.853 -42 -1723073393
8.880 -51 -1723073393
8.907 -42 -1723073393
8.933 -43 -1723073393
8.960 -48 -1723073393
8.987 -39 -1723073393
9.013 -45 -1723073393
9.040 -47 -1723073393
9.067 -41 -1723073393
9.093 -50 -1723073393
9.120 -42 -1723073393
9.147 -37 -1723073393
9.173 -45 -1723073393
9.200 -38 -1723073393
9.227 -47 -1723073393
9.253 -55 -1723073393
9.280 -46 -1723073393
9.307 -57 -1723073393
9.333 -59 -1723073393
9.360 -54 -1723073393
9.387 -61 -1723073393
9.413 -48 -1723073393
9.440 -44 -1723073393
9.467 -53 -1723073393
9.493 -49 -1723073393
9.520 -58 -1723073393
9.547 -57 -1723073393
9.573 -42 -1723073393
9.600 -52 -1723073393
9.627 -51 -1723073393
9.653 -47 -1723073393
9.680 -54 -1723073393
9.707 -45 -1723073393
9.733 -46 -1723073393
9.760 -50 -1723073393
9.787 -38 -1723073393
9.813 -47 -1723073393
9.840 -50 -1723073393
9.867 -43 -1723073393
9.893 -51 -1723073393
9.920 -39 -1723073393
9.947 -31 -1723073393
9.973 -35 -1723073393
10.000 -16 -1723073393
10.027 -9 -1723073393
10.053 0 -1723073393
10.080 27 -1723073393
10.107 42 -1723073393
10.133 66 -1723073393
10.160 94 -1723073393
10.187 100 -1723073393
10.213 112 -1723073393
10.240 120 -1723073393
10.267 121 -1723073393
10.293 138 -1723073393
10.320 145 -1723073393
10.347 149 -1723073393
10.373 158 -1723073393
10.400 149 -1723073393
10.427 142 -1723073393
10.453 134 -1723073393
10.480 115 -1723073393
10.507 106 -1723073393
10.533 92 -1723073393
10.560 69 -1723073393
10.587 64 -1723073393
10.613 48 -1723073393
10.640 29 -1723073393
10.667 22 -1723073393
10.693 -3 -1723073393
10.720 -14 -1723073393
10.747 -21 -1723073393
10.773 -38 -1723073393
10.800 -38 -1723073393
10.827 -46 -1723073393
10.853 -57 -1723073393
10.880 -53 -1723073393
10.907 -64 -1723073393
10.933 -69 -1723073393
10.960 -62 -1723073393
10.987 -69 -1723073393
11.013 -62 -1723073393
11.040 -59 -1723073393
11.067 -71 -1723073393
11.093 -63 -1723073393
11.120 -68 -1723073393
11.147 -78 -1723073393
11.173 -71 -1723073393
11.200 -81 -1723073393
11.227 -83 -1723073393
11.253 -77 -1723073393
11.280 -89 -1723073393
11.307 -89 -1723073393
11.333 -84 -1723073393
11.360 -91 -1723073393
11.387 -74 -1723073393
11.413 -70 -1723073393
11.440 -67 -1723073393
11.467 -42 -1723073393
11.493 -34 -1723073393
11.520 -16 -1723073393
11.547 7 -1723073393
11.573 9 -1723073393
11.600 21 -1723073393
11.627 35 -1723073393
11.653 34 -1723073393
11.680 45 -1723073393
11.707 45 -1723073393
11.733 41 -1723073393
11.760 46 -1723073393
11.787 37 -1723073393
11.813 34 -1723073393
11.840 36 -1723073393
11.867 20 -1723073393
11.893 15 -1723073393
11.920 9 -1723073393
11.947 -8 -1723073393
11.973 -12 -1723073393
12.000 -27 -1723073393
12.027 -46 -1723073393
12.053 -50 -1723073393
12.080 -64 -1723073393
12.107 -67 -1723073393
12.133 -60 -1723073393
12.160 -62 -1723073393
12.187 -45 -1723073393
12.213 -30 -1723073393
12.240 -23 -1723073393
12.267 5 -1723073393
12.293 24 -1723073393
12.320 45 -1723073393
12.347 84 -1723073393
12.373 106 -1723073393
12.400 129 -1723073393
12.427 152 -1723073393
12.453 163 -1723073393
12.480 188 -1723073393
12.507 208 -1723073393
12.533 216 -1723073393
12.560 229 -1723073393
12.587 229 -1723073393
12.613 228 -1723073393
12.640 232 -1723073393
12.667 228 -1723073393
12.693 217 -1723073393
12.720 195 -1723073393
12.747 164 -1723073393
12.773 137 -1723073393
12.800 108 -1723073393
12.827 73 -1723073393
12.853 50 -1723073393
12.880 24 -1723073393
12.907 0 -1723073393
12.933 -11 -1723073393
12.960 -33 -1723073393
12.987 -47 -1723073393
13.013 -50 -1723073393
13.040 -61 -1723073393
13.067 -65 -1723073393
13.093 -73 -1723073393
13.120 -92 -1723073393
13.147 -89 -1723073393
13.173 -90 -1723073393
13.200 -90 -1723073393
13.227 -81 -1723073393
13.253 -90 -1723073393
13.280 -98 -1723073393
13.307 -106 -1723073393
13.333 -130 -1723073393
13.360 -137 -1723073393
13.387 -144 -1723073393
13.413 -159 -1723073393
13.440 -158 -1723073393
13.467 -161 -1723073393
13.493 -165 -1723073393
13.520 -154 -1723073393
13.547 -160 -1723073393
13.573 -163 -1723073393
13.600 -156 -1723073393
13.627 -163 -1723073393
13.653 -153 -1723073393
13.680 -135 -1723073393
13.707 -124 -1723073393
13.733 -89 -1723073393
13.760 -66 -1723073393
13.787 -56 -1723073393
13.813 -29 -1723073393
13.840 -17 -1723073393
13.867 -4 -1723073393
13.893 19 -1723073393
13.920 21 -1723073393
13.947 32 -1723073393
13.973 39 -1723073393
14.000 28 -1723073393
14.027 24 -1723073393
14.053 10 -1723073393
14.080 -8 -1723073393
14.107 -19 -1723073393
14.133 -47 -1723073393
14.160 -77 -1723073393
14.187 -94 -1723073393
14.213 -121 -1723073393
14.240 -145 -1723073393
14.267 -169 -1723073393
14.293 -207 -1723073393
14.320 -225 -1723073393
14.347 -239 -1723073393
14.373 -263 -1723073393
14.400 -263 -1723073393
14.427 -272 -1723073393
14.453 -285 -1723073393
14.480 -287 -1723073393
14.507 -313 -1723073393
14.533 -331 -1723073393
14.560 -335 -1723073393
14.587 -355 -1723073393
14.613 -362 -1723073393
14.640 -367 -1723073393
14.667 -390 -1723073393
14.693 -393 -1723073393
14.720 -405 -1723073393
14.747 -429 -1723073393
14.773 -435 -1723073393
14.800 -457 -1723073393
14.827 -480 -1723073393
14.853 -486 -1723073393
14.880 -514 -1723073393
14.907 -533 -1723073393
14.933 -545 -1723073393
14.960 -578 -1723073393
14.987 -586 -1723073393
15.013 -595 -1723073393
15.040 -615 -1723073393
15.067 -610 -1723073393
15.093 -620 -1723073393
15.120 -633 -1723073393
15.147 -617 -1723073393
15.173 -621 -1723073393
15.200 -620 -1723073393
15.227 -604 -1723073393
15.253 -610 -1723073393
15.280 -597 -1723073393
15.307 -585 -1723073393
15.333 -601 -1723073393
15.360 -599 -1723073393
15.387 -608 -1723073393
15.413 -628 -1723073393
15.440 -628 -1723073393
15.467 -653 -1723073393
15.493 -679 -1723073393
15.520 -686 -1723073393
15.547 -725 -1723073393
15.573 -753 -1723073393
15.600 -776 -1723073393
15.627 -830 -1723073393
15.653 -860 -1723073393
15.680 -892 -1723073393
15.707 -938 -1723073393
15.733 -953 -1723073393
15.760 -985 -1723073393
15.787 -1020 -1723073393
15.813 -1026 -1723073393
15.840 -1061 -1723073393
15.867 -1075 -1723073393
15.893 -1051 -1723073393
15.920 -1043 -1723073393
15.947 -987 -1723073393
15.973 -902 -1723073393
16.000 -815 -1723073393
16.027 -654 -1723073393
16.053 -455 -1723073393
16.080 -222 -1723073393
16.107 102 -1723073393
16.133 473 -1723073393
16.160 903 -1723073393
16.187 1424 -1723073393
16.213 1985 -1723073393
16.240 2592 -1723073393
16.267 3254 -1723073393
16.293 3955 -1723073393
16.320 4634 -1723073393
16.347 5300 -1723073393
16.373 5947 -1723073393
16.400 6448 -1723073393
16.427 6915 -1723073393
16.453 7277 -1723073393
16.480 7391 -1723073393
16.507 7481 -1723073393
16.533 7391 -1723073393
16.560 7046 -1723073393
16.587 6724 -1723073393
16.613 6199 -1723073393
16.640 5515 -1723073393
16.667 4885 -1723073393
16.693 4081 -1723073393
16.720 3234 -1723073393
16.747 2467 -1723073393
16.773 1620 -1723073393
16.800 824 -1723073393
16.827 94 -1723073393
16.853 -649 -1723073393
16.880 -1324 -1723073393
16.907 -1913 -1723073393
16.933 -2439 -1723073393
16.960 -2923 -1723073393
16.987 -3297 -1723073393
17.013 -3600 -1723073393
17.040 -3880 -1723073393
17.067 -4018 -1723073393
17.093 -4124 -1723073393
17.120 -4211 -1723073393
17.147 -4165 -1723073393
17.173 -4158 -1723073393
17.200 -4133 -1723073393
17.227 -4006 -1723073393
17.253 -3959 -1723073393
17.280 -3871 -1723073393
17.307 -3731 -1723073393
17.333 -3683 -1723073393
17.360 -3575 -1723073393
17.387 -3468 -1723073393
17.413 -3447 -1723073393
17.440 -3361 -1723073393
17.467 -3307 -1723073393
17.493 -3292 -1723073393
17.520 -3198 -1723073393
17.547 -3159 -1723073393
17.573 -3113 -1723073393
17.600 -2992 -1723073393
17.627 -2926 -1723073393
17.653 -2813 -1723073393
17.680 -2658 -1723073393
17.707 -2555 -1723073393
17.733 -2378 -1723073393
17.760 -2177 -1723073393
17.787 -2010 -1723073393
17.813 -1777 -1723073393
17.840 -1557 -1723073393
17.867 -1352 -1723073393
17.893 -1096 -1723073393
17.920 -873 -1723073393
17.947 -667 -1723073393
17.973 -455 -1723073393
18.000 -289 -1723073393
18.027 -139 -1723073393
18.053 -4 -1723073393
18.080 89 -1723073393
18.107 170 -1723073393
18.133 244 -1723073393
18.160 310 -1723073393
18.187 387 -1723073393
18.213 477 -1723073393
18.240 595 -1723073393
18.267 760 -1723073393
18.293 988 -1723073393
18.320 1309 -1723073393
18.347 1734 -1723073393
18.373 2277 -1723073393
18.400 2932 -1723073393
18.427 3721 -1723073393
18.453 4664 -1723073393
18.480 5676 -1723073393
18.507 6808 -1723073393
18.533 8051 -1723073393
18.560 9276 -1723073393
18.587 10597 -1723073393
18.613 11891 -1723073393
18.640 12981 -1723073393
18.667 14117 -1723073393
18.693 15090 -1723073393
18.720 15722 -1723073393
18.747 16379 -1723073393
18.773 16676 -1723073393
18.800 16586 -1723073393
18.827 16541 -1723073393
18.853 15998 -1723073393
18.880 15204 -1723073393
18.907 14455 -1723073393
18.933 13225 -1723073393
18.960 11928 -1723073393
18.987 10659 -1723073393
19.013 9084 -1723073393
19.040 7636 -1723073393
19.067 6233 -1723073393
19.093 4669 -1723073393
19.120 3291 -1723073393
19.147 1996 -1723073393
19.173 699 -1723073393
19.200 -421 -1723073393
19.227 -1458 -1723073393
19.253 -2438 -1723073393
19.280 -3283 -1723073393
19.307 -3990 -1723073393
19.333 -4636 -1723073393
19.360 -5217 -1723073393
19.387 -5641 -1723073393
19.413 -6044 -1723073393
19.440 -6382 -1723073393
19.467 -6553 -1723073393
19.493 -6774 -1723073393
19.520 -6901 -1723073393
19.547 -6895 -1723073393
19.573 -6987 -1723073393
19.600 -6969 -1723073393
19.627 -6882 -1723073393
19.653 -6903 -1723073393
19.680 -6789 -1723073393
19.707 -6679 -1723073393
19.733 -6649 -1723073393
19.760 -6473 -1723073393
19.787 -6361 -1723073393
19.813 -6274 -1723073393
19.840 -6050 -1723073393
19.867 -5924 -1723073393
19.893 -5774 -1723073393
19.920 -5515 -1723073393
19.947 -5370 -1723073393
19.973 -5154 -1723073393
20.000 -4873 -1723073393
20.027 -4704 -1723073393
20.053 -4449 -1723073393
20.080 -4192 -1723073393
20.107 -4016 -1723073393
20.133 -3768 -1723073393
20.160 -3561 -1723073393
20.187 -3404 -1723073393
20.213 -3192 -1723073393
20.240 -3051 -1723073393
20.267 -2945 -1723073393
20.293 -2802 -1723073393
20.320 -2745 -1723073393
20.347 -2696 -1723073393
20.373 -2625 -1723073393
20.400 -2634 -1723073393
20.427 -2624 -1723073393
20.453 -2609 -1723073393
20.480 -2651 -1723073393
20.507 -2654 -1723073393
20.533 -2674 -1723073393
20.560 -2737 -1723073393
20.587 -2755 -1723073393
20.613 -2816 -1723073393
20.640 -2900 -1723073393
20.667 -2949 -1723073393
20.693 -3072 -1723073393
20.720 -3207 -1723073393
20.747 -3319 -1723073393
20.773 -3516 -1723073393
20.800 -3703 -1723073393
20.827 -3889 -1723073393
20.853 -4164 -1723073393
20.880 -4389 -1723073393
20.907 -4626 -1723073393
20.933 -4917 -1723073393
20.960 -5114 -1723073393
20.987 -5336 -1723073393
21.013 -5551 -1723073393
21.040 -5627 -1723073393
21.067 -5739 -1723073393
21.093 -5795 -1723073393
21.120 -5702 -1723073393
21.147 -5669 -1723073393
21.173 -5535 -1723073393
21.200 -5275 -1723073393
21.227 -5086 -1723073393
21.253 -4766 -1723073393
21.280 -4386 -1723073393
21.307 -4075 -1723073393
21.333 -3658 -1723073393
21.360 -3232 -1723073393
21.387 -2854 -1723073393
21.413 -2400 -1723073393
21.440 -1980 -1723073393
21.467 -1592 -1723073393
21.493 -1154 -1723073393
21.520 -768 -1723073393
21.547 -410 -1723073393
21.573 -40 -1723073393
21.600 280 -1723073393
21.627 580 -1723073393
21.653 877 -1723073393
21.680 1130 -1723073393
21.707 1358 -1723073393
21.733 1577 -1723073393
21.760 1784 -1723073393
21.787 1959 -1723073393
21.813 2122 -1723073393
21.840 2275 -1723073393
21.867 2391 -1723073393
21.893 2511 -1723073393
21.920 2610 -1723073393
21.947 2657 -1723073393
21.973 2709 -1723073393
22.000 2722 -1723073393
22.027 2680 -1723073393
22.053 2654 -1723073393
22.080 2579 -1723073393
22.107 2458 -1723073393
22.133 2361 -1723073393
22.160 2221 -1723073393
22.187 2067 -1723073393
22.213 1942 -1723073393
22.240 1790 -1723073393
22.267 1660 -1723073393
22.293 1553 -1723073393
22.320 1430 -1723073393
22.347 1349 -1723073393
22.373 1296 -1723073393
22.400 1245 -1723073393
22.427 1230 -1723073393
22.453 1228 -1723073393
22.480 1236 -1723073393
22.507 1272 -1723073393
22.533 1313 -1723073393
22.560 1352 -1723073393
22.587 1397 -1723073393
22.613 1430 -1723073393
22.640 1457 -1723073393
22.667 1483 -1723073393
22.693 1473 -1723073393
22.720 1448 -1723073393
22.747 1415 -1723073393
22.773 1351 -1723073393
22.800 1300 -1723073393
22.827 1256 -1723073393
22.853 1197 -1723073393
22.880 1158 -1723073393
22.907 1137 -1723073393
22.933 1126 -1723073393
22.960 1150 -1723073393
22.987 1191 -1723073393
23.013 1246 -1723073393
23.040 1333 -1723073393
23.067 1428 -1723073393
23.093 1540 -1723073393
23.120 1682 -1723073393
23.147 1814 -1723073393
23.173 1957 -1723073393
23.200 2108 -1723073393
23.227 2231 -1723073393
23.253 2364 -1723073393
23.280 2484 -1723073393
23.307 2558 -1723073393
23.333 2644 -1723073393
23.360 2704 -1723073393
23.387 2709 -1723073393
23.413 2734 -1723073393
23.440 2725 -1723073393
23.467 2669 -1723073393
23.493 2636 -1723073393
23.520 2556 -1723073393
23.547 2449 -1723073393
23.573 2368 -1723073393
23.600 2243 -1723073393
23.627 2104 -1723073393
23.653 1992 -1723073393
23.680 1848 -1723073393
23.707 1709 -1723073393
23.733 1591 -1723073393
23.760 1445 -1723073393
23.787 1316 -1723073393
23.813 1201 -1723073393
23.840 1069 -1723073393
23.867 954 -1723073393
23.893 841 -1723073393
23.920 719 -1723073393
23.947 617 -1723073393
23.973 511 -1723073393
24.000 399 -1723073393
24.027 299 -1723073393
24.053 204 -1723073393
24.080 118 -1723073393
24.107 44 -1723073393
24.133 -14 -1723073393
24.160 -67 -1723073393
24.187 -112 -1723073393
24.213 -136 -1723073393
24.240 -146 -1723073393
24.267 -151 -1723073393
24.293 -140 -1723073393
24.320 -125 -1723073393
24.347 -105 -1723073393
24.373 -70 -1723073393
24.400 -35 -1723073393
24.427 3 -1723073393
24.453 53 -1723073393
24.480 102 -1723073393
24.507 160 -1723073393
24.533 224 -1723073393
24.560 277 -1723073393
24.587 329 -1723073393
24.613 379 -1723073393
24.640 428 -1723073393
24.667 474 -1723073393
24.693 518 -1723073393
24.720 560 -1723073393
24.747 592 -1723073393
24.773 620 -1723073393
24.800 645 -1723073393
24.827 659 -1723073393
24.853 670 -1723073393
24.880 680 -1723073393
24.907 677 -1723073393
24.933 668 -1723073393
24.960 654 -1723073393
24.987 627 -1723073393
25.013 596 -1723073393
25.040 560 -1723073393
25.067 515 -1723073393
25.093 468 -1723073393
25.120 419 -1723073393
25.147 369 -1723073393
25.173 321 -1723073393
25.200 274 -1723073393
25.227 224 -1723073393
25.253 179 -1723073393
25.280 139 -1723073393
25.307 97 -1723073393
25.333 52 -1723073393
25.360 9 -1723073393
25.387 -38 -1723073393
25.413 -85 -1723073393
25.440 -127 -1723073393
25.467 -179 -1723073393
25.493 -233 -1723073393
25.520 -285 -1723073393
25.547 -346 -1723073393
25.573 -409 -1723073393
25.600 -463 -1723073393
25.627 -530 -1723073393
25.653 -593 -1723073393
25.680 -639 -1723073393
25.707 -695 -1723073393
25.733 -734 -1723073393
25.760 -756 -1723073393
25.787 -794 -1723073393
25.813 -806 -1723073393
25.840 -794 -1723073393
25.867 -789 -1723073393
25.893 -757 -1723073393
25.920 -715 -1723073393
25.947 -684 -1723073393
25.973 -621 -1723073393
26.000 -547 -1723073393
26.027 -481 -1723073393
26.053 -395 -1723073393
26.080 -311 -1723073393
26.107 -233 -1723073393
26.133 -138 -1723073393
26.160 -51 -1723073393
26.187 23 -1723073393
26.213 99 -1723073393
26.240 168 -1723073393
26.267 227 -1723073393
26.293 279 -1723073393
26.320 319 -1723073393
26.347 350 -1723073393
26.373 373 -1723073393
26.400 384 -1723073393
26.427 380 -1723073393
26.453 368 -1723073393
26.480 352 -1723073393
26.507 333 -1723073393
26.533 309 -1723073393
26.560 284 -1723073393
26.587 260 -1723073393
26.613 242 -1723073393
26.640 224 -1723073393
26.667 205 -1723073393
26.693 186 -1723073393
26.720 167 -1723073393
26.747 150 -1723073393
26.773 132 -1723073393
26.800 111 -1723073393
26.827 92 -1723073393
26.853 65 -1723073393
26.880 31 -1723073393
26.907 -7 -1723073393
26.933 -58 -1723073393
26.960 -114 -1723073393
26.987 -172 -1723073393
27.013 -235 -1723073393
27.040 -293 -1723073393
27.067 -340 -1723073393
27.093 -389 -1723073393
27.120 -419 -1723073393
27.147 -436 -1723073393
27.173 -462 -1723073393
27.200 -469 -1723073393
27.227 -460 -1723073393
27.253 -456 -1723073393
27.280 -432 -1723073393
27.307 -398 -1723073393
27.333 -375 -1723073393
27.360 -340 -1723073393
27.387 -300 -1723073393
27.413 -268 -1723073393
27.440 -223 -1723073393
27.467 -183 -1723073393
27.493 -151 -1723073393
27.520 -113 -1723073393
27.547 -88 -1723073393
27.573 -74 -1723073393
27.600 -56 -1723073393
27.627 -50 -1723073393
27.653 -46 -1723073393
27.680 -30 -1723073393
27.707 -19 -1723073393
27.733 -11 -1723073393
27.760 -1 -1723073393
27.787 6 -1723073393
27.813 17 -1723073393
27.840 31 -1723073393
27.867 41 -1723073393
27.893 60 -1723073393
27.920 90 -1723073393
27.947 118 -1723073393
27.973 157 -1723073393
28.000 203 -1723073393
28.027 241 -1723073393
28.053 285 -1723073393
28.080 324 -1723073393
28.107 352 -1723073393
28.133 376 -1723073393
28.160 394 -1723073393
28.187 407 -1723073393
28.213 416 -1723073393
28.240 420 -1723073393
28.267 423 -1723073393
28.293 420 -1723073393
28.320 406 -1723073393
28.347 391 -1723073393
28.373 367 -1723073393
28.400 330 -1723073393
28.427 288 -1723073393
28.453 247 -1723073393
28.480 205 -1723073393
28.507 168 -1723073393
28.533 136 -1723073393
28.560 99 -1723073393
28.587 68 -1723073393
28.613 50 -1723073393
28.640 31 -1723073393
28.667 18 -1723073393
28.693 19 -1723073393
28.720 16 -1723073393
28.747 21 -1723073393
28.773 31 -1723073393
28.800 33 -1723073393
28.827 32 -1723073393
28.853 31 -1723073393
28.880 22 -1723073393
28.907 20 -1723073393
28.933 20 -1723073393
28.960 11 -1723073393
28.987 13 -1723073393
29.013 18 -1723073393
29.040 11 -1723073393
29.067 8 -1723073393
29.093 5 -1723073393
29.120 -1 -1723073393
29.147 -2 -1723073393
29.173 -5 -1723073393
29.200 -16 -1723073393
29.227 -20 -1723073393
29.253 -22 -1723073393
29.280 -27 -1723073393
29.307 -24 -1723073393
29.333 -19 -1723073393
29.360 -13 -1723073393
29.387 1 -1723073393
29.413 12 -1723073393
29.440 27 -1723073393
29.467 52 -1723073393
29.493 74 -1723073393
29.520 93 -1723073393
29.547 113 -1723073393
29.573 126 -1723073393
29.600 133 -1723073393
29.627 140 -1723073393
29.653 141 -1723073393
29.680 141 -1723073393
29.707 139 -1723073393
29.733 138 -1723073393
29.760 138 -1723073393
29.787 139 -1723073393
29.813 141 -1723073393
29.840 149 -1723073393
29.867 157 -1723073393
29.893 165 -1723073393
29.920 173 -1723073393
29.947 176 -1723073393
29.973 180 -1723073393
30.000 186 -1723073393
30.027 184 -1723073393
30.053 178 -1723073393
30.080 178 -1723073393
30.107 176 -1723073393
30.133 173 -1723073393
30.160 176 -1723073393
30.187 178 -1723073393
30.213 182 -1723073393
30.240 192 -1723073393
30.267 202 -1723073393
30.293 210 -1723073393
30.320 225 -1723073393
30.347 235 -1723073393
30.373 239 -1723073393
30.400 238 -1723073393
30.427 233 -1723073393
30.453 227 -1723073393
30.480 221 -1723073393
30.507 210 -1723073393
30.533 195 -1723073393
30.560 175 -1723073393
30.587 146 -1723073393
30.613 116 -1723073393
30.640 83 -1723073393
30.667 37 -1723073393
30.693 -14 -1723073393
30.720 -60 -1723073393
30.747 -106 -1723073393
30.773 -146 -1723073393
30.800 -171 -1723073393
30.827 -193 -1723073393
30.853 -213 -1723073393
30.880 -218 -1723073393
30.907 -222 -1723073393
30.933 -220 -1723073393
30.960 -199 -1723073393
30.987 -170 -1723073393
31.013 -129 -1723073393
31.040 -74 -1723073393
31.067 -25 -1723073393
31.093 25 -1723073393
31.120 83 -1723073393
31.147 127 -1723073393
31.173 164 -1723073393
31.200 196 -1723073393
31.227 213 -1723073393
31.253 219 -1723073393
31.280 216 -1723073393
31.307 202 -1723073393
31.333 179 -1723073393
31.360 156 -1723073393
31.387 130 -1723073393
31.413 107 -1723073393
31.440 86 -1723073393
31.467 63 -1723073393
31.493 48 -1723073393
31.520 44 -1723073393
31.547 37 -1723073393
31.573 38 -1723073393
31.600 49 -1723073393
31.627 59 -1723073393
31.653 77 -1723073393
31.680 98 -1723073393
31.707 110 -1723073393
31.733 125 -1723073393
31.760 143 -1723073393
31.787 152 -1723073393
31.813 162 -1723073393
31.840 165 -1723073393
31.867 150 -1723073393
31.893 136 -1723073393
31.920 127 -1723073393
31.947 114 -1723073393
31.973 108 -1723073393
32.000 100 -1723073393
32.027 88 -1723073393
32.053 86 -1723073393
32.080 85 -1723073393
32.107 83 -1723073393
32.133 93 -1723073393
32.160 109 -1723073393
32.187 127 -1723073393
32.213 154 -1723073393
32.240 180 -1723073393
32.267 198 -1723073393
32.293 214 -1723073393
32.320 221 -1723073393
32.347 217 -1723073393
32.373 208 -1723073393
32.400 189 -1723073393
32.427 156 -1723073393
32.453 116 -1723073393
32.480 68 -1723073393
32.507 19 -1723073393
32.533 -27 -1723073393
32.560 -80 -1723073393
32.587 -135 -1723073393
32.613 -175 -1723073393
32.640 -206 -1723073393
32.667 -228 -1723073393
32.693 -228 -1723073393
32.720 -218 -1723073393
32.747 -203 -1723073393
32.773 -164 -1723073393
32.800 -115 -1723073393
32.827 -64 -1723073393
32.853 1 -1723073393
32.880 62 -1723073393
32.907 111 -1723073393
32.933 165 -1723073393
32.960 208 -1723073393
32.987 231 -1723073393
33.013 247 -1723073393
33.040 247 -1723073393
33.067 235 -1723073393
33.093 220 -1723073393
33.120 198 -1723073393
33.147 175 -1723073393
33.173 152 -1723073393
33.200 126 -1723073393
33.227 106 -1723073393
33.253 92 -1723073393
33.280 71 -1723073393
33.307 57 -1723073393
33.333 52 -1723073393
33.360 39 -1723073393
33.387 31 -1723073393
33.413 38 -1723073393
33.440 43 -1723073393
33.467 50 -1723073393
33.493 60 -1723073393
33.520 62 -1723073393
33.547 69 -1723073393
33.573 81 -1723073393
33.600 88 -1723073393
33.627 98 -1723073393
33.653 115 -1723073393
33.680 129 -1723073393
33.707 150 -1723073393
33.733 180 -1723073393
33.760 210 -1723073393
33.787 248 -1723073393
33.813 292 -1723073393
33.840 324 -1723073393
33.867 357 -1723073393
33.893 395 -1723073393
33.920 431 -1723073393
33.947 465 -1723073393
33.973 492 -1723073393
34.000 507 -1723073393
34.027 511 -1723073393
34.053 505 -1723073393
34.080 491 -1723073393
34.107 471 -1723073393
34.133 436 -1723073393
34.160 389 -1723073393
34.187 338 -1723073393
34.213 276 -1723073393
34.240 209 -1723073393
34.267 147 -1723073393
34.293 85 -1723073393
34.320 24 -1723073393
34.347 -17 -1723073393
34.373 -41 -1723073393
34.400 -63 -1723073393
34.427 -74 -1723073393
34.453 -64 -1723073393
34.480 -46 -1723073393
34.507 -17 -1723073393
34.533 24 -1723073393
34.560 65 -1723073393
34.587 107 -1723073393
34.613 157 -1723073393
34.640 201 -1723073393
34.667 240 -1723073393
34.693 277 -1723073393
34.720 297 -1723073393
34.747 305 -1723073393
34.773 305 -1723073393
34.800 295 -1723073393
34.827 273 -1723073393
34.853 234 -1723073393
34.880 184 -1723073393
34.907 134 -1723073393
34.933 86 -1723073393
34.960 40 -1723073393
34.987 4 -1723073393
35.013 -24 -1723073393
35.040 -50 -1723073393
35.067 -64 -1723073393
35.093 -63 -1723073393
35.120 -59 -1723073393
35.147 -40 -1723073393
35.173 -4 -1723073393
35.200 31 -1723073393
35.227 67 -1723073393
35.253 116 -1723073393
35.280 161 -1723073393
35.307 201 -1723073393
35.333 243 -1723073393
35.360 279 -1723073393
35.387 309 -1723073393
35.413 337 -1723073393
35.440 359 -1723073393
35.467 381 -1723073393
35.493 403 -1723073393
35.520 417 -1723073393
35.547 425 -1723073393
35.573 429 -1723073393
35.600 425 -1723073393
35.627 421 -1723073393
35.653 417 -1723073393
35.680 409 -1723073393
35.707 402 -1723073393
35.733 391 -1723073393
35.760 372 -1723073393
35.787 352 -1723073393
35.813 334 -1723073393
35.840 311 -1723073393
35.867 283 -1723073393
35.893 253 -1723073393
35.920 216 -1723073393
35.947 180 -1723073393
35.973 149 -1723073393
36.000 115 -1723073393
36.027 77 -1723073393
36.053 44 -1723073393
36.080 7 -1723073393
36.107 -29 -1723073393
36.133 -60 -1723073393
36.160 -89 -1723073393
36.187 -115 -1723073393
36.213 -128 -1723073393
36.240 -131 -1723073393
36.267 -122 -1723073393
36.293 -90 -1723073393
36.320 -50 -1723073393
36.347 -11 -1723073393
36.373 43 -1723073393
36.400 99 -1723073393
36.427 145 -1723073393
36.453 195 -1723073393
36.480 246 -1723073393
36.507 284 -1723073393
36.533 314 -1723073393
36.560 335 -1723073393
36.587 341 -1723073393
36.613 342 -1723073393
36.640 332 -1723073393
36.667 309 -1723073393
36.693 280 -1723073393
36.720 247 -1723073393
36.747 213 -1723073393
36.773 181 -1723073393
36.800 151 -1723073393
36.827 126 -1723073393
36.853 108 -1723073393
36.880 96 -1723073393
36.907 88 -1723073393
36.933 92 -1723073393
36.960 104 -1723073393
36.987 118 -1723073393
37.013 142 -1723073393
37.040 177 -1723073393
37.067 208 -1723073393
37.093 244 -1723073393
37.120 281 -1723073393
37.147 306 -1723073393
37.173 330 -1723073393
37.200 358 -1723073393
37.227 379 -1723073393
37.253 397 -1723073393
37.280 413 -1723073393
37.307 425 -1723073393
37.333 436 -1723073393
37.360 450 -1723073393
37.387 459 -1723073393
37.413 465 -1723073393
37.440 470 -1723073393
37.467 471 -1723073393
37.493 463 -1723073393
37.520 450 -1723073393
37.547 436 -1723073393
37.573 418 -1723073393
37.600 397 -1723073393
37.627 374 -1723073393
37.653 346 -1723073393
37.680 308 -1723073393
37.707 264 -1723073393
37.733 218 -1723073393
37.760 175 -1723073393
37.787 133 -1723073393
37.813 92 -1723073393
37.840 61 -1723073393
37.867 34 -1723073393
37.893 10 -1723073393
37.920 -4 -1723073393
37.947 -11 -1723073393
37.973 -11 -1723073393
38.000 9 -1723073393
38.027 40 -1723073393
38.053 72 -1723073393
38.080 112 -1723073393
38.107 154 -1723073393
38.133 191 -1723073393
38.160 233 -1723073393
38.187 274 -1723073393
38.213 308 -1723073393
38.240 338 -1723073393
38.267 354 -1723073393
38.293 354 -1723073393
38.320 345 -1723073393
38.347 326 -1723073393
38.373 297 -1723073393
38.400 260 -1723073393
38.427 212 -1723073393
38.453 159 -1723073393
38.480 112 -1723073393
38.507 63 -1723073393
38.533 14 -1723073393
38.560 -18 -1723073393
38.587 -42 -1723073393
38.613 -63 -1723073393
38.640 -68 -1723073393
38.667 -60 -1723073393
38.693 -55 -1723073393
38.720 -38 -1723073393
38.747 -7 -1723073393
38.773 21 -1723073393
38.800 57 -1723073393
38.827 91 -1723073393
38.853 114 -1723073393
38.880 136 -1723073393
38.907 160 -1723073393
38.933 180 -1723073393
38.960 195 -1723073393
38.987 209 -1723073393
39.013 215 -1723073393
39.040 217 -1723073393
39.067 220 -1723073393
39.093 220 -1723073393
39.120 225 -1723073393
39.147 233 -1723073393
39.173 238 -1723073393
39.200 246 -1723073393
39.227 256 -1723073393
39.253 264 -1723073393
39.280 272 -1723073393
39.307 280 -1723073393
39.333 280 -1723073393
39.360 276 -1723073393
39.387 270 -1723073393
39.413 258 -1723073393
39.440 246 -1723073393
39.467 234 -1723073393
39.493 215 -1723073393
39.520 194 -1723073393
39.547 178 -1723073393
39.573 165 -1723073393
39.600 148 -1723073393
39.627 130 -1723073393
39.653 113 -1723073393
39.680 99 -1723073393
39.707 89 -1723073393
39.733 79 -1723073393
39.760 68 -1723073393
39.787 59 -1723073393
39.813 54 -1723073393
39.840 49 -1723073393
39.867 51 -1723073393
39.893 61 -1723073393
39.920 67 -1723073393
39.947 77 -1723073393
39.973 93 -1723073393
40.000 103 -1723073393
40.027 107 -1723073393
40.053 115 -1723073393
40.080 122 -1723073393
40.107 126 -1723073393
40.133 134 -1723073393
40.160 133 -1723073393
40.187 121 -1723073393
40.213 106 -1723073393
40.240 89 -1723073393
40.267 69 -1723073393
40.293 54 -1723073393
40.320 46 -1723073393
40.347 41 -1723073393
40.373 44 -1723073393
40.400 47 -1723073393
40.427 46 -1723073393
40.453 52 -1723073393
40.480 63 -1723073393
40.507 71 -1723073393
40.533 87 -1723073393
40.560 107 -1723073393
40.587 122 -1723073393
40.613 140 -1723073393
40.640 159 -1723073393
40.667 173 -1723073393
40.693 191 -1723073393
40.720 215 -1723073393
40.747 234 -1723073393
40.773 250 -1723073393
40.800 266 -1723073393
40.827 276 -1723073393
40.853 287 -1723073393
40.880 297 -1723073393
40.907 303 -1723073393
40.933 308 -1723073393
40.960 310 -1723073393
40.987 306 -1723073393
41.013 305 -1723073393
41.040 309 -1723073393
41.067 306 -1723073393
41.093 296 -1723073393
41.120 281 -1723073393
41.147 261 -1723073393
41.173 243 -1723073393
41.200 221 -1723073393
41.227 189 -1723073393
41.253 156 -1723073393
41.280 123 -1723073393
41.307 82 -1723073393
41.333 39 -1723073393
41.360 4 -1723073393
41.387 -24 -1723073393
41.413 -49 -1723073393
41.440 -59 -1723073393
41.467 -59 -1723073393
41.493 -60 -1723073393
41.520 -53 -1723073393
41.547 -38 -1723073393
41.573 -25 -1723073393
41.600 -6 -1723073393
41.627 19 -1723073393
41.653 39 -1723073393
41.680 58 -1723073393
41.707 79 -1723073393
41.733 90 -1723073393
41.760 94 -1723073393
41.787 100 -1723073393
41.813 95 -1723073393
41.840 85 -1723073393
41.867 72 -1723073393
41.893 50 -1723073393
41.920 22 -1723073393
41.947 -6 -1723073393
41.973 -38 -1723073393
42.000 -64 -1723073393
42.027 -78 -1723073393
42.053 -89 -1723073393
42.080 -94 -1723073393
42.107 -82 -1723073393
42.133 -67 -1723073393
42.160 -57 -1723073393
42.187 -30 -1723073393
42.213 1 -1723073393
42.240 26 -1723073393
42.267 58 -1723073393
42.293 94 -1723073393
42.320 119 -1723073393
42.347 141 -1723073393
42.373 161 -1723073393
42.400 173 -1723073393
42.427 181 -1723073393
42.453 190 -1723073393
42.480 193 -1723073393
42.507 188 -1723073393
42.533 179 -1723073393
42.560 165 -1723073393
42.587 151 -1723073393
42.613 133 -1723073393
42.640 110 -1723073393
42.667 87 -1723073393
42.693 69 -1723073393
42.720 48 -1723073393
42.747 29 -1723073393
42.773 22 -1723073393
42.800 20 -1723073393
42.827 17 -1723073393
42.853 21 -1723073393
42.880 25 -1723073393
42.907 21 -1723073393
42.933 24 -1723073393
42.960 31 -1723073393
42.987 35 -1723073393
43.013 39 -1723073393
43.040 43 -1723073393
43.067 37 -1723073393
43.093 30 -1723073393
43.120 26 -1723073393
43.147 22 -1723073393
43.173 18 -1723073393
43.200 16 -1723073393
43.227 11 -1723073393
43.253 11 -1723073393
43.280 17 -1723073393
43.307 19 -1723073393
43.333 18 -1723073393
43.360 24 -1723073393
43.387 30 -1723073393
43.413 28 -1723073393
43.440 29 -1723073393
43.467 25 -1723073393
43.493 13 -1723073393
43.520 2 -1723073393
43.547 -11 -1723073393
43.573 -34 -1723073393
43.600 -55 -1723073393
43.627 -71 -1723073393
43.653 -90 -1723073393
43.680 -108 -1723073393
43.707 -125 -1723073393
43.733 -146 -1723073393
43.760 -162 -1723073393
43.787 -165 -1723073393
43.813 -170 -1723073393
43.840 -175 -1723073393
43.867 -162 -1723073393
43.893 -146 -1723073393
43.920 -134 -1723073393
43.947 -109 -1723073393
43.973 -85 -1723073393
44.000 -71 -1723073393
44.027 -50 -1723073393
44.053 -28 -1723073393
44.080 -17 -1723073393
44.107 -3 -1723073393
44.133 10 -1723073393
44.160 13 -1723073393
44.187 14 -1723073393
44.213 17 -1723073393
44.240 15 -1723073393
44.267 21 -1723073393
44.293 33 -1723073393
44.320 35 -1723073393
44.347 38 -1723073393
44.373 53 -1723073393
44.400 66 -1723073393
44.427 78 -1723073393
44.453 99 -1723073393
44.480 112 -1723073393
44.507 115 -1723073393
44.533 124 -1723073393
44.560 133 -1723073393
44.587 136 -1723073393
44.613 140 -1723073393
44.640 141 -1723073393
44.667 136 -1723073393
44.693 133 -1723073393
44.720 135 -1723073393
44.747 127 -1723073393
44.773 116 -1723073393
44.800 110 -1723073393
44.827 100 -1723073393
44.853 90 -1723073393
44.880 86 -1723073393
44.907 86 -1723073393
44.933 91 -1723073393
44.960 99 -1723073393
44.987 101 -1723073393
45.013 102 -1723073393
45.040 105 -1723073393
45.067 105 -1723073393
45.093 106 -1723073393
45.120 113 -1723073393
45.147 115 -1723073393
45.173 105 -1723073393
45.200 96 -1723073393
45.227 87 -1723073393
45.253 74 -1723073393
45.280 61 -1723073393
45.307 48 -1723073393
45.333 27 -1723073393
45.360 9 -1723073393
45.387 -7 -1723073393
45.413 -33 -1723073393
45.440 -56 -1723073393
45.467 -73 -1723073393
45.493 -93 -1723073393
45.520 -106 -1723073393
45.547 -104 -1723073393
45.573 -99 -1723073393
45.600 -94 -1723073393
45.627 -76 -1723073393
45.653 -53 -1723073393
45.680 -31 -1723073393
45.707 -2 -1723073393
45.733 29 -1723073393
45.760 55 -1723073393
45.787 86 -1723073393
45.813 116 -1723073393
45.840 136 -1723073393
45.867 156 -1723073393
45.893 176 -1723073393
45.920 186 -1723073393
45.947 194 -1723073393
45.973 200 -1723073393
46.000 195 -1723073393
46.027 186 -1723073393
46.053 176 -1723073393
46.080 162 -1723073393
46.107 154 -1723073393
46.133 152 -1723073393
46.160 146 -1723073393
46.187 137 -1723073393
46.213 138 -1723073393
46.240 138 -1723073393
46.267 131 -1723073393
46.293 130 -1723073393
46.320 128 -1723073393
46.347 122 -1723073393
46.373 126 -1723073393
46.400 133 -1723073393
46.427 136 -1723073393
46.453 151 -1723073393
46.480 170 -1723073393
46.507 182 -1723073393
46.533 197 -1723073393
46.560 221 -1723073393
46.587 237 -1723073393
46.613 246 -1723073393
46.640 256 -1723073393
46.667 260 -1723073393
46.693 259 -1723073393
46.720 255 -1723073393
46.747 242 -1723073393
46.773 224 -1723073393
46.800 208 -1723073393
46.827 184 -1723073393
46.853 148 -1723073393
46.880 119 -1723073393
46.907 91 -1723073393
46.933 58 -1723073393
46.960 33 -1723073393
46.987 13 -1723073393
47.013 -10 -1723073393
47.040 -27 -1723073393
47.067 -32 -1723073393
47.093 -43 -1723073393
47.120 -49 -1723073393
47.147 -41 -1723073393
47.173 -36 -1723073393
47.200 -33 -1723073393
47.227 -17 -1723073393
47.253 5 -1723073393
47.280 22 -1723073393
47.307 48 -1723073393
47.333 74 -1723073393
47.360 93 -1723073393
47.387 116 -1723073393
47.413 146 -1723073393
47.440 172 -1723073393
47.467 200 -1723073393
47.493 229 -1723073393
47.520 247 -1723073393
47.547 257 -1723073393
47.573 267 -1723073393
47.600 272 -1723073393
47.627 276 -1723073393
47.653 279 -1723073393
47.680 273 -1723073393
47.707 266 -1723073393
47.733 260 -1723073393
47.760 250 -1723073393
47.787 240 -1723073393
47.813 234 -1723073393
47.840 229 -1723073393
47.867 220 -1723073393
47.893 215 -1723073393
47.920 214 -1723073393
47.947 214 -1723073393
47.973 217 -1723073393
48.000 223 -1723073393
48.027 227 -1723073393
48.053 231 -1723073393
48.080 244 -1723073393
48.107 256 -1723073393
48.133 263 -1723073393
48.160 276 -1723073393
48.187 284 -1723073393
48.213 287 -1723073393
48.240 295 -1723073393
48.267 308 -1723073393
48.293 319 -1723073393
48.320 338 -1723073393
48.347 362 -1723073393
48.373 381 -1723073393
48.400 399 -1723073393
48.427 419 -1723073393
48.453 434 -1723073393
48.480 449 -1723073393
48.507 464 -1723073393
48.533 470 -1723073393
48.560 471 -1723073393
48.587 473 -1723073393
48.613 464 -1723073393
48.640 448 -1723073393
48.667 434 -1723073393
48.693 415 -1723073393
48.720 390 -1723073393
48.747 374 -1723073393
48.773 358 -1723073393
48.800 337 -1723073393
48.827 321 -1723073393
48.853 309 -1723073393
48.880 296 -1723073393
48.907 286 -1723073393
48.933 281 -1723073393
48.960 271 -1723073393
48.987 263 -1723073393
49.013 261 -1723073393
49.040 257 -1723073393
49.067 249 -1723073393
49.093 249 -1723073393
49.120 254 -1723073393
49.147 256 -1723073393
49.173 262 -1723073393
49.200 272 -1723073393
49.227 281 -1723073393
49.253 294 -1723073393
49.280 308 -1723073393
49.307 320 -1723073393
49.333 332 -1723073393
49.360 344 -1723073393
49.387 349 -1723073393
49.413 351 -1723073393
49.440 350 -1723073393
49.467 347 -1723073393
49.493 341 -1723073393
49.520 334 -1723073393
49.547 319 -1723073393
49.573 301 -1723073393
49.600 285 -1723073393
49.627 266 -1723073393
49.653 244 -1723073393
49.680 228 -1723073393
49.707 212 -1723073393
49.733 191 -1723073393
49.760 174 -1723073393
49.787 170 -1723073393
49.813 169 -1723073393
49.840 166 -1723073393
49.867 171 -1723073393
49.893 177 -1723073393
49.920 178 -1723073393
49.947 184 -1723073393
49.973 192 -1723073393
50.000 194 -1723073393
50.027 201 -1723073393
50.053 213 -1723073393
50.080 218 -1723073393
50.107 220 -1723073393
50.133 224 -1723073393
50.160 222 -1723073393
50.187 217 -1723073393
50.213 214 -1723073393
50.240 202 -1723073393
50.267 182 -1723073393
50.293 165 -1723073393
50.320 145 -1723073393
50.347 119 -1723073393
50.373 92 -1723073393
50.400 61 -1723073393
50.427 18 -1723073393
50.453 -20 -1723073393
50.480 -52 -1723073393
50.507 -90 -1723073393
50.533 -129 -1723073393
50.560 -157 -1723073393
50.587 -184 -1723073393
50.613 -213 -1723073393
50.640 -229 -1723073393
50.667 -240 -1723073393
50.693 -252 -1723073393
50.720 -250 -1723073393
50.747 -240 -1723073393
50.773 -237 -1723073393
50.800 -228 -1723073393
50.827 -207 -1723073393
50.853 -194 -1723073393
50.880 -182 -1723073393
50.907 -159 -1723073393
50.933 -142 -1723073393
50.960 -132 -1723073393
50.987 -114 -1723073393
51.013 -101 -1723073393
51.040 -92 -1723073393
51.067 -72 -1723073393
51.093 -54 -1723073393
51.120 -51 -1723073393
51.147 -43 -1723073393
51.173 -29 -1723073393
51.200 -27 -1723073393
51.227 -20 -1723073393
51.253 -5 -1723073393
51.280 0 -1723073393
51.307 2 -1723073393
51.333 17 -1723073393
51.360 30 -1723073393
51.387 41 -1723073393
51.413 62 -1723073393
51.440 85 -1723073393
51.467 101 -1723073393
51.493 121 -1723073393
51.520 143 -1723073393
51.547 160 -1723073393
51.573 182 -1723073393
51.600 206 -1723073393
51.627 221 -1723073393
51.653 240 -1723073393
51.680 259 -1723073393
51.707 266 -1723073393
51.733 269 -1723073393
51.760 274 -1723073393
51.787 268 -1723073393
51.813 257 -1723073393
51.840 252 -1723073393
51.867 242 -1723073393
51.893 225 -1723073393
51.920 216 -1723073393
51.947 206 -1723073393
51.973 190 -1723073393
52.000 181 -1723073393
52.027 181 -1723073393
52.053 182 -1723073393
52.080 188 -1723073393
52.107 200 -1723073393
52.133 209 -1723073393
52.160 210 -1723073393
52.187 212 -1723073393
52.213 207 -1723073393
52.240 194 -1723073393
52.267 187 -1723073393
52.293 177 -1723073393
52.320 161 -1723073393
52.347 151 -1723073393
52.373 144 -1723073393
52.400 133 -1723073393
52.427 123 -1723073393
52.453 120 -1723073393
52.480 113 -1723073393
52.507 101 -1723073393
52.533 97 -1723073393
52.560 93 -1723073393
52.587 90 -1723073393
52.613 95 -1723073393
52.640 105 -1723073393
52.667 110 -1723073393
52.693 121 -1723073393
52.720 137 -1723073393
52.747 147 -1723073393
52.773 154 -1723073393
52.800 164 -1723073393
52.827 169 -1723073393
52.853 176 -1723073393
52.880 191 -1723073393
52.907 198 -1723073393
52.933 194 -1723073393
52.960 194 -1723073393
52.987 195 -1723073393
53.013 195 -1723073393
53.040 201 -1723073393
53.067 208 -1723073393
53.093 202 -1723073393
53.120 196 -1723073393
53.147 195 -1723073393
53.173 186 -1723073393
53.200 181 -1723073393
53.227 187 -1723073393
53.253 186 -1723073393
53.280 181 -1723073393
53.307 183 -1723073393
53.333 181 -1723073393
53.360 175 -1723073393
53.387 180 -1723073393
53.413 189 -1723073393
53.440 190 -1723073393
53.467 193 -1723073393
53.493 202 -1723073393
53.520 204 -1723073393
53.547 209 -1723073393
53.573 223 -1723073393
53.600 232 -1723073393
53.627 236 -1723073393
53.653 244 -1723073393
53.680 247 -1723073393
53.707 244 -1723073393
53.733 244 -1723073393
53.760 240 -1723073393
53.787 226 -1723073393
53.813 215 -1723073393
53.840 209 -1723073393
53.867 196 -1723073393
53.893 184 -1723073393
53.920 176 -1723073393
53.947 161 -1723073393
53.973 141 -1723073393
54.000 124 -1723073393
54.027 101 -1723073393
54.053 69 -1723073393
54.080 44 -1723073393
54.107 23 -1723073393
54.133 -5 -1723073393
54.160 -30 -1723073393
54.187 -48 -1723073393
54.213 -70 -1723073393
54.240 -89 -1723073393
54.267 -92 -1723073393
54.293 -95 -1723073393
54.320 -101 -1723073393
54.347 -95 -1723073393
54.373 -88 -1723073393
54.400 -88 -1723073393
54.427 -83 -1723073393
54.453 -73 -1723073393
54.480 -71 -1723073393
54.507 -62 -1723073393
54.533 -45 -1723073393
54.560 -38 -1723073393
54.587 -32 -1723073393
54.613 -20 -1723073393
54.640 -15 -1723073393
54.667 -14 -1723073393
54.693 -5 -1723073393
54.720 2 -1723073393
54.747 4 -1723073393
54.773 14 -1723073393
54.800 30 -1723073393
54.827 39 -1723073393
54.853 51 -1723073393
54.880 71 -1723073393
54.907 87 -1723073393
54.933 101 -1723073393
54.960 122 -1723073393
54.987 147 -1723073393
55.013 170 -1723073393
55.040 199 -1723073393
55.067 230 -1723073393
55.093 252 -1723073393
55.120 274 -1723073393
55.147 300 -1723073393
55.173 325 -1723073393
55.200 354 -1723073393
55.227 385 -1723073393
55.253 404 -1723073393
55.280 421 -1723073393
55.307 441 -1723073393
55.333 451 -1723073393
55.360 458 -1723073393
55.387 467 -1723073393
55.413 475 -1723073393
55.440 483 -1723073393
55.467 493 -1723073393
55.493 497 -1723073393
55.520 498 -1723073393
55.547 503 -1723073393
55.573 508 -1723073393
55.600 513 -1723073393
55.627 520 -1723073393
55.653 528 -1723073393
55.680 533 -1723073393
55.707 538 -1723073393
55.733 544 -1723073393
55.760 544 -1723073393
55.787 540 -1723073393
55.813 539 -1723073393
55.840 532 -1723073393
55.867 520 -1723073393
55.893 504 -1723073393
55.920 485 -1723073393
55.947 458 -1723073393
55.973 431 -1723073393
56.000 403 -1723073393
56.027 366 -1723073393
56.053 329 -1723073393
56.080 303 -1723073393
56.107 278 -1723073393
56.133 250 -1723073393
56.160 232 -1723073393
56.187 219 -1723073393
56.213 203 -1723073393
56.240 189 -1723073393
56.267 188 -1723073393
56.293 185 -1723073393
56.320 174 -1723073393
56.347 168 -1723073393
56.373 160 -1723073393
56.400 150 -1723073393
56.427 144 -1723073393
56.453 138 -1723073393
56.480 124 -1723073393
56.507 113 -1723073393
56.533 111 -1723073393
56.560 103 -1723073393
56.587 91 -1723073393
56.613 82 -1723073393
56.640 70 -1723073393
56.667 54 -1723073393
56.693 50 -1723073393
56.720 47 -1723073393
56.747 32 -1723073393
56.773 18 -1723073393
56.800 9 -1723073393
56.827 -1 -1723073393
56.853 -11 -1723073393
56.880 -15 -1723073393
56.907 -23 -1723073393
56.933 -33 -1723073393
56.960 -33 -1723073393
56.987 -29 -1723073393
57.013 -29 -1723073393
57.040 -19 -1723073393
57.067 -2 -1723073393
57.093 7 -1723073393
57.120 19 -1723073393
57.147 37 -1723073393
57.173 51 -1723073393
57.200 69 -1723073393
57.227 93 -1723073393
57.253 114 -1723073393
57.280 128 -1723073393
57.307 143 -1723073393
57.333 156 -1723073393
57.360 162 -1723073393
57.387 169 -1723073393
57.413 181 -1723073393
57.440 186 -1723073393
57.467 188 -1723073393
57.493 194 -1723073393
57.520 195 -1723073393
57.547 194 -1723073393
57.573 196 -1723073393
57.600 198 -1723073393
57.627 199 -1723073393
57.653 203 -1723073393
57.680 209 -1723073393
57.707 214 -1723073393
57.733 223 -1723073393
57.760 234 -1723073393
57.787 246 -1723073393
57.813 268 -1723073393
57.840 296 -1723073393
57.867 317 -1723073393
57.893 339 -1723073393
57.920 368 -1723073393
57.947 390 -1723073393
57.973 401 -1723073393
58.000 409 -1723073393
58.027 413 -1723073393
58.053 413 -1723073393
58.080 418 -1723073393
58.107 426 -1723073393
58.133 431 -1723073393
58.160 438 -1723073393
58.187 441 -1723073393
58.213 435 -1723073393
58.240 432 -1723073393
58.267 430 -1723073393
58.293 425 -1723073393
58.320 424 -1723073393
58.347 433 -1723073393
58.373 442 -1723073393
58.400 449 -1723073393
58.427 461 -1723073393
58.453 474 -1723073393
58.480 485 -1723073393
58.507 500 -1723073393
58.533 519 -1723073393
58.560 531 -1723073393
58.587 541 -1723073393
58.613 551 -1723073393
58.640 554 -1723073393
58.667 554 -1723073393
58.693 557 -1723073393
58.720 558 -1723073393
58.747 553 -1723073393
58.773 553 -1723073393
58.800 560 -1723073393
58.827 563 -1723073393
58.853 567 -1723073393
58.880 576 -1723073393
58.907 578 -1723073393
58.933 577 -1723073393
58.960 581 -1723073393
58.987 583 -1723073393
59.013 582 -1723073393
59.040 579 -1723073393
59.067 571 -1723073393
59.093 554 -1723073393
59.120 539 -1723073393
59.147 532 -1723073393
59.173 520 -1723073393
59.200 503 -1723073393
59.227 490 -1723073393
59.253 478 -1723073393
59.280 462 -1723073393
59.307 450 -1723073393
59.333 442 -1723073393
59.360 430 -1723073393
59.387 417 -1723073393
59.413 412 -1723073393
59.440 406 -1723073393
59.467 396 -1723073393
59.493 393 -1723073393
59.520 391 -1723073393
59.547 385 -1723073393
59.573 380 -1723073393
59.600 371 -1723073393
59.627 355 -1723073393
59.653 337 -1723073393
59.680 320 -1723073393
59.707 297 -1723073393
59.733 270 -1723073393
59.760 248 -1723073393
59.787 225 -1723073393
59.813 194 -1723073393
59.840 166 -1723073393
59.867 144 -1723073393
59.893 118 -1723073393
59.920 91 -1723073393
59.947 71 -1723073393
59.973 48 -1723073393
60.000 21 -1723073393
60.027 5 -1723073393
60.053 -10 -1723073393
60.080 -28 -1723073393
60.107 -35 -1723073393
60.133 -36 -1723073393
60.160 -43 -1723073393
60.187 -48 -1723073393
60.213 -48 -1723073393
60.240 -52 -1723073393
60.267 -57 -1723073393
60.293 -51 -1723073393
60.320 -43 -1723073393
60.347 -39 -1723073393
60.373 -27 -1723073393
60.400 -14 -1723073393
60.427 -10 -1723073393
60.453 -11 -1723073393
60.480 -8 -1723073393
60.507 -11 -1723073393
60.533 -16 -1723073393
60.560 -17 -1723073393
60.587 -19 -1723073393
60.613 -22 -1723073393
60.640 -19 -1723073393
60.667 -16 -1723073393
60.693 -21 -1723073393
60.720 -25 -1723073393
60.747 -29 -1723073393
60.773 -42 -1723073393
60.800 -57 -1723073393
60.827 -73 -1723073393
60.853 -96 -1723073393
60.880 -123 -1723073393
60.907 -143 -1723073393
60.933 -164 -1723073393
60.960 -191 -1723073393
60.987 -210 -1723073393
61.013 -220 -1723073393
61.040 -237 -1723073393
61.067 -255 -1723073393
61.093 -266 -1723073393
61.120 -280 -1723073393
61.147 -290 -1723073393
61.173 -286 -1723073393
61.200 -275 -1723073393
61.227 -271 -1723073393
61.253 -262 -1723073393
61.280 -249 -1723073393
61.307 -245 -1723073393
61.333 -240 -1723073393
61.360 -230 -1723073393
61.387 -224 -1723073393
61.413 -221 -1723073393
61.440 -211 -1723073393
61.467 -201 -1723073393
61.493 -202 -1723073393
61.520 -200 -1723073393
61.547 -198 -1723073393
61.573 -209 -1723073393
61.600 -219 -1723073393
61.627 -221 -1723073393
61.653 -233 -1723073393
61.680 -251 -1723073393
61.707 -260 -1723073393
61.733 -266 -1723073393
61.760 -278 -1723073393
61.787 -282 -1723073393
61.813 -277 -1723073393
61.840 -276 -1723073393
61.867 -271 -1723073393
61.893 -256 -1723073393
61.920 -242 -1723073393
61.947 -228 -1723073393
61.973 -201 -1723073393
62.000 -170 -1723073393
62.027 -144 -1723073393
62.053 -112 -1723073393
62.080 -76 -1723073393
62.107 -50 -1723073393
62.133 -28 -1723073393
62.160 -4 -1723073393
62.187 13 -1723073393
62.213 22 -1723073393
62.240 24 -1723073393
62.267 19 -1723073393
62.293 6 -1723073393
62.320 -4 -1723073393
62.347 -14 -1723073393
62.373 -33 -1723073393
62.400 -54 -1723073393
62.427 -73 -1723073393
62.453 -97 -1723073393
62.480 -122 -1723073393
62.507 -140 -1723073393
62.533 -158 -1723073393
62.560 -178 -1723073393
62.587 -189 -1723073393
62.613 -198 -1723073393
62.640 -214 -1723073393
62.667 -224 -1723073393
62.693 -222 -1723073393
62.720 -224 -1723073393
62.747 -226 -1723073393
62.773 -220 -1723073393
62.800 -214 -1723073393
62.827 -211 -1723073393
62.853 -196 -1723073393
62.880 -177 -1723073393
62.907 -169 -1723073393
62.933 -158 -1723073393
62.960 -143 -1723073393
62.987 -133 -1723073393
63.013 -126 -1723073393
63.040 -113 -1723073393
63.067 -103 -1723073393
63.093 -99 -1723073393
63.120 -96 -1723073393
63.147 -96 -1723073393
63.173 -108 -1723073393
63.200 -117 -1723073393
63.227 -123 -1723073393
63.253 -137 -1723073393
63.280 -152 -1723073393
63.307 -160 -1723073393
63.333 -170 -1723073393
63.360 -185 -1723073393
63.387 -199 -1723073393
63.413 -210 -1723073393
63.440 -224 -1723073393
63.467 -230 -1723073393
63.493 -227 -1723073393
63.520 -225 -1723073393
63.547 -223 -1723073393
63.573 -214 -1723073393
63.600 -206 -1723073393
63.627 -202 -1723073393
63.653 -188 -1723073393
63.680 -167 -1723073393
63.707 -150 -1723073393
63.733 -129 -1723073393
63.760 -103 -1723073393
63.787 -83 -1723073393
63.813 -69 -1723073393
63.840 -52 -1723073393
63.867 -40 -1723073393
63.893 -39 -1723073393
63.920 -32 -1723073393
63.947 -26 -1723073393
63.973 -31 -1723073393
64.000 -38 -1723073393
64.027 -42 -1723073393
64.053 -50 -1723073393
64.080 -59 -1723073393
64.107 -62 -1723073393
64.133 -71 -1723073393
64.160 -84 -1723073393
64.187 -90 -1723073393
64.213 -91 -1723073393
64.240 -91 -1723073393
64.267 -85 -1723073393
64.293 -78 -1723073393
64.320 -78 -1723073393
64.347 -74 -1723073393
64.373 -64 -1723073393
64.400 -54 -1723073393
64.427 -46 -1723073393
64.453 -31 -1723073393
64.480 -16 -1723073393
64.507 -7 -1723073393
64.533 -1 -1723073393
64.560 6 -1723073393
64.587 14 -1723073393
64.613 21 -1723073393
64.640 36 -1723073393
64.667 51 -1723073393
64.693 64 -1723073393
64.720 82 -1723073393
64.747 96 -1723073393
64.773 106 -1723073393
64.800 120 -1723073393
64.827 130 -1723073393
64.853 130 -1723073393
64.880 133 -1723073393
64.907 141 -1723073393
64.933 138 -1723073393
64.960 127 -1723073393
64.987 123 -1723073393
65.013 121 -1723073393
65.040 112 -1723073393
65.067 105 -1723073393
65.093 99 -1723073393
65.120 87 -1723073393
65.147 78 -1723073393
65.173 76 -1723073393
65.200 72 -1723073393
65.227 64 -1723073393
65.253 63 -1723073393
65.280 61 -1723073393
65.307 55 -1723073393
65.333 60 -1723073393
65.360 73 -1723073393
65.387 86 -1723073393
65.413 103 -1723073393
65.440 126 -1723073393
65.467 147 -1723073393
65.493 169 -1723073393
65.520 195 -1723073393
65.547 217 -1723073393
65.573 236 -1723073393
65.600 261 -1723073393
65.627 287 -1723073393
65.653 306 -1723073393
65.680 323 -1723073393
65.707 339 -1723073393
65.733 347 -1723073393
65.760 347 -1723073393
65.787 341 -1723073393
65.813 325 -1723073393
65.840 302 -1723073393
65.867 281 -1723073393
65.893 263 -1723073393
65.920 244 -1723073393
65.947 231 -1723073393
65.973 222 -1723073393
66.000 210 -1723073393
66.027 200 -1723073393
66.053 193 -1723073393
66.080 182 -1723073393
66.107 171 -1723073393
66.133 165 -1723073393
66.160 162 -1723073393
66.187 161 -1723073393
66.213 166 -1723073393
66.240 175 -1723073393
66.267 186 -1723073393
66.293 197 -1723073393
66.320 209 -1723073393
66.347 221 -1723073393
66.373 231 -1723073393
66.400 242 -1723073393
66.427 255 -1723073393
66.453 267 -1723073393
66.480 278 -1723073393
66.507 289 -1723073393
66.533 296 -1723073393
66.560 305 -1723073393
66.587 313 -1723073393
66.613 317 -1723073393
66.640 318 -1723073393
66.667 318 -1723073393
66.693 315 -1723073393
66.720 311 -1723073393
66.747 308 -1723073393
66.773 306 -1723073393
66.800 299 -1723073393
66.827 293 -1723073393
66.853 292 -1723073393
66.880 294 -1723073393
66.907 297 -1723073393
66.933 299 -1723073393
66.960 301 -1723073393
66.987 306 -1723073393
67.013 315 -1723073393
67.040 328 -1723073393
67.067 346 -1723073393
67.093 363 -1723073393
67.120 380 -1723073393
67.147 397 -1723073393
67.173 415 -1723073393
67.200 435 -1723073393
67.227 454 -1723073393
67.253 471 -1723073393
67.280 484 -1723073393
67.307 494 -1723073393
67.333 496 -1723073393
67.360 491 -1723073393
67.387 488 -1723073393
67.413 485 -1723073393
67.440 476 -1723073393
67.467 466 -1723073393
67.493 457 -1723073393
67.520 447 -1723073393
67.547 440 -1723073393
67.573 434 -1723073393
67.600 424 -1723073393
67.627 412 -1723073393
67.653 400 -1723073393
67.680 389 -1723073393
67.707 380 -1723073393
67.733 375 -1723073393
67.760 373 -1723073393
67.787 371 -1723073393
67.813 371 -1723073393
67.840 373 -1723073393
67.867 375 -1723073393
67.893 375 -1723073393
67.920 376 -1723073393
67.947 376 -1723073393
67.973 371 -1723073393
68.000 363 -1723073393
68.027 355 -1723073393
68.053 341 -1723073393
68.080 325 -1723073393
68.107 310 -1723073393
68.133 294 -1723073393
68.160 277 -1723073393
68.187 264 -1723073393
68.213 255 -1723073393
68.240 246 -1723073393
68.267 234 -1723073393
68.293 222 -1723073393
68.320 211 -1723073393
68.347 205 -1723073393
68.373 207 -1723073393
68.400 217 -1723073393
68.427 226 -1723073393
68.453 232 -1723073393
68.480 237 -1723073393
68.507 240 -1723073393
68.533 243 -1723073393
68.560 251 -1723073393
68.587 257 -1723073393
68.613 257 -1723073393
68.640 258 -1723073393
68.667 263 -1723073393
68.693 265 -1723073393
68.720 267 -1723073393
68.747 273 -1723073393
68.773 282 -1723073393
68.800 292 -1723073393
68.827 303 -1723073393
68.853 314 -1723073393
68.880 328 -1723073393
68.907 343 -1723073393
68.933 356 -1723073393
68.960 367 -1723073393
68.987 379 -1723073393
69.013 388 -1723073393
69.040 397 -1723073393
69.067 406 -1723073393
69.093 414 -1723073393
69.120 420 -1723073393
69.147 420 -1723073393
69.173 420 -1723073393
69.200 419 -1723073393
69.227 415 -1723073393
69.253 410 -1723073393
69.280 406 -1723073393
69.307 399 -1723073393
69.333 389 -1723073393
69.360 378 -1723073393
69.387 363 -1723073393
69.413 347 -1723073393
69.440 330 -1723073393
69.467 314 -1723073393
69.493 293 -1723073393
69.520 275 -1723073393
69.547 263 -1723073393
69.573 250 -1723073393
69.600 235 -1723073393
69.627 224 -1723073393
69.653 212 -1723073393
69.680 195 -1723073393
69.707 182 -1723073393
69.733 176 -1723073393
69.760 169 -1723073393
69.787 159 -1723073393
69.813 155 -1723073393
69.840 152 -1723073393
69.867 143 -1723073393
69.893 140 -1723073393
69.920 142 -1723073393
69.947 143 -1723073393
69.973 145 -1723073393
70.000 151 -1723073393
70.027 159 -1723073393
70.053 171 -1723073393
70.080 188 -1723073393
70.107 204 -1723073393
70.133 218 -1723073393
70.160 234 -1723073393
70.187 250 -1723073393
70.213 263 -1723073393
70.240 276 -1723073393
70.267 290 -1723073393
70.293 300 -1723073393
70.320 309 -1723073393
70.347 319 -1723073393
70.373 320 -1723073393
70.400 315 -1723073393
70.427 312 -1723073393
70.453 312 -1723073393
70.480 307 -1723073393
70.507 302 -1723073393
70.533 298 -1723073393
70.560 291 -1723073393
70.587 286 -1723073393
70.613 285 -1723073393
70.640 283 -1723073393
70.667 280 -1723073393
70.693 280 -1723073393
70.720 283 -1723073393
70.747 281 -1723073393
70.773 281 -1723073393
70.800 281 -1723073393
70.827 279 -1723073393
70.853 277 -1723073393
70.880 283 -1723073393
70.907 290 -1723073393
70.933 297 -1723073393
70.960 308 -1723073393
70.987 320 -1723073393
71.013 328 -1723073393
71.040 334 -1723073393
71.067 338 -1723073393
71.093 340 -1723073393
71.120 345 -1723073393
71.147 355 -1723073393
71.173 367 -1723073393
71.200 378 -1723073393
71.227 388 -1723073393
71.253 393 -1723073393
71.280 398 -1723073393
71.307 404 -1723073393
71.333 408 -1723073393
71.360 407 -1723073393
71.387 405 -1723073393
71.413 402 -1723073393
71.440 393 -1723073393
71.467 379 -1723073393
71.493 365 -1723073393
71.520 350 -1723073393
71.547 331 -1723073393
71.573 314 -1723073393
71.600 301 -1723073393
71.627 285 -1723073393
71.653 267 -1723073393
71.680 252 -1723073393
71.707 233 -1723073393
71.733 213 -1723073393
71.760 199 -1723073393
71.787 188 -1723073393
71.813 177 -1723073393
71.840 168 -1723073393
71.867 162 -1723073393
71.893 155 -1723073393
71.920 150 -1723073393
71.947 154 -1723073393
71.973 161 -1723073393
72.000 168 -1723073393
72.027 179 -1723073393
72.053 192 -1723073393
72.080 201 -1723073393
72.107 210 -1723073393
72.133 226 -1723073393
72.160 237 -1723073393
72.187 243 -1723073393
72.213 251 -1723073393
72.240 258 -1723073393
72.267 261 -1723073393
72.293 267 -1723073393
72.320 273 -1723073393
72.347 275 -1723073393
72.373 277 -1723073393
72.400 279 -1723073393
72.427 277 -1723073393
72.453 277 -1723073393
72.480 285 -1723073393
72.507 289 -1723073393
72.533 289 -1723073393
72.560 294 -1723073393
72.587 301 -1723073393
72.613 303 -1723073393
72.640 303 -1723073393
72.667 303 -1723073393
72.693 296 -1723073393
72.720 286 -1723073393
72.747 282 -1723073393
72.773 279 -1723073393
72.800 271 -1723073393
72.827 265 -1723073393
72.853 259 -1723073393
72.880 248 -1723073393
72.907 240 -1723073393
72.933 240 -1723073393
72.960 235 -1723073393
72.987 225 -1723073393
73.013 223 -1723073393
73.040 223 -1723073393
73.067 217 -1723073393
73.093 214 -1723073393
73.120 216 -1723073393
73.147 215 -1723073393
73.173 214 -1723073393
73.200 219 -1723073393
73.227 222 -1723073393
73.253 220 -1723073393
73.280 224 -1723073393
73.307 229 -1723073393
73.333 226 -1723073393
73.360 223 -1723073393
73.387 222 -1723073393
73.413 219 -1723073393
73.440 218 -1723073393
73.467 220 -1723073393
73.493 218 -1723073393
73.520 212 -1723073393
73.547 211 -1723073393
73.573 209 -1723073393
73.600 201 -1723073393
73.627 197 -1723073393
73.653 198 -1723073393
73.680 195 -1723073393
73.707 189 -1723073393
73.733 194 -1723073393
73.760 199 -1723073393
73.787 200 -1723073393
73.813 210 -1723073393
73.840 222 -1723073393
73.867 226 -1723073393
73.893 238 -1723073393
73.920 255 -1723073393
73.947 263 -1723073393
73.973 270 -1723073393
74.000 280 -1723073393
74.027 281 -1723073393
74.053 276 -1723073393
74.080 274 -1723073393
74.107 267 -1723073393
74.133 255 -1723073393
74.160 249 -1723073393
74.187 246 -1723073393
74.213 236 -1723073393
74.240 228 -1723073393
74.267 225 -1723073393
74.293 217 -1723073393
74.320 211 -1723073393
74.347 213 -1723073393
74.373 216 -1723073393
74.400 212 -1723073393
74.427 210 -1723073393
74.453 209 -1723073393
74.480 204 -1723073393
74.507 200 -1723073393
74.533 200 -1723073393
74.560 198 -1723073393
74.587 197 -1723073393
74.613 203 -1723073393
74.640 208 -1723073393
74.667 208 -1723073393
74.693 207 -1723073393
74.720 207 -1723073393
74.747 204 -1723073393
74.773 206 -1723073393
74.800 216 -1723073393
74.827 222 -1723073393
74.853 222 -1723073393
74.880 228 -1723073393
74.907 234 -1723073393
74.933 236 -1723073393
74.960 242 -1723073393
74.987 253 -1723073393
75.013 256 -1723073393
75.040 260 -1723073393
75.067 270 -1723073393
75.093 273 -1723073393
75.120 272 -1723073393
75.147 276 -1723073393
75.173 278 -1723073393
75.200 274 -1723073393
75.227 274 -1723073393
75.253 275 -1723073393
75.280 272 -1723073393
75.307 270 -1723073393
75.333 268 -1723073393
75.360 263 -1723073393
75.387 260 -1723073393
75.413 262 -1723073393
75.440 263 -1723073393
75.467 265 -1723073393
75.493 270 -1723073393
75.520 274 -1723073393
75.547 274 -1723073393
75.573 276 -1723073393
75.600 277 -1723073393
75.627 274 -1723073393
75.653 272 -1723073393
75.680 276 -1723073393
75.707 272 -1723073393
75.733 260 -1723073393
75.760 252 -1723073393
75.787 245 -1723073393
75.813 232 -1723073393
75.840 220 -1723073393
75.867 207 -1723073393
75.893 184 -1723073393
75.920 160 -1723073393
75.947 144 -1723073393
75.973 129 -1723073393
76.000 117 -1723073393
76.027 119 -1723073393
76.053 122 -1723073393
76.080 119 -1723073393
76.107 123 -1723073393
76.133 134 -1723073393
76.160 139 -1723073393
76.187 144 -1723073393
76.213 156 -1723073393
76.240 166 -1723073393
76.267 173 -1723073393
76.293 189 -1723073393
76.320 204 -1723073393
76.347 210 -1723073393
76.373 216 -1723073393
76.400 227 -1723073393
76.427 235 -1723073393
76.453 247 -1723073393
76.480 263 -1723073393
76.507 275 -1723073393
76.533 280 -1723073393
76.560 289 -1723073393
76.587 299 -1723073393
76.613 305 -1723073393
76.640 316 -1723073393
76.667 326 -1723073393
76.693 330 -1723073393
76.720 336 -1723073393
76.747 349 -1723073393
76.773 358 -1723073393
76.800 364 -1723073393
76.827 375 -1723073393
76.853 386 -1723073393
76.880 391 -1723073393
76.907 393 -1723073393
76.933 393 -1723073393
76.960 391 -1723073393
76.987 392 -1723073393
77.013 394 -1723073393
77.040 391 -1723073393
77.067 388 -1723073393
77.093 389 -1723073393
77.120 382 -1723073393
77.147 372 -1723073393
77.173 368 -1723073393
77.200 360 -1723073393
77.227 346 -1723073393
77.253 336 -1723073393
77.280 329 -1723073393
77.307 320 -1723073393
77.333 309 -1723073393
77.360 301 -1723073393
77.387 293 -1723073393
77.413 286 -1723073393
77.440 280 -1723073393
77.467 277 -1723073393
77.493 276 -1723073393
77.520 280 -1723073393
77.547 287 -1723073393
77.573 298 -1723073393
77.600 310 -1723073393
77.627 322 -1723073393
77.653 330 -1723073393
77.680 335 -1723073393
77.707 340 -1723073393
77.733 345 -1723073393
77.760 346 -1723073393
77.787 341 -1723073393
77.813 331 -1723073393
77.840 323 -1723073393
77.867 313 -1723073393
77.893 300 -1723073393
77.920 287 -1723073393
77.947 279 -1723073393
77.973 274 -1723073393
78.000 266 -1723073393
78.027 257 -1723073393
78.053 254 -1723073393
78.080 252 -1723073393
78.107 249 -1723073393
78.133 245 -1723073393
78.160 243 -1723073393
78.187 244 -1723073393
78.213 252 -1723073393
78.240 265 -1723073393
78.267 276 -1723073393
78.293 288 -1723073393
78.320 301 -1723073393
78.347 308 -1723073393
78.373 310 -1723073393
78.400 313 -1723073393
78.427 318 -1723073393
78.453 319 -1723073393
78.480 320 -1723073393
78.507 318 -1723073393
78.533 309 -1723073393
78.560 303 -1723073393
78.587 300 -1723073393
78.613 292 -1723073393
78.640 281 -1723073393
78.667 269 -1723073393
78.693 254 -1723073393
78.720 236 -1723073393
78.747 218 -1723073393
78.773 201 -1723073393
78.800 184 -1723073393
78.827 172 -1723073393
78.853 162 -1723073393
78.880 149 -1723073393
78.907 137 -1723073393
78.933 128 -1723073393
78.960 117 -1723073393
78.987 106 -1723073393
79.013 103 -1723073393
79.040 102 -1723073393
79.067 102 -1723073393
79.093 108 -1723073393
79.120 115 -1723073393
79.147 116 -1723073393
79.173 123 -1723073393
79.200 134 -1723073393
79.227 144 -1723073393
79.253 159 -1723073393
79.280 180 -1723073393
79.307 192 -1723073393
79.333 198 -1723073393
79.360 207 -1723073393
79.387 211 -1723073393
79.413 205 -1723073393
79.440 199 -1723073393
79.467 195 -1723073393
79.493 187 -1723073393
79.520 182 -1723073393
79.547 182 -1723073393
79.573 176 -1723073393
79.600 164 -1723073393
79.627 159 -1723073393
79.653 155 -1723073393
79.680 153 -1723073393
79.707 158 -1723073393
79.733 156 -1723073393
79.760 147 -1723073393
79.787 144 -1723073393
79.813 140 -1723073393
79.840 135 -1723073393
79.867 137 -1723073393
79.893 145 -1723073393
79.920 150 -1723073393
79.947 156 -1723073393
79.973 165 -1723073393
80.000 170 -1723073393
80.027 176 -1723073393
80.053 186 -1723073393
80.080 195 -1723073393
80.107 205 -1723073393
80.133 220 -1723073393
80.160 236 -1723073393
80.187 251 -1723073393
80.213 265 -1723073393
80.240 271 -1723073393
80.267 274 -1723073393
80.293 279 -1723073393
80.320 285 -1723073393
80.347 285 -1723073393
80.373 286 -1723073393
80.400 290 -1723073393
80.427 293 -1723073393
80.453 292 -1723073393
80.480 294 -1723073393
80.507 294 -1723073393
80.533 286 -1723073393
80.560 276 -1723073393
80.587 271 -1723073393
80.613 266 -1723073393
80.640 258 -1723073393
80.667 253 -1723073393
80.693 247 -1723073393
80.720 239 -1723073393
80.747 232 -1723073393
80.773 222 -1723073393
80.800 213 -1723073393
80.827 206 -1723073393
80.853 201 -1723073393
80.880 194 -1723073393
80.907 188 -1723073393
80.933 185 -1723073393
80.960 181 -1723073393
80.987 183 -1723073393
81.013 187 -1723073393
81.040 190 -1723073393
81.067 195 -1723073393
81.093 203 -1723073393
81.120 206 -1723073393
81.147 205 -1723073393
81.173 208 -1723073393
81.200 211 -1723073393
81.227 212 -1723073393
81.253 215 -1723073393
81.280 214 -1723073393
81.307 210 -1723073393
81.333 209 -1723073393
81.360 205 -1723073393
81.387 196 -1723073393
81.413 189 -1723073393
81.440 183 -1723073393
81.467 175 -1723073393
81.493 169 -1723073393
81.520 168 -1723073393
81.547 161 -1723073393
81.573 156 -1723073393
81.600 160 -1723073393
81.627 158 -1723073393
81.653 154 -1723073393
81.680 161 -1723073393
81.707 175 -1723073393
81.733 190 -1723073393
81.760 212 -1723073393
81.787 235 -1723073393
81.813 256 -1723073393
81.840 281 -1723073393
81.867 308 -1723073393
81.893 329 -1723073393
81.920 348 -1723073393
81.947 364 -1723073393
81.973 374 -1723073393
82.000 382 -1723073393
82.027 385 -1723073393
82.053 388 -1723073393
82.080 392 -1723073393
82.107 389 -1723073393
82.133 383 -1723073393
82.160 376 -1723073393
82.187 369 -1723073393
82.213 359 -1723073393
82.240 349 -1723073393
82.267 340 -1723073393
82.293 329 -1723073393
82.320 314 -1723073393
82.347 295 -1723073393
82.373 273 -1723073393
82.400 255 -1723073393
82.427 243 -1723073393
82.453 236 -1723073393
82.480 229 -1723073393
82.507 226 -1723073393
82.533 227 -1723073393
82.560 226 -1723073393
82.587 225 -1723073393
82.613 225 -1723073393
82.640 226 -1723073393
82.667 227 -1723073393
82.693 237 -1723073393
82.720 245 -1723073393
82.747 251 -1723073393
82.773 258 -1723073393
82.800 266 -1723073393
82.827 272 -1723073393
82.853 278 -1723073393
82.880 280 -1723073393
82.907 276 -1723073393
82.933 269 -1723073393
82.960 259 -1723073393
82.987 248 -1723073393
83.013 240 -1723073393
83.040 235 -1723073393
83.067 229 -1723073393
83.093 223 -1723073393
83.120 217 -1723073393
83.147 209 -1723073393
83.173 204 -1723073393
83.200 201 -1723073393
83.227 195 -1723073393
83.253 188 -1723073393
83.280 188 -1723073393
83.307 189 -1723073393
83.333 189 -1723073393
83.360 194 -1723073393
83.387 201 -1723073393
83.413 206 -1723073393
83.440 216 -1723073393
83.467 229 -1723073393
83.493 234 -1723073393
83.520 240 -1723073393
83.547 248 -1723073393
83.573 258 -1723073393
83.600 267 -1723073393
83.627 278 -1723073393
83.653 288 -1723073393
83.680 291 -1723073393
83.707 290 -1723073393
83.733 286 -1723073393
83.760 281 -1723073393
83.787 277 -1723073393
83.813 271 -1723073393
83.840 264 -1723073393
83.867 256 -1723073393
83.893 249 -1723073393
83.920 243 -1723073393
83.947 240 -1723073393
83.973 235 -1723073393
84.000 228 -1723073393
84.027 224 -1723073393
84.053 226 -1723073393
84.080 230 -1723073393
84.107 235 -1723073393
84.133 241 -1723073393
84.160 240 -1723073393
84.187 233 -1723073393
84.213 226 -1723073393
84.240 216 -1723073393
84.267 209 -1723073393
84.293 202 -1723073393
84.320 196 -1723073393
84.347 197 -1723073393
84.373 199 -1723073393
84.400 198 -1723073393
84.427 197 -1723073393
84.453 201 -1723073393
84.480 205 -1723073393
84.507 208 -1723073393
84.533 211 -1723073393
84.560 215 -1723073393
84.587 215 -1723073393
84.613 217 -1723073393
84.640 223 -1723073393
84.667 228 -1723073393
84.693 234 -1723073393
84.720 238 -1723073393
84.747 236 -1723073393
84.773 232 -1723073393
84.800 227 -1723073393
84.827 221 -1723073393
84.853 219 -1723073393
84.880 220 -1723073393
84.907 213 -1723073393
84.933 207 -1723073393
84.960 205 -1723073393
84.987 201 -1723073393
85.013 196 -1723073393
85.040 192 -1723073393
85.067 188 -1723073393
85.093 183 -1723073393
85.120 182 -1723073393
85.147 178 -1723073393
85.173 172 -1723073393
85.200 171 -1723073393
85.227 175 -1723073393
85.253 181 -1723073393
85.280 192 -1723073393
85.307 202 -1723073393
85.333 206 -1723073393
85.360 210 -1723073393
85.387 215 -1723073393
85.413 217 -1723073393
85.440 223 -1723073393
85.467 230 -1723073393
85.493 237 -1723073393
85.520 248 -1723073393
85.547 255 -1723073393
85.573 255 -1723073393
85.600 257 -1723073393
85.627 259 -1723073393
85.653 258 -1723073393
85.680 258 -1723073393
85.707 256 -1723073393
85.733 255 -1723073393
85.760 261 -1723073393
85.787 266 -1723073393
85.813 263 -1723073393
85.840 262 -1723073393
85.867 264 -1723073393
85.893 263 -1723073393
85.920 260 -1723073393
85.947 259 -1723073393
85.973 255 -1723073393
86.000 249 -1723073393
86.027 242 -1723073393
86.053 229 -1723073393
86.080 214 -1723073393
86.107 206 -1723073393
86.133 207 -1723073393
86.160 208 -1723073393
86.187 209 -1723073393
86.213 207 -1723073393
86.240 204 -1723073393
86.267 205 -1723073393
86.293 204 -1723073393
86.320 201 -1723073393
86.347 199 -1723073393
86.373 196 -1723073393
86.400 192 -1723073393
86.427 192 -1723073393
86.453 190 -1723073393
86.480 178 -1723073393
86.507 165 -1723073393
86.533 157 -1723073393
86.560 148 -1723073393
86.587 142 -1723073393
86.613 138 -1723073393
86.640 131 -1723073393
86.667 127 -1723073393
86.693 125 -1723073393
86.720 121 -1723073393
86.747 124 -1723073393
86.773 135 -1723073393
86.800 143 -1723073393
86.827 153 -1723073393
86.853 166 -1723073393
86.880 172 -1723073393
86.907 178 -1723073393
86.933 185 -1723073393
86.960 191 -1723073393
86.987 200 -1723073393
87.013 209 -1723073393
87.040 216 -1723073393
87.067 223 -1723073393
87.093 228 -1723073393
87.120 230 -1723073393
87.147 233 -1723073393
87.173 237 -1723073393
87.200 236 -1723073393
87.227 239 -1723073393
87.253 244 -1723073393
87.280 243 -1723073393
87.307 241 -1723073393
87.333 238 -1723073393
87.360 230 -1723073393
87.387 228 -1723073393
87.413 231 -1723073393
87.440 234 -1723073393
87.467 237 -1723073393
87.493 241 -1723073393
87.520 239 -1723073393
87.547 237 -1723073393
87.573 237 -1723073393
87.600 234 -1723073393
87.627 229 -1723073393
87.653 231 -1723073393
87.680 237 -1723073393
87.707 245 -1723073393
87.733 252 -1723073393
87.760 253 -1723073393
87.787 250 -1723073393
87.813 249 -1723073393
87.840 245 -1723073393
87.867 238 -1723073393
87.893 230 -1723073393
87.920 222 -1723073393
87.947 213 -1723073393
87.973 206 -1723073393
88.000 202 -1723073393
88.027 193 -1723073393
88.053 183 -1723073393
88.080 179 -1723073393
88.107 177 -1723073393
88.133 177 -1723073393
88.160 177 -1723073393
88.187 177 -1723073393
88.213 180 -1723073393
88.240 179 -1723073393
88.267 176 -1723073393
88.293 175 -1723073393
88.320 175 -1723073393
88.347 178 -1723073393
88.373 186 -1723073393
88.400 191 -1723073393
88.427 192 -1723073393
88.453 195 -1723073393
88.480 202 -1723073393
88.507 205 -1723073393
88.533 201 -1723073393
88.560 197 -1723073393
88.587 194 -1723073393
88.613 191 -1723073393
88.640 189 -1723073393
88.667 185 -1723073393
88.693 180 -1723073393
88.720 180 -1723073393
88.747 183 -1723073393
88.773 188 -1723073393
88.800 189 -1723073393
88.827 192 -1723073393
88.853 195 -1723073393
88.880 193 -1723073393
88.907 191 -1723073393
88.933 193 -1723073393
88.960 191 -1723073393
88.987 185 -1723073393
89.013 189 -1723073393
89.040 197 -1723073393
89.067 202 -1723073393
89.093 205 -1723073393
89.120 205 -1723073393
89.147 203 -1723073393
89.173 206 -1723073393
89.200 210 -1723073393
89.227 208 -1723073393
89.253 206 -1723073393
89.280 199 -1723073393
89.307 187 -1723073393
89.333 177 -1723073393
89.360 170 -1723073393
89.387 172 -1723073393
89.413 176 -1723073393
89.440 173 -1723073393
89.467 168 -1723073393
89.493 163 -1723073393
89.520 159 -1723073393
89.547 159 -1723073393
89.573 159 -1723073393
89.600 160 -1723073393
89.627 163 -1723073393
89.653 168 -1723073393
89.680 173 -1723073393
89.707 176 -1723073393
89.733 173 -1723073393
89.760 170 -1723073393
89.787 166 -1723073393
89.813 155 -1723073393
89.840 151 -1723073393
89.867 155 -1723073393
89.893 154 -1723073393
89.920 156 -1723073393
89.947 159 -1723073393
89.973 155 -1723073393
90.000 153 -1723073393
90.027 151 -1723073393
90.053 145 -1723073393
90.080 147 -1723073393
90.107 154 -1723073393
90.133 157 -1723073393
90.160 164 -1723073393
90.187 168 -1723073393
90.213 164 -1723073393
90.240 166 -1723073393
90.267 166 -1723073393
90.293 162 -1723073393
90.320 162 -1723073393
90.347 160 -1723073393
90.373 159 -1723073393
90.400 166 -1723073393
90.427 172 -1723073393
90.453 173 -1723073393
90.480 176 -1723073393
90.507 172 -1723073393
90.533 169 -1723073393
90.560 171 -1723073393
90.587 168 -1723073393
90.613 168 -1723073393
90.640 176 -1723073393
90.667 180 -1723073393
90.693 187 -1723073393
90.720 199 -1723073393
90.747 205 -1723073393
90.773 212 -1723073393
90.800 216 -1723073393
90.827 217 -1723073393
90.853 228 -1723073393
90.880 236 -1723073393
90.907 234 -1723073393
90.933 232 -1723073393
90.960 232 -1723073393
90.987 239 -1723073393
91.013 255 -1723073393
91.040 271 -1723073393
91.067 280 -1723073393
91.093 291 -1723073393
91.120 301 -1723073393
91.147 309 -1723073393
91.173 321 -1723073393
91.200 332 -1723073393
91.227 346 -1723073393
91.253 357 -1723073393
91.280 362 -1723073393
91.307 367 -1723073393
91.333 371 -1723073393
91.360 375 -1723073393
91.387 378 -1723073393
91.413 378 -1723073393
91.440 374 -1723073393
91.467 369 -1723073393
91.493 361 -1723073393
91.520 357 -1723073393
91.547 351 -1723073393
91.573 342 -1723073393
91.600 334 -1723073393
91.627 325 -1723073393
91.653 313 -1723073393
91.680 302 -1723073393
91.707 292 -1723073393
91.733 287 -1723073393
91.760 287 -1723073393
91.787 288 -1723073393
91.813 291 -1723073393
91.840 295 -1723073393
91.867 293 -1723073393
91.893 289 -1723073393
91.920 290 -1723073393
91.947 295 -1723073393
91.973 303 -1723073393
92.000 316 -1723073393
92.027 326 -1723073393
92.053 333 -1723073393
92.080 341 -1723073393
92.107 346 -1723073393
92.133 349 -1723073393
92.160 353 -1723073393
92.187 353 -1723073393
92.213 353 -1723073393
92.240 357 -1723073393
92.267 355 -1723073393
92.293 354 -1723073393
92.320 359 -1723073393
92.347 362 -1723073393
92.373 363 -1723073393
92.400 357 -1723073393
92.427 348 -1723073393
92.453 345 -1723073393
92.480 344 -1723073393
92.507 341 -1723073393
92.533 340 -1723073393
92.560 338 -1723073393
92.587 343 -1723073393
92.613 347 -1723073393
92.640 355 -1723073393
92.667 364 -1723073393
92.693 366 -1723073393
92.720 365 -1723073393
92.747 373 -1723073393
92.773 382 -1723073393
92.800 390 -1723073393
92.827 399 -1723073393
92.853 403 -1723073393
92.880 401 -1723073393
92.907 399 -1723073393
92.933 397 -1723073393
92.960 399 -1723073393
92.987 401 -1723073393
93.013 395 -1723073393
93.040 392 -1723073393
93.067 396 -1723073393
93.093 397 -1723073393
93.120 399 -1723073393
93.147 396 -1723073393
93.173 395 -1723073393
93.200 395 -1723073393
93.227 387 -1723073393
93.253 378 -1723073393
93.280 366 -1723073393
93.307 356 -1723073393
93.333 347 -1723073393
93.360 338 -1723073393
93.387 328 -1723073393
93.413 320 -1723073393
93.440 312 -1723073393
93.467 304 -1723073393
93.493 296 -1723073393
93.520 290 -1723073393
93.547 284 -1723073393
93.573 283 -1723073393
93.600 282 -1723073393
93.627 282 -1723073393
93.653 282 -1723073393
93.680 283 -1723073393
93.707 287 -1723073393
93.733 287 -1723073393
93.760 292 -1723073393
93.787 301 -1723073393
93.813 308 -1723073393
93.840 319 -1723073393
93.867 331 -1723073393
93.893 341 -1723073393
93.920 351 -1723073393
93.947 359 -1723073393
93.973 365 -1723073393
94.000 366 -1723073393
94.027 364 -1723073393
94.053 363 -1723073393
94.080 356 -1723073393
94.107 346 -1723073393
94.133 345 -1723073393
94.160 345 -1723073393
94.187 343 -1723073393
94.213 340 -1723073393
94.240 332 -1723073393
94.267 327 -1723073393
94.293 325 -1723073393
94.320 324 -1723073393
94.347 322 -1723073393
94.373 313 -1723073393
94.400 306 -1723073393
94.427 297 -1723073393
94.453 293 -1723073393
94.480 294 -1723073393
94.507 287 -1723073393
94.533 282 -1723073393
94.560 281 -1723073393
94.587 283 -1723073393
94.613 299 -1723073393
94.640 313 -1723073393
94.667 319 -1723073393
94.693 324 -1723073393
94.720 332 -1723073393
94.747 343 -1723073393
94.773 347 -1723073393
94.800 346 -1723073393
94.827 340 -1723073393
94.853 334 -1723073393
94.880 335 -1723073393
94.907 340 -1723073393
94.933 345 -1723073393
94.960 347 -1723073393
94.987 353 -1723073393
95.013 350 -1723073393
95.040 337 -1723073393
95.067 322 -1723073393
95.093 306 -1723073393
95.120 294 -1723073393
95.147 280 -1723073393
95.173 264 -1723073393
95.200 251 -1723073393
95.227 240 -1723073393
95.253 228 -1723073393
95.280 223 -1723073393
95.307 218 -1723073393
95.333 217 -1723073393
95.360 220 -1723073393
95.387 220 -1723073393
95.413 224 -1723073393
95.440 224 -1723073393
95.467 223 -1723073393
95.493 223 -1723073393
95.520 221 -1723073393
95.547 225 -1723073393
95.573 226 -1723073393
95.600 226 -1723073393
95.627 233 -1723073393
95.653 227 -1723073393
95.680 225 -1723073393
95.707 225 -1723073393
95.733 216 -1723073393
95.760 209 -1723073393
95.787 200 -1723073393
95.813 192 -1723073393
95.840 186 -1723073393
95.867 178 -1723073393
95.893 180 -1723073393
95.920 177 -1723073393
95.947 173 -1723073393
95.973 172 -1723073393
96.000 163 -1723073393
96.027 160 -1723073393
96.053 148 -1723073393
96.080 137 -1723073393
96.107 128 -1723073393
96.133 116 -1723073393
96.160 118 -1723073393
96.187 117 -1723073393
96.213 125 -1723073393
96.240 138 -1723073393
96.267 143 -1723073393
96.293 155 -1723073393
96.320 156 -1723073393
96.347 154 -1723073393
96.373 155 -1723073393
96.400 156 -1723073393
96.427 163 -1723073393
96.453 160 -1723073393
96.480 152 -1723073393
96.507 147 -1723073393
96.533 147 -1723073393
96.560 151 -1723073393
96.587 144 -1723073393
96.613 148 -1723073393
96.640 148 -1723073393
96.667 140 -1723073393
96.693 140 -1723073393
96.720 132 -1723073393
96.747 135 -1723073393
96.773 127 -1723073393
96.800 118 -1723073393
96.827 110 -1723073393
96.853 95 -1723073393
96.880 91 -1723073393
96.907 80 -1723073393
96.933 74 -1723073393
96.960 76 -1723073393
96.987 67 -1723073393
97.013 65 -1723073393
97.040 54 -1723073393
97.067 53 -1723073393
97.093 51 -1723073393
97.120 48 -1723073393
97.147 49 -1723073393
97.173 37 -1723073393
97.200 42 -1723073393
97.227 37 -1723073393
97.253 40 -1723073393
97.280 38 -1723073393
97.307 29 -1723073393
97.333 31 -1723073393
97.360 25 -1723073393
97.387 32 -1723073393
97.413 29 -1723073393
97.440 34 -1723073393
97.467 39 -1723073393
97.493 33 -1723073393
97.520 36 -1723073393
97.547 31 -1723073393
97.573 41 -1723073393
97.600 47 -1723073393
97.627 50 -1723073393
97.653 53 -1723073393
97.680 49 -1723073393
97.707 56 -1723073393
97.733 47 -1723073393
97.760 52 -1723073393
97.787 52 -1723073393
97.813 59 -1723073393
97.840 63 -1723073393
97.867 62 -1723073393
97.893 75 -1723073393
97.920 71 -1723073393
97.947 77 -1723073393
97.973 75 -1723073393
98.000 84 -1723073393
98.027 87 -1723073393
98.053 88 -1723073393
98.080 100 -1723073393
98.107 97 -1723073393
98.133 102 -1723073393
98.160 95 -1723073393
98.187 97 -1723073393
98.213 98 -1723073393
98.240 102 -1723073393
98.267 102 -1723073393
98.293 96 -1723073393
98.320 98 -1723073393
98.347 96 -1723073393
98.373 103 -1723073393
98.400 97 -1723073393
98.427 97 -1723073393
98.453 83 -1723073393
98.480 74 -1723073393
98.507 70 -1723073393
98.533 67 -1723073393
98.560 76 -1723073393
98.587 64 -1723073393
98.613 65 -1723073393
98.640 53 -1723073393
98.667 50 -1723073393
98.693 35 -1723073393
98.720 32 -1723073393
98.747 18 -1723073393
98.773 8 -1723073393
98.800 7 -1723073393
98.827 -2 -1723073393
98.853 -1 -1723073393
98.880 -8 -1723073393
98.907 -1 -1723073393
98.933 -12 -1723073393
98.960 3 -1723073393
98.987 5 -1723073393
99.013 24 -1723073393
99.040 16 -1723073393
99.067 10 -1723073393
99.093 5 -1723073393
99.120 6 -1723073393
99.147 3 -1723073393
99.173 1 -1723073393
99.200 10 -1723073393
99.227 13 -1723073393
99.253 27 -1723073393
99.280 14 -1723073393
99.307 19 -1723073393
99.333 6 -1723073393
99.360 14 -1723073393
99.387 2 -1723073393
99.413 7 -1723073393
99.440 -4 -1723073393
99.467 0 -1723073393
99.493 -14 -1723073393
99.520 -3 -1723073393
99.547 -5 -1723073393
99.573 1 -1723073393
99.600 0 -1723073393
99.627 3 -1723073393
99.653 -2 -1723073393
99.680 -1 -1723073393
99.707 0 -1723073393
99.733 0 -1723073393
99.760 5 -1723073393
99.787 4 -1723073393
99.813 11 -1723073393
99.840 22 -1723073393
99.867 30 -1723073393
99.893 30 -1723073393
99.920 32 -1723073393
99.947 31 -1723073393
99.973 42 -1723073393
100.000 0 -1723073393
