0.000 16 -1723073393
0.027 13 -1723073393
0.053 15 -1723073393
0.080 16 -1723073393
0.107 16 -1723073393
0.133 29 -1723073393
0.160 35 -1723073393
0.187 36 -1723073393
0.213 37 -1723073393
0.240 25 -1723073393
0.267 23 -1723073393
0.293 23 -1723073393
0.320 14 -1723073393
0.347 15 -1723073393
0.373 13 -1723073393
0.400 10 -1723073393
0.427 14 -1723073393
0.453 7 -1723073393
0.480 8 -1723073393
0.507 12 -1723073393
0.533 4 -1723073393
0.560 2 -1723073393
0.587 2 -1723073393
0.613 0 -1723073393
0.640 9 -1723073393
0.667 6 -1723073393
0.693 3 -1723073393
0.720 9 -1723073393
0.747 4 -1723073393
0.773 6 -1723073393
0.800 12 -1723073393
0.827 6 -1723073393
0.853 10 -1723073393
0.880 12 -1723073393
0.907 7 -1723073393
0.933 7 -1723073393
0.960 1 -1723073393
0.987 1 -1723073393
1.013 8 -1723073393
1.040 6 -1723073393
1.067 5 -1723073393
1.093 3 -1723073393
1.120 -1 -1723073393
1.147 7 -1723073393
1.173 6 -1723073393
1.200 2 -1723073393
1.227 4 -1723073393
1.253 -3 -1723073393
1.280 -2 -1723073393
1.307 0 -1723073393
1.333 -3 -1723073393
1.360 2 -1723073393
1.387 0 -1723073393
1.413 -7 -1723073393
1.440 -2 -1723073393
1.467 -5 -1723073393
1.493 -9 -1723073393
1.520 -11 -1723073393
1.547 -17 -1723073393
1.573 -16 -1723073393
1.600 -18 -1723073393
1.627 -21 -1723073393
1.653 -14 -1723073393
1.680 -15 -1723073393
1.707 -11 -1723073393
1.733 -6 -1723073393
1.760 -13 -1723073393
1.787 -11 -1723073393
1.813 -11 -1723073393
1.840 -15 -1723073393
1.867 -9 -1723073393
1.893 -13 -1723073393
1.920 -14 -1723073393
1.947 -7 -1723073393
1.973 -10 -1723073393
2.000 -12 -1723073393
2.027 -11 -1723073393
2.053 -15 -1723073393
2.080 -11 -1723073393
2.107 -11 -1723073393
2.133 -9 -1723073393
2.160 -3 -1723073393
2.187 -7 -1723073393
2.213 -9 -1723073393
2.240 -10 -1723073393
2.267 -16 -1723073393
2.293 -13 -1723073393
2.320 -16 -1723073393
2.347 -18 -1723073393
2.373 -12 -1723073393
2.400 -15 -1723073393
2.427 -16 -1723073393
2.453 -10 -1723073393
2.480 -15 -1723073393
2.507 -12 -1723073393
2.533 -12 -1723073393
2.560 -20 -1723073393
2.587 -14 -1723073393
2.613 -15 -1723073393
2.640 -15 -1723073393
2.667 -14 -1723073393
2.693 -22 -1723073393
2.720 -19 -1723073393
2.747 -15 -1723073393
2.773 -19 -1723073393
2.800 -12 -1723073393
2.827 -9 -1723073393
2.853 -12 -1723073393
2.880 -13 -1723073393
2.907 -19 -1723073393
2.933 -18 -1723073393
2.960 -17 -1723073393
2.987 -21 -1723073393
3.013 -17 -1723073393
3.040 -18 -1723073393
3.067 -24 -1723073393
3.093 -22 -1723073393
3.120 -27 -1723073393
3.147 -30 -1723073393
3.173 -24 -1723073393
3.200 -24 -1723073393
3.227 -19 -1723073393
3.253 -19 -1723073393
3.280 -27 -1723073393
3.307 -27 -1723073393
3.333 -35 -1723073393
3.360 -40 -1723073393
3.387 -36 -1723073393
3.413 -38 -1723073393
3.440 -33 -1723073393
3.467 -31 -1723073393
3.493 -39 -1723073393
3.520 -34 -1723073393
3.547 -32 -1723073393
3.573 -34 -1723073393
3.600 -29 -1723073393
3.627 -35 -1723073393
3.653 -37 -1723073393
3.680 -34 -1723073393
3.707 -37 -1723073393
3.733 -27 -1723073393
3.760 -22 -1723073393
3.787 -22 -1723073393
3.813 -19 -1723073393
3.840 -29 -1723073393
3.867 -32 -1723073393
3.893 -28 -1723073393
3.920 -33 -1723073393
3.947 -28 -1723073393
3.973 -26 -1723073393
4.000 -34 -1723073393
4.027 -32 -1723073393
4.053 -33 -1723073393
4.080 -35 -1723073393
4.107 -36 -1723073393
4.133 -43 -1723073393
4.160 -46 -1723073393
4.187 -48 -1723073393
4.213 -52 -1723073393
4.240 -44 -1723073393
4.267 -38 -1723073393
4.293 -37 -1723073393
4.320 -31 -1723073393
4.347 -34 -1723073393
4.373 -32 -1723073393
4.400 -24 -1723073393
4.427 -31 -1723073393
4.453 -27 -1723073393
4.480 -25 -1723073393
4.507 -30 -1723073393
4.533 -22 -1723073393
4.560 -23 -1723073393
4.587 -22 -1723073393
4.613 -18 -1723073393
4.640 -21 -1723073393
4.667 -20 -1723073393
4.693 -21 -1723073393
4.720 -24 -1723073393
4.747 -20 -1723073393
4.773 -27 -1723073393
4.800 -29 -1723073393
4.827 -24 -1723073393
4.853 -25 -1723073393
4.880 -23 -1723073393
4.907 -24 -1723073393
4.933 -35 -1723073393
4.960 -37 -1723073393
4.987 -38 -1723073393
5.013 -35 -1723073393
5.040 -24 -1723073393
5.067 -28 -1723073393
5.093 -30 -1723073393
5.120 -28 -1723073393
5.147 -37 -1723073393
5.173 -30 -1723073393
5.200 -26 -1723073393
5.227 -29 -1723073393
5.253 -20 -1723073393
5.280 -18 -1723073393
5.307 -17 -1723073393
5.333 -14 -1723073393
5.360 -23 -1723073393
5.387 -24 -1723073393
5.413 -17 -1723073393
5.440 -15 -1723073393
5.467 -16 -1723073393
5.493 -21 -1723073393
5.520 -24 -1723073393
5.547 -17 -1723073393
5.573 -18 -1723073393
5.600 -18 -1723073393
5.627 -11 -1723073393
5.653 -14 -1723073393
5.680 -8 -1723073393
5.707 -4 -1723073393
5.733 -8 -1723073393
5.760 -3 -1723073393
5.787 -8 -1723073393
5.813 -13 -1723073393
5.840 -9 -1723073393
5.867 -17 -1723073393
5.893 -15 -1723073393
5.920 -10 -1723073393
5.947 -18 -1723073393
5.973 -16 -1723073393
6.000 -15 -1723073393
6.027 -18 -1723073393
6.053 -15 -1723073393
6.080 -18 -1723073393
6.107 -16 -1723073393
6.133 -8 -1723073393
6.160 -11 -1723073393
6.187 -8 -1723073393
6.213 -11 -1723073393
6.240 -19 -1723073393
6.267 -13 -1723073393
6.293 -15 -1723073393
6.320 -15 -1723073393
6.347 -7 -1723073393
6.373 -13 -1723073393
6.400 -13 -1723073393
6.427 -8 -1723073393
6.453 -17 -1723073393
6.480 -12 -1723073393
6.507 -9 -1723073393
6.533 -14 -1723073393
6.560 -14 -1723073393
6.587 -22 -1723073393
6.613 -22 -1723073393
6.640 -12 -1723073393
6.667 -14 -1723073393
6.693 -12 -1723073393
6.720 -12 -1723073393
6.747 -21 -1723073393
6.773 -19 -1723073393
6.800 -17 -1723073393
6.827 -15 -1723073393
6.853 -2 -1723073393
6.880 -6 -1723073393
6.907 -9 -1723073393
6.933 -5 -1723073393
6.960 -10 -1723073393
6.987 -6 -1723073393
7.013 -6 -1723073393
7.040 -13 -1723073393
7.067 -11 -1723073393
7.093 -16 -1723073393
7.120 -18 -1723073393
7.147 -12 -1723073393
7.173 -15 -1723073393
7.200 -14 -1723073393
7.227 -10 -1723073393
7.253 -18 -1723073393
7.280 -15 -1723073393
7.307 -18 -1723073393
7.333 -33 -1723073393
7.360 -33 -1723073393
7.387 -39 -1723073393
7.413 -36 -1723073393
7.440 -21 -1723073393
7.467 -20 -1723073393
7.493 -14 -1723073393
7.520 -10 -1723073393
7.547 -16 -1723073393
7.573 -15 -1723073393
7.600 -22 -1723073393
7.627 -27 -1723073393
7.653 -20 -1723073393
7.680 -27 -1723073393
7.707 -27 -1723073393
7.733 -22 -1723073393
7.760 -33 -1723073393
7.787 -35 -1723073393
7.813 -39 -1723073393
7.840 -49 -1723073393
7.867 -40 -1723073393
7.893 -36 -1723073393
7.920 -32 -1723073393
7.947 -18 -1723073393
7.973 -22 -1723073393
8.000 -28 -1723073393
8.027 -28 -1723073393
8.053 -39 -1723073393
8.080 -35 -1723073393
8.107 -30 -1723073393
8.133 -35 -1723073393
8.160 -29 -1723073393
8.187 -24 -1723073393
8.213 -22 -1723073393
8.240 -13 -1723073393
8.267 -12 -1723073393
8.293 -7 -1723073393
8.320 2 -1723073393
8.347 1 -1723073393
8.373 6 -1723073393
8.400 6 -1723073393
8.427 -2 -1723073393
8.453 0 -1723073393
8.480 -6 -1723073393
8.507 -10 -1723073393
8.533 -3 -1723073393
8.560 -12 -1723073393
8.587 -12 -1723073393
8.613 -11 -1723073393
8.640 -20 -1723073393
8.667 -15 -1723073393
8.693 -16 -1723073393
8.720 -23 -1723073393
8.747 -19 -1723073393
8.773 -28 -1723073393
8.800 -32 -1723073393
8.827 -29 -1723073393
8.853 -38 -1723073393
8.880 -34 -1723073393
8.907 -27 -1723073393
8.933 -31 -1723073393
8.960 -25 -1723073393
8.987 -25 -1723073393
9.013 -27 -1723073393
9.040 -18 -1723073393
9.067 -22 -1723073393
9.093 -23 -1723073393
9.120 -22 -1723073393
9.147 -35 -1723073393
9.173 -40 -1723073393
9.200 -41 -1723073393
9.227 -44 -1723073393
9.253 -39 -1723073393
9.280 -40 -1723073393
9.307 -43 -1723073393
9.333 -40 -1723073393
9.360 -47 -1723073393
9.387 -46 -1723073393
9.413 -41 -1723073393
9.440 -47 -1723073393
9.467 -43 -1723073393
9.493 -43 -1723073393
9.520 -49 -1723073393
9.547 -40 -1723073393
9.573 -37 -1723073393
9.600 -39 -1723073393
9.627 -32 -1723073393
9.653 -40 -1723073393
9.680 -41 -1723073393
9.707 -38 -1723073393
9.733 -46 -1723073393
9.760 -39 -1723073393
9.787 -44 -1723073393
9.813 -57 -1723073393
9.840 -52 -1723073393
9.867 -57 -1723073393
9.893 -58 -1723073393
9.920 -50 -1723073393
9.947 -57 -1723073393
9.973 -46 -1723073393
10.000 -29 -1723073393
10.027 -24 -1723073393
10.053 -7 -1723073393
10.080 2 -1723073393
10.107 3 -1723073393
10.133 20 -1723073393
10.160 28 -1723073393
10.187 43 -1723073393
10.213 70 -1723073393
10.240 83 -1723073393
10.267 99 -1723073393
10.293 113 -1723073393
10.320 115 -1723073393
10.347 125 -1723073393
10.373 131 -1723073393
10.400 125 -1723073393
10.427 129 -1723073393
10.453 128 -1723073393
10.480 126 -1723073393
10.507 130 -1723073393
10.533 118 -1723073393
10.560 104 -1723073393
10.587 90 -1723073393
10.613 67 -1723073393
10.640 54 -1723073393
10.667 42 -1723073393
10.693 24 -1723073393
10.720 18 -1723073393
10.747 7 -1723073393
10.773 -6 -1723073393
10.800 -11 -1723073393
10.827 -27 -1723073393
10.853 -38 -1723073393
10.880 -43 -1723073393
10.907 -56 -1723073393
10.933 -57 -1723073393
10.960 -59 -1723073393
10.987 -63 -1723073393
11.013 -55 -1723073393
11.040 -59 -1723073393
11.067 -62 -1723073393
11.093 -58 -1723073393
11.120 -63 -1723073393
11.147 -56 -1723073393
11.173 -48 -1723073393
11.200 -55 -1723073393
11.227 -50 -1723073393
11.253 -52 -1723073393
11.280 -63 -1723073393
11.307 -61 -1723073393
11.333 -68 -1723073393
11.360 -71 -1723073393
11.387 -64 -1723073393
11.413 -71 -1723073393
11.440 -66 -1723073393
11.467 -57 -1723073393
11.493 -61 -1723073393
11.520 -52 -1723073393
11.547 -43 -1723073393
11.573 -36 -1723073393
11.600 -17 -1723073393
11.627 -9 -1723073393
11.653 1 -1723073393
11.680 18 -1723073393
11.707 16 -1723073393
11.733 19 -1723073393
11.760 27 -1723073393
11.787 25 -1723073393
11.813 28 -1723073393
11.840 18 -1723073393
11.867 3 -1723073393
11.893 0 -1723073393
11.920 -10 -1723073393
11.947 -17 -1723073393
11.973 -18 -1723073393
12.000 -32 -1723073393
12.027 -38 -1723073393
12.053 -46 -1723073393
12.080 -65 -1723073393
12.107 -69 -1723073393
12.133 -74 -1723073393
12.160 -79 -1723073393
12.187 -71 -1723073393
12.213 -78 -1723073393
12.240 -90 -1723073393
12.267 -85 -1723073393
12.293 -86 -1723073393
12.320 -84 -1723073393
12.347 -78 -1723073393
12.373 -87 -1723073393
12.400 -79 -1723073393
12.427 -67 -1723073393
12.453 -64 -1723073393
12.480 -39 -1723073393
12.507 -21 -1723073393
12.533 -4 -1723073393
12.560 27 -1723073393
12.587 47 -1723073393
12.613 70 -1723073393
12.640 100 -1723073393
12.667 117 -1723073393
12.693 144 -1723073393
12.720 169 -1723073393
12.747 182 -1723073393
12.773 205 -1723073393
12.800 225 -1723073393
12.827 234 -1723073393
12.853 245 -1723073393
12.880 242 -1723073393
12.907 231 -1723073393
12.933 225 -1723073393
12.960 211 -1723073393
12.987 194 -1723073393
13.013 177 -1723073393
13.040 155 -1723073393
13.067 136 -1723073393
13.093 113 -1723073393
13.120 87 -1723073393
13.147 65 -1723073393
13.173 42 -1723073393
13.200 20 -1723073393
13.227 2 -1723073393
13.253 -25 -1723073393
13.280 -41 -1723073393
13.307 -52 -1723073393
13.333 -72 -1723073393
13.360 -77 -1723073393
13.387 -87 -1723073393
13.413 -105 -1723073393
13.440 -110 -1723073393
13.467 -129 -1723073393
13.493 -145 -1723073393
13.520 -150 -1723073393
13.547 -172 -1723073393
13.573 -178 -1723073393
13.600 -178 -1723073393
13.627 -192 -1723073393
13.653 -191 -1723073393
13.680 -196 -1723073393
13.707 -206 -1723073393
13.733 -196 -1723073393
13.760 -196 -1723073393
13.787 -198 -1723073393
13.813 -182 -1723073393
13.840 -179 -1723073393
13.867 -170 -1723073393
13.893 -156 -1723073393
13.920 -155 -1723073393
13.947 -134 -1723073393
13.973 -113 -1723073393
14.000 -102 -1723073393
14.027 -75 -1723073393
14.053 -55 -1723073393
14.080 -37 -1723073393
14.107 -9 -1723073393
14.133 0 -1723073393
14.160 12 -1723073393
14.187 33 -1723073393
14.213 39 -1723073393
14.240 48 -1723073393
14.267 49 -1723073393
14.293 34 -1723073393
14.320 24 -1723073393
14.347 3 -1723073393
14.373 -27 -1723073393
14.400 -50 -1723073393
14.427 -84 -1723073393
14.453 -113 -1723073393
14.480 -131 -1723073393
14.507 -163 -1723073393
14.533 -186 -1723073393
14.560 -202 -1723073393
14.587 -229 -1723073393
14.613 -237 -1723073393
14.640 -243 -1723073393
14.667 -260 -1723073393
14.693 -257 -1723073393
14.720 -268 -1723073393
14.747 -287 -1723073393
14.773 -287 -1723073393
14.800 -298 -1723073393
14.827 -305 -1723073393
14.853 -302 -1723073393
14.880 -322 -1723073393
14.907 -334 -1723073393
14.933 -343 -1723073393
14.960 -371 -1723073393
14.987 -382 -1723073393
15.013 -404 -1723073393
15.040 -442 -1723073393
15.067 -462 -1723073393
15.093 -497 -1723073393
15.120 -531 -1723073393
15.147 -545 -1723073393
15.173 -587 -1723073393
15.200 -618 -1723073393
15.227 -637 -1723073393
15.253 -684 -1723073393
15.280 -707 -1723073393
15.307 -728 -1723073393
15.333 -764 -1723073393
15.360 -766 -1723073393
15.387 -782 -1723073393
15.413 -812 -1723073393
15.440 -804 -1723073393
15.467 -825 -1723073393
15.493 -842 -1723073393
15.520 -833 -1723073393
15.547 -871 -1723073393
15.573 -886 -1723073393
15.600 -883 -1723073393
15.627 -919 -1723073393
15.653 -922 -1723073393
15.680 -932 -1723073393
15.707 -974 -1723073393
15.733 -979 -1723073393
15.760 -1009 -1723073393
15.787 -1053 -1723073393
15.813 -1059 -1723073393
15.840 -1100 -1723073393
15.867 -1130 -1723073393
15.893 -1127 -1723073393
15.920 -1164 -1723073393
15.947 -1158 -1723073393
15.973 -1121 -1723073393
16.000 -1103 -1723073393
16.027 -1016 -1723073393
16.053 -902 -1723073393
16.080 -785 -1723073393
16.107 -578 -1723073393
16.133 -344 -1723073393
16.160 -66 -1723073393
16.187 320 -1723073393
16.213 736 -1723073393
16.240 1213 -1723073393
16.267 1787 -1723073393
16.293 2393 -1723073393
16.320 3049 -1723073393
16.347 3754 -1723073393
16.373 4468 -1723073393
16.400 5138 -1723073393
16.427 5815 -1723073393
16.453 6469 -1723073393
16.480 6931 -1723073393
16.507 7378 -1723073393
16.533 7694 -1723073393
16.560 7722 -1723073393
16.587 7781 -1723073393
16.613 7598 -1723073393
16.640 7160 -1723073393
16.667 6807 -1723073393
16.693 6176 -1723073393
16.720 5401 -1723073393
16.747 4749 -1723073393
16.773 3877 -1723073393
16.800 3005 -1723073393
16.827 2243 -1723073393
16.853 1331 -1723073393
16.880 519 -1723073393
16.907 -200 -1723073393
16.933 -953 -1723073393
16.960 -1615 -1723073393
16.987 -2203 -1723073393
17.013 -2733 -1723073393
17.040 -3205 -1723073393
17.067 -3556 -1723073393
17.093 -3840 -1723073393
17.120 -4120 -1723073393
17.147 -4225 -1723073393
17.173 -4311 -1723073393
17.200 -4401 -1723073393
17.227 -4315 -1723073393
17.253 -4292 -1723073393
17.280 -4259 -1723073393
17.307 -4093 -1723073393
17.333 -4045 -1723073393
17.360 -3947 -1723073393
17.387 -3770 -1723073393
17.413 -3734 -1723073393
17.440 -3619 -1723073393
17.467 -3488 -1723073393
17.493 -3471 -1723073393
17.520 -3352 -1723073393
17.547 -3276 -1723073393
17.573 -3275 -1723073393
17.600 -3164 -1723073393
17.627 -3121 -1723073393
17.653 -3086 -1723073393
17.680 -2952 -1723073393
17.707 -2906 -1723073393
17.733 -2822 -1723073393
17.760 -2669 -1723073393
17.787 -2603 -1723073393
17.813 -2469 -1723073393
17.840 -2314 -1723073393
17.867 -2234 -1723073393
17.893 -2075 -1723073393
17.920 -1930 -1723073393
17.947 -1837 -1723073393
17.973 -1666 -1723073393
18.000 -1535 -1723073393
18.027 -1420 -1723073393
18.053 -1246 -1723073393
18.080 -1130 -1723073393
18.107 -1015 -1723073393
18.133 -865 -1723073393
18.160 -769 -1723073393
18.187 -651 -1723073393
18.213 -521 -1723073393
18.240 -425 -1723073393
18.267 -302 -1723073393
18.293 -188 -1723073393
18.320 -99 -1723073393
18.347 0 -1723073393
18.373 86 -1723073393
18.400 172 -1723073393
18.427 283 -1723073393
18.453 410 -1723073393
18.480 567 -1723073393
18.507 772 -1723073393
18.533 1034 -1723073393
18.560 1371 -1723073393
18.587 1806 -1723073393
18.613 2340 -1723073393
18.640 2958 -1723073393
18.667 3711 -1723073393
18.693 4591 -1723073393
18.720 5561 -1723073393
18.747 6666 -1723073393
18.773 7848 -1723073393
18.800 9029 -1723073393
18.827 10349 -1723073393
18.853 11647 -1723073393
18.880 12768 -1723073393
18.907 14016 -1723073393
18.933 15007 -1723073393
18.960 15717 -1723073393
18.987 16573 -1723073393
19.013 16880 -1723073393
19.040 16940 -1723073393
19.067 17111 -1723073393
19.093 16568 -1723073393
19.120 15945 -1723073393
19.147 15371 -1723073393
19.173 14110 -1723073393
19.200 13003 -1723073393
19.227 11877 -1723073393
19.253 10208 -1723073393
19.280 8885 -1723073393
19.307 7499 -1723073393
19.333 5841 -1723073393
19.360 4554 -1723073393
19.387 3171 -1723073393
19.413 1764 -1723073393
19.440 663 -1723073393
19.467 -464 -1723073393
19.493 -1523 -1723073393
19.520 -2414 -1723073393
19.547 -3216 -1723073393
19.573 -3948 -1723073393
19.600 -4582 -1723073393
19.627 -5070 -1723073393
19.653 -5585 -1723073393
19.680 -5993 -1723073393
19.707 -6237 -1723073393
19.733 -6578 -1723073393
19.760 -6780 -1723073393
19.787 -6870 -1723073393
19.813 -7110 -1723073393
19.840 -7166 -1723073393
19.867 -7176 -1723073393
19.893 -7333 -1723073393
19.920 -7261 -1723073393
19.947 -7232 -1723073393
19.973 -7302 -1723073393
20.000 -7120 -1723073393
20.027 -7051 -1723073393
20.053 -7003 -1723073393
20.080 -6723 -1723073393
20.107 -6601 -1723073393
20.133 -6409 -1723073393
20.160 -6039 -1723073393
20.187 -5849 -1723073393
20.213 -5540 -1723073393
20.240 -5145 -1723073393
20.267 -4923 -1723073393
20.293 -4554 -1723073393
20.320 -4171 -1723073393
20.347 -3944 -1723073393
20.373 -3601 -1723073393
20.400 -3331 -1723073393
20.427 -3178 -1723073393
20.453 -2941 -1723073393
20.480 -2823 -1723073393
20.507 -2776 -1723073393
20.533 -2679 -1723073393
20.560 -2693 -1723073393
20.587 -2716 -1723073393
20.613 -2702 -1723073393
20.640 -2779 -1723073393
20.667 -2811 -1723073393
20.693 -2808 -1723073393
20.720 -2868 -1723073393
20.747 -2829 -1723073393
20.773 -2771 -1723073393
20.800 -2756 -1723073393
20.827 -2631 -1723073393
20.853 -2519 -1723073393
20.880 -2430 -1723073393
20.907 -2242 -1723073393
20.933 -2112 -1723073393
20.960 -2014 -1723073393
20.987 -1858 -1723073393
21.013 -1791 -1723073393
21.040 -1754 -1723073393
21.067 -1721 -1723073393
21.093 -1806 -1723073393
21.120 -1916 -1723073393
21.147 -2054 -1723073393
21.173 -2283 -1723073393
21.200 -2517 -1723073393
21.227 -2794 -1723073393
21.253 -3150 -1723073393
21.280 -3462 -1723073393
21.307 -3815 -1723073393
21.333 -4208 -1723073393
21.360 -4503 -1723073393
21.387 -4857 -1723073393
21.413 -5180 -1723073393
21.440 -5352 -1723073393
21.467 -5603 -1723073393
21.493 -5760 -1723073393
21.520 -5756 -1723073393
21.547 -5852 -1723073393
21.573 -5788 -1723073393
21.600 -5597 -1723073393
21.627 -5522 -1723073393
21.653 -5246 -1723073393
21.680 -4916 -1723073393
21.707 -4703 -1723073393
21.733 -4284 -1723073393
21.760 -3873 -1723073393
21.787 -3540 -1723073393
21.813 -3044 -1723073393
21.840 -2625 -1723073393
21.867 -2250 -1723073393
21.893 -1755 -1723073393
21.920 -1330 -1723073393
21.947 -921 -1723073393
21.973 -449 -1723073393
22.000 -41 -1723073393
22.027 356 -1723073393
22.053 783 -1723073393
22.080 1147 -1723073393
22.107 1474 -1723073393
22.133 1789 -1723073393
22.160 2068 -1723073393
22.187 2296 -1723073393
22.213 2502 -1723073393
22.240 2684 -1723073393
22.267 2783 -1723073393
22.293 2879 -1723073393
22.320 2960 -1723073393
22.347 2935 -1723073393
22.373 2933 -1723073393
22.400 2914 -1723073393
22.427 2806 -1723073393
22.453 2746 -1723073393
22.480 2659 -1723073393
22.507 2510 -1723073393
22.533 2426 -1723073393
22.560 2313 -1723073393
22.587 2174 -1723073393
22.613 2111 -1723073393
22.640 2018 -1723073393
22.667 1924 -1723073393
22.693 1890 -1723073393
22.720 1819 -1723073393
22.747 1765 -1723073393
22.773 1747 -1723073393
22.800 1685 -1723073393
22.827 1640 -1723073393
22.853 1610 -1723073393
22.880 1538 -1723073393
22.907 1497 -1723073393
22.933 1458 -1723073393
22.960 1391 -1723073393
22.987 1356 -1723073393
23.013 1315 -1723073393
23.040 1251 -1723073393
23.067 1214 -1723073393
23.093 1161 -1723073393
23.120 1098 -1723073393
23.147 1065 -1723073393
23.173 1024 -1723073393
23.200 987 -1723073393
23.227 974 -1723073393
23.253 955 -1723073393
23.280 956 -1723073393
23.307 973 -1723073393
23.333 978 -1723073393
23.360 998 -1723073393
23.387 1030 -1723073393
23.413 1049 -1723073393
23.440 1088 -1723073393
23.467 1131 -1723073393
23.493 1164 -1723073393
23.520 1214 -1723073393
23.547 1261 -1723073393
23.573 1302 -1723073393
23.600 1372 -1723073393
23.627 1432 -1723073393
23.653 1489 -1723073393
23.680 1579 -1723073393
23.707 1653 -1723073393
23.733 1732 -1723073393
23.760 1847 -1723073393
23.787 1941 -1723073393
23.813 2044 -1723073393
23.840 2170 -1723073393
23.867 2250 -1723073393
23.893 2337 -1723073393
23.920 2444 -1723073393
23.947 2490 -1723073393
23.973 2551 -1723073393
24.000 2615 -1723073393
24.027 2607 -1723073393
24.053 2623 -1723073393
24.080 2627 -1723073393
24.107 2552 -1723073393
24.133 2512 -1723073393
24.160 2443 -1723073393
24.187 2301 -1723073393
24.213 2209 -1723073393
24.240 2087 -1723073393
24.267 1915 -1723073393
24.293 1794 -1723073393
24.320 1637 -1723073393
24.347 1457 -1723073393
24.373 1330 -1723073393
24.400 1173 -1723073393
24.427 1013 -1723073393
24.453 889 -1723073393
24.480 751 -1723073393
24.507 618 -1723073393
24.533 512 -1723073393
24.560 408 -1723073393
24.587 313 -1723073393
24.613 235 -1723073393
24.640 159 -1723073393
24.667 82 -1723073393
24.693 16 -1723073393
24.720 -38 -1723073393
24.747 -90 -1723073393
24.773 -128 -1723073393
24.800 -143 -1723073393
24.827 -151 -1723073393
24.853 -137 -1723073393
24.880 -96 -1723073393
24.907 -60 -1723073393
24.933 -7 -1723073393
24.960 59 -1723073393
24.987 116 -1723073393
25.013 190 -1723073393
25.040 269 -1723073393
25.067 328 -1723073393
25.093 387 -1723073393
25.120 438 -1723073393
25.147 463 -1723073393
25.173 483 -1723073393
25.200 501 -1723073393
25.227 505 -1723073393
25.253 493 -1723073393
25.280 471 -1723073393
25.307 438 -1723073393
25.333 398 -1723073393
25.360 356 -1723073393
25.387 314 -1723073393
25.413 278 -1723073393
25.440 241 -1723073393
25.467 203 -1723073393
25.493 173 -1723073393
25.520 144 -1723073393
25.547 122 -1723073393
25.573 114 -1723073393
25.600 106 -1723073393
25.627 110 -1723073393
25.653 128 -1723073393
25.680 132 -1723073393
25.707 139 -1723073393
25.733 147 -1723073393
25.760 135 -1723073393
25.787 124 -1723073393
25.813 110 -1723073393
25.840 80 -1723073393
25.867 56 -1723073393
25.893 29 -1723073393
25.920 -10 -1723073393
25.947 -37 -1723073393
25.973 -71 -1723073393
26.000 -122 -1723073393
26.027 -157 -1723073393
26.053 -200 -1723073393
26.080 -254 -1723073393
26.107 -290 -1723073393
26.133 -339 -1723073393
26.160 -391 -1723073393
26.187 -417 -1723073393
26.213 -453 -1723073393
26.240 -482 -1723073393
26.267 -487 -1723073393
26.293 -507 -1723073393
26.320 -511 -1723073393
26.347 -485 -1723073393
26.373 -481 -1723073393
26.400 -463 -1723073393
26.427 -426 -1723073393
26.453 -426 -1723073393
26.480 -414 -1723073393
26.507 -391 -1723073393
26.533 -400 -1723073393
26.560 -395 -1723073393
26.587 -384 -1723073393
26.613 -396 -1723073393
26.640 -387 -1723073393
26.667 -372 -1723073393
26.693 -377 -1723073393
26.720 -356 -1723073393
26.747 -331 -1723073393
26.773 -321 -1723073393
26.800 -281 -1723073393
26.827 -244 -1723073393
26.853 -218 -1723073393
26.880 -167 -1723073393
26.907 -128 -1723073393
26.933 -98 -1723073393
26.960 -47 -1723073393
26.987 -8 -1723073393
27.013 12 -1723073393
27.040 41 -1723073393
27.067 52 -1723073393
27.093 56 -1723073393
27.120 69 -1723073393
27.147 67 -1723073393
27.173 55 -1723073393
27.200 41 -1723073393
27.227 6 -1723073393
27.253 -32 -1723073393
27.280 -64 -1723073393
27.307 -109 -1723073393
27.333 -148 -1723073393
27.360 -180 -1723073393
27.387 -224 -1723073393
27.413 -247 -1723073393
27.440 -257 -1723073393
27.467 -278 -1723073393
27.493 -272 -1723073393
27.520 -261 -1723073393
27.547 -266 -1723073393
27.573 -242 -1723073393
27.600 -212 -1723073393
27.627 -201 -1723073393
27.653 -168 -1723073393
27.680 -142 -1723073393
27.707 -135 -1723073393
27.733 -110 -1723073393
27.760 -95 -1723073393
27.787 -97 -1723073393
27.813 -77 -1723073393
27.840 -67 -1723073393
27.867 -73 -1723073393
27.893 -68 -1723073393
27.920 -74 -1723073393
27.947 -83 -1723073393
27.973 -74 -1723073393
28.000 -82 -1723073393
28.027 -91 -1723073393
28.053 -82 -1723073393
28.080 -89 -1723073393
28.107 -96 -1723073393
28.133 -86 -1723073393
28.160 -92 -1723073393
28.187 -94 -1723073393
28.213 -78 -1723073393
28.240 -74 -1723073393
28.267 -69 -1723073393
28.293 -53 -1723073393
28.320 -47 -1723073393
28.347 -33 -1723073393
28.373 -10 -1723073393
28.400 9 -1723073393
28.427 43 -1723073393
28.453 82 -1723073393
28.480 107 -1723073393
28.507 135 -1723073393
28.533 161 -1723073393
28.560 173 -1723073393
28.587 197 -1723073393
28.613 224 -1723073393
28.640 241 -1723073393
28.667 265 -1723073393
28.693 289 -1723073393
28.720 308 -1723073393
28.747 336 -1723073393
28.773 363 -1723073393
28.800 382 -1723073393
28.827 401 -1723073393
28.853 414 -1723073393
28.880 415 -1723073393
28.907 416 -1723073393
28.933 410 -1723073393
28.960 398 -1723073393
28.987 380 -1723073393
29.013 354 -1723073393
29.040 324 -1723073393
29.067 293 -1723073393
29.093 254 -1723073393
29.120 212 -1723073393
29.147 176 -1723073393
29.173 140 -1723073393
29.200 105 -1723073393
29.227 81 -1723073393
29.253 50 -1723073393
29.280 22 -1723073393
29.307 7 -1723073393
29.333 -18 -1723073393
29.360 -35 -1723073393
29.387 -33 -1723073393
29.413 -44 -1723073393
29.440 -47 -1723073393
29.467 -37 -1723073393
29.493 -46 -1723073393
29.520 -49 -1723073393
29.547 -33 -1723073393
29.573 -30 -1723073393
29.600 -18 -1723073393
29.627 5 -1723073393
29.653 9 -1723073393
29.680 16 -1723073393
29.707 30 -1723073393
29.733 28 -1723073393
29.760 35 -1723073393
29.787 50 -1723073393
29.813 47 -1723073393
29.840 54 -1723073393
29.867 69 -1723073393
29.893 68 -1723073393
29.920 72 -1723073393
29.947 83 -1723073393
29.973 84 -1723073393
30.000 93 -1723073393
30.027 108 -1723073393
30.053 109 -1723073393
30.080 112 -1723073393
30.107 115 -1723073393
30.133 108 -1723073393
30.160 108 -1723073393
30.187 109 -1723073393
30.213 103 -1723073393
30.240 105 -1723073393
30.267 108 -1723073393
30.293 106 -1723073393
30.320 120 -1723073393
30.347 137 -1723073393
30.373 154 -1723073393
30.400 188 -1723073393
30.427 224 -1723073393
30.453 255 -1723073393
30.480 295 -1723073393
30.507 336 -1723073393
30.533 374 -1723073393
30.560 415 -1723073393
30.587 453 -1723073393
30.613 479 -1723073393
30.640 500 -1723073393
30.667 514 -1723073393
30.693 514 -1723073393
30.720 500 -1723073393
30.747 475 -1723073393
30.773 433 -1723073393
30.800 370 -1723073393
30.827 300 -1723073393
30.853 220 -1723073393
30.880 128 -1723073393
30.907 34 -1723073393
30.933 -56 -1723073393
30.960 -131 -1723073393
30.987 -200 -1723073393
31.013 -257 -1723073393
31.040 -287 -1723073393
31.067 -320 -1723073393
31.093 -343 -1723073393
31.120 -333 -1723073393
31.147 -331 -1723073393
31.173 -315 -1723073393
31.200 -258 -1723073393
31.227 -212 -1723073393
31.253 -161 -1723073393
31.280 -84 -1723073393
31.307 -25 -1723073393
31.333 27 -1723073393
31.360 93 -1723073393
31.387 132 -1723073393
31.413 159 -1723073393
31.440 191 -1723073393
31.467 203 -1723073393
31.493 208 -1723073393
31.520 219 -1723073393
31.547 211 -1723073393
31.573 194 -1723073393
31.600 177 -1723073393
31.627 150 -1723073393
31.653 125 -1723073393
31.680 110 -1723073393
31.707 88 -1723073393
31.733 73 -1723073393
31.760 69 -1723073393
31.787 59 -1723073393
31.813 50 -1723073393
31.840 47 -1723073393
31.867 31 -1723073393
31.893 19 -1723073393
31.920 15 -1723073393
31.947 4 -1723073393
31.973 7 -1723073393
32.000 17 -1723073393
32.027 12 -1723073393
32.053 15 -1723073393
32.080 27 -1723073393
32.107 27 -1723073393
32.133 39 -1723073393
32.160 62 -1723073393
32.187 75 -1723073393
32.213 97 -1723073393
32.240 126 -1723073393
32.267 145 -1723073393
32.293 174 -1723073393
32.320 212 -1723073393
32.347 241 -1723073393
32.373 272 -1723073393
32.400 308 -1723073393
32.427 329 -1723073393
32.453 342 -1723073393
32.480 349 -1723073393
32.507 338 -1723073393
32.533 320 -1723073393
32.560 292 -1723073393
32.587 248 -1723073393
32.613 194 -1723073393
32.640 127 -1723073393
32.667 47 -1723073393
32.693 -26 -1723073393
32.720 -99 -1723073393
32.747 -174 -1723073393
32.773 -230 -1723073393
32.800 -275 -1723073393
32.827 -316 -1723073393
32.853 -323 -1723073393
32.880 -307 -1723073393
32.907 -295 -1723073393
32.933 -251 -1723073393
32.960 -190 -1723073393
32.987 -147 -1723073393
33.013 -85 -1723073393
33.040 -20 -1723073393
33.067 16 -1723073393
33.093 68 -1723073393
33.120 127 -1723073393
33.147 160 -1723073393
33.173 196 -1723073393
33.200 232 -1723073393
33.227 240 -1723073393
33.253 244 -1723073393
33.280 247 -1723073393
33.307 232 -1723073393
33.333 213 -1723073393
33.360 191 -1723073393
33.387 159 -1723073393
33.413 127 -1723073393
33.440 96 -1723073393
33.467 57 -1723073393
33.493 31 -1723073393
33.520 8 -1723073393
33.547 -21 -1723073393
33.573 -32 -1723073393
33.600 -34 -1723073393
33.627 -43 -1723073393
33.653 -35 -1723073393
33.680 -22 -1723073393
33.707 -24 -1723073393
33.733 -10 -1723073393
33.760 13 -1723073393
33.787 21 -1723073393
33.813 40 -1723073393
33.840 66 -1723073393
33.867 82 -1723073393
33.893 110 -1723073393
33.920 151 -1723073393
33.947 180 -1723073393
33.973 217 -1723073393
34.000 263 -1723073393
34.027 302 -1723073393
34.053 351 -1723073393
34.080 414 -1723073393
34.107 468 -1723073393
34.133 517 -1723073393
34.160 561 -1723073393
34.187 595 -1723073393
34.213 621 -1723073393
34.240 641 -1723073393
34.267 648 -1723073393
34.293 631 -1723073393
34.320 595 -1723073393
34.347 547 -1723073393
34.373 477 -1723073393
34.400 394 -1723073393
34.427 314 -1723073393
34.453 228 -1723073393
34.480 135 -1723073393
34.507 46 -1723073393
34.533 -29 -1723073393
34.560 -88 -1723073393
34.587 -139 -1723073393
34.613 -162 -1723073393
34.640 -157 -1723073393
34.667 -155 -1723073393
34.693 -130 -1723073393
34.720 -77 -1723073393
34.747 -36 -1723073393
34.773 15 -1723073393
34.800 90 -1723073393
34.827 147 -1723073393
34.853 203 -1723073393
34.880 271 -1723073393
34.907 315 -1723073393
34.933 344 -1723073393
34.960 370 -1723073393
34.987 371 -1723073393
35.013 354 -1723073393
35.040 334 -1723073393
35.067 295 -1723073393
35.093 243 -1723073393
35.120 194 -1723073393
35.147 137 -1723073393
35.173 82 -1723073393
35.200 42 -1723073393
35.227 -1 -1723073393
35.253 -37 -1723073393
35.280 -50 -1723073393
35.307 -69 -1723073393
35.333 -79 -1723073393
35.360 -59 -1723073393
35.387 -48 -1723073393
35.413 -30 -1723073393
35.440 16 -1723073393
35.467 49 -1723073393
35.493 76 -1723073393
35.520 123 -1723073393
35.547 154 -1723073393
35.573 180 -1723073393
35.600 223 -1723073393
35.627 256 -1723073393
35.653 282 -1723073393
35.680 316 -1723073393
35.707 341 -1723073393
35.733 357 -1723073393
35.760 384 -1723073393
35.787 413 -1723073393
35.813 435 -1723073393
35.840 458 -1723073393
35.867 478 -1723073393
35.893 488 -1723073393
35.920 496 -1723073393
35.947 500 -1723073393
35.973 491 -1723073393
36.000 475 -1723073393
36.027 452 -1723073393
36.053 418 -1723073393
36.080 374 -1723073393
36.107 329 -1723073393
36.133 277 -1723073393
36.160 228 -1723073393
36.187 174 -1723073393
36.213 109 -1723073393
36.240 50 -1723073393
36.267 -2 -1723073393
36.293 -61 -1723073393
36.320 -100 -1723073393
36.347 -123 -1723073393
36.373 -151 -1723073393
36.400 -158 -1723073393
36.427 -148 -1723073393
36.453 -142 -1723073393
36.480 -104 -1723073393
36.507 -52 -1723073393
36.533 -16 -1723073393
36.560 31 -1723073393
36.587 91 -1723073393
36.613 134 -1723073393
36.640 181 -1723073393
36.667 234 -1723073393
36.693 266 -1723073393
36.720 295 -1723073393
36.747 328 -1723073393
36.773 342 -1723073393
36.800 345 -1723073393
36.827 347 -1723073393
36.853 334 -1723073393
36.880 307 -1723073393
36.907 282 -1723073393
36.933 257 -1723073393
36.960 230 -1723073393
36.987 207 -1723073393
37.013 184 -1723073393
37.040 159 -1723073393
37.067 144 -1723073393
37.093 132 -1723073393
37.120 122 -1723073393
37.147 126 -1723073393
37.173 130 -1723073393
37.200 130 -1723073393
37.227 145 -1723073393
37.253 162 -1723073393
37.280 177 -1723073393
37.307 205 -1723073393
37.333 230 -1723073393
37.360 246 -1723073393
37.387 268 -1723073393
37.413 288 -1723073393
37.440 300 -1723073393
37.467 321 -1723073393
37.493 348 -1723073393
37.520 367 -1723073393
37.547 383 -1723073393
37.573 398 -1723073393
37.600 406 -1723073393
37.627 414 -1723073393
37.653 424 -1723073393
37.680 430 -1723073393
37.707 432 -1723073393
37.733 439 -1723073393
37.760 440 -1723073393
37.787 431 -1723073393
37.813 418 -1723073393
37.840 406 -1723073393
37.867 387 -1723073393
37.893 359 -1723073393
37.920 323 -1723073393
37.947 284 -1723073393
37.973 244 -1723073393
38.000 204 -1723073393
38.027 165 -1723073393
38.053 128 -1723073393
38.080 93 -1723073393
38.107 62 -1723073393
38.133 47 -1723073393
38.160 35 -1723073393
38.187 32 -1723073393
38.213 47 -1723073393
38.240 62 -1723073393
38.267 80 -1723073393
38.293 117 -1723073393
38.320 152 -1723073393
38.347 181 -1723073393
38.373 222 -1723073393
38.400 259 -1723073393
38.427 282 -1723073393
38.453 307 -1723073393
38.480 321 -1723073393
38.507 317 -1723073393
38.533 308 -1723073393
38.560 296 -1723073393
38.587 269 -1723073393
38.613 236 -1723073393
38.640 201 -1723073393
38.667 159 -1723073393
38.693 118 -1723073393
38.720 79 -1723073393
38.747 41 -1723073393
38.773 12 -1723073393
38.800 -11 -1723073393
38.827 -40 -1723073393
38.853 -52 -1723073393
38.880 -51 -1723073393
38.907 -49 -1723073393
38.933 -33 -1723073393
38.960 -7 -1723073393
38.987 7 -1723073393
39.013 29 -1723073393
39.040 62 -1723073393
39.067 85 -1723073393
39.093 106 -1723073393
39.120 138 -1723073393
39.147 158 -1723073393
39.173 168 -1723073393
39.200 183 -1723073393
39.227 187 -1723073393
39.253 186 -1723073393
39.280 194 -1723073393
39.307 199 -1723073393
39.333 202 -1723073393
39.360 212 -1723073393
39.387 221 -1723073393
39.413 224 -1723073393
39.440 235 -1723073393
39.467 250 -1723073393
39.493 264 -1723073393
39.520 280 -1723073393
39.547 293 -1723073393
39.573 296 -1723073393
39.600 297 -1723073393
39.627 297 -1723073393
39.653 284 -1723073393
39.680 265 -1723073393
39.707 249 -1723073393
39.733 232 -1723073393
39.760 216 -1723073393
39.787 202 -1723073393
39.813 182 -1723073393
39.840 158 -1723073393
39.867 139 -1723073393
39.893 123 -1723073393
39.920 114 -1723073393
39.947 116 -1723073393
39.973 109 -1723073393
40.000 100 -1723073393
40.027 109 -1723073393
40.053 114 -1723073393
40.080 114 -1723073393
40.107 124 -1723073393
40.133 128 -1723073393
40.160 124 -1723073393
40.187 124 -1723073393
40.213 119 -1723073393
40.240 103 -1723073393
40.267 92 -1723073393
40.293 77 -1723073393
40.320 53 -1723073393
40.347 37 -1723073393
40.373 23 -1723073393
40.400 3 -1723073393
40.427 -5 -1723073393
40.453 -8 -1723073393
40.480 -16 -1723073393
40.507 -15 -1723073393
40.533 -5 -1723073393
40.560 1 -1723073393
40.587 18 -1723073393
40.613 46 -1723073393
40.640 63 -1723073393
40.667 83 -1723073393
40.693 113 -1723073393
40.720 129 -1723073393
40.747 141 -1723073393
40.773 163 -1723073393
40.800 174 -1723073393
40.827 178 -1723073393
40.853 195 -1723073393
40.880 208 -1723073393
40.907 212 -1723073393
40.933 224 -1723073393
40.960 234 -1723073393
40.987 232 -1723073393
41.013 234 -1723073393
41.040 240 -1723073393
41.067 238 -1723073393
41.093 243 -1723073393
41.120 255 -1723073393
41.147 259 -1723073393
41.173 265 -1723073393
41.200 280 -1723073393
41.227 285 -1723073393
41.253 288 -1723073393
41.280 294 -1723073393
41.307 288 -1723073393
41.333 274 -1723073393
41.360 262 -1723073393
41.387 243 -1723073393
41.413 212 -1723073393
41.440 183 -1723073393
41.467 151 -1723073393
41.493 116 -1723073393
41.520 90 -1723073393
41.547 64 -1723073393
41.573 37 -1723073393
41.600 24 -1723073393
41.627 16 -1723073393
41.653 5 -1723073393
41.680 12 -1723073393
41.707 23 -1723073393
41.733 27 -1723073393
41.760 41 -1723073393
41.787 56 -1723073393
41.813 57 -1723073393
41.840 66 -1723073393
41.867 75 -1723073393
41.893 68 -1723073393
41.920 65 -1723073393
41.947 66 -1723073393
41.973 54 -1723073393
42.000 39 -1723073393
42.027 29 -1723073393
42.053 9 -1723073393
42.080 -10 -1723073393
42.107 -19 -1723073393
42.133 -33 -1723073393
42.160 -49 -1723073393
42.187 -51 -1723073393
42.213 -57 -1723073393
42.240 -66 -1723073393
42.267 -58 -1723073393
42.293 -55 -1723073393
42.320 -55 -1723073393
42.347 -38 -1723073393
42.373 -20 -1723073393
42.400 -15 -1723073393
42.427 5 -1723073393
42.453 30 -1723073393
42.480 43 -1723073393
42.507 69 -1723073393
42.533 99 -1723073393
42.560 119 -1723073393
42.587 142 -1723073393
42.613 166 -1723073393
42.640 176 -1723073393
42.667 179 -1723073393
42.693 184 -1723073393
42.720 180 -1723073393
42.747 169 -1723073393
42.773 158 -1723073393
42.800 142 -1723073393
42.827 122 -1723073393
42.853 103 -1723073393
42.880 81 -1723073393
42.907 56 -1723073393
42.933 41 -1723073393
42.960 26 -1723073393
42.987 11 -1723073393
43.013 9 -1723073393
43.040 10 -1723073393
43.067 3 -1723073393
43.093 8 -1723073393
43.120 20 -1723073393
43.147 17 -1723073393
43.173 19 -1723073393
43.200 27 -1723073393
43.227 25 -1723073393
43.253 27 -1723073393
43.280 40 -1723073393
43.307 41 -1723073393
43.333 43 -1723073393
43.360 58 -1723073393
43.387 66 -1723073393
43.413 71 -1723073393
43.440 85 -1723073393
43.467 91 -1723073393
43.493 89 -1723073393
43.520 97 -1723073393
43.547 103 -1723073393
43.573 96 -1723073393
43.600 95 -1723073393
43.627 94 -1723073393
43.653 77 -1723073393
43.680 58 -1723073393
43.707 39 -1723073393
43.733 3 -1723073393
43.760 -29 -1723073393
43.787 -54 -1723073393
43.813 -88 -1723073393
43.840 -123 -1723073393
43.867 -144 -1723073393
43.893 -169 -1723073393
43.920 -199 -1723073393
43.947 -212 -1723073393
43.973 -224 -1723073393
44.000 -237 -1723073393
44.027 -228 -1723073393
44.053 -213 -1723073393
44.080 -204 -1723073393
44.107 -173 -1723073393
44.133 -138 -1723073393
44.160 -123 -1723073393
44.187 -98 -1723073393
44.213 -61 -1723073393
44.240 -38 -1723073393
44.267 -15 -1723073393
44.293 11 -1723073393
44.320 23 -1723073393
44.347 29 -1723073393
44.373 43 -1723073393
44.400 48 -1723073393
44.427 44 -1723073393
44.453 49 -1723073393
44.480 45 -1723073393
44.507 33 -1723073393
44.533 27 -1723073393
44.560 25 -1723073393
44.587 16 -1723073393
44.613 15 -1723073393
44.640 19 -1723073393
44.667 14 -1723073393
44.693 19 -1723073393
44.720 33 -1723073393
44.747 38 -1723073393
44.773 47 -1723073393
44.800 66 -1723073393
44.827 76 -1723073393
44.853 85 -1723073393
44.880 104 -1723073393
44.907 116 -1723073393
44.933 126 -1723073393
44.960 143 -1723073393
44.987 156 -1723073393
45.013 161 -1723073393
45.040 169 -1723073393
45.067 181 -1723073393
45.093 183 -1723073393
45.120 186 -1723073393
45.147 192 -1723073393
45.173 189 -1723073393
45.200 182 -1723073393
45.227 177 -1723073393
45.253 166 -1723073393
45.280 154 -1723073393
45.307 150 -1723073393
45.333 138 -1723073393
45.360 122 -1723073393
45.387 111 -1723073393
45.413 96 -1723073393
45.440 75 -1723073393
45.467 61 -1723073393
45.493 41 -1723073393
45.520 11 -1723073393
45.547 -13 -1723073393
45.573 -40 -1723073393
45.600 -73 -1723073393
45.627 -95 -1723073393
45.653 -107 -1723073393
45.680 -124 -1723073393
45.707 -129 -1723073393
45.733 -121 -1723073393
45.760 -118 -1723073393
45.787 -110 -1723073393
45.813 -87 -1723073393
45.840 -74 -1723073393
45.867 -57 -1723073393
45.893 -18 -1723073393
45.920 18 -1723073393
45.947 50 -1723073393
45.973 93 -1723073393
46.000 131 -1723073393
46.027 153 -1723073393
46.053 176 -1723073393
46.080 200 -1723073393
46.107 209 -1723073393
46.133 217 -1723073393
46.160 226 -1723073393
46.187 227 -1723073393
46.213 222 -1723073393
46.240 217 -1723073393
46.267 207 -1723073393
46.293 194 -1723073393
46.320 183 -1723073393
46.347 168 -1723073393
46.373 144 -1723073393
46.400 123 -1723073393
46.427 107 -1723073393
46.453 90 -1723073393
46.480 81 -1723073393
46.507 80 -1723073393
46.533 74 -1723073393
46.560 71 -1723073393
46.587 76 -1723073393
46.613 79 -1723073393
46.640 91 -1723073393
46.667 114 -1723073393
46.693 135 -1723073393
46.720 154 -1723073393
46.747 177 -1723073393
46.773 195 -1723073393
46.800 210 -1723073393
46.827 227 -1723073393
46.853 242 -1723073393
46.880 250 -1723073393
46.907 257 -1723073393
46.933 264 -1723073393
46.960 261 -1723073393
46.987 254 -1723073393
47.013 244 -1723073393
47.040 225 -1723073393
47.067 201 -1723073393
47.093 183 -1723073393
47.120 160 -1723073393
47.147 130 -1723073393
47.173 104 -1723073393
47.200 78 -1723073393
47.227 50 -1723073393
47.253 25 -1723073393
47.280 1 -1723073393
47.307 -23 -1723073393
47.333 -38 -1723073393
47.360 -49 -1723073393
47.387 -61 -1723073393
47.413 -63 -1723073393
47.440 -56 -1723073393
47.467 -44 -1723073393
47.493 -16 -1723073393
47.520 19 -1723073393
47.547 43 -1723073393
47.573 72 -1723073393
47.600 108 -1723073393
47.627 134 -1723073393
47.653 154 -1723073393
47.680 183 -1723073393
47.707 210 -1723073393
47.733 229 -1723073393
47.760 250 -1723073393
47.787 268 -1723073393
47.813 278 -1723073393
47.840 285 -1723073393
47.867 293 -1723073393
47.893 295 -1723073393
47.920 290 -1723073393
47.947 286 -1723073393
47.973 279 -1723073393
48.000 265 -1723073393
48.027 250 -1723073393
48.053 235 -1723073393
48.080 214 -1723073393
48.107 197 -1723073393
48.133 184 -1723073393
48.160 169 -1723073393
48.187 160 -1723073393
48.213 157 -1723073393
48.240 155 -1723073393
48.267 156 -1723073393
48.293 160 -1723073393
48.320 164 -1723073393
48.347 172 -1723073393
48.373 186 -1723073393
48.400 198 -1723073393
48.427 215 -1723073393
48.453 242 -1723073393
48.480 271 -1723073393
48.507 299 -1723073393
48.533 330 -1723073393
48.560 361 -1723073393
48.587 388 -1723073393
48.613 414 -1723073393
48.640 440 -1723073393
48.667 464 -1723073393
48.693 481 -1723073393
48.720 492 -1723073393
48.747 497 -1723073393
48.773 493 -1723073393
48.800 490 -1723073393
48.827 489 -1723073393
48.853 481 -1723073393
48.880 468 -1723073393
48.907 455 -1723073393
48.933 438 -1723073393
48.960 414 -1723073393
48.987 395 -1723073393
49.013 376 -1723073393
49.040 355 -1723073393
49.067 342 -1723073393
49.093 332 -1723073393
49.120 319 -1723073393
49.147 308 -1723073393
49.173 300 -1723073393
49.200 290 -1723073393
49.227 285 -1723073393
49.253 283 -1723073393
49.280 281 -1723073393
49.307 282 -1723073393
49.333 282 -1723073393
49.360 283 -1723073393
49.387 290 -1723073393
49.413 304 -1723073393
49.440 313 -1723073393
49.467 323 -1723073393
49.493 333 -1723073393
49.520 342 -1723073393
49.547 351 -1723073393
49.573 359 -1723073393
49.600 361 -1723073393
49.627 357 -1723073393
49.653 351 -1723073393
49.680 342 -1723073393
49.707 334 -1723073393
49.733 328 -1723073393
49.760 320 -1723073393
49.787 309 -1723073393
49.813 298 -1723073393
49.840 288 -1723073393
49.867 276 -1723073393
49.893 265 -1723073393
49.920 258 -1723073393
49.947 247 -1723073393
49.973 241 -1723073393
50.000 239 -1723073393
50.027 231 -1723073393
50.053 222 -1723073393
50.080 217 -1723073393
50.107 209 -1723073393
50.133 198 -1723073393
50.160 193 -1723073393
50.187 191 -1723073393
50.213 192 -1723073393
50.240 196 -1723073393
50.267 197 -1723073393
50.293 201 -1723073393
50.320 211 -1723073393
50.347 219 -1723073393
50.373 219 -1723073393
50.400 224 -1723073393
50.427 231 -1723073393
50.453 231 -1723073393
50.480 222 -1723073393
50.507 212 -1723073393
50.533 195 -1723073393
50.560 169 -1723073393
50.587 144 -1723073393
50.613 115 -1723073393
50.640 79 -1723073393
50.667 44 -1723073393
50.693 10 -1723073393
50.720 -27 -1723073393
50.747 -60 -1723073393
50.773 -91 -1723073393
50.800 -126 -1723073393
50.827 -151 -1723073393
50.853 -168 -1723073393
50.880 -189 -1723073393
50.907 -201 -1723073393
50.933 -198 -1723073393
50.960 -207 -1723073393
50.987 -217 -1723073393
51.013 -205 -1723073393
51.040 -197 -1723073393
51.067 -194 -1723073393
51.093 -175 -1723073393
51.120 -157 -1723073393
51.147 -153 -1723073393
51.173 -136 -1723073393
51.200 -114 -1723073393
51.227 -110 -1723073393
51.253 -101 -1723073393
51.280 -81 -1723073393
51.307 -73 -1723073393
51.333 -64 -1723073393
51.360 -42 -1723073393
51.387 -30 -1723073393
51.413 -28 -1723073393
51.440 -14 -1723073393
51.467 -2 -1723073393
51.493 0 -1723073393
51.520 15 -1723073393
51.547 37 -1723073393
51.573 42 -1723073393
51.600 49 -1723073393
51.627 69 -1723073393
51.653 80 -1723073393
51.680 90 -1723073393
51.707 113 -1723073393
51.733 131 -1723073393
51.760 144 -1723073393
51.787 164 -1723073393
51.813 181 -1723073393
51.840 191 -1723073393
51.867 207 -1723073393
51.893 223 -1723073393
51.920 230 -1723073393
51.947 233 -1723073393
51.973 238 -1723073393
52.000 238 -1723073393
52.027 234 -1723073393
52.053 234 -1723073393
52.080 228 -1723073393
52.107 218 -1723073393
52.133 213 -1723073393
52.160 212 -1723073393
52.187 208 -1723073393
52.213 210 -1723073393
52.240 214 -1723073393
52.267 212 -1723073393
52.293 214 -1723073393
52.320 221 -1723073393
52.347 227 -1723073393
52.373 230 -1723073393
52.400 234 -1723073393
52.427 233 -1723073393
52.453 225 -1723073393
52.480 219 -1723073393
52.507 212 -1723073393
52.533 198 -1723073393
52.560 182 -1723073393
52.587 168 -1723073393
52.613 153 -1723073393
52.640 139 -1723073393
52.667 128 -1723073393
52.693 114 -1723073393
52.720 103 -1723073393
52.747 99 -1723073393
52.773 90 -1723073393
52.800 80 -1723073393
52.827 82 -1723073393
52.853 86 -1723073393
52.880 87 -1723073393
52.907 94 -1723073393
52.933 108 -1723073393
52.960 115 -1723073393
52.987 123 -1723073393
53.013 137 -1723073393
53.040 142 -1723073393
53.067 147 -1723073393
53.093 159 -1723073393
53.120 168 -1723073393
53.147 171 -1723073393
53.173 179 -1723073393
53.200 182 -1723073393
53.227 177 -1723073393
53.253 177 -1723073393
53.280 180 -1723073393
53.307 174 -1723073393
53.333 172 -1723073393
53.360 175 -1723073393
53.387 175 -1723073393
53.413 175 -1723073393
53.440 184 -1723073393
53.467 188 -1723073393
53.493 186 -1723073393
53.520 189 -1723073393
53.547 192 -1723073393
53.573 193 -1723073393
53.600 197 -1723073393
53.627 203 -1723073393
53.653 202 -1723073393
53.680 202 -1723073393
53.707 204 -1723073393
53.733 199 -1723073393
53.760 194 -1723073393
53.787 196 -1723073393
53.813 197 -1723073393
53.840 193 -1723073393
53.867 193 -1723073393
53.893 196 -1723073393
53.920 197 -1723073393
53.947 199 -1723073393
53.973 205 -1723073393
54.000 203 -1723073393
54.027 200 -1723073393
54.053 200 -1723073393
54.080 199 -1723073393
54.107 192 -1723073393
54.133 187 -1723073393
54.160 181 -1723073393
54.187 167 -1723073393
54.213 154 -1723073393
54.240 139 -1723073393
54.267 112 -1723073393
54.293 87 -1723073393
54.320 65 -1723073393
54.347 37 -1723073393
54.373 12 -1723073393
54.400 -10 -1723073393
54.427 -39 -1723073393
54.453 -65 -1723073393
54.480 -80 -1723073393
54.507 -98 -1723073393
54.533 -114 -1723073393
54.560 -113 -1723073393
54.587 -113 -1723073393
54.613 -121 -1723073393
54.640 -115 -1723073393
54.667 -107 -1723073393
54.693 -108 -1723073393
54.720 -99 -1723073393
54.747 -80 -1723073393
54.773 -68 -1723073393
54.800 -55 -1723073393
54.827 -32 -1723073393
54.853 -21 -1723073393
54.880 -18 -1723073393
54.907 -3 -1723073393
54.933 11 -1723073393
54.960 19 -1723073393
54.987 33 -1723073393
55.013 47 -1723073393
55.040 54 -1723073393
55.067 68 -1723073393
55.093 90 -1723073393
55.120 107 -1723073393
55.147 126 -1723073393
55.173 155 -1723073393
55.200 184 -1723073393
55.227 208 -1723073393
55.253 234 -1723073393
55.280 259 -1723073393
55.307 282 -1723073393
55.333 307 -1723073393
55.360 338 -1723073393
55.387 366 -1723073393
55.413 388 -1723073393
55.440 409 -1723073393
55.467 434 -1723073393
55.493 452 -1723073393
55.520 463 -1723073393
55.547 476 -1723073393
55.573 485 -1723073393
55.600 489 -1723073393
55.627 499 -1723073393
55.653 510 -1723073393
55.680 513 -1723073393
55.707 520 -1723073393
55.733 533 -1723073393
55.760 538 -1723073393
55.787 541 -1723073393
55.813 548 -1723073393
55.840 549 -1723073393
55.867 544 -1723073393
55.893 549 -1723073393
55.920 555 -1723073393
55.947 553 -1723073393
55.973 553 -1723073393
56.000 555 -1723073393
56.027 546 -1723073393
56.053 531 -1723073393
56.080 523 -1723073393
56.107 508 -1723073393
56.133 489 -1723073393
56.160 481 -1723073393
56.187 469 -1723073393
56.213 446 -1723073393
56.240 428 -1723073393
56.267 409 -1723073393
56.293 381 -1723073393
56.320 355 -1723073393
56.347 333 -1723073393
56.373 306 -1723073393
56.400 277 -1723073393
56.427 250 -1723073393
56.453 222 -1723073393
56.480 197 -1723073393
56.507 176 -1723073393
56.533 154 -1723073393
56.560 135 -1723073393
56.587 123 -1723073393
56.613 112 -1723073393
56.640 101 -1723073393
56.667 93 -1723073393
56.693 82 -1723073393
56.720 71 -1723073393
56.747 67 -1723073393
56.773 59 -1723073393
56.800 52 -1723073393
56.827 54 -1723073393
56.853 53 -1723073393
56.880 43 -1723073393
56.907 37 -1723073393
56.933 28 -1723073393
56.960 10 -1723073393
56.987 -3 -1723073393
57.013 -7 -1723073393
57.040 -14 -1723073393
57.067 -21 -1723073393
57.093 -15 -1723073393
57.120 -12 -1723073393
57.147 -11 -1723073393
57.173 0 -1723073393
57.200 12 -1723073393
57.227 13 -1723073393
57.253 21 -1723073393
57.280 34 -1723073393
57.307 34 -1723073393
57.333 31 -1723073393
57.360 41 -1723073393
57.387 50 -1723073393
57.413 52 -1723073393
57.440 64 -1723073393
57.467 80 -1723073393
57.493 86 -1723073393
57.520 95 -1723073393
57.547 107 -1723073393
57.573 112 -1723073393
57.600 115 -1723073393
57.627 125 -1723073393
57.653 131 -1723073393
57.680 131 -1723073393
57.707 139 -1723073393
57.733 147 -1723073393
57.760 151 -1723073393
57.787 161 -1723073393
57.813 173 -1723073393
57.840 180 -1723073393
57.867 192 -1723073393
57.893 213 -1723073393
57.920 229 -1723073393
57.947 245 -1723073393
57.973 267 -1723073393
58.000 291 -1723073393
58.027 313 -1723073393
58.053 338 -1723073393
58.080 366 -1723073393
58.107 387 -1723073393
58.133 404 -1723073393
58.160 420 -1723073393
58.187 432 -1723073393
58.213 437 -1723073393
58.240 436 -1723073393
58.267 436 -1723073393
58.293 433 -1723073393
58.320 424 -1723073393
58.347 418 -1723073393
58.373 412 -1723073393
58.400 402 -1723073393
58.427 397 -1723073393
58.453 394 -1723073393
58.480 385 -1723073393
58.507 377 -1723073393
58.533 374 -1723073393
58.560 371 -1723073393
58.587 369 -1723073393
58.613 374 -1723073393
58.640 380 -1723073393
58.667 389 -1723073393
58.693 403 -1723073393
58.720 418 -1723073393
58.747 435 -1723073393
58.773 457 -1723073393
58.800 481 -1723073393
58.827 497 -1723073393
58.853 507 -1723073393
58.880 518 -1723073393
58.907 528 -1723073393
58.933 538 -1723073393
58.960 553 -1723073393
58.987 571 -1723073393
59.013 580 -1723073393
59.040 585 -1723073393
59.067 592 -1723073393
59.093 595 -1723073393
59.120 592 -1723073393
59.147 590 -1723073393
59.173 585 -1723073393
59.200 572 -1723073393
59.227 564 -1723073393
59.253 563 -1723073393
59.280 558 -1723073393
59.307 552 -1723073393
59.333 548 -1723073393
59.360 537 -1723073393
59.387 522 -1723073393
59.413 509 -1723073393
59.440 494 -1723073393
59.467 478 -1723073393
59.493 469 -1723073393
59.520 464 -1723073393
59.547 456 -1723073393
59.573 455 -1723073393
59.600 462 -1723073393
59.627 468 -1723073393
59.653 477 -1723073393
59.680 490 -1723073393
59.707 497 -1723073393
59.733 496 -1723073393
59.760 494 -1723073393
59.787 488 -1723073393
59.813 477 -1723073393
59.840 466 -1723073393
59.867 453 -1723073393
59.893 431 -1723073393
59.920 404 -1723073393
59.947 378 -1723073393
59.973 347 -1723073393
60.000 308 -1723073393
60.027 268 -1723073393
60.053 228 -1723073393
60.080 187 -1723073393
60.107 146 -1723073393
60.133 106 -1723073393
60.160 70 -1723073393
60.187 34 -1723073393
60.213 0 -1723073393
60.240 -23 -1723073393
60.267 -39 -1723073393
60.293 -55 -1723073393
60.320 -69 -1723073393
60.347 -69 -1723073393
60.373 -68 -1723073393
60.400 -68 -1723073393
60.427 -56 -1723073393
60.453 -36 -1723073393
60.480 -28 -1723073393
60.507 -20 -1723073393
60.533 -2 -1723073393
60.560 5 -1723073393
60.587 7 -1723073393
60.613 19 -1723073393
60.640 29 -1723073393
60.667 32 -1723073393
60.693 38 -1723073393
60.720 44 -1723073393
60.747 41 -1723073393
60.773 34 -1723073393
60.800 32 -1723073393
60.827 24 -1723073393
60.853 12 -1723073393
60.880 2 -1723073393
60.907 -5 -1723073393
60.933 -21 -1723073393
60.960 -39 -1723073393
60.987 -58 -1723073393
61.013 -84 -1723073393
61.040 -107 -1723073393
61.067 -125 -1723073393
61.093 -149 -1723073393
61.120 -175 -1723073393
61.147 -193 -1723073393
61.173 -213 -1723073393
61.200 -237 -1723073393
61.227 -246 -1723073393
61.253 -250 -1723073393
61.280 -262 -1723073393
61.307 -264 -1723073393
61.333 -253 -1723073393
61.360 -253 -1723073393
61.387 -251 -1723073393
61.413 -232 -1723073393
61.440 -219 -1723073393
61.467 -215 -1723073393
61.493 -197 -1723073393
61.520 -174 -1723073393
61.547 -167 -1723073393
61.573 -158 -1723073393
61.600 -143 -1723073393
61.627 -144 -1723073393
61.653 -153 -1723073393
61.680 -156 -1723073393
61.707 -165 -1723073393
61.733 -184 -1723073393
61.760 -200 -1723073393
61.787 -221 -1723073393
61.813 -248 -1723073393
61.840 -268 -1723073393
61.867 -282 -1723073393
61.893 -306 -1723073393
61.920 -330 -1723073393
61.947 -339 -1723073393
61.973 -352 -1723073393
62.000 -366 -1723073393
62.027 -361 -1723073393
62.053 -353 -1723073393
62.080 -350 -1723073393
62.107 -331 -1723073393
62.133 -297 -1723073393
62.160 -275 -1723073393
62.187 -252 -1723073393
62.213 -212 -1723073393
62.240 -179 -1723073393
62.267 -154 -1723073393
62.293 -118 -1723073393
62.320 -81 -1723073393
62.347 -60 -1723073393
62.373 -39 -1723073393
62.400 -15 -1723073393
62.427 -6 -1723073393
62.453 -4 -1723073393
62.480 1 -1723073393
62.507 -2 -1723073393
62.533 -17 -1723073393
62.560 -29 -1723073393
62.587 -45 -1723073393
62.613 -69 -1723073393
62.640 -90 -1723073393
62.667 -110 -1723073393
62.693 -137 -1723073393
62.720 -160 -1723073393
62.747 -172 -1723073393
62.773 -193 -1723073393
62.800 -220 -1723073393
62.827 -235 -1723073393
62.853 -244 -1723073393
62.880 -256 -1723073393
62.907 -256 -1723073393
62.933 -247 -1723073393
62.960 -247 -1723073393
62.987 -243 -1723073393
63.013 -221 -1723073393
63.040 -205 -1723073393
63.067 -194 -1723073393
63.093 -169 -1723073393
63.120 -144 -1723073393
63.147 -131 -1723073393
63.173 -113 -1723073393
63.200 -89 -1723073393
63.227 -78 -1723073393
63.253 -68 -1723073393
63.280 -52 -1723073393
63.307 -47 -1723073393
63.333 -49 -1723073393
63.360 -47 -1723073393
63.387 -48 -1723073393
63.413 -57 -1723073393
63.440 -66 -1723073393
63.467 -77 -1723073393
63.493 -101 -1723073393
63.520 -129 -1723073393
63.547 -152 -1723073393
63.573 -177 -1723073393
63.600 -204 -1723073393
63.627 -223 -1723073393
63.653 -243 -1723073393
63.680 -267 -1723073393
63.707 -280 -1723073393
63.733 -279 -1723073393
63.760 -278 -1723073393
63.787 -274 -1723073393
63.813 -257 -1723073393
63.840 -244 -1723073393
63.867 -238 -1723073393
63.893 -217 -1723073393
63.920 -188 -1723073393
63.947 -169 -1723073393
63.973 -144 -1723073393
64.000 -111 -1723073393
64.027 -93 -1723073393
64.053 -81 -1723073393
64.080 -61 -1723073393
64.107 -46 -1723073393
64.133 -41 -1723073393
64.160 -33 -1723073393
64.187 -27 -1723073393
64.213 -31 -1723073393
64.240 -32 -1723073393
64.267 -31 -1723073393
64.293 -40 -1723073393
64.320 -53 -1723073393
64.347 -57 -1723073393
64.373 -62 -1723073393
64.400 -72 -1723073393
64.427 -73 -1723073393
64.453 -72 -1723073393
64.480 -75 -1723073393
64.507 -74 -1723073393
64.533 -65 -1723073393
64.560 -61 -1723073393
64.587 -57 -1723073393
64.613 -45 -1723073393
64.640 -37 -1723073393
64.667 -31 -1723073393
64.693 -12 -1723073393
64.720 5 -1723073393
64.747 13 -1723073393
64.773 24 -1723073393
64.800 42 -1723073393
64.827 54 -1723073393
64.853 67 -1723073393
64.880 86 -1723073393
64.907 102 -1723073393
64.933 114 -1723073393
64.960 127 -1723073393
64.987 139 -1723073393
65.013 145 -1723073393
65.040 151 -1723073393
65.067 159 -1723073393
65.093 167 -1723073393
65.120 170 -1723073393
65.147 168 -1723073393
65.173 164 -1723073393
65.200 156 -1723073393
65.227 144 -1723073393
65.253 132 -1723073393
65.280 119 -1723073393
65.307 109 -1723073393
65.333 102 -1723073393
65.360 92 -1723073393
65.387 81 -1723073393
65.413 70 -1723073393
65.440 59 -1723073393
65.467 46 -1723073393
65.493 37 -1723073393
65.520 33 -1723073393
65.547 32 -1723073393
65.573 37 -1723073393
65.600 51 -1723073393
65.627 68 -1723073393
65.653 85 -1723073393
65.680 106 -1723073393
65.707 127 -1723073393
65.733 144 -1723073393
65.760 163 -1723073393
65.787 186 -1723073393
65.813 204 -1723073393
65.840 218 -1723073393
65.867 231 -1723073393
65.893 242 -1723073393
65.920 252 -1723073393
65.947 263 -1723073393
65.973 270 -1723073393
66.000 273 -1723073393
66.027 271 -1723073393
66.053 269 -1723073393
66.080 264 -1723073393
66.107 261 -1723073393
66.133 259 -1723073393
66.160 253 -1723073393
66.187 248 -1723073393
66.213 246 -1723073393
66.240 243 -1723073393
66.267 235 -1723073393
66.293 229 -1723073393
66.320 223 -1723073393
66.347 214 -1723073393
66.373 210 -1723073393
66.400 210 -1723073393
66.427 210 -1723073393
66.453 213 -1723073393
66.480 220 -1723073393
66.507 226 -1723073393
66.533 233 -1723073393
66.560 245 -1723073393
66.587 257 -1723073393
66.613 266 -1723073393
66.640 274 -1723073393
66.667 284 -1723073393
66.693 293 -1723073393
66.720 302 -1723073393
66.747 313 -1723073393
66.773 323 -1723073393
66.800 329 -1723073393
66.827 333 -1723073393
66.853 336 -1723073393
66.880 338 -1723073393
66.907 338 -1723073393
66.933 335 -1723073393
66.960 335 -1723073393
66.987 334 -1723073393
67.013 326 -1723073393
67.040 316 -1723073393
67.067 309 -1723073393
67.093 308 -1723073393
67.120 309 -1723073393
67.147 310 -1723073393
67.173 312 -1723073393
67.200 309 -1723073393
67.227 307 -1723073393
67.253 312 -1723073393
67.280 319 -1723073393
67.307 327 -1723073393
67.333 340 -1723073393
67.360 353 -1723073393
67.387 366 -1723073393
67.413 377 -1723073393
67.440 388 -1723073393
67.467 397 -1723073393
67.493 403 -1723073393
67.520 410 -1723073393
67.547 417 -1723073393
67.573 420 -1723073393
67.600 425 -1723073393
67.627 428 -1723073393
67.653 425 -1723073393
67.680 420 -1723073393
67.707 417 -1723073393
67.733 413 -1723073393
67.760 410 -1723073393
67.787 409 -1723073393
67.813 412 -1723073393
67.840 413 -1723073393
67.867 417 -1723073393
67.893 423 -1723073393
67.920 432 -1723073393
67.947 441 -1723073393
67.973 449 -1723073393
68.000 457 -1723073393
68.027 462 -1723073393
68.053 467 -1723073393
68.080 471 -1723073393
68.107 469 -1723073393
68.133 464 -1723073393
68.160 456 -1723073393
68.187 440 -1723073393
68.213 422 -1723073393
68.240 407 -1723073393
68.267 387 -1723073393
68.293 362 -1723073393
68.320 338 -1723073393
68.347 314 -1723073393
68.373 286 -1723073393
68.400 259 -1723073393
68.427 239 -1723073393
68.453 225 -1723073393
68.480 212 -1723073393
68.507 204 -1723073393
68.533 204 -1723073393
68.560 203 -1723073393
68.587 202 -1723073393
68.613 210 -1723073393
68.640 218 -1723073393
68.667 220 -1723073393
68.693 222 -1723073393
68.720 228 -1723073393
68.747 234 -1723073393
68.773 244 -1723073393
68.800 262 -1723073393
68.827 275 -1723073393
68.853 281 -1723073393
68.880 288 -1723073393
68.907 295 -1723073393
68.933 299 -1723073393
68.960 307 -1723073393
68.987 321 -1723073393
69.013 335 -1723073393
69.040 346 -1723073393
69.067 355 -1723073393
69.093 360 -1723073393
69.120 363 -1723073393
69.147 372 -1723073393
69.173 380 -1723073393
69.200 381 -1723073393
69.227 380 -1723073393
69.253 381 -1723073393
69.280 378 -1723073393
69.307 373 -1723073393
69.333 369 -1723073393
69.360 362 -1723073393
69.387 352 -1723073393
69.413 349 -1723073393
69.440 350 -1723073393
69.467 346 -1723073393
69.493 341 -1723073393
69.520 335 -1723073393
69.547 327 -1723073393
69.573 323 -1723073393
69.600 323 -1723073393
69.627 320 -1723073393
69.653 314 -1723073393
69.680 313 -1723073393
69.707 312 -1723073393
69.733 308 -1723073393
69.760 302 -1723073393
69.787 300 -1723073393
69.813 299 -1723073393
69.840 295 -1723073393
69.867 288 -1723073393
69.893 277 -1723073393
69.920 262 -1723073393
69.947 245 -1723073393
69.973 231 -1723073393
70.000 219 -1723073393
70.027 204 -1723073393
70.053 192 -1723073393
70.080 181 -1723073393
70.107 168 -1723073393
70.133 159 -1723073393
70.160 156 -1723073393
70.187 155 -1723073393
70.213 159 -1723073393
70.240 169 -1723073393
70.267 178 -1723073393
70.293 180 -1723073393
70.320 187 -1723073393
70.347 196 -1723073393
70.373 196 -1723073393
70.400 198 -1723073393
70.427 208 -1723073393
70.453 219 -1723073393
70.480 230 -1723073393
70.507 245 -1723073393
70.533 256 -1723073393
70.560 263 -1723073393
70.587 271 -1723073393
70.613 277 -1723073393
70.640 277 -1723073393
70.667 273 -1723073393
70.693 270 -1723073393
70.720 261 -1723073393
70.747 253 -1723073393
70.773 249 -1723073393
70.800 247 -1723073393
70.827 245 -1723073393
70.853 249 -1723073393
70.880 252 -1723073393
70.907 252 -1723073393
70.933 255 -1723073393
70.960 260 -1723073393
70.987 261 -1723073393
71.013 264 -1723073393
71.040 273 -1723073393
71.067 280 -1723073393
71.093 283 -1723073393
71.120 290 -1723073393
71.147 300 -1723073393
71.173 309 -1723073393
71.200 318 -1723073393
71.227 329 -1723073393
71.253 339 -1723073393
71.280 347 -1723073393
71.307 361 -1723073393
71.333 378 -1723073393
71.360 390 -1723073393
71.387 400 -1723073393
71.413 410 -1723073393
71.440 415 -1723073393
71.467 418 -1723073393
71.493 425 -1723073393
71.520 432 -1723073393
71.547 437 -1723073393
71.573 442 -1723073393
71.600 448 -1723073393
71.627 450 -1723073393
71.653 446 -1723073393
71.680 437 -1723073393
71.707 423 -1723073393
71.733 405 -1723073393
71.760 383 -1723073393
71.787 359 -1723073393
71.813 333 -1723073393
71.840 306 -1723073393
71.867 278 -1723073393
71.893 246 -1723073393
71.920 216 -1723073393
71.947 190 -1723073393
71.973 164 -1723073393
72.000 140 -1723073393
72.027 126 -1723073393
72.053 116 -1723073393
72.080 107 -1723073393
72.107 109 -1723073393
72.133 115 -1723073393
72.160 115 -1723073393
72.187 121 -1723073393
72.213 135 -1723073393
72.240 146 -1723073393
72.267 152 -1723073393
72.293 162 -1723073393
72.320 174 -1723073393
72.347 185 -1723073393
72.373 201 -1723073393
72.400 220 -1723073393
72.427 232 -1723073393
72.453 241 -1723073393
72.480 251 -1723073393
72.507 260 -1723073393
72.533 266 -1723073393
72.560 276 -1723073393
72.587 288 -1723073393
72.613 297 -1723073393
72.640 306 -1723073393
72.667 314 -1723073393
72.693 316 -1723073393
72.720 321 -1723073393
72.747 330 -1723073393
72.773 337 -1723073393
72.800 340 -1723073393
72.827 340 -1723073393
72.853 338 -1723073393
72.880 332 -1723073393
72.907 329 -1723073393
72.933 327 -1723073393
72.960 323 -1723073393
72.987 319 -1723073393
73.013 318 -1723073393
73.040 314 -1723073393
73.067 306 -1723073393
73.093 301 -1723073393
73.120 296 -1723073393
73.147 289 -1723073393
73.173 284 -1723073393
73.200 280 -1723073393
73.227 275 -1723073393
73.253 268 -1723073393
73.280 258 -1723073393
73.307 247 -1723073393
73.333 238 -1723073393
73.360 235 -1723073393
73.387 237 -1723073393
73.413 235 -1723073393
73.440 231 -1723073393
73.467 231 -1723073393
73.493 230 -1723073393
73.520 227 -1723073393
73.547 223 -1723073393
73.573 220 -1723073393
73.600 212 -1723073393
73.627 207 -1723073393
73.653 207 -1723073393
73.680 200 -1723073393
73.707 191 -1723073393
73.733 183 -1723073393
73.760 175 -1723073393
73.787 162 -1723073393
73.813 154 -1723073393
73.840 147 -1723073393
73.867 139 -1723073393
73.893 137 -1723073393
73.920 145 -1723073393
73.947 156 -1723073393
73.973 167 -1723073393
74.000 183 -1723073393
74.027 197 -1723073393
74.053 208 -1723073393
74.080 222 -1723073393
74.107 236 -1723073393
74.133 242 -1723073393
74.160 250 -1723073393
74.187 260 -1723073393
74.213 267 -1723073393
74.240 271 -1723073393
74.267 275 -1723073393
74.293 274 -1723073393
74.320 269 -1723073393
74.347 264 -1723073393
74.373 259 -1723073393
74.400 253 -1723073393
74.427 249 -1723073393
74.453 246 -1723073393
74.480 240 -1723073393
74.507 235 -1723073393
74.533 234 -1723073393
74.560 231 -1723073393
74.587 227 -1723073393
74.613 225 -1723073393
74.640 223 -1723073393
74.667 219 -1723073393
74.693 216 -1723073393
74.720 217 -1723073393
74.747 216 -1723073393
74.773 216 -1723073393
74.800 219 -1723073393
74.827 221 -1723073393
74.853 221 -1723073393
74.880 222 -1723073393
74.907 224 -1723073393
74.933 224 -1723073393
74.960 227 -1723073393
74.987 233 -1723073393
75.013 235 -1723073393
75.040 237 -1723073393
75.067 240 -1723073393
75.093 243 -1723073393
75.120 244 -1723073393
75.147 247 -1723073393
75.173 252 -1723073393
75.200 252 -1723073393
75.227 251 -1723073393
75.253 257 -1723073393
75.280 264 -1723073393
75.307 266 -1723073393
75.333 268 -1723073393
75.360 268 -1723073393
75.387 263 -1723073393
75.413 265 -1723073393
75.440 268 -1723073393
75.467 268 -1723073393
75.493 265 -1723073393
75.520 261 -1723073393
75.547 251 -1723073393
75.573 243 -1723073393
75.600 238 -1723073393
75.627 232 -1723073393
75.653 226 -1723073393
75.680 224 -1723073393
75.707 222 -1723073393
75.733 218 -1723073393
75.760 222 -1723073393
75.787 234 -1723073393
75.813 244 -1723073393
75.840 253 -1723073393
75.867 264 -1723073393
75.893 267 -1723073393
75.920 264 -1723073393
75.947 265 -1723073393
75.973 264 -1723073393
76.000 261 -1723073393
76.027 261 -1723073393
76.053 259 -1723073393
76.080 250 -1723073393
76.107 240 -1723073393
76.133 231 -1723073393
76.160 213 -1723073393
76.187 192 -1723073393
76.213 178 -1723073393
76.240 167 -1723073393
76.267 153 -1723073393
76.293 144 -1723073393
76.320 143 -1723073393
76.347 139 -1723073393
76.373 136 -1723073393
76.400 137 -1723073393
76.427 135 -1723073393
76.453 136 -1723073393
76.480 145 -1723073393
76.507 155 -1723073393
76.533 164 -1723073393
76.560 177 -1723073393
76.587 190 -1723073393
76.613 198 -1723073393
76.640 205 -1723073393
76.667 219 -1723073393
76.693 233 -1723073393
76.720 248 -1723073393
76.747 269 -1723073393
76.773 287 -1723073393
76.800 299 -1723073393
76.827 312 -1723073393
76.853 324 -1723073393
76.880 332 -1723073393
76.907 343 -1723073393
76.933 358 -1723073393
76.960 371 -1723073393
76.987 383 -1723073393
77.013 395 -1723073393
77.040 403 -1723073393
77.067 409 -1723073393
77.093 414 -1723073393
77.120 417 -1723073393
77.147 417 -1723073393
77.173 415 -1723073393
77.200 409 -1723073393
77.227 398 -1723073393
77.253 388 -1723073393
77.280 378 -1723073393
77.307 365 -1723073393
77.333 354 -1723073393
77.360 341 -1723073393
77.387 320 -1723073393
77.413 304 -1723073393
77.440 294 -1723073393
77.467 285 -1723073393
77.493 278 -1723073393
77.520 277 -1723073393
77.547 280 -1723073393
77.573 282 -1723073393
77.600 284 -1723073393
77.627 286 -1723073393
77.653 292 -1723073393
77.680 302 -1723073393
77.707 313 -1723073393
77.733 324 -1723073393
77.760 336 -1723073393
77.787 351 -1723073393
77.813 366 -1723073393
77.840 376 -1723073393
77.867 388 -1723073393
77.893 397 -1723073393
77.920 397 -1723073393
77.947 394 -1723073393
77.973 389 -1723073393
78.000 383 -1723073393
78.027 376 -1723073393
78.053 369 -1723073393
78.080 358 -1723073393
78.107 339 -1723073393
78.133 317 -1723073393
78.160 296 -1723073393
78.187 276 -1723073393
78.213 262 -1723073393
78.240 255 -1723073393
78.267 248 -1723073393
78.293 238 -1723073393
78.320 229 -1723073393
78.347 225 -1723073393
78.373 221 -1723073393
78.400 222 -1723073393
78.427 225 -1723073393
78.453 228 -1723073393
78.480 232 -1723073393
78.507 240 -1723073393
78.533 247 -1723073393
78.560 255 -1723073393
78.587 268 -1723073393
78.613 279 -1723073393
78.640 286 -1723073393
78.667 294 -1723073393
78.693 303 -1723073393
78.720 307 -1723073393
78.747 309 -1723073393
78.773 311 -1723073393
78.800 309 -1723073393
78.827 304 -1723073393
78.853 295 -1723073393
78.880 282 -1723073393
78.907 264 -1723073393
78.933 249 -1723073393
78.960 240 -1723073393
78.987 229 -1723073393
79.013 220 -1723073393
79.040 209 -1723073393
79.067 193 -1723073393
79.093 178 -1723073393
79.120 165 -1723073393
79.147 150 -1723073393
79.173 132 -1723073393
79.200 121 -1723073393
79.227 118 -1723073393
79.253 117 -1723073393
79.280 117 -1723073393
79.307 121 -1723073393
79.333 123 -1723073393
79.360 126 -1723073393
79.387 136 -1723073393
79.413 147 -1723073393
79.440 161 -1723073393
79.467 180 -1723073393
79.493 200 -1723073393
79.520 216 -1723073393
79.547 229 -1723073393
79.573 238 -1723073393
79.600 240 -1723073393
79.627 240 -1723073393
79.653 244 -1723073393
79.680 246 -1723073393
79.707 245 -1723073393
79.733 241 -1723073393
79.760 233 -1723073393
79.787 220 -1723073393
79.813 205 -1723073393
79.840 188 -1723073393
79.867 170 -1723073393
79.893 153 -1723073393
79.920 136 -1723073393
79.947 118 -1723073393
79.973 103 -1723073393
80.000 92 -1723073393
80.027 81 -1723073393
80.053 76 -1723073393
80.080 78 -1723073393
80.107 82 -1723073393
80.133 90 -1723073393
80.160 103 -1723073393
80.187 115 -1723073393
80.213 122 -1723073393
80.240 132 -1723073393
80.267 142 -1723073393
80.293 149 -1723073393
80.320 163 -1723073393
80.347 184 -1723073393
80.373 203 -1723073393
80.400 221 -1723073393
80.427 242 -1723073393
80.453 257 -1723073393
80.480 264 -1723073393
80.507 273 -1723073393
80.533 280 -1723073393
80.560 282 -1723073393
80.587 287 -1723073393
80.613 291 -1723073393
80.640 289 -1723073393
80.667 286 -1723073393
80.693 284 -1723073393
80.720 280 -1723073393
80.747 279 -1723073393
80.773 277 -1723073393
80.800 269 -1723073393
80.827 258 -1723073393
80.853 247 -1723073393
80.880 235 -1723073393
80.907 223 -1723073393
80.933 211 -1723073393
80.960 199 -1723073393
80.987 191 -1723073393
81.013 187 -1723073393
81.040 186 -1723073393
81.067 182 -1723073393
81.093 182 -1723073393
81.120 186 -1723073393
81.147 188 -1723073393
81.173 190 -1723073393
81.200 196 -1723073393
81.227 199 -1723073393
81.253 200 -1723073393
81.280 205 -1723073393
81.307 207 -1723073393
81.333 206 -1723073393
81.360 211 -1723073393
81.387 213 -1723073393
81.413 208 -1723073393
81.440 203 -1723073393
81.467 199 -1723073393
81.493 193 -1723073393
81.520 189 -1723073393
81.547 181 -1723073393
81.573 172 -1723073393
81.600 167 -1723073393
81.627 163 -1723073393
81.653 154 -1723073393
81.680 147 -1723073393
81.707 146 -1723073393
81.733 147 -1723073393
81.760 150 -1723073393
81.787 153 -1723073393
81.813 154 -1723073393
81.840 156 -1723073393
81.867 165 -1723073393
81.893 177 -1723073393
81.920 184 -1723073393
81.947 194 -1723073393
81.973 211 -1723073393
82.000 225 -1723073393
82.027 240 -1723073393
82.053 260 -1723073393
82.080 275 -1723073393
82.107 285 -1723073393
82.133 297 -1723073393
82.160 310 -1723073393
82.187 322 -1723073393
82.213 337 -1723073393
82.240 353 -1723073393
82.267 365 -1723073393
82.293 375 -1723073393
82.320 384 -1723073393
82.347 388 -1723073393
82.373 391 -1723073393
82.400 388 -1723073393
82.427 378 -1723073393
82.453 370 -1723073393
82.480 363 -1723073393
82.507 351 -1723073393
82.533 336 -1723073393
82.560 321 -1723073393
82.587 306 -1723073393
82.613 291 -1723073393
82.640 277 -1723073393
82.667 267 -1723073393
82.693 256 -1723073393
82.720 247 -1723073393
82.747 244 -1723073393
82.773 240 -1723073393
82.800 237 -1723073393
82.827 237 -1723073393
82.853 234 -1723073393
82.880 232 -1723073393
82.907 237 -1723073393
82.933 242 -1723073393
82.960 242 -1723073393
82.987 245 -1723073393
83.013 249 -1723073393
83.040 247 -1723073393
83.067 246 -1723073393
83.093 253 -1723073393
83.120 259 -1723073393
83.147 264 -1723073393
83.173 267 -1723073393
83.200 266 -1723073393
83.227 262 -1723073393
83.253 258 -1723073393
83.280 248 -1723073393
83.307 237 -1723073393
83.333 231 -1723073393
83.360 224 -1723073393
83.387 216 -1723073393
83.413 214 -1723073393
83.440 209 -1723073393
83.467 203 -1723073393
83.493 203 -1723073393
83.520 202 -1723073393
83.547 197 -1723073393
83.573 199 -1723073393
83.600 207 -1723073393
83.627 210 -1723073393
83.653 215 -1723073393
83.680 227 -1723073393
83.707 234 -1723073393
83.733 240 -1723073393
83.760 247 -1723073393
83.787 248 -1723073393
83.813 248 -1723073393
83.840 255 -1723073393
83.867 255 -1723073393
83.893 249 -1723073393
83.920 248 -1723073393
83.947 247 -1723073393
83.973 241 -1723073393
84.000 238 -1723073393
84.027 235 -1723073393
84.053 232 -1723073393
84.080 235 -1723073393
84.107 238 -1723073393
84.133 235 -1723073393
84.160 235 -1723073393
84.187 243 -1723073393
84.213 246 -1723073393
84.240 245 -1723073393
84.267 249 -1723073393
84.293 251 -1723073393
84.320 250 -1723073393
84.347 254 -1723073393
84.373 256 -1723073393
84.400 256 -1723073393
84.427 254 -1723073393
84.453 249 -1723073393
84.480 246 -1723073393
84.507 246 -1723073393
84.533 243 -1723073393
84.560 234 -1723073393
84.587 227 -1723073393
84.613 220 -1723073393
84.640 213 -1723073393
84.667 212 -1723073393
84.693 215 -1723073393
84.720 214 -1723073393
84.747 214 -1723073393
84.773 213 -1723073393
84.800 210 -1723073393
84.827 209 -1723073393
84.853 211 -1723073393
84.880 216 -1723073393
84.907 220 -1723073393
84.933 223 -1723073393
84.960 221 -1723073393
84.987 214 -1723073393
85.013 207 -1723073393
85.040 203 -1723073393
85.067 205 -1723073393
85.093 208 -1723073393
85.120 210 -1723073393
85.147 207 -1723073393
85.173 201 -1723073393
85.200 193 -1723073393
85.227 185 -1723073393
85.253 180 -1723073393
85.280 178 -1723073393
85.307 181 -1723073393
85.333 187 -1723073393
85.360 187 -1723073393
85.387 182 -1723073393
85.413 179 -1723073393
85.440 177 -1723073393
85.467 180 -1723073393
85.493 186 -1723073393
85.520 190 -1723073393
85.547 194 -1723073393
85.573 200 -1723073393
85.600 204 -1723073393
85.627 207 -1723073393
85.653 213 -1723073393
85.680 215 -1723073393
85.707 213 -1723073393
85.733 215 -1723073393
85.760 214 -1723073393
85.787 214 -1723073393
85.813 219 -1723073393
85.840 229 -1723073393
85.867 241 -1723073393
85.893 252 -1723073393
85.920 262 -1723073393
85.947 265 -1723073393
85.973 264 -1723073393
86.000 272 -1723073393
86.027 282 -1723073393
86.053 285 -1723073393
86.080 282 -1723073393
86.107 280 -1723073393
86.133 280 -1723073393
86.160 281 -1723073393
86.187 278 -1723073393
86.213 273 -1723073393
86.240 268 -1723073393
86.267 262 -1723073393
86.293 251 -1723073393
86.320 240 -1723073393
86.347 228 -1723073393
86.373 217 -1723073393
86.400 207 -1723073393
86.427 202 -1723073393
86.453 196 -1723073393
86.480 194 -1723073393
86.507 193 -1723073393
86.533 191 -1723073393
86.560 192 -1723073393
86.587 190 -1723073393
86.613 184 -1723073393
86.640 179 -1723073393
86.667 175 -1723073393
86.693 172 -1723073393
86.720 174 -1723073393
86.747 176 -1723073393
86.773 175 -1723073393
86.800 169 -1723073393
86.827 159 -1723073393
86.853 151 -1723073393
86.880 145 -1723073393
86.907 139 -1723073393
86.933 134 -1723073393
86.960 132 -1723073393
86.987 134 -1723073393
87.013 144 -1723073393
87.040 160 -1723073393
87.067 172 -1723073393
87.093 178 -1723073393
87.120 183 -1723073393
87.147 184 -1723073393
87.173 184 -1723073393
87.200 187 -1723073393
87.227 194 -1723073393
87.253 199 -1723073393
87.280 208 -1723073393
87.307 216 -1723073393
87.333 221 -1723073393
87.360 225 -1723073393
87.387 229 -1723073393
87.413 235 -1723073393
87.440 240 -1723073393
87.467 238 -1723073393
87.493 235 -1723073393
87.520 236 -1723073393
87.547 237 -1723073393
87.573 233 -1723073393
87.600 230 -1723073393
87.627 227 -1723073393
87.653 227 -1723073393
87.680 233 -1723073393
87.707 238 -1723073393
87.733 240 -1723073393
87.760 244 -1723073393
87.787 247 -1723073393
87.813 247 -1723073393
87.840 253 -1723073393
87.867 257 -1723073393
87.893 257 -1723073393
87.920 259 -1723073393
87.947 260 -1723073393
87.973 259 -1723073393
88.000 260 -1723073393
88.027 258 -1723073393
88.053 250 -1723073393
88.080 247 -1723073393
88.107 242 -1723073393
88.133 237 -1723073393
88.160 233 -1723073393
88.187 226 -1723073393
88.213 216 -1723073393
88.240 211 -1723073393
88.267 205 -1723073393
88.293 196 -1723073393
88.320 193 -1723073393
88.347 186 -1723073393
88.373 180 -1723073393
88.400 181 -1723073393
88.427 178 -1723073393
88.453 181 -1723073393
88.480 192 -1723073393
88.507 194 -1723073393
88.533 197 -1723073393
88.560 206 -1723073393
88.587 203 -1723073393
88.613 202 -1723073393
88.640 212 -1723073393
88.667 216 -1723073393
88.693 213 -1723073393
88.720 212 -1723073393
88.747 209 -1723073393
88.773 206 -1723073393
88.800 207 -1723073393
88.827 207 -1723073393
88.853 209 -1723073393
88.880 216 -1723073393
88.907 223 -1723073393
88.933 228 -1723073393
88.960 230 -1723073393
88.987 227 -1723073393
89.013 224 -1723073393
89.040 224 -1723073393
89.067 216 -1723073393
89.093 212 -1723073393
89.120 208 -1723073393
89.147 197 -1723073393
89.173 195 -1723073393
89.200 197 -1723073393
89.227 191 -1723073393
89.253 189 -1723073393
89.280 188 -1723073393
89.307 181 -1723073393
89.333 181 -1723073393
89.360 183 -1723073393
89.387 181 -1723073393
89.413 186 -1723073393
89.440 189 -1723073393
89.467 185 -1723073393
89.493 188 -1723073393
89.520 188 -1723073393
89.547 186 -1723073393
89.573 188 -1723073393
89.600 191 -1723073393
89.627 193 -1723073393
89.653 198 -1723073393
89.680 199 -1723073393
89.707 200 -1723073393
89.733 205 -1723073393
89.760 203 -1723073393
89.787 197 -1723073393
89.813 197 -1723073393
89.840 199 -1723073393
89.867 199 -1723073393
89.893 204 -1723073393
89.920 206 -1723073393
89.947 206 -1723073393
89.973 206 -1723073393
90.000 195 -1723073393
90.027 182 -1723073393
90.053 176 -1723073393
90.080 165 -1723073393
90.107 158 -1723073393
90.133 156 -1723073393
90.160 148 -1723073393
90.187 143 -1723073393
90.213 139 -1723073393
90.240 129 -1723073393
90.267 128 -1723073393
90.293 125 -1723073393
90.320 122 -1723073393
90.347 130 -1723073393
90.373 137 -1723073393
90.400 141 -1723073393
90.427 151 -1723073393
90.453 157 -1723073393
90.480 157 -1723073393
90.507 165 -1723073393
90.533 169 -1723073393
90.560 168 -1723073393
90.587 173 -1723073393
90.613 173 -1723073393
90.640 168 -1723073393
90.667 167 -1723073393
90.693 161 -1723073393
90.720 157 -1723073393
90.747 165 -1723073393
90.773 169 -1723073393
90.800 178 -1723073393
90.827 186 -1723073393
90.853 182 -1723073393
90.880 186 -1723073393
90.907 194 -1723073393
90.933 194 -1723073393
90.960 199 -1723073393
90.987 201 -1723073393
91.013 192 -1723073393
91.040 191 -1723073393
91.067 189 -1723073393
91.093 186 -1723073393
91.120 198 -1723073393
91.147 205 -1723073393
91.173 208 -1723073393
91.200 218 -1723073393
91.227 221 -1723073393
91.253 225 -1723073393
91.280 237 -1723073393
91.307 247 -1723073393
91.333 264 -1723073393
91.360 283 -1723073393
91.387 294 -1723073393
91.413 310 -1723073393
91.440 329 -1723073393
91.467 348 -1723073393
91.493 368 -1723073393
91.520 377 -1723073393
91.547 378 -1723073393
91.573 384 -1723073393
91.600 388 -1723073393
91.627 390 -1723073393
91.653 393 -1723073393
91.680 385 -1723073393
91.707 375 -1723073393
91.733 370 -1723073393
91.760 359 -1723073393
91.787 348 -1723073393
91.813 338 -1723073393
91.840 322 -1723073393
91.867 304 -1723073393
91.893 291 -1723073393
91.920 275 -1723073393
91.947 265 -1723073393
91.973 261 -1723073393
92.000 257 -1723073393
92.027 259 -1723073393
92.053 263 -1723073393
92.080 268 -1723073393
92.107 279 -1723073393
92.133 290 -1723073393
92.160 301 -1723073393
92.187 306 -1723073393
92.213 309 -1723073393
92.240 321 -1723073393
92.267 330 -1723073393
92.293 332 -1723073393
92.320 338 -1723073393
92.347 348 -1723073393
92.373 356 -1723073393
92.400 360 -1723073393
92.427 360 -1723073393
92.453 362 -1723073393
92.480 363 -1723073393
92.507 360 -1723073393
92.533 360 -1723073393
92.560 357 -1723073393
92.587 349 -1723073393
92.613 344 -1723073393
92.640 339 -1723073393
92.667 335 -1723073393
92.693 334 -1723073393
92.720 335 -1723073393
92.747 339 -1723073393
92.773 343 -1723073393
92.800 341 -1723073393
92.827 347 -1723073393
92.853 351 -1723073393
92.880 353 -1723073393
92.907 356 -1723073393
92.933 357 -1723073393
92.960 360 -1723073393
92.987 366 -1723073393
93.013 371 -1723073393
93.040 377 -1723073393
93.067 379 -1723073393
93.093 381 -1723073393
93.120 387 -1723073393
93.147 393 -1723073393
93.173 395 -1723073393
93.200 398 -1723073393
93.227 403 -1723073393
93.253 405 -1723073393
93.280 409 -1723073393
93.307 414 -1723073393
93.333 414 -1723073393
93.360 414 -1723073393
93.387 411 -1723073393
93.413 408 -1723073393
93.440 403 -1723073393
93.467 393 -1723073393
93.493 383 -1723073393
93.520 373 -1723073393
93.547 361 -1723073393
93.573 354 -1723073393
93.600 346 -1723073393
93.627 338 -1723073393
93.653 334 -1723073393
93.680 324 -1723073393
93.707 315 -1723073393
93.733 305 -1723073393
93.760 296 -1723073393
93.787 292 -1723073393
93.813 293 -1723073393
93.840 298 -1723073393
93.867 303 -1723073393
93.893 307 -1723073393
93.920 310 -1723073393
93.947 313 -1723073393
93.973 317 -1723073393
94.000 322 -1723073393
94.027 329 -1723073393
94.053 339 -1723073393
94.080 340 -1723073393
94.107 338 -1723073393
94.133 343 -1723073393
94.160 353 -1723073393
94.187 361 -1723073393
94.213 369 -1723073393
94.240 373 -1723073393
94.267 369 -1723073393
94.293 366 -1723073393
94.320 362 -1723073393
94.347 359 -1723073393
94.373 357 -1723073393
94.400 351 -1723073393
94.427 345 -1723073393
94.453 338 -1723073393
94.480 325 -1723073393
94.507 317 -1723073393
94.533 314 -1723073393
94.560 308 -1723073393
94.587 306 -1723073393
94.613 309 -1723073393
94.640 306 -1723073393
94.667 302 -1723073393
94.693 299 -1723073393
94.720 296 -1723073393
94.747 296 -1723073393
94.773 298 -1723073393
94.800 303 -1723073393
94.827 309 -1723073393
94.853 312 -1723073393
94.880 320 -1723073393
94.907 324 -1723073393
94.933 326 -1723073393
94.960 333 -1723073393
94.987 340 -1723073393
95.013 343 -1723073393
95.040 344 -1723073393
95.067 345 -1723073393
95.093 345 -1723073393
95.120 345 -1723073393
95.147 344 -1723073393
95.173 342 -1723073393
95.200 338 -1723073393
95.227 336 -1723073393
95.253 332 -1723073393
95.280 328 -1723073393
95.307 324 -1723073393
95.333 318 -1723073393
95.360 310 -1723073393
95.387 299 -1723073393
95.413 288 -1723073393
95.440 279 -1723073393
95.467 267 -1723073393
95.493 262 -1723073393
95.520 255 -1723073393
95.547 251 -1723073393
95.573 246 -1723073393
95.600 241 -1723073393
95.627 247 -1723073393
95.653 247 -1723073393
95.680 245 -1723073393
95.707 245 -1723073393
95.733 239 -1723073393
95.760 246 -1723073393
95.787 251 -1723073393
95.813 251 -1723073393
95.840 252 -1723073393
95.867 246 -1723073393
95.893 244 -1723073393
95.920 236 -1723073393
95.947 223 -1723073393
95.973 220 -1723073393
96.000 214 -1723073393
96.027 208 -1723073393
96.053 198 -1723073393
96.080 187 -1723073393
96.107 178 -1723073393
96.133 167 -1723073393
96.160 166 -1723073393
96.187 153 -1723073393
96.213 144 -1723073393
96.240 144 -1723073393
96.267 130 -1723073393
96.293 132 -1723073393
96.320 131 -1723073393
96.347 136 -1723073393
96.373 143 -1723073393
96.400 139 -1723073393
96.427 144 -1723073393
96.453 145 -1723073393
96.480 151 -1723073393
96.507 154 -1723073393
96.533 149 -1723073393
96.560 149 -1723073393
96.587 142 -1723073393
96.613 144 -1723073393
96.640 142 -1723073393
96.667 133 -1723073393
96.693 145 -1723073393
96.720 151 -1723073393
96.747 155 -1723073393
96.773 147 -1723073393
96.800 142 -1723073393
96.827 150 -1723073393
96.853 149 -1723073393
96.880 154 -1723073393
96.907 152 -1723073393
96.933 148 -1723073393
96.960 142 -1723073393
96.987 131 -1723073393
97.013 127 -1723073393
97.040 117 -1723073393
97.067 112 -1723073393
97.093 105 -1723073393
97.120 98 -1723073393
97.147 93 -1723073393
97.173 87 -1723073393
97.200 90 -1723073393
97.227 83 -1723073393
97.253 80 -1723073393
97.280 69 -1723073393
97.307 58 -1723073393
97.333 59 -1723073393
97.360 53 -1723073393
97.387 51 -1723073393
97.413 51 -1723073393
97.440 51 -1723073393
97.467 43 -1723073393
97.493 39 -1723073393
97.520 41 -1723073393
97.547 32 -1723073393
97.573 42 -1723073393
97.600 39 -1723073393
97.627 40 -1723073393
97.653 36 -1723073393
97.680 33 -1723073393
97.707 34 -1723073393
97.733 26 -1723073393
97.760 29 -1723073393
97.787 22 -1723073393
97.813 27 -1723073393
97.840 25 -1723073393
97.867 33 -1723073393
97.893 43 -1723073393
97.920 47 -1723073393
97.947 52 -1723073393
97.973 38 -1723073393
98.000 42 -1723073393
98.027 41 -1723073393
98.053 51 -1723073393
98.080 59 -1723073393
98.107 59 -1723073393
98.133 59 -1723073393
98.160 55 -1723073393
98.187 60 -1723073393
98.213 55 -1723073393
98.240 62 -1723073393
98.267 60 -1723073393
98.293 64 -1723073393
98.320 74 -1723073393
98.347 80 -1723073393
98.373 84 -1723073393
98.400 77 -1723073393
98.427 79 -1723073393
98.453 70 -1723073393
98.480 71 -1723073393
98.507 72 -1723073393
98.533 83 -1723073393
98.560 81 -1723073393
98.587 79 -1723073393
98.613 85 -1723073393
98.640 88 -1723073393
98.667 90 -1723073393
98.693 83 -1723073393
98.720 93 -1723073393
98.747 90 -1723073393
98.773 87 -1723073393
98.800 69 -1723073393
98.827 63 -1723073393
98.853 52 -1723073393
98.880 45 -1723073393
98.907 43 -1723073393
98.933 34 -1723073393
98.960 30 -1723073393
98.987 21 -1723073393
99.013 18 -1723073393
99.040 5 -1723073393
99.067 9 -1723073393
99.093 2 -1723073393
99.120 5 -1723073393
99.147 -2 -1723073393
99.173 2 -1723073393
99.200 0 -1723073393
99.227 -2 -1723073393
99.253 -7 -1723073393
99.280 -7 -1723073393
99.307 -3 -1723073393
99.333 -1 -1723073393
99.360 -4 -1723073393
99.387 -7 -1723073393
99.413 0 -1723073393
99.440 0 -1723073393
99.467 5 -1723073393
99.493 0 -1723073393
99.520 3 -1723073393
99.547 -5 -1723073393
99.573 1 -1723073393
99.600 -2 -1723073393
99.627 8 -1723073393
99.653 1 -1723073393
99.680 -1 -1723073393
99.707 -10 -1723073393
99.733 -9 -1723073393
99.760 -18 -1723073393
99.787 -12 -1723073393
99.813 -11 -1723073393
99.840 0 -1723073393
99.867 -2 -1723073393
99.893 3 -1723073393
99.920 -1 -1723073393
99.947 3 -1723073393
99.973 0 -1723073393
100.000 0 -1723073393
