0.000 20 -1723073393
0.027 23 -1723073393
0.053 22 -1723073393
0.080 30 -1723073393
0.107 27 -1723073393
0.133 28 -1723073393
0.160 34 -1723073393
0.187 30 -1723073393
0.213 31 -1723073393
0.240 27 -1723073393
0.267 24 -1723073393
0.293 32 -1723073393
0.320 31 -1723073393
0.347 29 -1723073393
0.373 30 -1723073393
0.400 24 -1723073393
0.427 21 -1723073393
0.453 18 -1723073393
0.480 18 -1723073393
0.507 25 -1723073393
0.533 24 -1723073393
0.560 23 -1723073393
0.587 23 -1723073393
0.613 19 -1723073393
0.640 23 -1723073393
0.667 25 -1723073393
0.693 19 -1723073393
0.720 17 -1723073393
0.747 16 -1723073393
0.773 14 -1723073393
0.800 16 -1723073393
0.827 17 -1723073393
0.853 17 -1723073393
0.880 13 -1723073393
0.907 8 -1723073393
0.933 12 -1723073393
0.960 11 -1723073393
0.987 10 -1723073393
1.013 16 -1723073393
1.040 18 -1723073393
1.067 16 -1723073393
1.093 10 -1723073393
1.120 2 -1723073393
1.147 0 -1723073393
1.173 -4 -1723073393
1.200 -7 -1723073393
1.227 -10 -1723073393
1.253 -16 -1723073393
1.280 -19 -1723073393
1.307 -15 -1723073393
1.333 -11 -1723073393
1.360 -3 -1723073393
1.387 2 -1723073393
1.413 1 -1723073393
1.440 3 -1723073393
1.467 6 -1723073393
1.493 3 -1723073393
1.520 1 -1723073393
1.547 -2 -1723073393
1.573 -5 -1723073393
1.600 -8 -1723073393
1.627 -12 -1723073393
1.653 -10 -1723073393
1.680 -10 -1723073393
1.707 -13 -1723073393
1.733 -11 -1723073393
1.760 -12 -1723073393
1.787 -18 -1723073393
1.813 -17 -1723073393
1.840 -20 -1723073393
1.867 -25 -1723073393
1.893 -26 -1723073393
1.920 -28 -1723073393
1.947 -24 -1723073393
1.973 -24 -1723073393
2.000 -29 -1723073393
2.027 -23 -1723073393
2.053 -15 -1723073393
2.080 -6 -1723073393
2.107 -1 -1723073393
2.133 -7 -1723073393
2.160 -12 -1723073393
2.187 -15 -1723073393
2.213 -22 -1723073393
2.240 -25 -1723073393
2.267 -31 -1723073393
2.293 -30 -1723073393
2.320 -25 -1723073393
2.347 -27 -1723073393
2.373 -31 -1723073393
2.400 -33 -1723073393
2.427 -32 -1723073393
2.453 -30 -1723073393
2.480 -35 -1723073393
2.507 -38 -1723073393
2.533 -32 -1723073393
2.560 -29 -1723073393
2.587 -29 -1723073393
2.613 -26 -1723073393
2.640 -29 -1723073393
2.667 -31 -1723073393
2.693 -27 -1723073393
2.720 -29 -1723073393
2.747 -24 -1723073393
2.773 -21 -1723073393
2.800 -25 -1723073393
2.827 -22 -1723073393
2.853 -28 -1723073393
2.880 -29 -1723073393
2.907 -25 -1723073393
2.933 -27 -1723073393
2.960 -23 -1723073393
2.987 -22 -1723073393
3.013 -28 -1723073393
3.040 -30 -1723073393
3.067 -34 -1723073393
3.093 -33 -1723073393
3.120 -26 -1723073393
3.147 -28 -1723073393
3.173 -22 -1723073393
3.200 -20 -1723073393
3.227 -27 -1723073393
3.253 -23 -1723073393
3.280 -26 -1723073393
3.307 -32 -1723073393
3.333 -28 -1723073393
3.360 -29 -1723073393
3.387 -24 -1723073393
3.413 -18 -1723073393
3.440 -21 -1723073393
3.467 -15 -1723073393
3.493 -14 -1723073393
3.520 -18 -1723073393
3.547 -14 -1723073393
3.573 -20 -1723073393
3.600 -22 -1723073393
3.627 -20 -1723073393
3.653 -26 -1723073393
3.680 -21 -1723073393
3.707 -18 -1723073393
3.733 -21 -1723073393
3.760 -13 -1723073393
3.787 -12 -1723073393
3.813 -14 -1723073393
3.840 -12 -1723073393
3.867 -24 -1723073393
3.893 -24 -1723073393
3.920 -21 -1723073393
3.947 -24 -1723073393
3.973 -15 -1723073393
4.000 -12 -1723073393
4.027 -15 -1723073393
4.053 -14 -1723073393
4.080 -24 -1723073393
4.107 -21 -1723073393
4.133 -14 -1723073393
4.160 -17 -1723073393
4.187 -14 -1723073393
4.213 -20 -1723073393
4.240 -23 -1723073393
4.267 -14 -1723073393
4.293 -20 -1723073393
4.320 -17 -1723073393
4.347 -8 -1723073393
4.373 -11 -1723073393
4.400 -4 -1723073393
4.427 -4 -1723073393
4.453 -9 -1723073393
4.480 -4 -1723073393
4.507 -17 -1723073393
4.533 -21 -1723073393
4.560 -14 -1723073393
4.587 -19 -1723073393
4.613 -13 -1723073393
4.640 -17 -1723073393
4.667 -26 -1723073393
4.693 -23 -1723073393
4.720 -34 -1723073393
4.747 -42 -1723073393
4.773 -42 -1723073393
4.800 -54 -1723073393
4.827 -45 -1723073393
4.853 -36 -1723073393
4.880 -37 -1723073393
4.907 -26 -1723073393
4.933 -25 -1723073393
4.960 -23 -1723073393
4.987 -14 -1723073393
5.013 -23 -1723073393
5.040 -24 -1723073393
5.067 -24 -1723073393
5.093 -30 -1723073393
5.120 -22 -1723073393
5.147 -23 -1723073393
5.173 -28 -1723073393
5.200 -26 -1723073393
5.227 -34 -1723073393
5.253 -32 -1723073393
5.280 -25 -1723073393
5.307 -26 -1723073393
5.333 -17 -1723073393
5.360 -14 -1723073393
5.387 -14 -1723073393
5.413 -6 -1723073393
5.440 -10 -1723073393
5.467 -12 -1723073393
5.493 -14 -1723073393
5.520 -28 -1723073393
5.547 -24 -1723073393
5.573 -20 -1723073393
5.600 -21 -1723073393
5.627 -10 -1723073393
5.653 -14 -1723073393
5.680 -17 -1723073393
5.707 -11 -1723073393
5.733 -17 -1723073393
5.760 -11 -1723073393
5.787 -9 -1723073393
5.813 -23 -1723073393
5.840 -21 -1723073393
5.867 -25 -1723073393
5.893 -27 -1723073393
5.920 -16 -1723073393
5.947 -19 -1723073393
5.973 -16 -1723073393
6.000 -12 -1723073393
6.027 -18 -1723073393
6.053 -14 -1723073393
6.080 -18 -1723073393
6.107 -24 -1723073393
6.133 -17 -1723073393
6.160 -22 -1723073393
6.187 -23 -1723073393
6.213 -16 -1723073393
6.240 -19 -1723073393
6.267 -11 -1723073393
6.293 -5 -1723073393
6.320 -9 -1723073393
6.347 -4 -1723073393
6.373 -10 -1723073393
6.400 -13 -1723073393
6.427 -10 -1723073393
6.453 -17 -1723073393
6.480 -12 -1723073393
6.507 -7 -1723073393
6.533 -15 -1723073393
6.560 -18 -1723073393
6.587 -24 -1723073393
6.613 -29 -1723073393
6.640 -21 -1723073393
6.667 -21 -1723073393
6.693 -17 -1723073393
6.720 -13 -1723073393
6.747 -19 -1723073393
6.773 -14 -1723073393
6.800 -16 -1723073393
6.827 -23 -1723073393
6.853 -17 -1723073393
6.880 -21 -1723073393
6.907 -25 -1723073393
6.933 -27 -1723073393
6.960 -34 -1723073393
6.987 -30 -1723073393
7.013 -26 -1723073393
7.040 -24 -1723073393
7.067 -19 -1723073393
7.093 -21 -1723073393
7.120 -18 -1723073393
7.147 -12 -1723073393
7.173 -21 -1723073393
7.200 -19 -1723073393
7.227 -15 -1723073393
7.253 -16 -1723073393
7.280 -13 -1723073393
7.307 -21 -1723073393
7.333 -33 -1723073393
7.360 -35 -1723073393
7.387 -41 -1723073393
7.413 -38 -1723073393
7.440 -35 -1723073393
7.467 -41 -1723073393
7.493 -38 -1723073393
7.520 -39 -1723073393
7.547 -42 -1723073393
7.573 -33 -1723073393
7.600 -34 -1723073393
7.627 -31 -1723073393
7.653 -22 -1723073393
7.680 -18 -1723073393
7.707 -8 -1723073393
7.733 -11 -1723073393
7.760 -25 -1723073393
7.787 -27 -1723073393
7.813 -30 -1723073393
7.840 -33 -1723073393
7.867 -26 -1723073393
7.893 -28 -1723073393
7.920 -25 -1723073393
7.947 -22 -1723073393
7.973 -32 -1723073393
8.000 -32 -1723073393
8.027 -34 -1723073393
8.053 -37 -1723073393
8.080 -27 -1723073393
8.107 -29 -1723073393
8.133 -30 -1723073393
8.160 -26 -1723073393
8.187 -29 -1723073393
8.213 -18 -1723073393
8.240 -14 -1723073393
8.267 -19 -1723073393
8.293 -10 -1723073393
8.320 -2 -1723073393
8.347 2 -1723073393
8.373 9 -1723073393
8.400 4 -1723073393
8.427 5 -1723073393
8.453 6 -1723073393
8.480 3 -1723073393
8.507 7 -1723073393
8.533 4 -1723073393
8.560 -2 -1723073393
8.587 1 -1723073393
8.613 -5 -1723073393
8.640 -16 -1723073393
8.667 -17 -1723073393
8.693 -20 -1723073393
8.720 -16 -1723073393
8.747 -15 -1723073393
8.773 -23 -1723073393
8.800 -28 -1723073393
8.827 -36 -1723073393
8.853 -44 -1723073393
8.880 -47 -1723073393
8.907 -50 -1723073393
8.933 -45 -1723073393
8.960 -36 -1723073393
8.987 -34 -1723073393
9.013 -29 -1723073393
9.040 -30 -1723073393
9.067 -35 -1723073393
9.093 -34 -1723073393
9.120 -34 -1723073393
9.147 -39 -1723073393
9.173 -42 -1723073393
9.200 -46 -1723073393
9.227 -43 -1723073393
9.253 -36 -1723073393
9.280 -36 -1723073393
9.307 -34 -1723073393
9.333 -35 -1723073393
9.360 -35 -1723073393
9.387 -30 -1723073393
9.413 -29 -1723073393
9.440 -30 -1723073393
9.467 -36 -1723073393
9.493 -44 -1723073393
9.520 -42 -1723073393
9.547 -43 -1723073393
9.573 -45 -1723073393
9.600 -40 -1723073393
9.627 -44 -1723073393
9.653 -47 -1723073393
9.680 -46 -1723073393
9.707 -50 -1723073393
9.733 -46 -1723073393
9.760 -50 -1723073393
9.787 -57 -1723073393
9.813 -58 -1723073393
9.840 -65 -1723073393
9.867 -67 -1723073393
9.893 -63 -1723073393
9.920 -61 -1723073393
9.947 -53 -1723073393
9.973 -44 -1723073393
10.000 -42 -1723073393
10.027 -31 -1723073393
10.053 -16 -1723073393
10.080 -5 -1723073393
10.107 12 -1723073393
10.133 24 -1723073393
10.160 37 -1723073393
10.187 55 -1723073393
10.213 68 -1723073393
10.240 83 -1723073393
10.267 97 -1723073393
10.293 107 -1723073393
10.320 115 -1723073393
10.347 120 -1723073393
10.373 122 -1723073393
10.400 122 -1723073393
10.427 117 -1723073393
10.453 114 -1723073393
10.480 109 -1723073393
10.507 99 -1723073393
10.533 92 -1723073393
10.560 79 -1723073393
10.587 62 -1723073393
10.613 45 -1723073393
10.640 27 -1723073393
10.667 8 -1723073393
10.693 -9 -1723073393
10.720 -24 -1723073393
10.747 -31 -1723073393
10.773 -38 -1723073393
10.800 -45 -1723073393
10.827 -48 -1723073393
10.853 -48 -1723073393
10.880 -52 -1723073393
10.907 -56 -1723073393
10.933 -59 -1723073393
10.960 -59 -1723073393
10.987 -55 -1723073393
11.013 -60 -1723073393
11.040 -65 -1723073393
11.067 -68 -1723073393
11.093 -71 -1723073393
11.120 -62 -1723073393
11.147 -60 -1723073393
11.173 -66 -1723073393
11.200 -70 -1723073393
11.227 -75 -1723073393
11.253 -78 -1723073393
11.280 -79 -1723073393
11.307 -88 -1723073393
11.333 -90 -1723073393
11.360 -89 -1723073393
11.387 -86 -1723073393
11.413 -72 -1723073393
11.440 -64 -1723073393
11.467 -58 -1723073393
11.493 -44 -1723073393
11.520 -36 -1723073393
11.547 -30 -1723073393
11.573 -17 -1723073393
11.600 -10 -1723073393
11.627 3 -1723073393
11.653 20 -1723073393
11.680 27 -1723073393
11.707 37 -1723073393
11.733 45 -1723073393
11.760 43 -1723073393
11.787 41 -1723073393
11.813 30 -1723073393
11.840 17 -1723073393
11.867 6 -1723073393
11.893 -5 -1723073393
11.920 -17 -1723073393
11.947 -30 -1723073393
11.973 -46 -1723073393
12.000 -54 -1723073393
12.027 -61 -1723073393
12.053 -71 -1723073393
12.080 -71 -1723073393
12.107 -71 -1723073393
12.133 -72 -1723073393
12.160 -70 -1723073393
12.187 -77 -1723073393
12.213 -81 -1723073393
12.240 -77 -1723073393
12.267 -75 -1723073393
12.293 -69 -1723073393
12.320 -66 -1723073393
12.347 -64 -1723073393
12.373 -52 -1723073393
12.400 -46 -1723073393
12.427 -41 -1723073393
12.453 -23 -1723073393
12.480 -12 -1723073393
12.507 1 -1723073393
12.533 21 -1723073393
12.560 35 -1723073393
12.587 55 -1723073393
12.613 78 -1723073393
12.640 99 -1723073393
12.667 127 -1723073393
12.693 154 -1723073393
12.720 176 -1723073393
12.747 200 -1723073393
12.773 217 -1723073393
12.800 229 -1723073393
12.827 243 -1723073393
12.853 246 -1723073393
12.880 242 -1723073393
12.907 236 -1723073393
12.933 221 -1723073393
12.960 200 -1723073393
12.987 184 -1723073393
13.013 162 -1723073393
13.040 140 -1723073393
13.067 122 -1723073393
13.093 100 -1723073393
13.120 76 -1723073393
13.147 50 -1723073393
13.173 24 -1723073393
13.200 -1 -1723073393
13.227 -30 -1723073393
13.253 -52 -1723073393
13.280 -67 -1723073393
13.307 -74 -1723073393
13.333 -77 -1723073393
13.360 -86 -1723073393
13.387 -97 -1723073393
13.413 -107 -1723073393
13.440 -120 -1723073393
13.467 -132 -1723073393
13.493 -142 -1723073393
13.520 -153 -1723073393
13.547 -160 -1723073393
13.573 -176 -1723073393
13.600 -187 -1723073393
13.627 -194 -1723073393
13.653 -207 -1723073393
13.680 -215 -1723073393
13.707 -219 -1723073393
13.733 -227 -1723073393
13.760 -225 -1723073393
13.787 -220 -1723073393
13.813 -217 -1723073393
13.840 -206 -1723073393
13.867 -195 -1723073393
13.893 -181 -1723073393
13.920 -161 -1723073393
13.947 -144 -1723073393
13.973 -122 -1723073393
14.000 -95 -1723073393
14.027 -75 -1723073393
14.053 -52 -1723073393
14.080 -33 -1723073393
14.107 -17 -1723073393
14.133 2 -1723073393
14.160 14 -1723073393
14.187 16 -1723073393
14.213 19 -1723073393
14.240 15 -1723073393
14.267 7 -1723073393
14.293 -5 -1723073393
14.320 -24 -1723073393
14.347 -44 -1723073393
14.373 -68 -1723073393
14.400 -97 -1723073393
14.427 -125 -1723073393
14.453 -158 -1723073393
14.480 -181 -1723073393
14.507 -199 -1723073393
14.533 -224 -1723073393
14.560 -238 -1723073393
14.587 -252 -1723073393
14.613 -273 -1723073393
14.640 -283 -1723073393
14.667 -295 -1723073393
14.693 -307 -1723073393
14.720 -313 -1723073393
14.747 -320 -1723073393
14.773 -329 -1723073393
14.800 -334 -1723073393
14.827 -346 -1723073393
14.853 -352 -1723073393
14.880 -353 -1723073393
14.907 -368 -1723073393
14.933 -385 -1723073393
14.960 -405 -1723073393
14.987 -431 -1723073393
15.013 -449 -1723073393
15.040 -475 -1723073393
15.067 -505 -1723073393
15.093 -534 -1723073393
15.120 -574 -1723073393
15.147 -609 -1723073393
15.173 -637 -1723073393
15.200 -674 -1723073393
15.227 -698 -1723073393
15.253 -720 -1723073393
15.280 -742 -1723073393
15.307 -751 -1723073393
15.333 -766 -1723073393
15.360 -784 -1723073393
15.387 -787 -1723073393
15.413 -801 -1723073393
15.440 -812 -1723073393
15.467 -818 -1723073393
15.493 -834 -1723073393
15.520 -841 -1723073393
15.547 -851 -1723073393
15.573 -873 -1723073393
15.600 -883 -1723073393
15.627 -897 -1723073393
15.653 -920 -1723073393
15.680 -929 -1723073393
15.707 -952 -1723073393
15.733 -985 -1723073393
15.760 -1008 -1723073393
15.787 -1043 -1723073393
15.813 -1071 -1723073393
15.840 -1086 -1723073393
15.867 -1107 -1723073393
15.893 -1107 -1723073393
15.920 -1097 -1723073393
15.947 -1086 -1723073393
15.973 -1038 -1723073393
16.000 -976 -1723073393
16.027 -891 -1723073393
16.053 -755 -1723073393
16.080 -593 -1723073393
16.107 -381 -1723073393
16.133 -101 -1723073393
16.160 227 -1723073393
16.187 638 -1723073393
16.213 1113 -1723073393
16.240 1652 -1723073393
16.267 2252 -1723073393
16.293 2903 -1723073393
16.320 3596 -1723073393
16.347 4294 -1723073393
16.373 5017 -1723073393
16.400 5706 -1723073393
16.427 6325 -1723073393
16.453 6915 -1723073393
16.480 7365 -1723073393
16.507 7679 -1723073393
16.533 7908 -1723073393
16.560 7918 -1723073393
16.587 7780 -1723073393
16.613 7535 -1723073393
16.640 7056 -1723073393
16.667 6503 -1723073393
16.693 5860 -1723073393
16.720 5040 -1723073393
16.747 4242 -1723073393
16.773 3401 -1723073393
16.800 2498 -1723073393
16.827 1654 -1723073393
16.853 801 -1723073393
16.880 -14 -1723073393
16.907 -760 -1723073393
16.933 -1457 -1723073393
16.960 -2094 -1723073393
16.987 -2663 -1723073393
17.013 -3132 -1723073393
17.040 -3542 -1723073393
17.067 -3869 -1723073393
17.093 -4084 -1723073393
17.120 -4268 -1723073393
17.147 -4366 -1723073393
17.173 -4385 -1723073393
17.200 -4405 -1723073393
17.227 -4351 -1723073393
17.253 -4272 -1723073393
17.280 -4211 -1723073393
17.307 -4084 -1723073393
17.333 -3980 -1723073393
17.360 -3898 -1723073393
17.387 -3766 -1723073393
17.413 -3678 -1723073393
17.440 -3602 -1723073393
17.467 -3502 -1723073393
17.493 -3457 -1723073393
17.520 -3399 -1723073393
17.547 -3332 -1723073393
17.573 -3299 -1723073393
17.600 -3231 -1723073393
17.627 -3160 -1723073393
17.653 -3106 -1723073393
17.680 -3012 -1723073393
17.707 -2929 -1723073393
17.733 -2848 -1723073393
17.760 -2725 -1723073393
17.787 -2627 -1723073393
17.813 -2518 -1723073393
17.840 -2373 -1723073393
17.867 -2256 -1723073393
17.893 -2121 -1723073393
17.920 -1976 -1723073393
17.947 -1868 -1723073393
17.973 -1732 -1723073393
18.000 -1592 -1723073393
18.027 -1467 -1723073393
18.053 -1315 -1723073393
18.080 -1185 -1723073393
18.107 -1070 -1723073393
18.133 -939 -1723073393
18.160 -826 -1723073393
18.187 -712 -1723073393
18.213 -589 -1723073393
18.240 -485 -1723073393
18.267 -382 -1723073393
18.293 -278 -1723073393
18.320 -183 -1723073393
18.347 -85 -1723073393
18.373 9 -1723073393
18.400 113 -1723073393
18.427 245 -1723073393
18.453 409 -1723073393
18.480 607 -1723073393
18.507 865 -1723073393
18.533 1194 -1723073393
18.560 1612 -1723073393
18.587 2137 -1723073393
18.613 2758 -1723073393
18.640 3490 -1723073393
18.667 4342 -1723073393
18.693 5323 -1723073393
18.720 6406 -1723073393
18.747 7576 -1723073393
18.773 8832 -1723073393
18.800 10079 -1723073393
18.827 11389 -1723073393
18.853 12688 -1723073393
18.880 13807 -1723073393
18.907 14914 -1723073393
18.933 15831 -1723073393
18.960 16465 -1723073393
18.987 17034 -1723073393
19.013 17259 -1723073393
19.040 17182 -1723073393
19.067 17014 -1723073393
19.093 16422 -1723073393
19.120 15625 -1723073393
19.147 14762 -1723073393
19.173 13522 -1723073393
19.200 12253 -1723073393
19.227 10949 -1723073393
19.253 9379 -1723073393
19.280 7930 -1723073393
19.307 6494 -1723073393
19.333 4965 -1723073393
19.360 3588 -1723073393
19.387 2251 -1723073393
19.413 972 -1723073393
19.440 -157 -1723073393
19.467 -1200 -1723073393
19.493 -2173 -1723073393
19.520 -3043 -1723073393
19.547 -3779 -1723073393
19.573 -4442 -1723073393
19.600 -5023 -1723073393
19.627 -5480 -1723073393
19.653 -5919 -1723073393
19.680 -6281 -1723073393
19.707 -6522 -1723073393
19.733 -6779 -1723073393
19.760 -6956 -1723073393
19.787 -7054 -1723073393
19.813 -7197 -1723073393
19.840 -7252 -1723073393
19.867 -7267 -1723073393
19.893 -7327 -1723073393
19.920 -7277 -1723073393
19.947 -7235 -1723073393
19.973 -7220 -1723073393
20.000 -7081 -1723073393
20.027 -6973 -1723073393
20.053 -6851 -1723073393
20.080 -6609 -1723073393
20.107 -6418 -1723073393
20.133 -6192 -1723073393
20.160 -5870 -1723073393
20.187 -5605 -1723073393
20.213 -5287 -1723073393
20.240 -4924 -1723073393
20.267 -4626 -1723073393
20.293 -4281 -1723073393
20.320 -3946 -1723073393
20.347 -3683 -1723073393
20.373 -3394 -1723073393
20.400 -3165 -1723073393
20.427 -3004 -1723073393
20.453 -2836 -1723073393
20.480 -2743 -1723073393
20.507 -2697 -1723073393
20.533 -2647 -1723073393
20.560 -2667 -1723073393
20.587 -2704 -1723073393
20.613 -2730 -1723073393
20.640 -2790 -1723073393
20.667 -2816 -1723073393
20.693 -2821 -1723073393
20.720 -2832 -1723073393
20.747 -2787 -1723073393
20.773 -2727 -1723073393
20.800 -2664 -1723073393
20.827 -2537 -1723073393
20.853 -2415 -1723073393
20.880 -2293 -1723073393
20.907 -2132 -1723073393
20.933 -2013 -1723073393
20.960 -1914 -1723073393
20.987 -1811 -1723073393
21.013 -1774 -1723073393
21.040 -1773 -1723073393
21.067 -1804 -1723073393
21.093 -1911 -1723073393
21.120 -2062 -1723073393
21.147 -2256 -1723073393
21.173 -2512 -1723073393
21.200 -2791 -1723073393
21.227 -3113 -1723073393
21.253 -3473 -1723073393
21.280 -3812 -1723073393
21.307 -4181 -1723073393
21.333 -4548 -1723073393
21.360 -4856 -1723073393
21.387 -5185 -1723073393
21.413 -5457 -1723073393
21.440 -5633 -1723073393
21.467 -5811 -1723073393
21.493 -5901 -1723073393
21.520 -5893 -1723073393
21.547 -5887 -1723073393
21.573 -5768 -1723073393
21.600 -5580 -1723073393
21.627 -5392 -1723073393
21.653 -5087 -1723073393
21.680 -4768 -1723073393
21.707 -4454 -1723073393
21.733 -4040 -1723073393
21.760 -3642 -1723073393
21.787 -3242 -1723073393
21.813 -2774 -1723073393
21.840 -2341 -1723073393
21.867 -1916 -1723073393
21.893 -1443 -1723073393
21.920 -997 -1723073393
21.947 -567 -1723073393
21.973 -122 -1723073393
22.000 281 -1723073393
22.027 673 -1723073393
22.053 1060 -1723073393
22.080 1403 -1723073393
22.107 1707 -1723073393
22.133 1993 -1723073393
22.160 2249 -1723073393
22.187 2454 -1723073393
22.213 2634 -1723073393
22.240 2777 -1723073393
22.267 2863 -1723073393
22.293 2937 -1723073393
22.320 2968 -1723073393
22.347 2938 -1723073393
22.373 2912 -1723073393
22.400 2855 -1723073393
22.427 2755 -1723073393
22.453 2671 -1723073393
22.480 2567 -1723073393
22.507 2449 -1723073393
22.533 2356 -1723073393
22.560 2249 -1723073393
22.587 2147 -1723073393
22.613 2073 -1723073393
22.640 1988 -1723073393
22.667 1917 -1723073393
22.693 1864 -1723073393
22.720 1801 -1723073393
22.747 1760 -1723073393
22.773 1731 -1723073393
22.800 1681 -1723073393
22.827 1639 -1723073393
22.853 1597 -1723073393
22.880 1538 -1723073393
22.907 1490 -1723073393
22.933 1441 -1723073393
22.960 1380 -1723073393
22.987 1331 -1723073393
23.013 1280 -1723073393
23.040 1227 -1723073393
23.067 1184 -1723073393
23.093 1140 -1723073393
23.120 1100 -1723073393
23.147 1075 -1723073393
23.173 1048 -1723073393
23.200 1024 -1723073393
23.227 1009 -1723073393
23.253 998 -1723073393
23.280 999 -1723073393
23.307 1016 -1723073393
23.333 1032 -1723073393
23.360 1056 -1723073393
23.387 1090 -1723073393
23.413 1118 -1723073393
23.440 1150 -1723073393
23.467 1184 -1723073393
23.493 1212 -1723073393
23.520 1259 -1723073393
23.547 1313 -1723073393
23.573 1368 -1723073393
23.600 1438 -1723073393
23.627 1505 -1723073393
23.653 1576 -1723073393
23.680 1659 -1723073393
23.707 1739 -1723073393
23.733 1831 -1723073393
23.760 1937 -1723073393
23.787 2034 -1723073393
23.813 2136 -1723073393
23.840 2239 -1723073393
23.867 2323 -1723073393
23.893 2421 -1723073393
23.920 2510 -1723073393
23.947 2557 -1723073393
23.973 2601 -1723073393
24.000 2623 -1723073393
24.027 2608 -1723073393
24.053 2596 -1723073393
24.080 2556 -1723073393
24.107 2483 -1723073393
24.133 2418 -1723073393
24.160 2317 -1723073393
24.187 2193 -1723073393
24.213 2078 -1723073393
24.240 1931 -1723073393
24.267 1777 -1723073393
24.293 1635 -1723073393
24.320 1465 -1723073393
24.347 1301 -1723073393
24.373 1152 -1723073393
24.400 990 -1723073393
24.427 843 -1723073393
24.453 718 -1723073393
24.480 596 -1723073393
24.507 485 -1723073393
24.533 384 -1723073393
24.560 283 -1723073393
24.587 188 -1723073393
24.613 108 -1723073393
24.640 35 -1723073393
24.667 -36 -1723073393
24.693 -94 -1723073393
24.720 -139 -1723073393
24.747 -177 -1723073393
24.773 -198 -1723073393
24.800 -210 -1723073393
24.827 -214 -1723073393
24.853 -188 -1723073393
24.880 -147 -1723073393
24.907 -95 -1723073393
24.933 -25 -1723073393
24.960 41 -1723073393
24.987 109 -1723073393
25.013 185 -1723073393
25.040 255 -1723073393
25.067 321 -1723073393
25.093 382 -1723073393
25.120 427 -1723073393
25.147 458 -1723073393
25.173 475 -1723073393
25.200 483 -1723073393
25.227 484 -1723073393
25.253 467 -1723073393
25.280 437 -1723073393
25.307 401 -1723073393
25.333 360 -1723073393
25.360 315 -1723073393
25.387 270 -1723073393
25.413 228 -1723073393
25.440 194 -1723073393
25.467 167 -1723073393
25.493 141 -1723073393
25.520 122 -1723073393
25.547 111 -1723073393
25.573 107 -1723073393
25.600 107 -1723073393
25.627 108 -1723073393
25.653 109 -1723073393
25.680 112 -1723073393
25.707 113 -1723073393
25.733 113 -1723073393
25.760 109 -1723073393
25.787 100 -1723073393
25.813 85 -1723073393
25.840 66 -1723073393
25.867 43 -1723073393
25.893 15 -1723073393
25.920 -17 -1723073393
25.947 -51 -1723073393
25.973 -92 -1723073393
26.000 -135 -1723073393
26.027 -176 -1723073393
26.053 -221 -1723073393
26.080 -267 -1723073393
26.107 -308 -1723073393
26.133 -352 -1723073393
26.160 -389 -1723073393
26.187 -418 -1723073393
26.213 -442 -1723073393
26.240 -454 -1723073393
26.267 -462 -1723073393
26.293 -468 -1723073393
26.320 -460 -1723073393
26.347 -448 -1723073393
26.373 -437 -1723073393
26.400 -417 -1723073393
26.427 -403 -1723073393
26.453 -394 -1723073393
26.480 -375 -1723073393
26.507 -365 -1723073393
26.533 -365 -1723073393
26.560 -362 -1723073393
26.587 -366 -1723073393
26.613 -367 -1723073393
26.640 -359 -1723073393
26.667 -349 -1723073393
26.693 -328 -1723073393
26.720 -298 -1723073393
26.747 -274 -1723073393
26.773 -246 -1723073393
26.800 -213 -1723073393
26.827 -182 -1723073393
26.853 -140 -1723073393
26.880 -100 -1723073393
26.907 -70 -1723073393
26.933 -31 -1723073393
26.960 8 -1723073393
26.987 34 -1723073393
27.013 62 -1723073393
27.040 85 -1723073393
27.067 93 -1723073393
27.093 99 -1723073393
27.120 93 -1723073393
27.147 78 -1723073393
27.173 59 -1723073393
27.200 24 -1723073393
27.227 -16 -1723073393
27.253 -52 -1723073393
27.280 -89 -1723073393
27.307 -128 -1723073393
27.333 -167 -1723073393
27.360 -210 -1723073393
27.387 -246 -1723073393
27.413 -268 -1723073393
27.440 -289 -1723073393
27.467 -297 -1723073393
27.493 -287 -1723073393
27.520 -278 -1723073393
27.547 -262 -1723073393
27.573 -244 -1723073393
27.600 -228 -1723073393
27.627 -203 -1723073393
27.653 -177 -1723073393
27.680 -159 -1723073393
27.707 -135 -1723073393
27.733 -114 -1723073393
27.760 -105 -1723073393
27.787 -92 -1723073393
27.813 -86 -1723073393
27.840 -93 -1723073393
27.867 -95 -1723073393
27.893 -97 -1723073393
27.920 -102 -1723073393
27.947 -98 -1723073393
27.973 -100 -1723073393
28.000 -106 -1723073393
28.027 -105 -1723073393
28.053 -106 -1723073393
28.080 -108 -1723073393
28.107 -103 -1723073393
28.133 -98 -1723073393
28.160 -90 -1723073393
28.187 -78 -1723073393
28.213 -75 -1723073393
28.240 -68 -1723073393
28.267 -54 -1723073393
28.293 -43 -1723073393
28.320 -27 -1723073393
28.347 -8 -1723073393
28.373 8 -1723073393
28.400 32 -1723073393
28.427 57 -1723073393
28.453 77 -1723073393
28.480 101 -1723073393
28.507 127 -1723073393
28.533 151 -1723073393
28.560 177 -1723073393
28.587 205 -1723073393
28.613 225 -1723073393
28.640 246 -1723073393
28.667 272 -1723073393
28.693 296 -1723073393
28.720 321 -1723073393
28.747 346 -1723073393
28.773 370 -1723073393
28.800 389 -1723073393
28.827 403 -1723073393
28.853 410 -1723073393
28.880 417 -1723073393
28.907 420 -1723073393
28.933 413 -1723073393
28.960 400 -1723073393
28.987 380 -1723073393
29.013 351 -1723073393
29.040 312 -1723073393
29.067 268 -1723073393
29.093 223 -1723073393
29.120 180 -1723073393
29.147 143 -1723073393
29.173 109 -1723073393
29.200 78 -1723073393
29.227 45 -1723073393
29.253 18 -1723073393
29.280 1 -1723073393
29.307 -19 -1723073393
29.333 -36 -1723073393
29.360 -42 -1723073393
29.387 -53 -1723073393
29.413 -64 -1723073393
29.440 -64 -1723073393
29.467 -60 -1723073393
29.493 -52 -1723073393
29.520 -38 -1723073393
29.547 -30 -1723073393
29.573 -21 -1723073393
29.600 -8 -1723073393
29.627 -2 -1723073393
29.653 4 -1723073393
29.680 16 -1723073393
29.707 22 -1723073393
29.733 30 -1723073393
29.760 38 -1723073393
29.787 37 -1723073393
29.813 40 -1723073393
29.840 48 -1723073393
29.867 51 -1723073393
29.893 60 -1723073393
29.920 69 -1723073393
29.947 77 -1723073393
29.973 89 -1723073393
30.000 95 -1723073393
30.027 97 -1723073393
30.053 101 -1723073393
30.080 101 -1723073393
30.107 99 -1723073393
30.133 102 -1723073393
30.160 99 -1723073393
30.187 95 -1723073393
30.213 102 -1723073393
30.240 106 -1723073393
30.267 110 -1723073393
30.293 124 -1723073393
30.320 136 -1723073393
30.347 152 -1723073393
30.373 178 -1723073393
30.400 203 -1723073393
30.427 234 -1723073393
30.453 280 -1723073393
30.480 319 -1723073393
30.507 352 -1723073393
30.533 391 -1723073393
30.560 426 -1723073393
30.587 455 -1723073393
30.613 476 -1723073393
30.640 488 -1723073393
30.667 491 -1723073393
30.693 478 -1723073393
30.720 451 -1723073393
30.747 417 -1723073393
30.773 364 -1723073393
30.800 298 -1723073393
30.827 225 -1723073393
30.853 144 -1723073393
30.880 55 -1723073393
30.907 -33 -1723073393
30.933 -118 -1723073393
30.960 -200 -1723073393
30.987 -269 -1723073393
31.013 -314 -1723073393
31.040 -349 -1723073393
31.067 -369 -1723073393
31.093 -366 -1723073393
31.120 -355 -1723073393
31.147 -331 -1723073393
31.173 -281 -1723073393
31.200 -230 -1723073393
31.227 -174 -1723073393
31.253 -100 -1723073393
31.280 -38 -1723073393
31.307 11 -1723073393
31.333 62 -1723073393
31.360 101 -1723073393
31.387 129 -1723073393
31.413 160 -1723073393
31.440 178 -1723073393
31.467 187 -1723073393
31.493 195 -1723073393
31.520 192 -1723073393
31.547 178 -1723073393
31.573 166 -1723073393
31.600 148 -1723073393
31.627 129 -1723073393
31.653 110 -1723073393
31.680 85 -1723073393
31.707 60 -1723073393
31.733 43 -1723073393
31.760 30 -1723073393
31.787 26 -1723073393
31.813 27 -1723073393
31.840 18 -1723073393
31.867 9 -1723073393
31.893 5 -1723073393
31.920 -1 -1723073393
31.947 -3 -1723073393
31.973 1 -1723073393
32.000 1 -1723073393
32.027 7 -1723073393
32.053 25 -1723073393
32.080 35 -1723073393
32.107 46 -1723073393
32.133 62 -1723073393
32.160 75 -1723073393
32.187 92 -1723073393
32.213 115 -1723073393
32.240 138 -1723073393
32.267 166 -1723073393
32.293 199 -1723073393
32.320 230 -1723073393
32.347 260 -1723073393
32.373 290 -1723073393
32.400 312 -1723073393
32.427 326 -1723073393
32.453 333 -1723073393
32.480 330 -1723073393
32.507 318 -1723073393
32.533 295 -1723073393
32.560 258 -1723073393
32.587 204 -1723073393
32.613 139 -1723073393
32.640 70 -1723073393
32.667 -3 -1723073393
32.693 -79 -1723073393
32.720 -151 -1723073393
32.747 -206 -1723073393
32.773 -252 -1723073393
32.800 -294 -1723073393
32.827 -312 -1723073393
32.853 -313 -1723073393
32.880 -309 -1723073393
32.907 -279 -1723073393
32.933 -230 -1723073393
32.960 -187 -1723073393
32.987 -129 -1723073393
33.013 -64 -1723073393
33.040 -10 -1723073393
33.067 50 -1723073393
33.093 112 -1723073393
33.120 157 -1723073393
33.147 197 -1723073393
33.173 229 -1723073393
33.200 247 -1723073393
33.227 256 -1723073393
33.253 257 -1723073393
33.280 246 -1723073393
33.307 229 -1723073393
33.333 206 -1723073393
33.360 175 -1723073393
33.387 141 -1723073393
33.413 104 -1723073393
33.440 65 -1723073393
33.467 31 -1723073393
33.493 0 -1723073393
33.520 -26 -1723073393
33.547 -38 -1723073393
33.573 -45 -1723073393
33.600 -51 -1723073393
33.627 -51 -1723073393
33.653 -49 -1723073393
33.680 -46 -1723073393
33.707 -32 -1723073393
33.733 -13 -1723073393
33.760 0 -1723073393
33.787 24 -1723073393
33.813 53 -1723073393
33.840 73 -1723073393
33.867 97 -1723073393
33.893 125 -1723073393
33.920 151 -1723073393
33.947 186 -1723073393
33.973 227 -1723073393
34.000 269 -1723073393
34.027 323 -1723073393
34.053 380 -1723073393
34.080 432 -1723073393
34.107 487 -1723073393
34.133 539 -1723073393
34.160 581 -1723073393
34.187 612 -1723073393
34.213 630 -1723073393
34.240 634 -1723073393
34.267 621 -1723073393
34.293 595 -1723073393
34.320 559 -1723073393
34.347 501 -1723073393
34.373 429 -1723073393
34.400 349 -1723073393
34.427 260 -1723073393
34.453 168 -1723073393
34.480 83 -1723073393
34.507 7 -1723073393
34.533 -60 -1723073393
34.560 -117 -1723073393
34.587 -152 -1723073393
34.613 -169 -1723073393
34.640 -174 -1723073393
34.667 -155 -1723073393
34.693 -115 -1723073393
34.720 -76 -1723073393
34.747 -21 -1723073393
34.773 51 -1723073393
34.800 115 -1723073393
34.827 175 -1723073393
34.853 237 -1723073393
34.880 284 -1723073393
34.907 318 -1723073393
34.933 346 -1723073393
34.960 358 -1723073393
34.987 349 -1723073393
35.013 328 -1723073393
35.040 295 -1723073393
35.067 249 -1723073393
35.093 199 -1723073393
35.120 147 -1723073393
35.147 98 -1723073393
35.173 49 -1723073393
35.200 -1 -1723073393
35.227 -39 -1723073393
35.253 -60 -1723073393
35.280 -81 -1723073393
35.307 -88 -1723073393
35.333 -73 -1723073393
35.360 -57 -1723073393
35.387 -30 -1723073393
35.413 13 -1723073393
35.440 47 -1723073393
35.467 77 -1723073393
35.493 120 -1723073393
35.520 157 -1723073393
35.547 187 -1723073393
35.573 222 -1723073393
35.600 254 -1723073393
35.627 280 -1723073393
35.653 306 -1723073393
35.680 331 -1723073393
35.707 355 -1723073393
35.733 380 -1723073393
35.760 405 -1723073393
35.787 424 -1723073393
35.813 435 -1723073393
35.840 451 -1723073393
35.867 467 -1723073393
35.893 476 -1723073393
35.920 482 -1723073393
35.947 480 -1723073393
35.973 467 -1723073393
36.000 449 -1723073393
36.027 420 -1723073393
36.053 380 -1723073393
36.080 338 -1723073393
36.107 292 -1723073393
36.133 234 -1723073393
36.160 172 -1723073393
36.187 106 -1723073393
36.213 44 -1723073393
36.240 -13 -1723073393
36.267 -65 -1723073393
36.293 -103 -1723073393
36.320 -140 -1723073393
36.347 -167 -1723073393
36.373 -170 -1723073393
36.400 -163 -1723073393
36.427 -155 -1723073393
36.453 -125 -1723073393
36.480 -89 -1723073393
36.507 -55 -1723073393
36.533 -4 -1723073393
36.560 51 -1723073393
36.587 98 -1723073393
36.613 152 -1723073393
36.640 204 -1723073393
36.667 240 -1723073393
36.693 272 -1723073393
36.720 302 -1723073393
36.747 320 -1723073393
36.773 328 -1723073393
36.800 326 -1723073393
36.827 309 -1723073393
36.853 289 -1723073393
36.880 273 -1723073393
36.907 250 -1723073393
36.933 221 -1723073393
36.960 192 -1723073393
36.987 165 -1723073393
37.013 146 -1723073393
37.040 133 -1723073393
37.067 119 -1723073393
37.093 109 -1723073393
37.120 108 -1723073393
37.147 108 -1723073393
37.173 116 -1723073393
37.200 133 -1723073393
37.227 151 -1723073393
37.253 172 -1723073393
37.280 198 -1723073393
37.307 217 -1723073393
37.333 235 -1723073393
37.360 255 -1723073393
37.387 267 -1723073393
37.413 279 -1723073393
37.440 299 -1723073393
37.467 320 -1723073393
37.493 341 -1723073393
37.520 364 -1723073393
37.547 382 -1723073393
37.573 394 -1723073393
37.600 403 -1723073393
37.627 412 -1723073393
37.653 424 -1723073393
37.680 431 -1723073393
37.707 435 -1723073393
37.733 437 -1723073393
37.760 428 -1723073393
37.787 414 -1723073393
37.813 399 -1723073393
37.840 379 -1723073393
37.867 353 -1723073393
37.893 323 -1723073393
37.920 288 -1723073393
37.947 251 -1723073393
37.973 213 -1723073393
38.000 172 -1723073393
38.027 130 -1723073393
38.053 91 -1723073393
38.080 59 -1723073393
38.107 31 -1723073393
38.133 11 -1723073393
38.160 8 -1723073393
38.187 19 -1723073393
38.213 35 -1723073393
38.240 62 -1723073393
38.267 98 -1723073393
38.293 132 -1723073393
38.320 172 -1723073393
38.347 212 -1723073393
38.373 241 -1723073393
38.400 266 -1723073393
38.427 291 -1723073393
38.453 310 -1723073393
38.480 317 -1723073393
38.507 312 -1723073393
38.533 301 -1723073393
38.560 279 -1723073393
38.587 247 -1723073393
38.613 207 -1723073393
38.640 163 -1723073393
38.667 120 -1723073393
38.693 77 -1723073393
38.720 40 -1723073393
38.747 9 -1723073393
38.773 -19 -1723073393
38.800 -41 -1723073393
38.827 -50 -1723073393
38.853 -54 -1723073393
38.880 -52 -1723073393
38.907 -35 -1723073393
38.933 -21 -1723073393
38.960 -4 -1723073393
38.987 29 -1723073393
39.013 58 -1723073393
39.040 79 -1723073393
39.067 105 -1723073393
39.093 125 -1723073393
39.120 139 -1723073393
39.147 157 -1723073393
39.173 172 -1723073393
39.200 181 -1723073393
39.227 193 -1723073393
39.253 204 -1723073393
39.280 209 -1723073393
39.307 215 -1723073393
39.333 220 -1723073393
39.360 223 -1723073393
39.387 236 -1723073393
39.413 250 -1723073393
39.440 260 -1723073393
39.467 271 -1723073393
39.493 286 -1723073393
39.520 294 -1723073393
39.547 299 -1723073393
39.573 301 -1723073393
39.600 298 -1723073393
39.627 292 -1723073393
39.653 283 -1723073393
39.680 269 -1723073393
39.707 248 -1723073393
39.733 227 -1723073393
39.760 209 -1723073393
39.787 190 -1723073393
39.813 171 -1723073393
39.840 154 -1723073393
39.867 138 -1723073393
39.893 128 -1723073393
39.920 118 -1723073393
39.947 112 -1723073393
39.973 110 -1723073393
40.000 107 -1723073393
40.027 104 -1723073393
40.053 109 -1723073393
40.080 113 -1723073393
40.107 113 -1723073393
40.133 114 -1723073393
40.160 110 -1723073393
40.187 100 -1723073393
40.213 89 -1723073393
40.240 75 -1723073393
40.267 55 -1723073393
40.293 40 -1723073393
40.320 26 -1723073393
40.347 12 -1723073393
40.373 5 -1723073393
40.400 2 -1723073393
40.427 -6 -1723073393
40.453 -10 -1723073393
40.480 -4 -1723073393
40.507 -3 -1723073393
40.533 -1 -1723073393
40.560 10 -1723073393
40.587 21 -1723073393
40.613 35 -1723073393
40.640 63 -1723073393
40.667 87 -1723073393
40.693 106 -1723073393
40.720 134 -1723073393
40.747 155 -1723073393
40.773 164 -1723073393
40.800 180 -1723073393
40.827 195 -1723073393
40.853 208 -1723073393
40.880 225 -1723073393
40.907 237 -1723073393
40.933 241 -1723073393
40.960 247 -1723073393
40.987 248 -1723073393
41.013 240 -1723073393
41.040 236 -1723073393
41.067 240 -1723073393
41.093 243 -1723073393
41.120 246 -1723073393
41.147 255 -1723073393
41.173 263 -1723073393
41.200 268 -1723073393
41.227 276 -1723073393
41.253 280 -1723073393
41.280 279 -1723073393
41.307 275 -1723073393
41.333 267 -1723073393
41.360 253 -1723073393
41.387 236 -1723073393
41.413 214 -1723073393
41.440 184 -1723073393
41.467 155 -1723073393
41.493 129 -1723073393
41.520 104 -1723073393
41.547 85 -1723073393
41.573 70 -1723073393
41.600 56 -1723073393
41.627 51 -1723073393
41.653 47 -1723073393
41.680 40 -1723073393
41.707 44 -1723073393
41.733 55 -1723073393
41.760 53 -1723073393
41.787 55 -1723073393
41.813 62 -1723073393
41.840 65 -1723073393
41.867 71 -1723073393
41.893 78 -1723073393
41.920 69 -1723073393
41.947 54 -1723073393
41.973 41 -1723073393
42.000 23 -1723073393
42.027 6 -1723073393
42.053 -3 -1723073393
42.080 -17 -1723073393
42.107 -34 -1723073393
42.133 -41 -1723073393
42.160 -51 -1723073393
42.187 -64 -1723073393
42.213 -67 -1723073393
42.240 -69 -1723073393
42.267 -70 -1723073393
42.293 -56 -1723073393
42.320 -42 -1723073393
42.347 -36 -1723073393
42.373 -14 -1723073393
42.400 14 -1723073393
42.427 35 -1723073393
42.453 60 -1723073393
42.480 91 -1723073393
42.507 112 -1723073393
42.533 133 -1723073393
42.560 159 -1723073393
42.587 177 -1723073393
42.613 189 -1723073393
42.640 199 -1723073393
42.667 198 -1723073393
42.693 187 -1723073393
42.720 174 -1723073393
42.747 157 -1723073393
42.773 135 -1723073393
42.800 114 -1723073393
42.827 92 -1723073393
42.853 68 -1723073393
42.880 49 -1723073393
42.907 31 -1723073393
42.933 10 -1723073393
42.960 1 -1723073393
42.987 0 -1723073393
43.013 -5 -1723073393
43.040 1 -1723073393
43.067 14 -1723073393
43.093 15 -1723073393
43.120 16 -1723073393
43.147 25 -1723073393
43.173 26 -1723073393
43.200 28 -1723073393
43.227 39 -1723073393
43.253 44 -1723073393
43.280 48 -1723073393
43.307 57 -1723073393
43.333 64 -1723073393
43.360 66 -1723073393
43.387 75 -1723073393
43.413 79 -1723073393
43.440 80 -1723073393
43.467 88 -1723073393
43.493 92 -1723073393
43.520 88 -1723073393
43.547 82 -1723073393
43.573 74 -1723073393
43.600 59 -1723073393
43.627 50 -1723073393
43.653 39 -1723073393
43.680 18 -1723073393
43.707 -1 -1723073393
43.733 -17 -1723073393
43.760 -44 -1723073393
43.787 -74 -1723073393
43.813 -100 -1723073393
43.840 -134 -1723073393
43.867 -167 -1723073393
43.893 -186 -1723073393
43.920 -205 -1723073393
43.947 -222 -1723073393
43.973 -222 -1723073393
44.000 -220 -1723073393
44.027 -220 -1723073393
44.053 -197 -1723073393
44.080 -172 -1723073393
44.107 -158 -1723073393
44.133 -125 -1723073393
44.160 -85 -1723073393
44.187 -60 -1723073393
44.213 -32 -1723073393
44.240 1 -1723073393
44.267 22 -1723073393
44.293 37 -1723073393
44.320 55 -1723073393
44.347 58 -1723073393
44.373 58 -1723073393
44.400 64 -1723073393
44.427 59 -1723073393
44.453 48 -1723073393
44.480 42 -1723073393
44.507 29 -1723073393
44.533 10 -1723073393
44.560 5 -1723073393
44.587 2 -1723073393
44.613 -2 -1723073393
44.640 6 -1723073393
44.667 18 -1723073393
44.693 25 -1723073393
44.720 43 -1723073393
44.747 64 -1723073393
44.773 75 -1723073393
44.800 90 -1723073393
44.827 112 -1723073393
44.853 126 -1723073393
44.880 134 -1723073393
44.907 146 -1723073393
44.933 154 -1723073393
44.960 159 -1723073393
44.987 173 -1723073393
45.013 187 -1723073393
45.040 191 -1723073393
45.067 196 -1723073393
45.093 197 -1723073393
45.120 196 -1723073393
45.147 203 -1723073393
45.173 205 -1723073393
45.200 198 -1723073393
45.227 190 -1723073393
45.253 181 -1723073393
45.280 163 -1723073393
45.307 148 -1723073393
45.333 138 -1723073393
45.360 124 -1723073393
45.387 108 -1723073393
45.413 94 -1723073393
45.440 78 -1723073393
45.467 57 -1723073393
45.493 31 -1723073393
45.520 -2 -1723073393
45.547 -36 -1723073393
45.573 -60 -1723073393
45.600 -86 -1723073393
45.627 -110 -1723073393
45.653 -117 -1723073393
45.680 -124 -1723073393
45.707 -138 -1723073393
45.733 -136 -1723073393
45.760 -124 -1723073393
45.787 -113 -1723073393
45.813 -87 -1723073393
45.840 -51 -1723073393
45.867 -23 -1723073393
45.893 13 -1723073393
45.920 59 -1723073393
45.947 90 -1723073393
45.973 120 -1723073393
46.000 159 -1723073393
46.027 188 -1723073393
46.053 207 -1723073393
46.080 228 -1723073393
46.107 241 -1723073393
46.133 246 -1723073393
46.160 248 -1723073393
46.187 245 -1723073393
46.213 236 -1723073393
46.240 221 -1723073393
46.267 200 -1723073393
46.293 175 -1723073393
46.320 155 -1723073393
46.347 141 -1723073393
46.373 127 -1723073393
46.400 111 -1723073393
46.427 102 -1723073393
46.453 93 -1723073393
46.480 82 -1723073393
46.507 77 -1723073393
46.533 73 -1723073393
46.560 71 -1723073393
46.587 84 -1723073393
46.613 100 -1723073393
46.640 111 -1723073393
46.667 128 -1723073393
46.693 147 -1723073393
46.720 164 -1723073393
46.747 190 -1723073393
46.773 217 -1723073393
46.800 231 -1723073393
46.827 243 -1723073393
46.853 256 -1723073393
46.880 261 -1723073393
46.907 263 -1723073393
46.933 264 -1723073393
46.960 258 -1723073393
46.987 248 -1723073393
47.013 231 -1723073393
47.040 209 -1723073393
47.067 187 -1723073393
47.093 166 -1723073393
47.120 140 -1723073393
47.147 106 -1723073393
47.173 76 -1723073393
47.200 42 -1723073393
47.227 8 -1723073393
47.253 -16 -1723073393
47.280 -34 -1723073393
47.307 -54 -1723073393
47.333 -67 -1723073393
47.360 -71 -1723073393
47.387 -76 -1723073393
47.413 -73 -1723073393
47.440 -53 -1723073393
47.467 -33 -1723073393
47.493 -12 -1723073393
47.520 25 -1723073393
47.547 62 -1723073393
47.573 90 -1723073393
47.600 124 -1723073393
47.627 156 -1723073393
47.653 179 -1723073393
47.680 205 -1723073393
47.707 231 -1723073393
47.733 244 -1723073393
47.760 258 -1723073393
47.787 275 -1723073393
47.813 287 -1723073393
47.840 295 -1723073393
47.867 301 -1723073393
47.893 300 -1723073393
47.920 295 -1723073393
47.947 285 -1723073393
47.973 271 -1723073393
48.000 257 -1723073393
48.027 243 -1723073393
48.053 226 -1723073393
48.080 204 -1723073393
48.107 187 -1723073393
48.133 172 -1723073393
48.160 159 -1723073393
48.187 152 -1723073393
48.213 148 -1723073393
48.240 148 -1723073393
48.267 152 -1723073393
48.293 164 -1723073393
48.320 174 -1723073393
48.347 190 -1723073393
48.373 216 -1723073393
48.400 240 -1723073393
48.427 262 -1723073393
48.453 289 -1723073393
48.480 314 -1723073393
48.507 336 -1723073393
48.533 361 -1723073393
48.560 391 -1723073393
48.587 420 -1723073393
48.613 446 -1723073393
48.640 467 -1723073393
48.667 484 -1723073393
48.693 496 -1723073393
48.720 498 -1723073393
48.747 500 -1723073393
48.773 504 -1723073393
48.800 498 -1723073393
48.827 490 -1723073393
48.853 486 -1723073393
48.880 471 -1723073393
48.907 453 -1723073393
48.933 440 -1723073393
48.960 422 -1723073393
48.987 398 -1723073393
49.013 379 -1723073393
49.040 365 -1723073393
49.067 347 -1723073393
49.093 331 -1723073393
49.120 320 -1723073393
49.147 310 -1723073393
49.173 301 -1723073393
49.200 298 -1723073393
49.227 295 -1723073393
49.253 294 -1723073393
49.280 298 -1723073393
49.307 304 -1723073393
49.333 305 -1723073393
49.360 309 -1723073393
49.387 317 -1723073393
49.413 320 -1723073393
49.440 323 -1723073393
49.467 328 -1723073393
49.493 335 -1723073393
49.520 340 -1723073393
49.547 348 -1723073393
49.573 353 -1723073393
49.600 352 -1723073393
49.627 356 -1723073393
49.653 362 -1723073393
49.680 359 -1723073393
49.707 355 -1723073393
49.733 349 -1723073393
49.760 342 -1723073393
49.787 333 -1723073393
49.813 322 -1723073393
49.840 307 -1723073393
49.867 288 -1723073393
49.893 276 -1723073393
49.920 269 -1723073393
49.947 260 -1723073393
49.973 252 -1723073393
50.000 245 -1723073393
50.027 237 -1723073393
50.053 229 -1723073393
50.080 226 -1723073393
50.107 219 -1723073393
50.133 212 -1723073393
50.160 209 -1723073393
50.187 207 -1723073393
50.213 207 -1723073393
50.240 215 -1723073393
50.267 224 -1723073393
50.293 228 -1723073393
50.320 234 -1723073393
50.347 241 -1723073393
50.373 241 -1723073393
50.400 242 -1723073393
50.427 248 -1723073393
50.453 244 -1723073393
50.480 229 -1723073393
50.507 210 -1723073393
50.533 187 -1723073393
50.560 160 -1723073393
50.587 128 -1723073393
50.613 92 -1723073393
50.640 57 -1723073393
50.667 28 -1723073393
50.693 0 -1723073393
50.720 -36 -1723073393
50.747 -71 -1723073393
50.773 -108 -1723073393
50.800 -150 -1723073393
50.827 -182 -1723073393
50.853 -195 -1723073393
50.880 -210 -1723073393
50.907 -225 -1723073393
50.933 -222 -1723073393
50.960 -217 -1723073393
50.987 -219 -1723073393
51.013 -211 -1723073393
51.040 -196 -1723073393
51.067 -188 -1723073393
51.093 -173 -1723073393
51.120 -149 -1723073393
51.147 -136 -1723073393
51.173 -127 -1723073393
51.200 -108 -1723073393
51.227 -94 -1723073393
51.253 -85 -1723073393
51.280 -68 -1723073393
51.307 -55 -1723073393
51.333 -51 -1723073393
51.360 -40 -1723073393
51.387 -27 -1723073393
51.413 -25 -1723073393
51.440 -18 -1723073393
51.467 -4 -1723073393
51.493 -1 -1723073393
51.520 8 -1723073393
51.547 31 -1723073393
51.573 43 -1723073393
51.600 52 -1723073393
51.627 69 -1723073393
51.653 78 -1723073393
51.680 83 -1723073393
51.707 101 -1723073393
51.733 117 -1723073393
51.760 126 -1723073393
51.787 141 -1723073393
51.813 160 -1723073393
51.840 171 -1723073393
51.867 183 -1723073393
51.893 198 -1723073393
51.920 206 -1723073393
51.947 214 -1723073393
51.973 222 -1723073393
52.000 225 -1723073393
52.027 221 -1723073393
52.053 218 -1723073393
52.080 212 -1723073393
52.107 201 -1723073393
52.133 192 -1723073393
52.160 189 -1723073393
52.187 187 -1723073393
52.213 191 -1723073393
52.240 197 -1723073393
52.267 202 -1723073393
52.293 207 -1723073393
52.320 215 -1723073393
52.347 225 -1723073393
52.373 231 -1723073393
52.400 236 -1723073393
52.427 236 -1723073393
52.453 231 -1723073393
52.480 222 -1723073393
52.507 209 -1723073393
52.533 192 -1723073393
52.560 179 -1723073393
52.587 163 -1723073393
52.613 147 -1723073393
52.640 136 -1723073393
52.667 127 -1723073393
52.693 117 -1723073393
52.720 107 -1723073393
52.747 101 -1723073393
52.773 96 -1723073393
52.800 92 -1723073393
52.827 98 -1723073393
52.853 108 -1723073393
52.880 113 -1723073393
52.907 122 -1723073393
52.933 131 -1723073393
52.960 134 -1723073393
52.987 136 -1723073393
53.013 139 -1723073393
53.040 137 -1723073393
53.067 137 -1723073393
53.093 146 -1723073393
53.120 155 -1723073393
53.147 155 -1723073393
53.173 157 -1723073393
53.200 161 -1723073393
53.227 159 -1723073393
53.253 161 -1723073393
53.280 168 -1723073393
53.307 169 -1723073393
53.333 171 -1723073393
53.360 181 -1723073393
53.387 189 -1723073393
53.413 199 -1723073393
53.440 211 -1723073393
53.467 215 -1723073393
53.493 215 -1723073393
53.520 216 -1723073393
53.547 215 -1723073393
53.573 210 -1723073393
53.600 210 -1723073393
53.627 209 -1723073393
53.653 204 -1723073393
53.680 198 -1723073393
53.707 196 -1723073393
53.733 194 -1723073393
53.760 197 -1723073393
53.787 205 -1723073393
53.813 208 -1723073393
53.840 209 -1723073393
53.867 213 -1723073393
53.893 217 -1723073393
53.920 221 -1723073393
53.947 224 -1723073393
53.973 224 -1723073393
54.000 222 -1723073393
54.027 221 -1723073393
54.053 216 -1723073393
54.080 206 -1723073393
54.107 193 -1723073393
54.133 180 -1723073393
54.160 167 -1723073393
54.187 154 -1723073393
54.213 140 -1723073393
54.240 122 -1723073393
54.267 99 -1723073393
54.293 73 -1723073393
54.320 49 -1723073393
54.347 24 -1723073393
54.373 1 -1723073393
54.400 -19 -1723073393
54.427 -46 -1723073393
54.453 -70 -1723073393
54.480 -82 -1723073393
54.507 -96 -1723073393
54.533 -108 -1723073393
54.560 -106 -1723073393
54.587 -101 -1723073393
54.613 -104 -1723073393
54.640 -99 -1723073393
54.667 -89 -1723073393
54.693 -85 -1723073393
54.720 -77 -1723073393
54.747 -62 -1723073393
54.773 -57 -1723073393
54.800 -52 -1723073393
54.827 -39 -1723073393
54.853 -30 -1723073393
54.880 -23 -1723073393
54.907 -2 -1723073393
54.933 19 -1723073393
54.960 33 -1723073393
54.987 51 -1723073393
55.013 69 -1723073393
55.040 80 -1723073393
55.067 92 -1723073393
55.093 111 -1723073393
55.120 130 -1723073393
55.147 151 -1723073393
55.173 173 -1723073393
55.200 194 -1723073393
55.227 213 -1723073393
55.253 240 -1723073393
55.280 268 -1723073393
55.307 293 -1723073393
55.333 320 -1723073393
55.360 345 -1723073393
55.387 369 -1723073393
55.413 393 -1723073393
55.440 415 -1723073393
55.467 430 -1723073393
55.493 445 -1723073393
55.520 459 -1723073393
55.547 471 -1723073393
55.573 489 -1723073393
55.600 507 -1723073393
55.627 518 -1723073393
55.653 526 -1723073393
55.680 531 -1723073393
55.707 530 -1723073393
55.733 530 -1723073393
55.760 535 -1723073393
55.787 539 -1723073393
55.813 544 -1723073393
55.840 552 -1723073393
55.867 553 -1723073393
55.893 550 -1723073393
55.920 549 -1723073393
55.947 547 -1723073393
55.973 539 -1723073393
56.000 535 -1723073393
56.027 532 -1723073393
56.053 524 -1723073393
56.080 515 -1723073393
56.107 503 -1723073393
56.133 482 -1723073393
56.160 459 -1723073393
56.187 441 -1723073393
56.213 417 -1723073393
56.240 391 -1723073393
56.267 372 -1723073393
56.293 351 -1723073393
56.320 323 -1723073393
56.347 297 -1723073393
56.373 273 -1723073393
56.400 249 -1723073393
56.427 226 -1723073393
56.453 207 -1723073393
56.480 190 -1723073393
56.507 172 -1723073393
56.533 154 -1723073393
56.560 138 -1723073393
56.587 117 -1723073393
56.613 95 -1723073393
56.640 78 -1723073393
56.667 62 -1723073393
56.693 47 -1723073393
56.720 41 -1723073393
56.747 42 -1723073393
56.773 37 -1723073393
56.800 29 -1723073393
56.827 29 -1723073393
56.853 27 -1723073393
56.880 18 -1723073393
56.907 14 -1723073393
56.933 8 -1723073393
56.960 -4 -1723073393
56.987 -13 -1723073393
57.013 -19 -1723073393
57.040 -26 -1723073393
57.067 -31 -1723073393
57.093 -26 -1723073393
57.120 -27 -1723073393
57.147 -29 -1723073393
57.173 -22 -1723073393
57.200 -14 -1723073393
57.227 -12 -1723073393
57.253 -1 -1723073393
57.280 15 -1723073393
57.307 23 -1723073393
57.333 31 -1723073393
57.360 46 -1723073393
57.387 53 -1723073393
57.413 55 -1723073393
57.440 63 -1723073393
57.467 69 -1723073393
57.493 73 -1723073393
57.520 85 -1723073393
57.547 98 -1723073393
57.573 107 -1723073393
57.600 117 -1723073393
57.627 129 -1723073393
57.653 137 -1723073393
57.680 143 -1723073393
57.707 152 -1723073393
57.733 157 -1723073393
57.760 167 -1723073393
57.787 185 -1723073393
57.813 201 -1723073393
57.840 217 -1723073393
57.867 238 -1723073393
57.893 259 -1723073393
57.920 278 -1723073393
57.947 300 -1723073393
57.973 325 -1723073393
58.000 347 -1723073393
58.027 367 -1723073393
58.053 387 -1723073393
58.080 404 -1723073393
58.107 421 -1723073393
58.133 436 -1723073393
58.160 442 -1723073393
58.187 446 -1723073393
58.213 453 -1723073393
58.240 452 -1723073393
58.267 443 -1723073393
58.293 438 -1723073393
58.320 431 -1723073393
58.347 420 -1723073393
58.373 412 -1723073393
58.400 404 -1723073393
58.427 394 -1723073393
58.453 391 -1723073393
58.480 393 -1723073393
58.507 389 -1723073393
58.533 384 -1723073393
58.560 391 -1723073393
58.587 400 -1723073393
58.613 409 -1723073393
58.640 425 -1723073393
58.667 444 -1723073393
58.693 456 -1723073393
58.720 470 -1723073393
58.747 485 -1723073393
58.773 498 -1723073393
58.800 512 -1723073393
58.827 528 -1723073393
58.853 539 -1723073393
58.880 548 -1723073393
58.907 561 -1723073393
58.933 572 -1723073393
58.960 582 -1723073393
58.987 594 -1723073393
59.013 600 -1723073393
59.040 599 -1723073393
59.067 601 -1723073393
59.093 604 -1723073393
59.120 601 -1723073393
59.147 599 -1723073393
59.173 599 -1723073393
59.200 591 -1723073393
59.227 582 -1723073393
59.253 578 -1723073393
59.280 570 -1723073393
59.307 553 -1723073393
59.333 542 -1723073393
59.360 532 -1723073393
59.387 513 -1723073393
59.413 495 -1723073393
59.440 479 -1723073393
59.467 464 -1723073393
59.493 453 -1723073393
59.520 449 -1723073393
59.547 446 -1723073393
59.573 443 -1723073393
59.600 443 -1723073393
59.627 447 -1723073393
59.653 454 -1723073393
59.680 462 -1723073393
59.707 470 -1723073393
59.733 476 -1723073393
59.760 476 -1723073393
59.787 468 -1723073393
59.813 455 -1723073393
59.840 438 -1723073393
59.867 423 -1723073393
59.893 404 -1723073393
59.920 374 -1723073393
59.947 339 -1723073393
59.973 303 -1723073393
60.000 264 -1723073393
60.027 218 -1723073393
60.053 174 -1723073393
60.080 138 -1723073393
60.107 98 -1723073393
60.133 57 -1723073393
60.160 27 -1723073393
60.187 -1 -1723073393
60.213 -33 -1723073393
60.240 -53 -1723073393
60.267 -62 -1723073393
60.293 -72 -1723073393
60.320 -80 -1723073393
60.347 -74 -1723073393
60.373 -71 -1723073393
60.400 -72 -1723073393
60.427 -62 -1723073393
60.453 -49 -1723073393
60.480 -43 -1723073393
60.507 -31 -1723073393
60.533 -14 -1723073393
60.560 -6 -1723073393
60.587 -1 -1723073393
60.613 10 -1723073393
60.640 16 -1723073393
60.667 14 -1723073393
60.693 19 -1723073393
60.720 25 -1723073393
60.747 23 -1723073393
60.773 24 -1723073393
60.800 28 -1723073393
60.827 19 -1723073393
60.853 6 -1723073393
60.880 -1 -1723073393
60.907 -17 -1723073393
60.933 -39 -1723073393
60.960 -56 -1723073393
60.987 -75 -1723073393
61.013 -99 -1723073393
61.040 -117 -1723073393
61.067 -132 -1723073393
61.093 -160 -1723073393
61.120 -186 -1723073393
61.147 -201 -1723073393
61.173 -220 -1723073393
61.200 -237 -1723073393
61.227 -240 -1723073393
61.253 -246 -1723073393
61.280 -259 -1723073393
61.307 -259 -1723073393
61.333 -253 -1723073393
61.360 -256 -1723073393
61.387 -249 -1723073393
61.413 -225 -1723073393
61.440 -208 -1723073393
61.467 -201 -1723073393
61.493 -184 -1723073393
61.520 -172 -1723073393
61.547 -175 -1723073393
61.573 -169 -1723073393
61.600 -155 -1723073393
61.627 -156 -1723073393
61.653 -163 -1723073393
61.680 -168 -1723073393
61.707 -184 -1723073393
61.733 -205 -1723073393
61.760 -214 -1723073393
61.787 -231 -1723073393
61.813 -259 -1723073393
61.840 -275 -1723073393
61.867 -287 -1723073393
61.893 -311 -1723073393
61.920 -332 -1723073393
61.947 -337 -1723073393
61.973 -349 -1723073393
62.000 -358 -1723073393
62.027 -344 -1723073393
62.053 -329 -1723073393
62.080 -321 -1723073393
62.107 -294 -1723073393
62.133 -262 -1723073393
62.160 -243 -1723073393
62.187 -215 -1723073393
62.213 -177 -1723073393
62.240 -151 -1723073393
62.267 -127 -1723073393
62.293 -89 -1723073393
62.320 -61 -1723073393
62.347 -48 -1723073393
62.373 -27 -1723073393
62.400 -6 -1723073393
62.427 0 -1723073393
62.453 6 -1723073393
62.480 15 -1723073393
62.507 6 -1723073393
62.533 -11 -1723073393
62.560 -25 -1723073393
62.587 -42 -1723073393
62.613 -67 -1723073393
62.640 -87 -1723073393
62.667 -110 -1723073393
62.693 -141 -1723073393
62.720 -166 -1723073393
62.747 -183 -1723073393
62.773 -208 -1723073393
62.800 -231 -1723073393
62.827 -241 -1723073393
62.853 -255 -1723073393
62.880 -272 -1723073393
62.907 -267 -1723073393
62.933 -255 -1723073393
62.960 -253 -1723073393
62.987 -240 -1723073393
63.013 -213 -1723073393
63.040 -196 -1723073393
63.067 -181 -1723073393
63.093 -149 -1723073393
63.120 -120 -1723073393
63.147 -105 -1723073393
63.173 -82 -1723073393
63.200 -60 -1723073393
63.227 -54 -1723073393
63.253 -45 -1723073393
63.280 -29 -1723073393
63.307 -27 -1723073393
63.333 -31 -1723073393
63.360 -28 -1723073393
63.387 -35 -1723073393
63.413 -54 -1723073393
63.440 -70 -1723073393
63.467 -87 -1723073393
63.493 -114 -1723073393
63.520 -135 -1723073393
63.547 -151 -1723073393
63.573 -180 -1723073393
63.600 -214 -1723073393
63.627 -233 -1723073393
63.653 -255 -1723073393
63.680 -280 -1723073393
63.707 -288 -1723073393
63.733 -285 -1723073393
63.760 -291 -1723073393
63.787 -286 -1723073393
63.813 -268 -1723073393
63.840 -261 -1723073393
63.867 -253 -1723073393
63.893 -222 -1723073393
63.920 -193 -1723073393
63.947 -176 -1723073393
63.973 -149 -1723073393
64.000 -123 -1723073393
64.027 -115 -1723073393
64.053 -99 -1723073393
64.080 -79 -1723073393
64.107 -70 -1723073393
64.133 -61 -1723073393
64.160 -47 -1723073393
64.187 -45 -1723073393
64.213 -51 -1723073393
64.240 -53 -1723073393
64.267 -56 -1723073393
64.293 -66 -1723073393
64.320 -71 -1723073393
64.347 -70 -1723073393
64.373 -77 -1723073393
64.400 -82 -1723073393
64.427 -77 -1723073393
64.453 -81 -1723073393
64.480 -91 -1723073393
64.507 -87 -1723073393
64.533 -78 -1723073393
64.560 -76 -1723073393
64.587 -66 -1723073393
64.613 -50 -1723073393
64.640 -44 -1723073393
64.667 -41 -1723073393
64.693 -27 -1723073393
64.720 -12 -1723073393
64.747 -3 -1723073393
64.773 15 -1723073393
64.800 38 -1723073393
64.827 52 -1723073393
64.853 68 -1723073393
64.880 90 -1723073393
64.907 104 -1723073393
64.933 114 -1723073393
64.960 128 -1723073393
64.987 138 -1723073393
65.013 138 -1723073393
65.040 142 -1723073393
65.067 149 -1723073393
65.093 149 -1723073393
65.120 146 -1723073393
65.147 146 -1723073393
65.173 140 -1723073393
65.200 131 -1723073393
65.227 124 -1723073393
65.253 114 -1723073393
65.280 97 -1723073393
65.307 84 -1723073393
65.333 76 -1723073393
65.360 62 -1723073393
65.387 49 -1723073393
65.413 42 -1723073393
65.440 30 -1723073393
65.467 19 -1723073393
65.493 22 -1723073393
65.520 29 -1723073393
65.547 32 -1723073393
65.573 46 -1723073393
65.600 62 -1723073393
65.627 73 -1723073393
65.653 90 -1723073393
65.680 114 -1723073393
65.707 134 -1723073393
65.733 151 -1723073393
65.760 174 -1723073393
65.787 193 -1723073393
65.813 205 -1723073393
65.840 221 -1723073393
65.867 237 -1723073393
65.893 250 -1723073393
65.920 257 -1723073393
65.947 264 -1723073393
65.973 270 -1723073393
66.000 276 -1723073393
66.027 277 -1723073393
66.053 271 -1723073393
66.080 266 -1723073393
66.107 263 -1723073393
66.133 259 -1723073393
66.160 253 -1723073393
66.187 250 -1723073393
66.213 245 -1723073393
66.240 239 -1723073393
66.267 239 -1723073393
66.293 239 -1723073393
66.320 234 -1723073393
66.347 232 -1723073393
66.373 238 -1723073393
66.400 241 -1723073393
66.427 239 -1723073393
66.453 241 -1723073393
66.480 246 -1723073393
66.507 247 -1723073393
66.533 247 -1723073393
66.560 251 -1723073393
66.587 257 -1723073393
66.613 264 -1723073393
66.640 277 -1723073393
66.667 290 -1723073393
66.693 298 -1723073393
66.720 307 -1723073393
66.747 318 -1723073393
66.773 327 -1723073393
66.800 333 -1723073393
66.827 339 -1723073393
66.853 341 -1723073393
66.880 344 -1723073393
66.907 350 -1723073393
66.933 348 -1723073393
66.960 341 -1723073393
66.987 337 -1723073393
67.013 333 -1723073393
67.040 327 -1723073393
67.067 323 -1723073393
67.093 321 -1723073393
67.120 320 -1723073393
67.147 322 -1723073393
67.173 328 -1723073393
67.200 334 -1723073393
67.227 343 -1723073393
67.253 355 -1723073393
67.280 366 -1723073393
67.307 373 -1723073393
67.333 379 -1723073393
67.360 385 -1723073393
67.387 387 -1723073393
67.413 395 -1723073393
67.440 405 -1723073393
67.467 409 -1723073393
67.493 410 -1723073393
67.520 412 -1723073393
67.547 413 -1723073393
67.573 413 -1723073393
67.600 416 -1723073393
67.627 416 -1723073393
67.653 410 -1723073393
67.680 408 -1723073393
67.707 411 -1723073393
67.733 409 -1723073393
67.760 405 -1723073393
67.787 410 -1723073393
67.813 420 -1723073393
67.840 426 -1723073393
67.867 431 -1723073393
67.893 434 -1723073393
67.920 436 -1723073393
67.947 441 -1723073393
67.973 448 -1723073393
68.000 449 -1723073393
68.027 449 -1723073393
68.053 456 -1723073393
68.080 461 -1723073393
68.107 456 -1723073393
68.133 450 -1723073393
68.160 441 -1723073393
68.187 425 -1723073393
68.213 407 -1723073393
68.240 390 -1723073393
68.267 369 -1723073393
68.293 344 -1723073393
68.320 323 -1723073393
68.347 300 -1723073393
68.373 273 -1723073393
68.400 250 -1723073393
68.427 235 -1723073393
68.453 222 -1723073393
68.480 208 -1723073393
68.507 199 -1723073393
68.533 195 -1723073393
68.560 194 -1723073393
68.587 195 -1723073393
68.613 197 -1723073393
68.640 200 -1723073393
68.667 205 -1723073393
68.693 213 -1723073393
68.720 222 -1723073393
68.747 228 -1723073393
68.773 233 -1723073393
68.800 240 -1723073393
68.827 249 -1723073393
68.853 256 -1723073393
68.880 262 -1723073393
68.907 271 -1723073393
68.933 282 -1723073393
68.960 295 -1723073393
68.987 308 -1723073393
69.013 322 -1723073393
69.040 334 -1723073393
69.067 341 -1723073393
69.093 344 -1723073393
69.120 349 -1723073393
69.147 356 -1723073393
69.173 363 -1723073393
69.200 372 -1723073393
69.227 382 -1723073393
69.253 384 -1723073393
69.280 380 -1723073393
69.307 378 -1723073393
69.333 376 -1723073393
69.360 370 -1723073393
69.387 363 -1723073393
69.413 355 -1723073393
69.440 349 -1723073393
69.467 346 -1723073393
69.493 344 -1723073393
69.520 342 -1723073393
69.547 342 -1723073393
69.573 344 -1723073393
69.600 344 -1723073393
69.627 341 -1723073393
69.653 340 -1723073393
69.680 339 -1723073393
69.707 338 -1723073393
69.733 336 -1723073393
69.760 331 -1723073393
69.787 323 -1723073393
69.813 310 -1723073393
69.840 299 -1723073393
69.867 290 -1723073393
69.893 279 -1723073393
69.920 267 -1723073393
69.947 253 -1723073393
69.973 235 -1723073393
70.000 219 -1723073393
70.027 209 -1723073393
70.053 199 -1723073393
70.080 188 -1723073393
70.107 177 -1723073393
70.133 170 -1723073393
70.160 164 -1723073393
70.187 160 -1723073393
70.213 160 -1723073393
70.240 166 -1723073393
70.267 173 -1723073393
70.293 178 -1723073393
70.320 187 -1723073393
70.347 200 -1723073393
70.373 213 -1723073393
70.400 224 -1723073393
70.427 233 -1723073393
70.453 239 -1723073393
70.480 246 -1723073393
70.507 257 -1723073393
70.533 266 -1723073393
70.560 272 -1723073393
70.587 275 -1723073393
70.613 274 -1723073393
70.640 272 -1723073393
70.667 269 -1723073393
70.693 264 -1723073393
70.720 258 -1723073393
70.747 256 -1723073393
70.773 255 -1723073393
70.800 253 -1723073393
70.827 252 -1723073393
70.853 252 -1723073393
70.880 251 -1723073393
70.907 250 -1723073393
70.933 252 -1723073393
70.960 254 -1723073393
70.987 255 -1723073393
71.013 258 -1723073393
71.040 265 -1723073393
71.067 271 -1723073393
71.093 275 -1723073393
71.120 281 -1723073393
71.147 290 -1723073393
71.173 301 -1723073393
71.200 312 -1723073393
71.227 323 -1723073393
71.253 335 -1723073393
71.280 348 -1723073393
71.307 359 -1723073393
71.333 368 -1723073393
71.360 378 -1723073393
71.387 388 -1723073393
71.413 397 -1723073393
71.440 408 -1723073393
71.467 419 -1723073393
71.493 426 -1723073393
71.520 430 -1723073393
71.547 435 -1723073393
71.573 438 -1723073393
71.600 437 -1723073393
71.627 435 -1723073393
71.653 427 -1723073393
71.680 412 -1723073393
71.707 394 -1723073393
71.733 376 -1723073393
71.760 351 -1723073393
71.787 324 -1723073393
71.813 297 -1723073393
71.840 267 -1723073393
71.867 235 -1723073393
71.893 208 -1723073393
71.920 183 -1723073393
71.947 159 -1723073393
71.973 134 -1723073393
72.000 111 -1723073393
72.027 97 -1723073393
72.053 86 -1723073393
72.080 76 -1723073393
72.107 75 -1723073393
72.133 82 -1723073393
72.160 87 -1723073393
72.187 95 -1723073393
72.213 112 -1723073393
72.240 128 -1723073393
72.267 139 -1723073393
72.293 154 -1723073393
72.320 170 -1723073393
72.347 180 -1723073393
72.373 191 -1723073393
72.400 202 -1723073393
72.427 210 -1723073393
72.453 218 -1723073393
72.480 229 -1723073393
72.507 240 -1723073393
72.533 253 -1723073393
72.560 267 -1723073393
72.587 279 -1723073393
72.613 288 -1723073393
72.640 293 -1723073393
72.667 294 -1723073393
72.693 295 -1723073393
72.720 300 -1723073393
72.747 306 -1723073393
72.773 311 -1723073393
72.800 315 -1723073393
72.827 317 -1723073393
72.853 315 -1723073393
72.880 310 -1723073393
72.907 306 -1723073393
72.933 299 -1723073393
72.960 292 -1723073393
72.987 287 -1723073393
73.013 282 -1723073393
73.040 274 -1723073393
73.067 270 -1723073393
73.093 266 -1723073393
73.120 259 -1723073393
73.147 254 -1723073393
73.173 251 -1723073393
73.200 247 -1723073393
73.227 242 -1723073393
73.253 241 -1723073393
73.280 241 -1723073393
73.307 240 -1723073393
73.333 238 -1723073393
73.360 235 -1723073393
73.387 230 -1723073393
73.413 223 -1723073393
73.440 217 -1723073393
73.467 215 -1723073393
73.493 213 -1723073393
73.520 212 -1723073393
73.547 211 -1723073393
73.573 206 -1723073393
73.600 201 -1723073393
73.627 197 -1723073393
73.653 188 -1723073393
73.680 176 -1723073393
73.707 166 -1723073393
73.733 161 -1723073393
73.760 155 -1723073393
73.787 148 -1723073393
73.813 145 -1723073393
73.840 145 -1723073393
73.867 143 -1723073393
73.893 148 -1723073393
73.920 159 -1723073393
73.947 168 -1723073393
73.973 180 -1723073393
74.000 197 -1723073393
74.027 212 -1723073393
74.053 229 -1723073393
74.080 245 -1723073393
74.107 254 -1723073393
74.133 259 -1723073393
74.160 264 -1723073393
74.187 266 -1723073393
74.213 265 -1723073393
74.240 265 -1723073393
74.267 265 -1723073393
74.293 262 -1723073393
74.320 261 -1723073393
74.347 260 -1723073393
74.373 256 -1723073393
74.400 254 -1723073393
74.427 252 -1723073393
74.453 244 -1723073393
74.480 236 -1723073393
74.507 229 -1723073393
74.533 222 -1723073393
74.560 212 -1723073393
74.587 207 -1723073393
74.613 207 -1723073393
74.640 205 -1723073393
74.667 204 -1723073393
74.693 209 -1723073393
74.720 212 -1723073393
74.747 210 -1723073393
74.773 207 -1723073393
74.800 203 -1723073393
74.827 197 -1723073393
74.853 198 -1723073393
74.880 205 -1723073393
74.907 207 -1723073393
74.933 207 -1723073393
74.960 211 -1723073393
74.987 213 -1723073393
75.013 211 -1723073393
75.040 214 -1723073393
75.067 221 -1723073393
75.093 224 -1723073393
75.120 229 -1723073393
75.147 240 -1723073393
75.173 247 -1723073393
75.200 248 -1723073393
75.227 246 -1723073393
75.253 244 -1723073393
75.280 244 -1723073393
75.307 247 -1723073393
75.333 250 -1723073393
75.360 249 -1723073393
75.387 248 -1723073393
75.413 249 -1723073393
75.440 246 -1723073393
75.467 242 -1723073393
75.493 237 -1723073393
75.520 232 -1723073393
75.547 225 -1723073393
75.573 219 -1723073393
75.600 217 -1723073393
75.627 213 -1723073393
75.653 208 -1723073393
75.680 206 -1723073393
75.707 206 -1723073393
75.733 202 -1723073393
75.760 203 -1723073393
75.787 209 -1723073393
75.813 215 -1723073393
75.840 221 -1723073393
75.867 227 -1723073393
75.893 234 -1723073393
75.920 242 -1723073393
75.947 252 -1723073393
75.973 253 -1723073393
76.000 247 -1723073393
76.027 240 -1723073393
76.053 234 -1723073393
76.080 226 -1723073393
76.107 217 -1723073393
76.133 205 -1723073393
76.160 187 -1723073393
76.187 173 -1723073393
76.213 163 -1723073393
76.240 151 -1723073393
76.267 141 -1723073393
76.293 139 -1723073393
76.320 136 -1723073393
76.347 127 -1723073393
76.373 123 -1723073393
76.400 124 -1723073393
76.427 122 -1723073393
76.453 124 -1723073393
76.480 132 -1723073393
76.507 137 -1723073393
76.533 141 -1723073393
76.560 150 -1723073393
76.587 163 -1723073393
76.613 178 -1723073393
76.640 195 -1723073393
76.667 211 -1723073393
76.693 219 -1723073393
76.720 229 -1723073393
76.747 246 -1723073393
76.773 263 -1723073393
76.800 276 -1723073393
76.827 293 -1723073393
76.853 310 -1723073393
76.880 328 -1723073393
76.907 347 -1723073393
76.933 362 -1723073393
76.960 371 -1723073393
76.987 381 -1723073393
77.013 390 -1723073393
77.040 394 -1723073393
77.067 398 -1723073393
77.093 400 -1723073393
77.120 397 -1723073393
77.147 390 -1723073393
77.173 382 -1723073393
77.200 374 -1723073393
77.227 364 -1723073393
77.253 358 -1723073393
77.280 351 -1723073393
77.307 339 -1723073393
77.333 324 -1723073393
77.360 311 -1723073393
77.387 298 -1723073393
77.413 286 -1723073393
77.440 278 -1723073393
77.467 271 -1723073393
77.493 264 -1723073393
77.520 260 -1723073393
77.547 259 -1723073393
77.573 258 -1723073393
77.600 263 -1723073393
77.627 272 -1723073393
77.653 283 -1723073393
77.680 294 -1723073393
77.707 308 -1723073393
77.733 322 -1723073393
77.760 335 -1723073393
77.787 350 -1723073393
77.813 359 -1723073393
77.840 368 -1723073393
77.867 377 -1723073393
77.893 380 -1723073393
77.920 379 -1723073393
77.947 375 -1723073393
77.973 364 -1723073393
78.000 351 -1723073393
78.027 343 -1723073393
78.053 334 -1723073393
78.080 321 -1723073393
78.107 311 -1723073393
78.133 302 -1723073393
78.160 286 -1723073393
78.187 268 -1723073393
78.213 254 -1723073393
78.240 242 -1723073393
78.267 227 -1723073393
78.293 218 -1723073393
78.320 218 -1723073393
78.347 215 -1723073393
78.373 208 -1723073393
78.400 207 -1723073393
78.427 207 -1723073393
78.453 209 -1723073393
78.480 222 -1723073393
78.507 237 -1723073393
78.533 246 -1723073393
78.560 256 -1723073393
78.587 270 -1723073393
78.613 280 -1723073393
78.640 290 -1723073393
78.667 300 -1723073393
78.693 306 -1723073393
78.720 308 -1723073393
78.747 312 -1723073393
78.773 310 -1723073393
78.800 303 -1723073393
78.827 296 -1723073393
78.853 288 -1723073393
78.880 273 -1723073393
78.907 258 -1723073393
78.933 242 -1723073393
78.960 220 -1723073393
78.987 197 -1723073393
79.013 181 -1723073393
79.040 165 -1723073393
79.067 145 -1723073393
79.093 132 -1723073393
79.120 125 -1723073393
79.147 115 -1723073393
79.173 106 -1723073393
79.200 102 -1723073393
79.227 98 -1723073393
79.253 95 -1723073393
79.280 101 -1723073393
79.307 105 -1723073393
79.333 109 -1723073393
79.360 121 -1723073393
79.387 138 -1723073393
79.413 151 -1723073393
79.440 166 -1723073393
79.467 184 -1723073393
79.493 196 -1723073393
79.520 206 -1723073393
79.547 218 -1723073393
79.573 225 -1723073393
79.600 232 -1723073393
79.627 239 -1723073393
79.653 240 -1723073393
79.680 235 -1723073393
79.707 227 -1723073393
79.733 214 -1723073393
79.760 202 -1723073393
79.787 194 -1723073393
79.813 182 -1723073393
79.840 165 -1723073393
79.867 149 -1723073393
79.893 134 -1723073393
79.920 120 -1723073393
79.947 109 -1723073393
79.973 100 -1723073393
80.000 90 -1723073393
80.027 82 -1723073393
80.053 79 -1723073393
80.080 78 -1723073393
80.107 76 -1723073393
80.133 76 -1723073393
80.160 84 -1723073393
80.187 90 -1723073393
80.213 101 -1723073393
80.240 123 -1723073393
80.267 142 -1723073393
80.293 159 -1723073393
80.320 180 -1723073393
80.347 197 -1723073393
80.373 209 -1723073393
80.400 222 -1723073393
80.427 236 -1723073393
80.453 250 -1723073393
80.480 263 -1723073393
80.507 275 -1723073393
80.533 284 -1723073393
80.560 291 -1723073393
80.587 293 -1723073393
80.613 294 -1723073393
80.640 296 -1723073393
80.667 293 -1723073393
80.693 286 -1723073393
80.720 282 -1723073393
80.747 278 -1723073393
80.773 270 -1723073393
80.800 260 -1723073393
80.827 251 -1723073393
80.853 242 -1723073393
80.880 233 -1723073393
80.907 227 -1723073393
80.933 215 -1723073393
80.960 201 -1723073393
80.987 193 -1723073393
81.013 190 -1723073393
81.040 187 -1723073393
81.067 186 -1723073393
81.093 190 -1723073393
81.120 188 -1723073393
81.147 185 -1723073393
81.173 188 -1723073393
81.200 190 -1723073393
81.227 189 -1723073393
81.253 194 -1723073393
81.280 199 -1723073393
81.307 196 -1723073393
81.333 197 -1723073393
81.360 207 -1723073393
81.387 210 -1723073393
81.413 208 -1723073393
81.440 208 -1723073393
81.467 202 -1723073393
81.493 193 -1723073393
81.520 187 -1723073393
81.547 177 -1723073393
81.573 166 -1723073393
81.600 161 -1723073393
81.627 155 -1723073393
81.653 147 -1723073393
81.680 147 -1723073393
81.707 148 -1723073393
81.733 143 -1723073393
81.760 141 -1723073393
81.787 145 -1723073393
81.813 144 -1723073393
81.840 142 -1723073393
81.867 150 -1723073393
81.893 160 -1723073393
81.920 169 -1723073393
81.947 188 -1723073393
81.973 210 -1723073393
82.000 230 -1723073393
82.027 250 -1723073393
82.053 267 -1723073393
82.080 280 -1723073393
82.107 293 -1723073393
82.133 305 -1723073393
82.160 317 -1723073393
82.187 334 -1723073393
82.213 348 -1723073393
82.240 353 -1723073393
82.267 361 -1723073393
82.293 365 -1723073393
82.320 362 -1723073393
82.347 363 -1723073393
82.373 365 -1723073393
82.400 360 -1723073393
82.427 355 -1723073393
82.453 351 -1723073393
82.480 340 -1723073393
82.507 331 -1723073393
82.533 325 -1723073393
82.560 311 -1723073393
82.587 294 -1723073393
82.613 284 -1723073393
82.640 274 -1723073393
82.667 261 -1723073393
82.693 253 -1723073393
82.720 250 -1723073393
82.747 245 -1723073393
82.773 244 -1723073393
82.800 244 -1723073393
82.827 239 -1723073393
82.853 233 -1723073393
82.880 232 -1723073393
82.907 232 -1723073393
82.933 233 -1723073393
82.960 240 -1723073393
82.987 249 -1723073393
83.013 253 -1723073393
83.040 258 -1723073393
83.067 262 -1723073393
83.093 262 -1723073393
83.120 258 -1723073393
83.147 251 -1723073393
83.173 246 -1723073393
83.200 245 -1723073393
83.227 243 -1723073393
83.253 234 -1723073393
83.280 227 -1723073393
83.307 221 -1723073393
83.333 209 -1723073393
83.360 196 -1723073393
83.387 190 -1723073393
83.413 184 -1723073393
83.440 182 -1723073393
83.467 187 -1723073393
83.493 192 -1723073393
83.520 194 -1723073393
83.547 195 -1723073393
83.573 199 -1723073393
83.600 201 -1723073393
83.627 207 -1723073393
83.653 214 -1723073393
83.680 221 -1723073393
83.707 230 -1723073393
83.733 241 -1723073393
83.760 246 -1723073393
83.787 248 -1723073393
83.813 250 -1723073393
83.840 248 -1723073393
83.867 245 -1723073393
83.893 244 -1723073393
83.920 240 -1723073393
83.947 240 -1723073393
83.973 243 -1723073393
84.000 242 -1723073393
84.027 238 -1723073393
84.053 239 -1723073393
84.080 239 -1723073393
84.107 236 -1723073393
84.133 234 -1723073393
84.160 229 -1723073393
84.187 226 -1723073393
84.213 230 -1723073393
84.240 240 -1723073393
84.267 247 -1723073393
84.293 254 -1723073393
84.320 261 -1723073393
84.347 263 -1723073393
84.373 264 -1723073393
84.400 263 -1723073393
84.427 258 -1723073393
84.453 251 -1723073393
84.480 246 -1723073393
84.507 236 -1723073393
84.533 225 -1723073393
84.560 217 -1723073393
84.587 212 -1723073393
84.613 208 -1723073393
84.640 209 -1723073393
84.667 206 -1723073393
84.693 203 -1723073393
84.720 205 -1723073393
84.747 207 -1723073393
84.773 207 -1723073393
84.800 205 -1723073393
84.827 206 -1723073393
84.853 207 -1723073393
84.880 208 -1723073393
84.907 207 -1723073393
84.933 202 -1723073393
84.960 201 -1723073393
84.987 201 -1723073393
85.013 200 -1723073393
85.040 203 -1723073393
85.067 205 -1723073393
85.093 199 -1723073393
85.120 194 -1723073393
85.147 190 -1723073393
85.173 182 -1723073393
85.200 177 -1723073393
85.227 176 -1723073393
85.253 171 -1723073393
85.280 165 -1723073393
85.307 168 -1723073393
85.333 171 -1723073393
85.360 172 -1723073393
85.387 179 -1723073393
85.413 186 -1723073393
85.440 186 -1723073393
85.467 187 -1723073393
85.493 188 -1723073393
85.520 190 -1723073393
85.547 197 -1723073393
85.573 203 -1723073393
85.600 205 -1723073393
85.627 209 -1723073393
85.653 211 -1723073393
85.680 211 -1723073393
85.707 211 -1723073393
85.733 211 -1723073393
85.760 209 -1723073393
85.787 215 -1723073393
85.813 225 -1723073393
85.840 231 -1723073393
85.867 237 -1723073393
85.893 247 -1723073393
85.920 254 -1723073393
85.947 256 -1723073393
85.973 261 -1723073393
86.000 268 -1723073393
86.027 274 -1723073393
86.053 277 -1723073393
86.080 277 -1723073393
86.107 282 -1723073393
86.133 283 -1723073393
86.160 273 -1723073393
86.187 263 -1723073393
86.213 255 -1723073393
86.240 244 -1723073393
86.267 239 -1723073393
86.293 237 -1723073393
86.320 234 -1723073393
86.347 231 -1723073393
86.373 229 -1723073393
86.400 221 -1723073393
86.427 212 -1723073393
86.453 205 -1723073393
86.480 194 -1723073393
86.507 185 -1723073393
86.533 182 -1723073393
86.560 175 -1723073393
86.587 170 -1723073393
86.613 169 -1723073393
86.640 166 -1723073393
86.667 168 -1723073393
86.693 176 -1723073393
86.720 176 -1723073393
86.747 172 -1723073393
86.773 170 -1723073393
86.800 166 -1723073393
86.827 156 -1723073393
86.853 152 -1723073393
86.880 150 -1723073393
86.907 143 -1723073393
86.933 141 -1723073393
86.960 137 -1723073393
86.987 131 -1723073393
87.013 139 -1723073393
87.040 153 -1723073393
87.067 161 -1723073393
87.093 169 -1723073393
87.120 178 -1723073393
87.147 183 -1723073393
87.173 195 -1723073393
87.200 209 -1723073393
87.227 217 -1723073393
87.253 226 -1723073393
87.280 235 -1723073393
87.307 243 -1723073393
87.333 254 -1723073393
87.360 259 -1723073393
87.387 256 -1723073393
87.413 255 -1723073393
87.440 253 -1723073393
87.467 249 -1723073393
87.493 248 -1723073393
87.520 246 -1723073393
87.547 240 -1723073393
87.573 235 -1723073393
87.600 233 -1723073393
87.627 231 -1723073393
87.653 232 -1723073393
87.680 230 -1723073393
87.707 229 -1723073393
87.733 232 -1723073393
87.760 238 -1723073393
87.787 242 -1723073393
87.813 247 -1723073393
87.840 254 -1723073393
87.867 261 -1723073393
87.893 267 -1723073393
87.920 271 -1723073393
87.947 274 -1723073393
87.973 277 -1723073393
88.000 276 -1723073393
88.027 272 -1723073393
88.053 267 -1723073393
88.080 261 -1723073393
88.107 253 -1723073393
88.133 248 -1723073393
88.160 243 -1723073393
88.187 234 -1723073393
88.213 224 -1723073393
88.240 212 -1723073393
88.267 197 -1723073393
88.293 187 -1723073393
88.320 182 -1723073393
88.347 176 -1723073393
88.373 172 -1723073393
88.400 173 -1723073393
88.427 174 -1723073393
88.453 175 -1723073393
88.480 181 -1723073393
88.507 183 -1723073393
88.533 186 -1723073393
88.560 187 -1723073393
88.587 185 -1723073393
88.613 189 -1723073393
88.640 193 -1723073393
88.667 192 -1723073393
88.693 196 -1723073393
88.720 204 -1723073393
88.747 206 -1723073393
88.773 209 -1723073393
88.800 214 -1723073393
88.827 214 -1723073393
88.853 217 -1723073393
88.880 219 -1723073393
88.907 213 -1723073393
88.933 207 -1723073393
88.960 206 -1723073393
88.987 206 -1723073393
89.013 205 -1723073393
89.040 203 -1723073393
89.067 195 -1723073393
89.093 191 -1723073393
89.120 188 -1723073393
89.147 185 -1723073393
89.173 187 -1723073393
89.200 183 -1723073393
89.227 177 -1723073393
89.253 173 -1723073393
89.280 175 -1723073393
89.307 178 -1723073393
89.333 181 -1723073393
89.360 181 -1723073393
89.387 175 -1723073393
89.413 169 -1723073393
89.440 166 -1723073393
89.467 164 -1723073393
89.493 164 -1723073393
89.520 164 -1723073393
89.547 170 -1723073393
89.573 180 -1723073393
89.600 187 -1723073393
89.627 193 -1723073393
89.653 199 -1723073393
89.680 202 -1723073393
89.707 205 -1723073393
89.733 207 -1723073393
89.760 205 -1723073393
89.787 201 -1723073393
89.813 199 -1723073393
89.840 196 -1723073393
89.867 190 -1723073393
89.893 186 -1723073393
89.920 180 -1723073393
89.947 175 -1723073393
89.973 173 -1723073393
90.000 170 -1723073393
90.027 165 -1723073393
90.053 159 -1723073393
90.080 153 -1723073393
90.107 145 -1723073393
90.133 137 -1723073393
90.160 129 -1723073393
90.187 125 -1723073393
90.213 125 -1723073393
90.240 124 -1723073393
90.267 123 -1723073393
90.293 124 -1723073393
90.320 126 -1723073393
90.347 129 -1723073393
90.373 132 -1723073393
90.400 133 -1723073393
90.427 135 -1723073393
90.453 137 -1723073393
90.480 142 -1723073393
90.507 151 -1723073393
90.533 159 -1723073393
90.560 165 -1723073393
90.587 167 -1723073393
90.613 162 -1723073393
90.640 159 -1723073393
90.667 160 -1723073393
90.693 165 -1723073393
90.720 171 -1723073393
90.747 172 -1723073393
90.773 173 -1723073393
90.800 176 -1723073393
90.827 176 -1723073393
90.853 178 -1723073393
90.880 181 -1723073393
90.907 185 -1723073393
90.933 188 -1723073393
90.960 186 -1723073393
90.987 187 -1723073393
91.013 194 -1723073393
91.040 199 -1723073393
91.067 196 -1723073393
91.093 192 -1723073393
91.120 191 -1723073393
91.147 195 -1723073393
91.173 203 -1723073393
91.200 216 -1723073393
91.227 231 -1723073393
91.253 247 -1723073393
91.280 262 -1723073393
91.307 272 -1723073393
91.333 279 -1723073393
91.360 289 -1723073393
91.387 304 -1723073393
91.413 323 -1723073393
91.440 346 -1723073393
91.467 365 -1723073393
91.493 378 -1723073393
91.520 384 -1723073393
91.547 389 -1723073393
91.573 395 -1723073393
91.600 399 -1723073393
91.627 399 -1723073393
91.653 394 -1723073393
91.680 381 -1723073393
91.707 366 -1723073393
91.733 355 -1723073393
91.760 343 -1723073393
91.787 332 -1723073393
91.813 324 -1723073393
91.840 313 -1723073393
91.867 303 -1723073393
91.893 291 -1723073393
91.920 274 -1723073393
91.947 264 -1723073393
91.973 261 -1723073393
92.000 260 -1723073393
92.027 262 -1723073393
92.053 263 -1723073393
92.080 266 -1723073393
92.107 272 -1723073393
92.133 279 -1723073393
92.160 288 -1723073393
92.187 299 -1723073393
92.213 314 -1723073393
92.240 330 -1723073393
92.267 346 -1723073393
92.293 356 -1723073393
92.320 362 -1723073393
92.347 369 -1723073393
92.373 372 -1723073393
92.400 374 -1723073393
92.427 372 -1723073393
92.453 368 -1723073393
92.480 368 -1723073393
92.507 370 -1723073393
92.533 370 -1723073393
92.560 372 -1723073393
92.587 368 -1723073393
92.613 364 -1723073393
92.640 361 -1723073393
92.667 354 -1723073393
92.693 347 -1723073393
92.720 342 -1723073393
92.747 339 -1723073393
92.773 340 -1723073393
92.800 344 -1723073393
92.827 343 -1723073393
92.853 341 -1723073393
92.880 343 -1723073393
92.907 348 -1723073393
92.933 353 -1723073393
92.960 359 -1723073393
92.987 363 -1723073393
93.013 365 -1723073393
93.040 369 -1723073393
93.067 379 -1723073393
93.093 390 -1723073393
93.120 400 -1723073393
93.147 405 -1723073393
93.173 406 -1723073393
93.200 404 -1723073393
93.227 403 -1723073393
93.253 408 -1723073393
93.280 411 -1723073393
93.307 408 -1723073393
93.333 409 -1723073393
93.360 411 -1723073393
93.387 404 -1723073393
93.413 396 -1723073393
93.440 390 -1723073393
93.467 384 -1723073393
93.493 377 -1723073393
93.520 367 -1723073393
93.547 359 -1723073393
93.573 353 -1723073393
93.600 346 -1723073393
93.627 337 -1723073393
93.653 322 -1723073393
93.680 304 -1723073393
93.707 296 -1723073393
93.733 292 -1723073393
93.760 282 -1723073393
93.787 274 -1723073393
93.813 273 -1723073393
93.840 277 -1723073393
93.867 282 -1723073393
93.893 288 -1723073393
93.920 292 -1723073393
93.947 298 -1723073393
93.973 306 -1723073393
94.000 315 -1723073393
94.027 328 -1723073393
94.053 343 -1723073393
94.080 358 -1723073393
94.107 370 -1723073393
94.133 375 -1723073393
94.160 378 -1723073393
94.187 380 -1723073393
94.213 376 -1723073393
94.240 369 -1723073393
94.267 361 -1723073393
94.293 358 -1723073393
94.320 355 -1723073393
94.347 352 -1723073393
94.373 346 -1723073393
94.400 336 -1723073393
94.427 330 -1723073393
94.453 324 -1723073393
94.480 315 -1723073393
94.507 308 -1723073393
94.533 301 -1723073393
94.560 293 -1723073393
94.587 291 -1723073393
94.613 286 -1723073393
94.640 282 -1723073393
94.667 280 -1723073393
94.693 282 -1723073393
94.720 285 -1723073393
94.747 286 -1723073393
94.773 286 -1723073393
94.800 292 -1723073393
94.827 299 -1723073393
94.853 305 -1723073393
94.880 311 -1723073393
94.907 314 -1723073393
94.933 312 -1723073393
94.960 313 -1723073393
94.987 319 -1723073393
95.013 327 -1723073393
95.040 338 -1723073393
95.067 342 -1723073393
95.093 347 -1723073393
95.120 353 -1723073393
95.147 352 -1723073393
95.173 346 -1723073393
95.200 340 -1723073393
95.227 333 -1723073393
95.253 328 -1723073393
95.280 320 -1723073393
95.307 315 -1723073393
95.333 302 -1723073393
95.360 288 -1723073393
95.387 274 -1723073393
95.413 263 -1723073393
95.440 256 -1723073393
95.467 247 -1723073393
95.493 243 -1723073393
95.520 239 -1723073393
95.547 235 -1723073393
95.573 231 -1723073393
95.600 230 -1723073393
95.627 232 -1723073393
95.653 236 -1723073393
95.680 241 -1723073393
95.707 246 -1723073393
95.733 252 -1723073393
95.760 255 -1723073393
95.787 251 -1723073393
95.813 248 -1723073393
95.840 245 -1723073393
95.867 245 -1723073393
95.893 241 -1723073393
95.920 233 -1723073393
95.947 229 -1723073393
95.973 224 -1723073393
96.000 218 -1723073393
96.027 209 -1723073393
96.053 200 -1723073393
96.080 190 -1723073393
96.107 179 -1723073393
96.133 172 -1723073393
96.160 165 -1723073393
96.187 159 -1723073393
96.213 156 -1723073393
96.240 155 -1723073393
96.267 152 -1723073393
96.293 142 -1723073393
96.320 136 -1723073393
96.347 137 -1723073393
96.373 134 -1723073393
96.400 142 -1723073393
96.427 144 -1723073393
96.453 144 -1723073393
96.480 140 -1723073393
96.507 136 -1723073393
96.533 142 -1723073393
96.560 149 -1723073393
96.587 156 -1723073393
96.613 160 -1723073393
96.640 159 -1723073393
96.667 160 -1723073393
96.693 163 -1723073393
96.720 167 -1723073393
96.747 163 -1723073393
96.773 157 -1723073393
96.800 160 -1723073393
96.827 161 -1723073393
96.853 162 -1723073393
96.880 165 -1723073393
96.907 166 -1723073393
96.933 163 -1723073393
96.960 151 -1723073393
96.987 141 -1723073393
97.013 137 -1723073393
97.040 125 -1723073393
97.067 112 -1723073393
97.093 101 -1723073393
97.120 91 -1723073393
97.147 84 -1723073393
97.173 83 -1723073393
97.200 81 -1723073393
97.227 72 -1723073393
97.253 72 -1723073393
97.280 68 -1723073393
97.307 58 -1723073393
97.333 45 -1723073393
97.360 38 -1723073393
97.387 37 -1723073393
97.413 37 -1723073393
97.440 44 -1723073393
97.467 41 -1723073393
97.493 42 -1723073393
97.520 34 -1723073393
97.547 27 -1723073393
97.573 31 -1723073393
97.600 34 -1723073393
97.627 40 -1723073393
97.653 39 -1723073393
97.680 42 -1723073393
97.707 42 -1723073393
97.733 46 -1723073393
97.760 46 -1723073393
97.787 45 -1723073393
97.813 48 -1723073393
97.840 47 -1723073393
97.867 52 -1723073393
97.893 54 -1723073393
97.920 63 -1723073393
97.947 66 -1723073393
97.973 68 -1723073393
98.000 70 -1723073393
98.027 70 -1723073393
98.053 71 -1723073393
98.080 72 -1723073393
98.107 74 -1723073393
98.133 77 -1723073393
98.160 79 -1723073393
98.187 78 -1723073393
98.213 78 -1723073393
98.240 70 -1723073393
98.267 69 -1723073393
98.293 73 -1723073393
98.320 68 -1723073393
98.347 72 -1723073393
98.373 71 -1723073393
98.400 75 -1723073393
98.427 70 -1723073393
98.453 76 -1723073393
98.480 82 -1723073393
98.507 88 -1723073393
98.533 97 -1723073393
98.560 99 -1723073393
98.587 102 -1723073393
98.613 97 -1723073393
98.640 99 -1723073393
98.667 95 -1723073393
98.693 93 -1723073393
98.720 86 -1723073393
98.747 86 -1723073393
98.773 82 -1723073393
98.800 73 -1723073393
98.827 64 -1723073393
98.853 55 -1723073393
98.880 52 -1723073393
98.907 40 -1723073393
98.933 36 -1723073393
98.960 26 -1723073393
98.987 18 -1723073393
99.013 10 -1723073393
99.040 5 -1723073393
99.067 -1 -1723073393
99.093 -3 -1723073393
99.120 -10 -1723073393
99.147 -6 -1723073393
99.173 -7 -1723073393
99.200 -5 -1723073393
99.227 -4 -1723073393
99.253 -5 -1723073393
99.280 -8 -1723073393
99.307 -10 -1723073393
99.333 -7 -1723073393
99.360 0 -1723073393
99.387 11 -1723073393
99.413 6 -1723073393
99.440 8 -1723073393
99.467 6 -1723073393
99.493 10 -1723073393
99.520 2 -1723073393
99.547 1 -1723073393
99.573 -2 -1723073393
99.600 7 -1723073393
99.627 7 -1723073393
99.653 8 -1723073393
99.680 -1 -1723073393
99.707 -2 -1723073393
99.733 -3 -1723073393
99.760 0 -1723073393
99.787 -2 -1723073393
99.813 -2 -1723073393
99.840 -4 -1723073393
99.867 1 -1723073393
99.893 -1 -1723073393
99.920 2 -1723073393
99.947 0 -1723073393
99.973 1 -1723073393
100.000 0 -1723073393
