0.000 19 -1723073393
0.027 23 -1723073393
0.053 20 -1723073393
0.080 16 -1723073393
0.107 18 -1723073393
0.133 14 -1723073393
0.160 11 -1723073393
0.187 9 -1723073393
0.213 4 -1723073393
0.240 8 -1723073393
0.267 8 -1723073393
0.293 5 -1723073393
0.320 11 -1723073393
0.347 9 -1723073393
0.373 12 -1723073393
0.400 18 -1723073393
0.427 16 -1723073393
0.453 15 -1723073393
0.480 15 -1723073393
0.507 10 -1723073393
0.533 7 -1723073393
0.560 3 -1723073393
0.587 1 -1723073393
0.613 2 -1723073393
0.640 0 -1723073393
0.667 4 -1723073393
0.693 6 -1723073393
0.720 2 -1723073393
0.747 0 -1723073393
0.773 -3 -1723073393
0.800 0 -1723073393
0.827 5 -1723073393
0.853 1 -1723073393
0.880 4 -1723073393
0.907 5 -1723073393
0.933 3 -1723073393
0.960 10 -1723073393
0.987 18 -1723073393
1.013 23 -1723073393
1.040 24 -1723073393
1.067 12 -1723073393
1.093 8 -1723073393
1.120 7 -1723073393
1.147 3 -1723073393
1.173 9 -1723073393
1.200 6 -1723073393
1.227 2 -1723073393
1.253 1 -1723073393
1.280 -4 -1723073393
1.307 0 -1723073393
1.333 1 -1723073393
1.360 -7 -1723073393
1.387 -10 -1723073393
1.413 -9 -1723073393
1.440 -5 -1723073393
1.467 2 -1723073393
1.493 0 -1723073393
1.520 -2 -1723073393
1.547 0 -1723073393
1.573 -3 -1723073393
1.600 -3 -1723073393
1.627 0 -1723073393
1.653 0 -1723073393
1.680 2 -1723073393
1.707 -2 -1723073393
1.733 -5 -1723073393
1.760 -2 -1723073393
1.787 -9 -1723073393
1.813 -7 -1723073393
1.840 -8 -1723073393
1.867 -11 -1723073393
1.893 -6 -1723073393
1.920 -7 -1723073393
1.947 -11 -1723073393
1.973 -8 -1723073393
2.000 -16 -1723073393
2.027 -14 -1723073393
2.053 -5 -1723073393
2.080 -6 -1723073393
2.107 2 -1723073393
2.133 0 -1723073393
2.160 -8 -1723073393
2.187 -5 -1723073393
2.213 -16 -1723073393
2.240 -20 -1723073393
2.267 -15 -1723073393
2.293 -21 -1723073393
2.320 -14 -1723073393
2.347 -10 -1723073393
2.373 -15 -1723073393
2.400 -10 -1723073393
2.427 -18 -1723073393
2.453 -25 -1723073393
2.480 -22 -1723073393
2.507 -28 -1723073393
2.533 -21 -1723073393
2.560 -16 -1723073393
2.587 -25 -1723073393
2.613 -20 -1723073393
2.640 -19 -1723073393
2.667 -23 -1723073393
2.693 -19 -1723073393
2.720 -32 -1723073393
2.747 -35 -1723073393
2.773 -32 -1723073393
2.800 -39 -1723073393
2.827 -31 -1723073393
2.853 -31 -1723073393
2.880 -37 -1723073393
2.907 -29 -1723073393
2.933 -30 -1723073393
2.960 -30 -1723073393
2.987 -24 -1723073393
3.013 -31 -1723073393
3.040 -26 -1723073393
3.067 -22 -1723073393
3.093 -29 -1723073393
3.120 -27 -1723073393
3.147 -35 -1723073393
3.173 -39 -1723073393
3.200 -27 -1723073393
3.227 -29 -1723073393
3.253 -29 -1723073393
3.280 -24 -1723073393
3.307 -28 -1723073393
3.333 -28 -1723073393
3.360 -30 -1723073393
3.387 -35 -1723073393
3.413 -32 -1723073393
3.440 -38 -1723073393
3.467 -37 -1723073393
3.493 -28 -1723073393
3.520 -28 -1723073393
3.547 -19 -1723073393
3.573 -20 -1723073393
3.600 -30 -1723073393
3.627 -32 -1723073393
3.653 -42 -1723073393
3.680 -46 -1723073393
3.707 -41 -1723073393
3.733 -42 -1723073393
3.760 -34 -1723073393
3.787 -26 -1723073393
3.813 -29 -1723073393
3.840 -25 -1723073393
3.867 -30 -1723073393
3.893 -35 -1723073393
3.920 -30 -1723073393
3.947 -35 -1723073393
3.973 -30 -1723073393
4.000 -27 -1723073393
4.027 -41 -1723073393
4.053 -45 -1723073393
4.080 -50 -1723073393
4.107 -50 -1723073393
4.133 -40 -1723073393
4.160 -41 -1723073393
4.187 -39 -1723073393
4.213 -32 -1723073393
4.240 -34 -1723073393
4.267 -27 -1723073393
4.293 -21 -1723073393
4.320 -20 -1723073393
4.347 -15 -1723073393
4.373 -14 -1723073393
4.400 -16 -1723073393
4.427 -14 -1723073393
4.453 -19 -1723073393
4.480 -17 -1723073393
4.507 -19 -1723073393
4.533 -31 -1723073393
4.560 -31 -1723073393
4.587 -35 -1723073393
4.613 -38 -1723073393
4.640 -29 -1723073393
4.667 -30 -1723073393
4.693 -34 -1723073393
4.720 -30 -1723073393
4.747 -38 -1723073393
4.773 -40 -1723073393
4.800 -35 -1723073393
4.827 -29 -1723073393
4.853 -15 -1723073393
4.880 -13 -1723073393
4.907 -19 -1723073393
4.933 -15 -1723073393
4.960 -21 -1723073393
4.987 -21 -1723073393
5.013 -18 -1723073393
5.040 -23 -1723073393
5.067 -15 -1723073393
5.093 -14 -1723073393
5.120 -20 -1723073393
5.147 -14 -1723073393
5.173 -14 -1723073393
5.200 -9 -1723073393
5.227 -1 -1723073393
5.253 -8 -1723073393
5.280 -6 -1723073393
5.307 -7 -1723073393
5.333 -19 -1723073393
5.360 -17 -1723073393
5.387 -19 -1723073393
5.413 -22 -1723073393
5.440 -19 -1723073393
5.467 -28 -1723073393
5.493 -26 -1723073393
5.520 -22 -1723073393
5.547 -28 -1723073393
5.573 -20 -1723073393
5.600 -19 -1723073393
5.627 -21 -1723073393
5.653 -16 -1723073393
5.680 -22 -1723073393
5.707 -25 -1723073393
5.733 -20 -1723073393
5.760 -26 -1723073393
5.787 -24 -1723073393
5.813 -24 -1723073393
5.840 -30 -1723073393
5.867 -24 -1723073393
5.893 -22 -1723073393
5.920 -22 -1723073393
5.947 -15 -1723073393
5.973 -19 -1723073393
6.000 -18 -1723073393
6.027 -12 -1723073393
6.053 -15 -1723073393
6.080 -10 -1723073393
6.107 -12 -1723073393
6.133 -17 -1723073393
6.160 -12 -1723073393
6.187 -13 -1723073393
6.213 -11 -1723073393
6.240 -4 -1723073393
6.267 -12 -1723073393
6.293 -13 -1723073393
6.320 -13 -1723073393
6.347 -23 -1723073393
6.373 -23 -1723073393
6.400 -29 -1723073393
6.427 -36 -1723073393
6.453 -31 -1723073393
6.480 -35 -1723073393
6.507 -34 -1723073393
6.533 -28 -1723073393
6.560 -33 -1723073393
6.587 -30 -1723073393
6.613 -28 -1723073393
6.640 -33 -1723073393
6.667 -26 -1723073393
6.693 -25 -1723073393
6.720 -22 -1723073393
6.747 -13 -1723073393
6.773 -21 -1723073393
6.800 -24 -1723073393
6.827 -26 -1723073393
6.853 -31 -1723073393
6.880 -26 -1723073393
6.907 -27 -1723073393
6.933 -27 -1723073393
6.960 -21 -1723073393
6.987 -28 -1723073393
7.013 -31 -1723073393
7.040 -31 -1723073393
7.067 -39 -1723073393
7.093 -41 -1723073393
7.120 -43 -1723073393
7.147 -49 -1723073393
7.173 -47 -1723073393
7.200 -49 -1723073393
7.227 -49 -1723073393
7.253 -41 -1723073393
7.280 -45 -1723073393
7.307 -44 -1723073393
7.333 -41 -1723073393
7.360 -45 -1723073393
7.387 -37 -1723073393
7.413 -30 -1723073393
7.440 -30 -1723073393
7.467 -22 -1723073393
7.493 -24 -1723073393
7.520 -29 -1723073393
7.547 -29 -1723073393
7.573 -37 -1723073393
7.600 -41 -1723073393
7.627 -41 -1723073393
7.653 -49 -1723073393
7.680 -47 -1723073393
7.707 -45 -1723073393
7.733 -47 -1723073393
7.760 -34 -1723073393
7.787 -28 -1723073393
7.813 -30 -1723073393
7.840 -30 -1723073393
7.867 -41 -1723073393
7.893 -42 -1723073393
7.920 -39 -1723073393
7.947 -43 -1723073393
7.973 -40 -1723073393
8.000 -39 -1723073393
8.027 -41 -1723073393
8.053 -33 -1723073393
8.080 -39 -1723073393
8.107 -47 -1723073393
8.133 -41 -1723073393
8.160 -46 -1723073393
8.187 -49 -1723073393
8.213 -48 -1723073393
8.240 -54 -1723073393
8.267 -42 -1723073393
8.293 -29 -1723073393
8.320 -23 -1723073393
8.347 -12 -1723073393
8.373 -11 -1723073393
8.400 -12 -1723073393
8.427 -4 -1723073393
8.453 -9 -1723073393
8.480 -5 -1723073393
8.507 3 -1723073393
8.533 -1 -1723073393
8.560 -1 -1723073393
8.587 -3 -1723073393
8.613 -12 -1723073393
8.640 -10 -1723073393
8.667 -12 -1723073393
8.693 -13 -1723073393
8.720 -7 -1723073393
8.747 -14 -1723073393
8.773 -17 -1723073393
8.800 -18 -1723073393
8.827 -28 -1723073393
8.853 -25 -1723073393
8.880 -22 -1723073393
8.907 -23 -1723073393
8.933 -16 -1723073393
8.960 -15 -1723073393
8.987 -20 -1723073393
9.013 -22 -1723073393
9.040 -30 -1723073393
9.067 -26 -1723073393
9.093 -19 -1723073393
9.120 -21 -1723073393
9.147 -16 -1723073393
9.173 -18 -1723073393
9.200 -27 -1723073393
9.227 -25 -1723073393
9.253 -34 -1723073393
9.280 -40 -1723073393
9.307 -34 -1723073393
9.333 -39 -1723073393
9.360 -39 -1723073393
9.387 -38 -1723073393
9.413 -47 -1723073393
9.440 -44 -1723073393
9.467 -44 -1723073393
9.493 -51 -1723073393
9.520 -47 -1723073393
9.547 -49 -1723073393
9.573 -50 -1723073393
9.600 -45 -1723073393
9.627 -51 -1723073393
9.653 -48 -1723073393
9.680 -40 -1723073393
9.707 -46 -1723073393
9.733 -44 -1723073393
9.760 -44 -1723073393
9.787 -47 -1723073393
9.813 -36 -1723073393
9.840 -37 -1723073393
9.867 -40 -1723073393
9.893 -31 -1723073393
9.920 -33 -1723073393
9.947 -32 -1723073393
9.973 -28 -1723073393
10.000 -36 -1723073393
10.027 -32 -1723073393
10.053 -31 -1723073393
10.080 -33 -1723073393
10.107 -19 -1723073393
10.133 -17 -1723073393
10.160 -20 -1723073393
10.187 -6 -1723073393
10.213 -3 -1723073393
10.240 4 -1723073393
10.267 23 -1723073393
10.293 29 -1723073393
10.320 45 -1723073393
10.347 61 -1723073393
10.373 70 -1723073393
10.400 94 -1723073393
10.427 112 -1723073393
10.453 123 -1723073393
10.480 139 -1723073393
10.507 140 -1723073393
10.533 140 -1723073393
10.560 152 -1723073393
10.587 153 -1723073393
10.613 155 -1723073393
10.640 154 -1723073393
10.667 139 -1723073393
10.693 125 -1723073393
10.720 106 -1723073393
10.747 85 -1723073393
10.773 70 -1723073393
10.800 51 -1723073393
10.827 33 -1723073393
10.853 26 -1723073393
10.880 8 -1723073393
10.907 -7 -1723073393
10.933 -17 -1723073393
10.960 -36 -1723073393
10.987 -43 -1723073393
11.013 -51 -1723073393
11.040 -70 -1723073393
11.067 -71 -1723073393
11.093 -77 -1723073393
11.120 -82 -1723073393
11.147 -70 -1723073393
11.173 -77 -1723073393
11.200 -83 -1723073393
11.227 -76 -1723073393
11.253 -88 -1723073393
11.280 -86 -1723073393
11.307 -76 -1723073393
11.333 -87 -1723073393
11.360 -85 -1723073393
11.387 -88 -1723073393
11.413 -105 -1723073393
11.440 -104 -1723073393
11.467 -110 -1723073393
11.493 -116 -1723073393
11.520 -105 -1723073393
11.547 -114 -1723073393
11.573 -112 -1723073393
11.600 -98 -1723073393
11.627 -98 -1723073393
11.653 -83 -1723073393
11.680 -63 -1723073393
11.707 -53 -1723073393
11.733 -28 -1723073393
11.760 -12 -1723073393
11.787 0 -1723073393
11.813 22 -1723073393
11.840 30 -1723073393
11.867 39 -1723073393
11.893 53 -1723073393
11.920 52 -1723073393
11.947 55 -1723073393
11.973 56 -1723073393
12.000 45 -1723073393
12.027 47 -1723073393
12.053 41 -1723073393
12.080 22 -1723073393
12.107 12 -1723073393
12.133 -5 -1723073393
12.160 -22 -1723073393
12.187 -33 -1723073393
12.213 -53 -1723073393
12.240 -60 -1723073393
12.267 -59 -1723073393
12.293 -73 -1723073393
12.320 -76 -1723073393
12.347 -72 -1723073393
12.373 -72 -1723073393
12.400 -56 -1723073393
12.427 -41 -1723073393
12.453 -30 -1723073393
12.480 5 -1723073393
12.507 31 -1723073393
12.533 56 -1723073393
12.560 98 -1723073393
12.587 125 -1723073393
12.613 154 -1723073393
12.640 186 -1723073393
12.667 196 -1723073393
12.693 217 -1723073393
12.720 243 -1723073393
12.747 250 -1723073393
12.773 257 -1723073393
12.800 257 -1723073393
12.827 243 -1723073393
12.853 232 -1723073393
12.880 212 -1723073393
12.907 184 -1723073393
12.933 163 -1723073393
12.960 135 -1723073393
12.987 102 -1723073393
13.013 66 -1723073393
13.040 23 -1723073393
13.067 -6 -1723073393
13.093 -26 -1723073393
13.120 -47 -1723073393
13.147 -54 -1723073393
13.173 -69 -1723073393
13.200 -90 -1723073393
13.227 -93 -1723073393
13.253 -103 -1723073393
13.280 -108 -1723073393
13.307 -101 -1723073393
13.333 -113 -1723073393
13.360 -117 -1723073393
13.387 -116 -1723073393
13.413 -132 -1723073393
13.440 -124 -1723073393
13.467 -116 -1723073393
13.493 -130 -1723073393
13.520 -124 -1723073393
13.547 -127 -1723073393
13.573 -138 -1723073393
13.600 -136 -1723073393
13.627 -156 -1723073393
13.653 -172 -1723073393
13.680 -171 -1723073393
13.707 -190 -1723073393
13.733 -190 -1723073393
13.760 -176 -1723073393
13.787 -178 -1723073393
13.813 -152 -1723073393
13.840 -129 -1723073393
13.867 -124 -1723073393
13.893 -94 -1723073393
13.920 -78 -1723073393
13.947 -70 -1723073393
13.973 -37 -1723073393
14.000 -22 -1723073393
14.027 -2 -1723073393
14.053 26 -1723073393
14.080 28 -1723073393
14.107 33 -1723073393
14.133 42 -1723073393
14.160 28 -1723073393
14.187 26 -1723073393
14.213 23 -1723073393
14.240 4 -1723073393
14.267 -1 -1723073393
14.293 -20 -1723073393
14.320 -52 -1723073393
14.347 -71 -1723073393
14.373 -101 -1723073393
14.400 -132 -1723073393
14.427 -146 -1723073393
14.453 -178 -1723073393
14.480 -207 -1723073393
14.507 -226 -1723073393
14.533 -261 -1723073393
14.560 -276 -1723073393
14.587 -286 -1723073393
14.613 -314 -1723073393
14.640 -313 -1723073393
14.667 -316 -1723073393
14.693 -333 -1723073393
14.720 -326 -1723073393
14.747 -341 -1723073393
14.773 -362 -1723073393
14.800 -357 -1723073393
14.827 -378 -1723073393
14.853 -396 -1723073393
14.880 -398 -1723073393
14.907 -435 -1723073393
14.933 -451 -1723073393
14.960 -459 -1723073393
14.987 -497 -1723073393
15.013 -503 -1723073393
15.040 -514 -1723073393
15.067 -550 -1723073393
15.093 -551 -1723073393
15.120 -575 -1723073393
15.147 -608 -1723073393
15.173 -603 -1723073393
15.200 -626 -1723073393
15.227 -640 -1723073393
15.253 -622 -1723073393
15.280 -643 -1723073393
15.307 -643 -1723073393
15.333 -626 -1723073393
15.360 -653 -1723073393
15.387 -648 -1723073393
15.413 -638 -1723073393
15.440 -662 -1723073393
15.467 -648 -1723073393
15.493 -643 -1723073393
15.520 -664 -1723073393
15.547 -646 -1723073393
15.573 -653 -1723073393
15.600 -671 -1723073393
15.627 -661 -1723073393
15.653 -699 -1723073393
15.680 -735 -1723073393
15.707 -747 -1723073393
15.733 -798 -1723073393
15.760 -826 -1723073393
15.787 -841 -1723073393
15.813 -898 -1723073393
15.840 -919 -1723073393
15.867 -941 -1723073393
15.893 -1006 -1723073393
15.920 -1026 -1723073393
15.947 -1061 -1723073393
15.973 -1117 -1723073393
16.000 -1117 -1723073393
16.027 -1146 -1723073393
16.053 -1179 -1723073393
16.080 -1151 -1723073393
16.107 -1160 -1723073393
16.133 -1142 -1723073393
16.160 -1050 -1723073393
16.187 -987 -1723073393
16.213 -858 -1723073393
16.240 -665 -1723073393
16.267 -487 -1723073393
16.293 -202 -1723073393
16.320 162 -1723073393
16.347 536 -1723073393
16.373 1029 -1723073393
16.400 1591 -1723073393
16.427 2190 -1723073393
16.453 2867 -1723073393
16.480 3578 -1723073393
16.507 4296 -1723073393
16.533 4998 -1723073393
16.560 5737 -1723073393
16.587 6396 -1723073393
16.613 6897 -1723073393
16.640 7430 -1723073393
16.667 7738 -1723073393
16.693 7819 -1723073393
16.720 7963 -1723073393
16.747 7747 -1723073393
16.773 7350 -1723073393
16.800 7050 -1723073393
16.827 6355 -1723073393
16.853 5592 -1723073393
16.880 4946 -1723073393
16.907 3983 -1723073393
16.933 3096 -1723073393
16.960 2305 -1723073393
16.987 1324 -1723073393
17.013 498 -1723073393
17.040 -257 -1723073393
17.067 -1054 -1723073393
17.093 -1739 -1723073393
17.120 -2342 -1723073393
17.147 -2873 -1723073393
17.173 -3344 -1723073393
17.200 -3682 -1723073393
17.227 -3934 -1723073393
17.253 -4204 -1723073393
17.280 -4289 -1723073393
17.307 -4335 -1723073393
17.333 -4445 -1723073393
17.360 -4359 -1723073393
17.387 -4303 -1723073393
17.413 -4311 -1723073393
17.440 -4146 -1723073393
17.467 -4080 -1723073393
17.493 -4048 -1723073393
17.520 -3871 -1723073393
17.547 -3842 -1723073393
17.573 -3807 -1723073393
17.600 -3668 -1723073393
17.627 -3679 -1723073393
17.653 -3638 -1723073393
17.680 -3534 -1723073393
17.707 -3567 -1723073393
17.733 -3500 -1723073393
17.760 -3390 -1723073393
17.787 -3380 -1723073393
17.813 -3233 -1723073393
17.840 -3080 -1723073393
17.867 -2995 -1723073393
17.893 -2765 -1723073393
17.920 -2562 -1723073393
17.947 -2398 -1723073393
17.973 -2106 -1723073393
18.000 -1873 -1723073393
18.027 -1660 -1723073393
18.053 -1346 -1723073393
18.080 -1116 -1723073393
18.107 -894 -1723073393
18.133 -635 -1723073393
18.160 -458 -1723073393
18.187 -285 -1723073393
18.213 -125 -1723073393
18.240 -37 -1723073393
18.267 39 -1723073393
18.293 92 -1723073393
18.320 110 -1723073393
18.347 134 -1723073393
18.373 163 -1723073393
18.400 218 -1723073393
18.427 332 -1723073393
18.453 512 -1723073393
18.480 772 -1723073393
18.507 1147 -1723073393
18.533 1630 -1723073393
18.560 2245 -1723073393
18.587 3019 -1723073393
18.613 3920 -1723073393
18.640 4949 -1723073393
18.667 6091 -1723073393
18.693 7383 -1723073393
18.720 8725 -1723073393
18.747 10047 -1723073393
18.773 11489 -1723073393
18.800 12769 -1723073393
18.827 13925 -1723073393
18.853 15198 -1723073393
18.880 16006 -1723073393
18.907 16631 -1723073393
18.933 17328 -1723073393
18.960 17352 -1723073393
18.987 17251 -1723073393
19.013 17181 -1723073393
19.040 16343 -1723073393
19.067 15550 -1723073393
19.093 14759 -1723073393
19.120 13244 -1723073393
19.147 12001 -1723073393
19.173 10729 -1723073393
19.200 8982 -1723073393
19.227 7578 -1723073393
19.253 6127 -1723073393
19.280 4481 -1723073393
19.307 3191 -1723073393
19.333 1893 -1723073393
19.360 550 -1723073393
19.387 -546 -1723073393
19.413 -1581 -1723073393
19.440 -2554 -1723073393
19.467 -3391 -1723073393
19.493 -4121 -1723073393
19.520 -4790 -1723073393
19.547 -5402 -1723073393
19.573 -5838 -1723073393
19.600 -6242 -1723073393
19.627 -6651 -1723073393
19.653 -6841 -1723073393
19.680 -7065 -1723073393
19.707 -7283 -1723073393
19.733 -7264 -1723073393
19.760 -7346 -1723073393
19.787 -7402 -1723073393
19.813 -7239 -1723073393
19.840 -7239 -1723073393
19.867 -7181 -1723073393
19.893 -6947 -1723073393
19.920 -6912 -1723073393
19.947 -6772 -1723073393
19.973 -6514 -1723073393
20.000 -6452 -1723073393
20.027 -6252 -1723073393
20.053 -5983 -1723073393
20.080 -5895 -1723073393
20.107 -5639 -1723073393
20.133 -5378 -1723073393
20.160 -5267 -1723073393
20.187 -4978 -1723073393
20.213 -4738 -1723073393
20.240 -4600 -1723073393
20.267 -4304 -1723073393
20.293 -4092 -1723073393
20.320 -3951 -1723073393
20.347 -3683 -1723073393
20.373 -3520 -1723073393
20.400 -3401 -1723073393
20.427 -3189 -1723073393
20.453 -3090 -1723073393
20.480 -2998 -1723073393
20.507 -2841 -1723073393
20.533 -2792 -1723073393
20.560 -2733 -1723073393
20.587 -2632 -1723073393
20.613 -2631 -1723073393
20.640 -2600 -1723073393
20.667 -2557 -1723073393
20.693 -2607 -1723073393
20.720 -2615 -1723073393
20.747 -2634 -1723073393
20.773 -2737 -1723073393
20.800 -2802 -1723073393
20.827 -2906 -1723073393
20.853 -3089 -1723073393
20.880 -3217 -1723073393
20.907 -3400 -1723073393
20.933 -3650 -1723073393
20.960 -3844 -1723073393
20.987 -4113 -1723073393
21.013 -4418 -1723073393
21.040 -4645 -1723073393
21.067 -4941 -1723073393
21.093 -5229 -1723073393
21.120 -5395 -1723073393
21.147 -5637 -1723073393
21.173 -5819 -1723073393
21.200 -5860 -1723073393
21.227 -5981 -1723073393
21.253 -5991 -1723073393
21.280 -5857 -1723073393
21.307 -5822 -1723073393
21.333 -5631 -1723073393
21.360 -5313 -1723073393
21.387 -5143 -1723073393
21.413 -4786 -1723073393
21.440 -4367 -1723073393
21.467 -4088 -1723073393
21.493 -3641 -1723073393
21.520 -3185 -1723073393
21.547 -2863 -1723073393
21.573 -2406 -1723073393
21.600 -1981 -1723073393
21.627 -1642 -1723073393
21.653 -1195 -1723073393
21.680 -811 -1723073393
21.707 -485 -1723073393
21.733 -98 -1723073393
21.760 234 -1723073393
21.787 528 -1723073393
21.813 833 -1723073393
21.840 1098 -1723073393
21.867 1334 -1723073393
21.893 1558 -1723073393
21.920 1774 -1723073393
21.947 1959 -1723073393
21.973 2113 -1723073393
22.000 2280 -1723073393
22.027 2412 -1723073393
22.053 2505 -1723073393
22.080 2620 -1723073393
22.107 2674 -1723073393
22.133 2691 -1723073393
22.160 2736 -1723073393
22.187 2706 -1723073393
22.213 2645 -1723073393
22.240 2610 -1723073393
22.267 2490 -1723073393
22.293 2360 -1723073393
22.320 2258 -1723073393
22.347 2078 -1723073393
22.373 1922 -1723073393
22.400 1806 -1723073393
22.427 1637 -1723073393
22.453 1507 -1723073393
22.480 1418 -1723073393
22.507 1305 -1723073393
22.533 1237 -1723073393
22.560 1205 -1723073393
22.587 1164 -1723073393
22.613 1169 -1723073393
22.640 1192 -1723073393
22.667 1205 -1723073393
22.693 1248 -1723073393
22.720 1293 -1723073393
22.747 1325 -1723073393
22.773 1377 -1723073393
22.800 1409 -1723073393
22.827 1412 -1723073393
22.853 1430 -1723073393
22.880 1413 -1723073393
22.907 1368 -1723073393
22.933 1345 -1723073393
22.960 1291 -1723073393
22.987 1214 -1723073393
23.013 1173 -1723073393
23.040 1123 -1723073393
23.067 1081 -1723073393
23.093 1085 -1723073393
23.120 1092 -1723073393
23.147 1124 -1723073393
23.173 1200 -1723073393
23.200 1285 -1723073393
23.227 1398 -1723073393
23.253 1549 -1723073393
23.280 1685 -1723073393
23.307 1830 -1723073393
23.333 1995 -1723073393
23.360 2133 -1723073393
23.387 2281 -1723073393
23.413 2425 -1723073393
23.440 2512 -1723073393
23.467 2610 -1723073393
23.493 2702 -1723073393
23.520 2719 -1723073393
23.547 2752 -1723073393
23.573 2764 -1723073393
23.600 2695 -1723073393
23.627 2663 -1723073393
23.653 2614 -1723073393
23.680 2492 -1723073393
23.707 2409 -1723073393
23.733 2305 -1723073393
23.760 2139 -1723073393
23.787 2017 -1723073393
23.813 1876 -1723073393
23.840 1699 -1723073393
23.867 1574 -1723073393
23.893 1438 -1723073393
23.920 1281 -1723073393
23.947 1166 -1723073393
23.973 1040 -1723073393
24.000 912 -1723073393
24.027 819 -1723073393
24.053 716 -1723073393
24.080 614 -1723073393
24.107 527 -1723073393
24.133 426 -1723073393
24.160 325 -1723073393
24.187 237 -1723073393
24.213 150 -1723073393
24.240 72 -1723073393
24.267 7 -1723073393
24.293 -47 -1723073393
24.320 -93 -1723073393
24.347 -125 -1723073393
24.373 -141 -1723073393
24.400 -150 -1723073393
24.427 -150 -1723073393
24.453 -132 -1723073393
24.480 -113 -1723073393
24.507 -87 -1723073393
24.533 -45 -1723073393
24.560 -10 -1723073393
24.587 27 -1723073393
24.613 76 -1723073393
24.640 120 -1723073393
24.667 171 -1723073393
24.693 236 -1723073393
24.720 301 -1723073393
24.747 366 -1723073393
24.773 429 -1723073393
24.800 484 -1723073393
24.827 533 -1723073393
24.853 573 -1723073393
24.880 612 -1723073393
24.907 650 -1723073393
24.933 677 -1723073393
24.960 706 -1723073393
24.987 723 -1723073393
25.013 724 -1723073393
25.040 727 -1723073393
25.067 722 -1723073393
25.093 705 -1723073393
25.120 694 -1723073393
25.147 669 -1723073393
25.173 631 -1723073393
25.200 599 -1723073393
25.227 557 -1723073393
25.253 505 -1723073393
25.280 457 -1723073393
25.307 400 -1723073393
25.333 342 -1723073393
25.360 296 -1723073393
25.387 244 -1723073393
25.413 193 -1723073393
25.440 150 -1723073393
25.467 105 -1723073393
25.493 61 -1723073393
25.520 20 -1723073393
25.547 -21 -1723073393
25.573 -69 -1723073393
25.600 -119 -1723073393
25.627 -172 -1723073393
25.653 -237 -1723073393
25.680 -305 -1723073393
25.707 -366 -1723073393
25.733 -426 -1723073393
25.760 -494 -1723073393
25.787 -552 -1723073393
25.813 -605 -1723073393
25.840 -654 -1723073393
25.867 -683 -1723073393
25.893 -715 -1723073393
25.920 -755 -1723073393
25.947 -772 -1723073393
25.973 -788 -1723073393
26.000 -796 -1723073393
26.027 -773 -1723073393
26.053 -752 -1723073393
26.080 -725 -1723073393
26.107 -664 -1723073393
26.133 -608 -1723073393
26.160 -543 -1723073393
26.187 -444 -1723073393
26.213 -359 -1723073393
26.240 -277 -1723073393
26.267 -178 -1723073393
26.293 -90 -1723073393
26.320 -4 -1723073393
26.347 84 -1723073393
26.373 156 -1723073393
26.400 223 -1723073393
26.427 291 -1723073393
26.453 344 -1723073393
26.480 383 -1723073393
26.507 411 -1723073393
26.533 425 -1723073393
26.560 426 -1723073393
26.587 417 -1723073393
26.613 405 -1723073393
26.640 391 -1723073393
26.667 366 -1723073393
26.693 340 -1723073393
26.720 318 -1723073393
26.747 292 -1723073393
26.773 267 -1723073393
26.800 244 -1723073393
26.827 215 -1723073393
26.853 185 -1723073393
26.880 162 -1723073393
26.907 143 -1723073393
26.933 124 -1723073393
26.960 108 -1723073393
26.987 87 -1723073393
27.013 55 -1723073393
27.040 14 -1723073393
27.067 -30 -1723073393
27.093 -78 -1723073393
27.120 -132 -1723073393
27.147 -192 -1723073393
27.173 -250 -1723073393
27.200 -304 -1723073393
27.227 -357 -1723073393
27.253 -405 -1723073393
27.280 -437 -1723073393
27.307 -463 -1723073393
27.333 -493 -1723073393
27.360 -507 -1723073393
27.387 -507 -1723073393
27.413 -506 -1723073393
27.440 -483 -1723073393
27.467 -452 -1723073393
27.493 -425 -1723073393
27.520 -382 -1723073393
27.547 -340 -1723073393
27.573 -305 -1723073393
27.600 -262 -1723073393
27.627 -225 -1723073393
27.653 -193 -1723073393
27.680 -159 -1723073393
27.707 -135 -1723073393
27.733 -119 -1723073393
27.760 -98 -1723073393
27.787 -80 -1723073393
27.813 -65 -1723073393
27.840 -49 -1723073393
27.867 -39 -1723073393
27.893 -35 -1723073393
27.920 -26 -1723073393
27.947 -17 -1723073393
27.973 -8 -1723073393
28.000 8 -1723073393
28.027 26 -1723073393
28.053 47 -1723073393
28.080 75 -1723073393
28.107 102 -1723073393
28.133 133 -1723073393
28.160 168 -1723073393
28.187 207 -1723073393
28.213 246 -1723073393
28.240 283 -1723073393
28.267 315 -1723073393
28.293 345 -1723073393
28.320 365 -1723073393
28.347 381 -1723073393
28.373 396 -1723073393
28.400 398 -1723073393
28.427 395 -1723073393
28.453 393 -1723073393
28.480 377 -1723073393
28.507 352 -1723073393
28.533 326 -1723073393
28.560 289 -1723073393
28.587 247 -1723073393
28.613 210 -1723073393
28.640 171 -1723073393
28.667 133 -1723073393
28.693 99 -1723073393
28.720 63 -1723073393
28.747 31 -1723073393
28.773 7 -1723073393
28.800 -13 -1723073393
28.827 -32 -1723073393
28.853 -41 -1723073393
28.880 -40 -1723073393
28.907 -33 -1723073393
28.933 -25 -1723073393
28.960 -11 -1723073393
28.987 0 -1723073393
29.013 8 -1723073393
29.040 19 -1723073393
29.067 27 -1723073393
29.093 29 -1723073393
29.120 33 -1723073393
29.147 32 -1723073393
29.173 28 -1723073393
29.200 26 -1723073393
29.227 24 -1723073393
29.253 24 -1723073393
29.280 28 -1723073393
29.307 27 -1723073393
29.333 24 -1723073393
29.360 17 -1723073393
29.387 4 -1723073393
29.413 -9 -1723073393
29.440 -22 -1723073393
29.467 -35 -1723073393
29.493 -44 -1723073393
29.520 -46 -1723073393
29.547 -46 -1723073393
29.573 -42 -1723073393
29.600 -28 -1723073393
29.627 -13 -1723073393
29.653 -2 -1723073393
29.680 16 -1723073393
29.707 32 -1723073393
29.733 48 -1723073393
29.760 67 -1723073393
29.787 86 -1723073393
29.813 100 -1723073393
29.840 111 -1723073393
29.867 119 -1723073393
29.893 123 -1723073393
29.920 126 -1723073393
29.947 122 -1723073393
29.973 115 -1723073393
30.000 113 -1723073393
30.027 115 -1723073393
30.053 118 -1723073393
30.080 125 -1723073393
30.107 133 -1723073393
30.133 142 -1723073393
30.160 149 -1723073393
30.187 149 -1723073393
30.213 150 -1723073393
30.240 153 -1723073393
30.267 155 -1723073393
30.293 160 -1723073393
30.320 163 -1723073393
30.347 166 -1723073393
30.373 175 -1723073393
30.400 185 -1723073393
30.427 193 -1723073393
30.453 202 -1723073393
30.480 213 -1723073393
30.507 224 -1723073393
30.533 233 -1723073393
30.560 240 -1723073393
30.587 247 -1723073393
30.613 250 -1723073393
30.640 244 -1723073393
30.667 231 -1723073393
30.693 217 -1723073393
30.720 195 -1723073393
30.747 169 -1723073393
30.773 139 -1723073393
30.800 102 -1723073393
30.827 61 -1723073393
30.853 16 -1723073393
30.880 -27 -1723073393
30.907 -69 -1723073393
30.933 -110 -1723073393
30.960 -145 -1723073393
30.987 -173 -1723073393
31.013 -197 -1723073393
31.040 -209 -1723073393
31.067 -212 -1723073393
31.093 -214 -1723073393
31.120 -204 -1723073393
31.147 -177 -1723073393
31.173 -150 -1723073393
31.200 -116 -1723073393
31.227 -74 -1723073393
31.253 -34 -1723073393
31.280 8 -1723073393
31.307 55 -1723073393
31.333 96 -1723073393
31.360 130 -1723073393
31.387 158 -1723073393
31.413 171 -1723073393
31.440 172 -1723073393
31.467 166 -1723073393
31.493 152 -1723073393
31.520 134 -1723073393
31.547 113 -1723073393
31.573 93 -1723073393
31.600 70 -1723073393
31.627 48 -1723073393
31.653 26 -1723073393
31.680 10 -1723073393
31.707 5 -1723073393
31.733 7 -1723073393
31.760 16 -1723073393
31.787 29 -1723073393
31.813 41 -1723073393
31.840 58 -1723073393
31.867 82 -1723073393
31.893 102 -1723073393
31.920 127 -1723073393
31.947 149 -1723073393
31.973 162 -1723073393
32.000 169 -1723073393
32.027 169 -1723073393
32.053 162 -1723073393
32.080 151 -1723073393
32.107 139 -1723073393
32.133 123 -1723073393
32.160 105 -1723073393
32.187 91 -1723073393
32.213 79 -1723073393
32.240 72 -1723073393
32.267 71 -1723073393
32.293 71 -1723073393
32.320 75 -1723073393
32.347 90 -1723073393
32.373 109 -1723073393
32.400 131 -1723073393
32.427 153 -1723073393
32.453 169 -1723073393
32.480 178 -1723073393
32.507 179 -1723073393
32.533 171 -1723073393
32.560 160 -1723073393
32.587 142 -1723073393
32.613 114 -1723073393
32.640 83 -1723073393
32.667 46 -1723073393
32.693 3 -1723073393
32.720 -44 -1723073393
32.747 -92 -1723073393
32.773 -139 -1723073393
32.800 -180 -1723073393
32.827 -210 -1723073393
32.853 -230 -1723073393
32.880 -242 -1723073393
32.907 -233 -1723073393
32.933 -210 -1723073393
32.960 -181 -1723073393
32.987 -131 -1723073393
33.013 -81 -1723073393
33.040 -38 -1723073393
33.067 13 -1723073393
33.093 66 -1723073393
33.120 106 -1723073393
33.147 142 -1723073393
33.173 168 -1723073393
33.200 181 -1723073393
33.227 188 -1723073393
33.253 184 -1723073393
33.280 170 -1723073393
33.307 152 -1723073393
33.333 131 -1723073393
33.360 109 -1723073393
33.387 91 -1723073393
33.413 75 -1723073393
33.440 61 -1723073393
33.467 50 -1723073393
33.493 42 -1723073393
33.520 36 -1723073393
33.547 36 -1723073393
33.573 41 -1723073393
33.600 43 -1723073393
33.627 45 -1723073393
33.653 47 -1723073393
33.680 49 -1723073393
33.707 54 -1723073393
33.733 61 -1723073393
33.760 68 -1723073393
33.787 81 -1723073393
33.813 98 -1723073393
33.840 115 -1723073393
33.867 139 -1723073393
33.893 169 -1723073393
33.920 197 -1723073393
33.947 228 -1723073393
33.973 267 -1723073393
34.000 307 -1723073393
34.027 346 -1723073393
34.053 389 -1723073393
34.080 428 -1723073393
34.107 458 -1723073393
34.133 483 -1723073393
34.160 504 -1723073393
34.187 517 -1723073393
34.213 516 -1723073393
34.240 503 -1723073393
34.267 479 -1723073393
34.293 442 -1723073393
34.320 392 -1723073393
34.347 342 -1723073393
34.373 288 -1723073393
34.400 223 -1723073393
34.427 160 -1723073393
34.453 103 -1723073393
34.480 49 -1723073393
34.507 2 -1723073393
34.533 -35 -1723073393
34.560 -59 -1723073393
34.587 -72 -1723073393
34.613 -68 -1723073393
34.640 -46 -1723073393
34.667 -24 -1723073393
34.693 2 -1723073393
34.720 48 -1723073393
34.747 94 -1723073393
34.773 136 -1723073393
34.800 180 -1723073393
34.827 212 -1723073393
34.853 236 -1723073393
34.880 259 -1723073393
34.907 275 -1723073393
34.933 275 -1723073393
34.960 261 -1723073393
34.987 240 -1723073393
35.013 211 -1723073393
35.040 175 -1723073393
35.067 134 -1723073393
35.093 89 -1723073393
35.120 43 -1723073393
35.147 1 -1723073393
35.173 -37 -1723073393
35.200 -68 -1723073393
35.227 -88 -1723073393
35.253 -97 -1723073393
35.280 -90 -1723073393
35.307 -69 -1723073393
35.333 -48 -1723073393
35.360 -18 -1723073393
35.387 24 -1723073393
35.413 61 -1723073393
35.440 99 -1723073393
35.467 153 -1723073393
35.493 209 -1723073393
35.520 261 -1723073393
35.547 305 -1723073393
35.573 338 -1723073393
35.600 366 -1723073393
35.627 393 -1723073393
35.653 414 -1723073393
35.680 431 -1723073393
35.707 444 -1723073393
35.733 452 -1723073393
35.760 456 -1723073393
35.787 452 -1723073393
35.813 442 -1723073393
35.840 429 -1723073393
35.867 410 -1723073393
35.893 389 -1723073393
35.920 367 -1723073393
35.947 338 -1723073393
35.973 308 -1723073393
36.000 284 -1723073393
36.027 261 -1723073393
36.053 236 -1723073393
36.080 208 -1723073393
36.107 177 -1723073393
36.133 145 -1723073393
36.160 113 -1723073393
36.187 77 -1723073393
36.213 44 -1723073393
36.240 7 -1723073393
36.267 -28 -1723073393
36.293 -56 -1723073393
36.320 -84 -1723073393
36.347 -109 -1723073393
36.373 -121 -1723073393
36.400 -133 -1723073393
36.427 -140 -1723073393
36.453 -128 -1723073393
36.480 -108 -1723073393
36.507 -74 -1723073393
36.533 -20 -1723073393
36.560 36 -1723073393
36.587 92 -1723073393
36.613 149 -1723073393
36.640 204 -1723073393
36.667 250 -1723073393
36.693 291 -1723073393
36.720 323 -1723073393
36.747 346 -1723073393
36.773 352 -1723073393
36.800 343 -1723073393
36.827 324 -1723073393
36.853 296 -1723073393
36.880 259 -1723073393
36.907 221 -1723073393
36.933 181 -1723073393
36.960 144 -1723073393
36.987 114 -1723073393
37.013 92 -1723073393
37.040 76 -1723073393
37.067 64 -1723073393
37.093 57 -1723073393
37.120 61 -1723073393
37.147 74 -1723073393
37.173 95 -1723073393
37.200 131 -1723073393
37.227 171 -1723073393
37.253 209 -1723073393
37.280 252 -1723073393
37.307 294 -1723073393
37.333 325 -1723073393
37.360 350 -1723073393
37.387 372 -1723073393
37.413 390 -1723073393
37.440 404 -1723073393
37.467 421 -1723073393
37.493 436 -1723073393
37.520 446 -1723073393
37.547 454 -1723073393
37.573 460 -1723073393
37.600 460 -1723073393
37.627 456 -1723073393
37.653 450 -1723073393
37.680 438 -1723073393
37.707 424 -1723073393
37.733 410 -1723073393
37.760 390 -1723073393
37.787 360 -1723073393
37.813 329 -1723073393
37.840 295 -1723073393
37.867 257 -1723073393
37.893 217 -1723073393
37.920 173 -1723073393
37.947 128 -1723073393
37.973 87 -1723073393
38.000 48 -1723073393
38.027 14 -1723073393
38.053 -15 -1723073393
38.080 -34 -1723073393
38.107 -36 -1723073393
38.133 -28 -1723073393
38.160 -19 -1723073393
38.187 4 -1723073393
38.213 45 -1723073393
38.240 87 -1723073393
38.267 131 -1723073393
38.293 186 -1723073393
38.320 237 -1723073393
38.347 279 -1723073393
38.373 319 -1723073393
38.400 349 -1723073393
38.427 367 -1723073393
38.453 377 -1723073393
38.480 378 -1723073393
38.507 359 -1723073393
38.533 325 -1723073393
38.560 285 -1723073393
38.587 236 -1723073393
38.613 181 -1723073393
38.640 122 -1723073393
38.667 60 -1723073393
38.693 2 -1723073393
38.720 -44 -1723073393
38.747 -87 -1723073393
38.773 -117 -1723073393
38.800 -131 -1723073393
38.827 -135 -1723073393
38.853 -123 -1723073393
38.880 -95 -1723073393
38.907 -69 -1723073393
38.933 -40 -1723073393
38.960 1 -1723073393
38.987 37 -1723073393
39.013 66 -1723073393
39.040 104 -1723073393
39.067 139 -1723073393
39.093 163 -1723073393
39.120 186 -1723073393
39.147 206 -1723073393
39.173 219 -1723073393
39.200 227 -1723073393
39.227 229 -1723073393
39.253 228 -1723073393
39.280 227 -1723073393
39.307 225 -1723073393
39.333 222 -1723073393
39.360 224 -1723073393
39.387 233 -1723073393
39.413 242 -1723073393
39.440 250 -1723073393
39.467 259 -1723073393
39.493 262 -1723073393
39.520 259 -1723073393
39.547 254 -1723073393
39.573 248 -1723073393
39.600 239 -1723073393
39.627 228 -1723073393
39.653 218 -1723073393
39.680 205 -1723073393
39.707 191 -1723073393
39.733 175 -1723073393
39.760 158 -1723073393
39.787 141 -1723073393
39.813 123 -1723073393
39.840 104 -1723073393
39.867 86 -1723073393
39.893 69 -1723073393
39.920 54 -1723073393
39.947 43 -1723073393
39.973 39 -1723073393
40.000 38 -1723073393
40.027 43 -1723073393
40.053 54 -1723073393
40.080 61 -1723073393
40.107 68 -1723073393
40.133 80 -1723073393
40.160 89 -1723073393
40.187 95 -1723073393
40.213 101 -1723073393
40.240 106 -1723073393
40.267 106 -1723073393
40.293 109 -1723073393
40.320 111 -1723073393
40.347 105 -1723073393
40.373 96 -1723073393
40.400 86 -1723073393
40.427 73 -1723073393
40.453 56 -1723073393
40.480 40 -1723073393
40.507 28 -1723073393
40.533 20 -1723073393
40.560 15 -1723073393
40.587 8 -1723073393
40.613 6 -1723073393
40.640 14 -1723073393
40.667 23 -1723073393
40.693 33 -1723073393
40.720 56 -1723073393
40.747 82 -1723073393
40.773 105 -1723073393
40.800 131 -1723073393
40.827 159 -1723073393
40.853 185 -1723073393
40.880 211 -1723073393
40.907 237 -1723073393
40.933 260 -1723073393
40.960 278 -1723073393
40.987 296 -1723073393
41.013 314 -1723073393
41.040 328 -1723073393
41.067 337 -1723073393
41.093 340 -1723073393
41.120 336 -1723073393
41.147 334 -1723073393
41.173 333 -1723073393
41.200 331 -1723073393
41.227 325 -1723073393
41.253 316 -1723073393
41.280 306 -1723073393
41.307 286 -1723073393
41.333 260 -1723073393
41.360 234 -1723073393
41.387 205 -1723073393
41.413 174 -1723073393
41.440 141 -1723073393
41.467 109 -1723073393
41.493 76 -1723073393
41.520 38 -1723073393
41.547 5 -1723073393
41.573 -19 -1723073393
41.600 -44 -1723073393
41.627 -64 -1723073393
41.653 -71 -1723073393
41.680 -72 -1723073393
41.707 -74 -1723073393
41.733 -67 -1723073393
41.760 -51 -1723073393
41.787 -36 -1723073393
41.813 -16 -1723073393
41.840 6 -1723073393
41.867 22 -1723073393
41.893 38 -1723073393
41.920 55 -1723073393
41.947 61 -1723073393
41.973 63 -1723073393
42.000 64 -1723073393
42.027 49 -1723073393
42.053 24 -1723073393
42.080 2 -1723073393
42.107 -21 -1723073393
42.133 -50 -1723073393
42.160 -74 -1723073393
42.187 -98 -1723073393
42.213 -120 -1723073393
42.240 -133 -1723073393
42.267 -136 -1723073393
42.293 -132 -1723073393
42.320 -116 -1723073393
42.347 -90 -1723073393
42.373 -68 -1723073393
42.400 -40 -1723073393
42.427 0 -1723073393
42.453 35 -1723073393
42.480 67 -1723073393
42.507 105 -1723073393
42.533 140 -1723073393
42.560 160 -1723073393
42.587 175 -1723073393
42.613 187 -1723073393
42.640 189 -1723073393
42.667 186 -1723073393
42.693 178 -1723073393
42.720 164 -1723073393
42.747 151 -1723073393
42.773 138 -1723073393
42.800 122 -1723073393
42.827 104 -1723073393
42.853 85 -1723073393
42.880 63 -1723073393
42.907 41 -1723073393
42.933 25 -1723073393
42.960 14 -1723073393
42.987 9 -1723073393
43.013 13 -1723073393
43.040 20 -1723073393
43.067 24 -1723073393
43.093 29 -1723073393
43.120 33 -1723073393
43.147 33 -1723073393
43.173 34 -1723073393
43.200 35 -1723073393
43.227 29 -1723073393
43.253 24 -1723073393
43.280 21 -1723073393
43.307 15 -1723073393
43.333 9 -1723073393
43.360 9 -1723073393
43.387 5 -1723073393
43.413 2 -1723073393
43.440 7 -1723073393
43.467 12 -1723073393
43.493 10 -1723073393
43.520 14 -1723073393
43.547 18 -1723073393
43.573 14 -1723073393
43.600 14 -1723073393
43.627 20 -1723073393
43.653 18 -1723073393
43.680 15 -1723073393
43.707 11 -1723073393
43.733 0 -1723073393
43.760 -15 -1723073393
43.787 -31 -1723073393
43.813 -54 -1723073393
43.840 -80 -1723073393
43.867 -98 -1723073393
43.893 -117 -1723073393
43.920 -143 -1723073393
43.947 -159 -1723073393
43.973 -162 -1723073393
44.000 -166 -1723073393
44.027 -163 -1723073393
44.053 -152 -1723073393
44.080 -149 -1723073393
44.107 -146 -1723073393
44.133 -132 -1723073393
44.160 -120 -1723073393
44.187 -107 -1723073393
44.213 -81 -1723073393
44.240 -60 -1723073393
44.267 -51 -1723073393
44.293 -42 -1723073393
44.320 -32 -1723073393
44.347 -28 -1723073393
44.373 -19 -1723073393
44.400 -9 -1723073393
44.427 -7 -1723073393
44.453 -5 -1723073393
44.480 3 -1723073393
44.507 9 -1723073393
44.533 18 -1723073393
44.560 38 -1723073393
44.587 56 -1723073393
44.613 70 -1723073393
44.640 93 -1723073393
44.667 110 -1723073393
44.693 120 -1723073393
44.720 135 -1723073393
44.747 146 -1723073393
44.773 148 -1723073393
44.800 147 -1723073393
44.827 150 -1723073393
44.853 148 -1723073393
44.880 141 -1723073393
44.907 132 -1723073393
44.933 118 -1723073393
44.960 106 -1723073393
44.987 95 -1723073393
45.013 83 -1723073393
45.040 71 -1723073393
45.067 66 -1723073393
45.093 68 -1723073393
45.120 69 -1723073393
45.147 77 -1723073393
45.173 84 -1723073393
45.200 85 -1723073393
45.227 90 -1723073393
45.253 99 -1723073393
45.280 98 -1723073393
45.307 93 -1723073393
45.333 96 -1723073393
45.360 98 -1723073393
45.387 93 -1723073393
45.413 90 -1723073393
45.440 79 -1723073393
45.467 59 -1723073393
45.493 47 -1723073393
45.520 35 -1723073393
45.547 10 -1723073393
45.573 -17 -1723073393
45.600 -40 -1723073393
45.627 -68 -1723073393
45.653 -90 -1723073393
45.680 -100 -1723073393
45.707 -111 -1723073393
45.733 -119 -1723073393
45.760 -110 -1723073393
45.787 -102 -1723073393
45.813 -98 -1723073393
45.840 -75 -1723073393
45.867 -45 -1723073393
45.893 -24 -1723073393
45.920 5 -1723073393
45.947 42 -1723073393
45.973 66 -1723073393
46.000 86 -1723073393
46.027 115 -1723073393
46.053 135 -1723073393
46.080 141 -1723073393
46.107 149 -1723073393
46.133 157 -1723073393
46.160 156 -1723073393
46.187 157 -1723073393
46.213 157 -1723073393
46.240 156 -1723073393
46.267 154 -1723073393
46.293 151 -1723073393
46.320 145 -1723073393
46.347 139 -1723073393
46.373 136 -1723073393
46.400 131 -1723073393
46.427 128 -1723073393
46.453 131 -1723073393
46.480 135 -1723073393
46.507 135 -1723073393
46.533 139 -1723073393
46.560 146 -1723073393
46.587 148 -1723073393
46.613 150 -1723073393
46.640 158 -1723073393
46.667 169 -1723073393
46.693 185 -1723073393
46.720 201 -1723073393
46.747 214 -1723073393
46.773 231 -1723073393
46.800 249 -1723073393
46.827 260 -1723073393
46.853 265 -1723073393
46.880 262 -1723073393
46.907 254 -1723073393
46.933 243 -1723073393
46.960 228 -1723073393
46.987 205 -1723073393
47.013 178 -1723073393
47.040 147 -1723073393
47.067 114 -1723073393
47.093 81 -1723073393
47.120 49 -1723073393
47.147 25 -1723073393
47.173 2 -1723073393
47.200 -19 -1723073393
47.227 -32 -1723073393
47.253 -42 -1723073393
47.280 -50 -1723073393
47.307 -47 -1723073393
47.333 -35 -1723073393
47.360 -26 -1723073393
47.387 -11 -1723073393
47.413 11 -1723073393
47.440 30 -1723073393
47.467 49 -1723073393
47.493 77 -1723073393
47.520 102 -1723073393
47.547 125 -1723073393
47.573 153 -1723073393
47.600 183 -1723073393
47.627 208 -1723073393
47.653 234 -1723073393
47.680 257 -1723073393
47.707 271 -1723073393
47.733 280 -1723073393
47.760 286 -1723073393
47.787 286 -1723073393
47.813 284 -1723073393
47.840 280 -1723073393
47.867 276 -1723073393
47.893 269 -1723073393
47.920 257 -1723073393
47.947 244 -1723073393
47.973 233 -1723073393
48.000 226 -1723073393
48.027 220 -1723073393
48.053 214 -1723073393
48.080 214 -1723073393
48.107 217 -1723073393
48.133 218 -1723073393
48.160 222 -1723073393
48.187 231 -1723073393
48.213 234 -1723073393
48.240 239 -1723073393
48.267 251 -1723073393
48.293 262 -1723073393
48.320 271 -1723073393
48.347 287 -1723073393
48.373 305 -1723073393
48.400 319 -1723073393
48.427 332 -1723073393
48.453 347 -1723073393
48.480 359 -1723073393
48.507 376 -1723073393
48.533 396 -1723073393
48.560 411 -1723073393
48.587 426 -1723073393
48.613 438 -1723073393
48.640 445 -1723073393
48.667 450 -1723073393
48.693 456 -1723073393
48.720 457 -1723073393
48.747 455 -1723073393
48.773 453 -1723073393
48.800 445 -1723073393
48.827 433 -1723073393
48.853 423 -1723073393
48.880 407 -1723073393
48.907 389 -1723073393
48.933 374 -1723073393
48.960 358 -1723073393
48.987 339 -1723073393
49.013 324 -1723073393
49.040 315 -1723073393
49.067 307 -1723073393
49.093 296 -1723073393
49.120 288 -1723073393
49.147 282 -1723073393
49.173 275 -1723073393
49.200 274 -1723073393
49.227 271 -1723073393
49.253 260 -1723073393
49.280 252 -1723073393
49.307 252 -1723073393
49.333 254 -1723073393
49.360 261 -1723073393
49.387 279 -1723073393
49.413 297 -1723073393
49.440 312 -1723073393
49.467 330 -1723073393
49.493 347 -1723073393
49.520 352 -1723073393
49.547 359 -1723073393
49.573 366 -1723073393
49.600 367 -1723073393
49.627 364 -1723073393
49.653 357 -1723073393
49.680 342 -1723073393
49.707 326 -1723073393
49.733 314 -1723073393
49.760 295 -1723073393
49.787 273 -1723073393
49.813 258 -1723073393
49.840 241 -1723073393
49.867 217 -1723073393
49.893 198 -1723073393
49.920 188 -1723073393
49.947 175 -1723073393
49.973 164 -1723073393
50.000 163 -1723073393
50.027 165 -1723073393
50.053 168 -1723073393
50.080 176 -1723073393
50.107 186 -1723073393
50.133 195 -1723073393
50.160 207 -1723073393
50.187 222 -1723073393
50.213 230 -1723073393
50.240 234 -1723073393
50.267 238 -1723073393
50.293 237 -1723073393
50.320 234 -1723073393
50.347 235 -1723073393
50.373 234 -1723073393
50.400 224 -1723073393
50.427 209 -1723073393
50.453 186 -1723073393
50.480 158 -1723073393
50.507 131 -1723073393
50.533 104 -1723073393
50.560 69 -1723073393
50.587 27 -1723073393
50.613 -9 -1723073393
50.640 -49 -1723073393
50.667 -92 -1723073393
50.693 -127 -1723073393
50.720 -156 -1723073393
50.747 -192 -1723073393
50.773 -222 -1723073393
50.800 -238 -1723073393
50.827 -254 -1723073393
50.853 -270 -1723073393
50.880 -270 -1723073393
50.907 -261 -1723073393
50.933 -256 -1723073393
50.960 -244 -1723073393
50.987 -222 -1723073393
51.013 -206 -1723073393
51.040 -187 -1723073393
51.067 -159 -1723073393
51.093 -141 -1723073393
51.120 -131 -1723073393
51.147 -116 -1723073393
51.173 -103 -1723073393
51.200 -100 -1723073393
51.227 -93 -1723073393
51.253 -82 -1723073393
51.280 -77 -1723073393
51.307 -71 -1723073393
51.333 -57 -1723073393
51.360 -47 -1723073393
51.387 -34 -1723073393
51.413 -15 -1723073393
51.440 -2 -1723073393
51.467 3 -1723073393
51.493 14 -1723073393
51.520 27 -1723073393
51.547 35 -1723073393
51.573 46 -1723073393
51.600 61 -1723073393
51.627 75 -1723073393
51.653 94 -1723073393
51.680 119 -1723073393
51.707 143 -1723073393
51.733 169 -1723073393
51.760 202 -1723073393
51.787 231 -1723073393
51.813 252 -1723073393
51.840 271 -1723073393
51.867 282 -1723073393
51.893 288 -1723073393
51.920 291 -1723073393
51.947 289 -1723073393
51.973 282 -1723073393
52.000 276 -1723073393
52.027 267 -1723073393
52.053 254 -1723073393
52.080 242 -1723073393
52.107 233 -1723073393
52.133 226 -1723073393
52.160 221 -1723073393
52.187 222 -1723073393
52.213 223 -1723073393
52.240 224 -1723073393
52.267 227 -1723073393
52.293 228 -1723073393
52.320 223 -1723073393
52.347 217 -1723073393
52.373 215 -1723073393
52.400 212 -1723073393
52.427 206 -1723073393
52.453 202 -1723073393
52.480 195 -1723073393
52.507 182 -1723073393
52.533 168 -1723073393
52.560 155 -1723073393
52.587 137 -1723073393
52.613 123 -1723073393
52.640 116 -1723073393
52.667 105 -1723073393
52.693 92 -1723073393
52.720 85 -1723073393
52.747 83 -1723073393
52.773 81 -1723073393
52.800 85 -1723073393
52.827 93 -1723073393
52.853 93 -1723073393
52.880 96 -1723073393
52.907 109 -1723073393
52.933 124 -1723073393
52.960 134 -1723073393
52.987 147 -1723073393
53.013 157 -1723073393
53.040 162 -1723073393
53.067 171 -1723073393
53.093 183 -1723073393
53.120 185 -1723073393
53.147 186 -1723073393
53.173 193 -1723073393
53.200 197 -1723073393
53.227 193 -1723073393
53.253 191 -1723073393
53.280 188 -1723073393
53.307 183 -1723073393
53.333 182 -1723073393
53.360 180 -1723073393
53.387 172 -1723073393
53.413 166 -1723073393
53.440 162 -1723073393
53.467 155 -1723073393
53.493 148 -1723073393
53.520 151 -1723073393
53.547 156 -1723073393
53.573 158 -1723073393
53.600 168 -1723073393
53.627 181 -1723073393
53.653 190 -1723073393
53.680 206 -1723073393
53.707 225 -1723073393
53.733 237 -1723073393
53.760 247 -1723073393
53.787 260 -1723073393
53.813 270 -1723073393
53.840 274 -1723073393
53.867 280 -1723073393
53.893 282 -1723073393
53.920 276 -1723073393
53.947 269 -1723073393
53.973 259 -1723073393
54.000 242 -1723073393
54.027 225 -1723073393
54.053 213 -1723073393
54.080 192 -1723073393
54.107 162 -1723073393
54.133 134 -1723073393
54.160 106 -1723073393
54.187 78 -1723073393
54.213 54 -1723073393
54.240 34 -1723073393
54.267 10 -1723073393
54.293 -8 -1723073393
54.320 -20 -1723073393
54.347 -40 -1723073393
54.373 -65 -1723073393
54.400 -79 -1723073393
54.427 -86 -1723073393
54.453 -100 -1723073393
54.480 -107 -1723073393
54.507 -104 -1723073393
54.533 -109 -1723073393
54.560 -108 -1723073393
54.587 -95 -1723073393
54.613 -89 -1723073393
54.640 -88 -1723073393
54.667 -74 -1723073393
54.693 -62 -1723073393
54.720 -58 -1723073393
54.747 -43 -1723073393
54.773 -26 -1723073393
54.800 -22 -1723073393
54.827 -19 -1723073393
54.853 -10 -1723073393
54.880 -5 -1723073393
54.907 -1 -1723073393
54.933 12 -1723073393
54.960 23 -1723073393
54.987 27 -1723073393
55.013 38 -1723073393
55.040 52 -1723073393
55.067 64 -1723073393
55.093 83 -1723073393
55.120 111 -1723073393
55.147 133 -1723073393
55.173 155 -1723073393
55.200 185 -1723073393
55.227 212 -1723073393
55.253 235 -1723073393
55.280 262 -1723073393
55.307 293 -1723073393
55.333 319 -1723073393
55.360 345 -1723073393
55.387 370 -1723073393
55.413 388 -1723073393
55.440 403 -1723073393
55.467 421 -1723073393
55.493 433 -1723073393
55.520 440 -1723073393
55.547 451 -1723073393
55.573 462 -1723073393
55.600 472 -1723073393
55.627 482 -1723073393
55.653 492 -1723073393
55.680 500 -1723073393
55.707 510 -1723073393
55.733 519 -1723073393
55.760 527 -1723073393
55.787 540 -1723073393
55.813 556 -1723073393
55.840 569 -1723073393
55.867 578 -1723073393
55.893 586 -1723073393
55.920 584 -1723073393
55.947 577 -1723073393
55.973 568 -1723073393
56.000 553 -1723073393
56.027 535 -1723073393
56.053 520 -1723073393
56.080 498 -1723073393
56.107 466 -1723073393
56.133 431 -1723073393
56.160 400 -1723073393
56.187 366 -1723073393
56.213 328 -1723073393
56.240 296 -1723073393
56.267 265 -1723073393
56.293 234 -1723073393
56.320 210 -1723073393
56.347 198 -1723073393
56.373 184 -1723073393
56.400 168 -1723073393
56.427 165 -1723073393
56.453 168 -1723073393
56.480 165 -1723073393
56.507 162 -1723073393
56.533 162 -1723073393
56.560 157 -1723073393
56.587 146 -1723073393
56.613 139 -1723073393
56.640 125 -1723073393
56.667 105 -1723073393
56.693 93 -1723073393
56.720 83 -1723073393
56.747 72 -1723073393
56.773 63 -1723073393
56.800 55 -1723073393
56.827 44 -1723073393
56.853 34 -1723073393
56.880 29 -1723073393
56.907 22 -1723073393
56.933 9 -1723073393
56.960 3 -1723073393
56.987 0 -1723073393
57.013 -11 -1723073393
57.040 -20 -1723073393
57.067 -21 -1723073393
57.093 -26 -1723073393
57.120 -39 -1723073393
57.147 -45 -1723073393
57.173 -41 -1723073393
57.200 -38 -1723073393
57.227 -31 -1723073393
57.253 -14 -1723073393
57.280 -2 -1723073393
57.307 11 -1723073393
57.333 32 -1723073393
57.360 53 -1723073393
57.387 72 -1723073393
57.413 93 -1723073393
57.440 113 -1723073393
57.467 127 -1723073393
57.493 142 -1723073393
57.520 158 -1723073393
57.547 168 -1723073393
57.573 177 -1723073393
57.600 187 -1723073393
57.627 194 -1723073393
57.653 195 -1723073393
57.680 193 -1723073393
57.707 192 -1723073393
57.733 193 -1723073393
57.760 195 -1723073393
57.787 198 -1723073393
57.813 199 -1723073393
57.840 203 -1723073393
57.867 210 -1723073393
57.893 217 -1723073393
57.920 226 -1723073393
57.947 239 -1723073393
57.973 255 -1723073393
58.000 273 -1723073393
58.027 298 -1723073393
58.053 325 -1723073393
58.080 345 -1723073393
58.107 362 -1723073393
58.133 379 -1723073393
58.160 395 -1723073393
58.187 412 -1723073393
58.213 428 -1723073393
58.240 440 -1723073393
58.267 447 -1723073393
58.293 453 -1723073393
58.320 456 -1723073393
58.347 456 -1723073393
58.373 453 -1723073393
58.400 449 -1723073393
58.427 444 -1723073393
58.453 445 -1723073393
58.480 450 -1723073393
58.507 456 -1723073393
58.533 463 -1723073393
58.560 470 -1723073393
58.587 479 -1723073393
58.613 492 -1723073393
58.640 507 -1723073393
58.667 520 -1723073393
58.693 531 -1723073393
58.720 545 -1723073393
58.747 558 -1723073393
58.773 566 -1723073393
58.800 571 -1723073393
58.827 575 -1723073393
58.853 580 -1723073393
58.880 584 -1723073393
58.907 586 -1723073393
58.933 583 -1723073393
58.960 582 -1723073393
58.987 585 -1723073393
59.013 589 -1723073393
59.040 591 -1723073393
59.067 593 -1723073393
59.093 595 -1723073393
59.120 598 -1723073393
59.147 606 -1723073393
59.173 611 -1723073393
59.200 609 -1723073393
59.227 603 -1723073393
59.253 596 -1723073393
59.280 582 -1723073393
59.307 566 -1723073393
59.333 552 -1723073393
59.360 538 -1723073393
59.387 522 -1723073393
59.413 507 -1723073393
59.440 493 -1723073393
59.467 478 -1723073393
59.493 464 -1723073393
59.520 454 -1723073393
59.547 444 -1723073393
59.573 433 -1723073393
59.600 424 -1723073393
59.627 418 -1723073393
59.653 410 -1723073393
59.680 401 -1723073393
59.707 391 -1723073393
59.733 380 -1723073393
59.760 368 -1723073393
59.787 355 -1723073393
59.813 340 -1723073393
59.840 326 -1723073393
59.867 309 -1723073393
59.893 288 -1723073393
59.920 261 -1723073393
59.947 231 -1723073393
59.973 201 -1723073393
60.000 175 -1723073393
60.027 149 -1723073393
60.053 124 -1723073393
60.080 105 -1723073393
60.107 85 -1723073393
60.133 61 -1723073393
60.160 43 -1723073393
60.187 29 -1723073393
60.213 16 -1723073393
60.240 4 -1723073393
60.267 -3 -1723073393
60.293 -13 -1723073393
60.320 -26 -1723073393
60.347 -34 -1723073393
60.373 -41 -1723073393
60.400 -52 -1723073393
60.427 -57 -1723073393
60.453 -53 -1723073393
60.480 -55 -1723073393
60.507 -60 -1723073393
60.533 -55 -1723073393
60.560 -49 -1723073393
60.587 -50 -1723073393
60.613 -46 -1723073393
60.640 -38 -1723073393
60.667 -34 -1723073393
60.693 -29 -1723073393
60.720 -19 -1723073393
60.747 -16 -1723073393
60.773 -22 -1723073393
60.800 -25 -1723073393
60.827 -23 -1723073393
60.853 -26 -1723073393
60.880 -29 -1723073393
60.907 -32 -1723073393
60.933 -42 -1723073393
60.960 -53 -1723073393
60.987 -61 -1723073393
61.013 -74 -1723073393
61.040 -98 -1723073393
61.067 -122 -1723073393
61.093 -148 -1723073393
61.120 -178 -1723073393
61.147 -204 -1723073393
61.173 -219 -1723073393
61.200 -241 -1723073393
61.227 -265 -1723073393
61.253 -278 -1723073393
61.280 -286 -1723073393
61.307 -299 -1723073393
61.333 -305 -1723073393
61.360 -300 -1723073393
61.387 -299 -1723073393
61.413 -292 -1723073393
61.440 -275 -1723073393
61.467 -267 -1723073393
61.493 -267 -1723073393
61.520 -255 -1723073393
61.547 -243 -1723073393
61.573 -243 -1723073393
61.600 -238 -1723073393
61.627 -224 -1723073393
61.653 -219 -1723073393
61.680 -219 -1723073393
61.707 -215 -1723073393
61.733 -216 -1723073393
61.760 -225 -1723073393
61.787 -229 -1723073393
61.813 -237 -1723073393
61.840 -253 -1723073393
61.867 -262 -1723073393
61.893 -268 -1723073393
61.920 -284 -1723073393
61.947 -298 -1723073393
61.973 -300 -1723073393
62.000 -299 -1723073393
62.027 -299 -1723073393
62.053 -287 -1723073393
62.080 -268 -1723073393
62.107 -257 -1723073393
62.133 -239 -1723073393
62.160 -207 -1723073393
62.187 -180 -1723073393
62.213 -155 -1723073393
62.240 -119 -1723073393
62.267 -89 -1723073393
62.293 -64 -1723073393
62.320 -33 -1723073393
62.347 -6 -1723073393
62.373 4 -1723073393
62.400 12 -1723073393
62.427 22 -1723073393
62.453 21 -1723073393
62.480 11 -1723073393
62.507 1 -1723073393
62.533 -13 -1723073393
62.560 -36 -1723073393
62.587 -56 -1723073393
62.613 -75 -1723073393
62.640 -103 -1723073393
62.667 -126 -1723073393
62.693 -137 -1723073393
62.720 -151 -1723073393
62.747 -171 -1723073393
62.773 -184 -1723073393
62.800 -192 -1723073393
62.827 -205 -1723073393
62.853 -208 -1723073393
62.880 -204 -1723073393
62.907 -207 -1723073393
62.933 -210 -1723073393
62.960 -201 -1723073393
62.987 -193 -1723073393
63.013 -186 -1723073393
63.040 -171 -1723073393
63.067 -156 -1723073393
63.093 -152 -1723073393
63.120 -147 -1723073393
63.147 -133 -1723073393
63.173 -126 -1723073393
63.200 -121 -1723073393
63.227 -107 -1723073393
63.253 -100 -1723073393
63.280 -102 -1723073393
63.307 -100 -1723073393
63.333 -101 -1723073393
63.360 -113 -1723073393
63.387 -126 -1723073393
63.413 -134 -1723073393
63.440 -145 -1723073393
63.467 -156 -1723073393
63.493 -160 -1723073393
63.520 -172 -1723073393
63.547 -191 -1723073393
63.573 -202 -1723073393
63.600 -210 -1723073393
63.627 -225 -1723073393
63.653 -230 -1723073393
63.680 -221 -1723073393
63.707 -215 -1723073393
63.733 -212 -1723073393
63.760 -202 -1723073393
63.787 -191 -1723073393
63.813 -186 -1723073393
63.840 -174 -1723073393
63.867 -152 -1723073393
63.893 -136 -1723073393
63.920 -124 -1723073393
63.947 -106 -1723073393
63.973 -87 -1723073393
64.000 -74 -1723073393
64.027 -54 -1723073393
64.053 -32 -1723073393
64.080 -22 -1723073393
64.107 -17 -1723073393
64.133 -12 -1723073393
64.160 -19 -1723073393
64.187 -32 -1723073393
64.213 -41 -1723073393
64.240 -55 -1723073393
64.267 -69 -1723073393
64.293 -73 -1723073393
64.320 -79 -1723073393
64.347 -93 -1723073393
64.373 -97 -1723073393
64.400 -93 -1723073393
64.427 -97 -1723073393
64.453 -101 -1723073393
64.480 -93 -1723073393
64.507 -84 -1723073393
64.533 -81 -1723073393
64.560 -75 -1723073393
64.587 -66 -1723073393
64.613 -64 -1723073393
64.640 -56 -1723073393
64.667 -39 -1723073393
64.693 -24 -1723073393
64.720 -11 -1723073393
64.747 10 -1723073393
64.773 32 -1723073393
64.800 44 -1723073393
64.827 56 -1723073393
64.853 69 -1723073393
64.880 77 -1723073393
64.907 85 -1723073393
64.933 99 -1723073393
64.960 111 -1723073393
64.987 121 -1723073393
65.013 134 -1723073393
65.040 144 -1723073393
65.067 145 -1723073393
65.093 147 -1723073393
65.120 151 -1723073393
65.147 147 -1723073393
65.173 136 -1723073393
65.200 128 -1723073393
65.227 117 -1723073393
65.253 102 -1723073393
65.280 90 -1723073393
65.307 79 -1723073393
65.333 63 -1723073393
65.360 48 -1723073393
65.387 42 -1723073393
65.413 36 -1723073393
65.440 31 -1723073393
65.467 32 -1723073393
65.493 37 -1723073393
65.520 42 -1723073393
65.547 54 -1723073393
65.573 72 -1723073393
65.600 89 -1723073393
65.627 109 -1723073393
65.653 142 -1723073393
65.680 177 -1723073393
65.707 206 -1723073393
65.733 237 -1723073393
65.760 269 -1723073393
65.787 294 -1723073393
65.813 315 -1723073393
65.840 332 -1723073393
65.867 343 -1723073393
65.893 350 -1723073393
65.920 354 -1723073393
65.947 352 -1723073393
65.973 342 -1723073393
66.000 326 -1723073393
66.027 308 -1723073393
66.053 289 -1723073393
66.080 271 -1723073393
66.107 251 -1723073393
66.133 227 -1723073393
66.160 203 -1723073393
66.187 186 -1723073393
66.213 176 -1723073393
66.240 171 -1723073393
66.267 170 -1723073393
66.293 170 -1723073393
66.320 169 -1723073393
66.347 168 -1723073393
66.373 171 -1723073393
66.400 172 -1723073393
66.427 173 -1723073393
66.453 181 -1723073393
66.480 190 -1723073393
66.507 196 -1723073393
66.533 205 -1723073393
66.560 222 -1723073393
66.587 237 -1723073393
66.613 251 -1723073393
66.640 269 -1723073393
66.667 284 -1723073393
66.693 295 -1723073393
66.720 309 -1723073393
66.747 321 -1723073393
66.773 325 -1723073393
66.800 326 -1723073393
66.827 325 -1723073393
66.853 324 -1723073393
66.880 323 -1723073393
66.907 320 -1723073393
66.933 315 -1723073393
66.960 309 -1723073393
66.987 304 -1723073393
67.013 298 -1723073393
67.040 295 -1723073393
67.067 298 -1723073393
67.093 300 -1723073393
67.120 297 -1723073393
67.147 298 -1723073393
67.173 306 -1723073393
67.200 317 -1723073393
67.227 332 -1723073393
67.253 349 -1723073393
67.280 366 -1723073393
67.307 383 -1723073393
67.333 400 -1723073393
67.360 416 -1723073393
67.387 429 -1723073393
67.413 446 -1723073393
67.440 461 -1723073393
67.467 475 -1723073393
67.493 485 -1723073393
67.520 488 -1723073393
67.547 484 -1723073393
67.573 480 -1723073393
67.600 474 -1723073393
67.627 462 -1723073393
67.653 450 -1723073393
67.680 442 -1723073393
67.707 437 -1723073393
67.733 426 -1723073393
67.760 414 -1723073393
67.787 403 -1723073393
67.813 392 -1723073393
67.840 385 -1723073393
67.867 378 -1723073393
67.893 366 -1723073393
67.920 357 -1723073393
67.947 356 -1723073393
67.973 354 -1723073393
68.000 348 -1723073393
68.027 348 -1723073393
68.053 353 -1723073393
68.080 355 -1723073393
68.107 357 -1723073393
68.133 358 -1723073393
68.160 354 -1723073393
68.187 347 -1723073393
68.213 340 -1723073393
68.240 331 -1723073393
68.267 319 -1723073393
68.293 303 -1723073393
68.320 287 -1723073393
68.347 272 -1723073393
68.373 260 -1723073393
68.400 246 -1723073393
68.427 234 -1723073393
68.453 226 -1723073393
68.480 221 -1723073393
68.507 219 -1723073393
68.533 220 -1723073393
68.560 222 -1723073393
68.587 223 -1723073393
68.613 224 -1723073393
68.640 225 -1723073393
68.667 225 -1723073393
68.693 225 -1723073393
68.720 229 -1723073393
68.747 234 -1723073393
68.773 238 -1723073393
68.800 244 -1723073393
68.827 253 -1723073393
68.853 261 -1723073393
68.880 267 -1723073393
68.907 276 -1723073393
68.933 285 -1723073393
68.960 295 -1723073393
68.987 307 -1723073393
69.013 315 -1723073393
69.040 320 -1723073393
69.067 331 -1723073393
69.093 348 -1723073393
69.120 364 -1723073393
69.147 376 -1723073393
69.173 386 -1723073393
69.200 398 -1723073393
69.227 413 -1723073393
69.253 428 -1723073393
69.280 438 -1723073393
69.307 443 -1723073393
69.333 446 -1723073393
69.360 445 -1723073393
69.387 442 -1723073393
69.413 436 -1723073393
69.440 425 -1723073393
69.467 415 -1723073393
69.493 401 -1723073393
69.520 382 -1723073393
69.547 362 -1723073393
69.573 344 -1723073393
69.600 328 -1723073393
69.627 312 -1723073393
69.653 299 -1723073393
69.680 286 -1723073393
69.707 271 -1723073393
69.733 256 -1723073393
69.760 244 -1723073393
69.787 231 -1723073393
69.813 218 -1723073393
69.840 205 -1723073393
69.867 192 -1723073393
69.893 183 -1723073393
69.920 172 -1723073393
69.947 162 -1723073393
69.973 156 -1723073393
70.000 149 -1723073393
70.027 139 -1723073393
70.053 134 -1723073393
70.080 135 -1723073393
70.107 135 -1723073393
70.133 135 -1723073393
70.160 141 -1723073393
70.187 148 -1723073393
70.213 153 -1723073393
70.240 166 -1723073393
70.267 178 -1723073393
70.293 191 -1723073393
70.320 213 -1723073393
70.347 234 -1723073393
70.373 249 -1723073393
70.400 260 -1723073393
70.427 273 -1723073393
70.453 284 -1723073393
70.480 294 -1723073393
70.507 305 -1723073393
70.533 311 -1723073393
70.560 311 -1723073393
70.587 313 -1723073393
70.613 315 -1723073393
70.640 308 -1723073393
70.667 301 -1723073393
70.693 299 -1723073393
70.720 296 -1723073393
70.747 289 -1723073393
70.773 284 -1723073393
70.800 283 -1723073393
70.827 280 -1723073393
70.853 274 -1723073393
70.880 271 -1723073393
70.907 267 -1723073393
70.933 263 -1723073393
70.960 260 -1723073393
70.987 260 -1723073393
71.013 265 -1723073393
71.040 271 -1723073393
71.067 279 -1723073393
71.093 288 -1723073393
71.120 293 -1723073393
71.147 298 -1723073393
71.173 306 -1723073393
71.200 315 -1723073393
71.227 322 -1723073393
71.253 326 -1723073393
71.280 330 -1723073393
71.307 332 -1723073393
71.333 336 -1723073393
71.360 344 -1723073393
71.387 357 -1723073393
71.413 369 -1723073393
71.440 381 -1723073393
71.467 390 -1723073393
71.493 393 -1723073393
71.520 395 -1723073393
71.547 397 -1723073393
71.573 396 -1723073393
71.600 391 -1723073393
71.627 386 -1723073393
71.653 377 -1723073393
71.680 360 -1723073393
71.707 343 -1723073393
71.733 323 -1723073393
71.760 303 -1723073393
71.787 288 -1723073393
71.813 274 -1723073393
71.840 257 -1723073393
71.867 242 -1723073393
71.893 230 -1723073393
71.920 215 -1723073393
71.947 202 -1723073393
71.973 191 -1723073393
72.000 179 -1723073393
72.027 172 -1723073393
72.053 168 -1723073393
72.080 165 -1723073393
72.107 167 -1723073393
72.133 173 -1723073393
72.160 177 -1723073393
72.187 184 -1723073393
72.213 191 -1723073393
72.240 195 -1723073393
72.267 194 -1723073393
72.293 196 -1723073393
72.320 203 -1723073393
72.347 210 -1723073393
72.373 215 -1723073393
72.400 222 -1723073393
72.427 227 -1723073393
72.453 227 -1723073393
72.480 231 -1723073393
72.507 235 -1723073393
72.533 235 -1723073393
72.560 237 -1723073393
72.587 245 -1723073393
72.613 253 -1723073393
72.640 256 -1723073393
72.667 263 -1723073393
72.693 268 -1723073393
72.720 270 -1723073393
72.747 275 -1723073393
72.773 278 -1723073393
72.800 274 -1723073393
72.827 272 -1723073393
72.853 275 -1723073393
72.880 273 -1723073393
72.907 270 -1723073393
72.933 270 -1723073393
72.960 266 -1723073393
72.987 260 -1723073393
73.013 256 -1723073393
73.040 252 -1723073393
73.067 248 -1723073393
73.093 244 -1723073393
73.120 239 -1723073393
73.147 231 -1723073393
73.173 225 -1723073393
73.200 221 -1723073393
73.227 219 -1723073393
73.253 214 -1723073393
73.280 209 -1723073393
73.307 204 -1723073393
73.333 199 -1723073393
73.360 199 -1723073393
73.387 196 -1723073393
73.413 192 -1723073393
73.440 192 -1723073393
73.467 195 -1723073393
73.493 199 -1723073393
73.520 203 -1723073393
73.547 206 -1723073393
73.573 206 -1723073393
73.600 205 -1723073393
73.627 206 -1723073393
73.653 208 -1723073393
73.680 207 -1723073393
73.707 203 -1723073393
73.733 200 -1723073393
73.760 197 -1723073393
73.787 193 -1723073393
73.813 190 -1723073393
73.840 187 -1723073393
73.867 181 -1723073393
73.893 177 -1723073393
73.920 181 -1723073393
73.947 186 -1723073393
73.973 189 -1723073393
74.000 195 -1723073393
74.027 203 -1723073393
74.053 210 -1723073393
74.080 220 -1723073393
74.107 233 -1723073393
74.133 241 -1723073393
74.160 248 -1723073393
74.187 259 -1723073393
74.213 269 -1723073393
74.240 271 -1723073393
74.267 267 -1723073393
74.293 255 -1723073393
74.320 241 -1723073393
74.347 226 -1723073393
74.373 211 -1723073393
74.400 199 -1723073393
74.427 194 -1723073393
74.453 193 -1723073393
74.480 193 -1723073393
74.507 194 -1723073393
74.533 194 -1723073393
74.560 193 -1723073393
74.587 190 -1723073393
74.613 188 -1723073393
74.640 190 -1723073393
74.667 190 -1723073393
74.693 190 -1723073393
74.720 189 -1723073393
74.747 190 -1723073393
74.773 196 -1723073393
74.800 205 -1723073393
74.827 211 -1723073393
74.853 213 -1723073393
74.880 214 -1723073393
74.907 214 -1723073393
74.933 210 -1723073393
74.960 205 -1723073393
74.987 203 -1723073393
75.013 203 -1723073393
75.040 207 -1723073393
75.067 217 -1723073393
75.093 228 -1723073393
75.120 237 -1723073393
75.147 247 -1723073393
75.173 256 -1723073393
75.200 264 -1723073393
75.227 268 -1723073393
75.253 269 -1723073393
75.280 271 -1723073393
75.307 272 -1723073393
75.333 273 -1723073393
75.360 272 -1723073393
75.387 270 -1723073393
75.413 268 -1723073393
75.440 266 -1723073393
75.467 266 -1723073393
75.493 265 -1723073393
75.520 263 -1723073393
75.547 262 -1723073393
75.573 258 -1723073393
75.600 253 -1723073393
75.627 252 -1723073393
75.653 254 -1723073393
75.680 256 -1723073393
75.707 265 -1723073393
75.733 269 -1723073393
75.760 270 -1723073393
75.787 273 -1723073393
75.813 277 -1723073393
75.840 275 -1723073393
75.867 276 -1723073393
75.893 276 -1723073393
75.920 269 -1723073393
75.947 257 -1723073393
75.973 243 -1723073393
76.000 222 -1723073393
76.027 200 -1723073393
76.053 179 -1723073393
76.080 157 -1723073393
76.107 136 -1723073393
76.133 123 -1723073393
76.160 112 -1723073393
76.187 104 -1723073393
76.213 99 -1723073393
76.240 98 -1723073393
76.267 96 -1723073393
76.293 98 -1723073393
76.320 106 -1723073393
76.347 115 -1723073393
76.373 123 -1723073393
76.400 138 -1723073393
76.427 154 -1723073393
76.453 169 -1723073393
76.480 184 -1723073393
76.507 200 -1723073393
76.533 215 -1723073393
76.560 230 -1723073393
76.587 243 -1723073393
76.613 254 -1723073393
76.640 261 -1723073393
76.667 268 -1723073393
76.693 278 -1723073393
76.720 284 -1723073393
76.747 289 -1723073393
76.773 298 -1723073393
76.800 306 -1723073393
76.827 314 -1723073393
76.853 324 -1723073393
76.880 334 -1723073393
76.907 342 -1723073393
76.933 348 -1723073393
76.960 351 -1723073393
76.987 353 -1723073393
77.013 355 -1723073393
77.040 359 -1723073393
77.067 362 -1723073393
77.093 366 -1723073393
77.120 372 -1723073393
77.147 377 -1723073393
77.173 381 -1723073393
77.200 385 -1723073393
77.227 383 -1723073393
77.253 374 -1723073393
77.280 362 -1723073393
77.307 353 -1723073393
77.333 351 -1723073393
77.360 348 -1723073393
77.387 340 -1723073393
77.413 328 -1723073393
77.440 316 -1723073393
77.467 304 -1723073393
77.493 295 -1723073393
77.520 284 -1723073393
77.547 274 -1723073393
77.573 267 -1723073393
77.600 265 -1723073393
77.627 262 -1723073393
77.653 263 -1723073393
77.680 265 -1723073393
77.707 266 -1723073393
77.733 268 -1723073393
77.760 270 -1723073393
77.787 274 -1723073393
77.813 281 -1723073393
77.840 287 -1723073393
77.867 293 -1723073393
77.893 298 -1723073393
77.920 304 -1723073393
77.947 307 -1723073393
77.973 309 -1723073393
78.000 306 -1723073393
78.027 297 -1723073393
78.053 288 -1723073393
78.080 280 -1723073393
78.107 269 -1723073393
78.133 263 -1723073393
78.160 260 -1723073393
78.187 251 -1723073393
78.213 242 -1723073393
78.240 238 -1723073393
78.267 235 -1723073393
78.293 229 -1723073393
78.320 227 -1723073393
78.347 233 -1723073393
78.373 241 -1723073393
78.400 251 -1723073393
78.427 263 -1723073393
78.453 275 -1723073393
78.480 284 -1723073393
78.507 292 -1723073393
78.533 299 -1723073393
78.560 301 -1723073393
78.587 301 -1723073393
78.613 302 -1723073393
78.640 300 -1723073393
78.667 298 -1723073393
78.693 297 -1723073393
78.720 293 -1723073393
78.747 283 -1723073393
78.773 272 -1723073393
78.800 265 -1723073393
78.827 255 -1723073393
78.853 240 -1723073393
78.880 224 -1723073393
78.907 206 -1723073393
78.933 191 -1723073393
78.960 181 -1723073393
78.987 167 -1723073393
79.013 149 -1723073393
79.040 135 -1723073393
79.067 126 -1723073393
79.093 113 -1723073393
79.120 106 -1723073393
79.147 101 -1723073393
79.173 94 -1723073393
79.200 97 -1723073393
79.227 106 -1723073393
79.253 112 -1723073393
79.280 119 -1723073393
79.307 129 -1723073393
79.333 133 -1723073393
79.360 139 -1723073393
79.387 151 -1723073393
79.413 159 -1723073393
79.440 164 -1723073393
79.467 175 -1723073393
79.493 184 -1723073393
79.520 188 -1723073393
79.547 194 -1723073393
79.573 197 -1723073393
79.600 194 -1723073393
79.627 191 -1723073393
79.653 191 -1723073393
79.680 185 -1723073393
79.707 173 -1723073393
79.733 164 -1723073393
79.760 156 -1723073393
79.787 144 -1723073393
79.813 135 -1723073393
79.840 129 -1723073393
79.867 121 -1723073393
79.893 113 -1723073393
79.920 109 -1723073393
79.947 106 -1723073393
79.973 106 -1723073393
80.000 112 -1723073393
80.027 120 -1723073393
80.053 128 -1723073393
80.080 135 -1723073393
80.107 141 -1723073393
80.133 146 -1723073393
80.160 154 -1723073393
80.187 165 -1723073393
80.213 175 -1723073393
80.240 183 -1723073393
80.267 193 -1723073393
80.293 201 -1723073393
80.320 213 -1723073393
80.347 228 -1723073393
80.373 240 -1723073393
80.400 245 -1723073393
80.427 252 -1723073393
80.453 258 -1723073393
80.480 261 -1723073393
80.507 260 -1723073393
80.533 257 -1723073393
80.560 254 -1723073393
80.587 252 -1723073393
80.613 256 -1723073393
80.640 259 -1723073393
80.667 263 -1723073393
80.693 266 -1723073393
80.720 261 -1723073393
80.747 252 -1723073393
80.773 248 -1723073393
80.800 242 -1723073393
80.827 233 -1723073393
80.853 227 -1723073393
80.880 224 -1723073393
80.907 220 -1723073393
80.933 216 -1723073393
80.960 217 -1723073393
80.987 216 -1723073393
81.013 212 -1723073393
81.040 208 -1723073393
81.067 200 -1723073393
81.093 192 -1723073393
81.120 189 -1723073393
81.147 188 -1723073393
81.173 185 -1723073393
81.200 186 -1723073393
81.227 188 -1723073393
81.253 188 -1723073393
81.280 191 -1723073393
81.307 195 -1723073393
81.333 195 -1723073393
81.360 193 -1723073393
81.387 196 -1723073393
81.413 200 -1723073393
81.440 203 -1723073393
81.467 205 -1723073393
81.493 200 -1723073393
81.520 189 -1723073393
81.547 177 -1723073393
81.573 166 -1723073393
81.600 155 -1723073393
81.627 148 -1723073393
81.653 141 -1723073393
81.680 132 -1723073393
81.707 126 -1723073393
81.733 122 -1723073393
81.760 121 -1723073393
81.787 128 -1723073393
81.813 138 -1723073393
81.840 148 -1723073393
81.867 165 -1723073393
81.893 184 -1723073393
81.920 197 -1723073393
81.947 213 -1723073393
81.973 234 -1723073393
82.000 253 -1723073393
82.027 275 -1723073393
82.053 302 -1723073393
82.080 328 -1723073393
82.107 348 -1723073393
82.133 367 -1723073393
82.160 382 -1723073393
82.187 394 -1723073393
82.213 403 -1723073393
82.240 407 -1723073393
82.267 405 -1723073393
82.293 402 -1723073393
82.320 399 -1723073393
82.347 393 -1723073393
82.373 387 -1723073393
82.400 377 -1723073393
82.427 358 -1723073393
82.453 336 -1723073393
82.480 315 -1723073393
82.507 295 -1723073393
82.533 279 -1723073393
82.560 268 -1723073393
82.587 254 -1723073393
82.613 239 -1723073393
82.640 233 -1723073393
82.667 228 -1723073393
82.693 221 -1723073393
82.720 221 -1723073393
82.747 222 -1723073393
82.773 219 -1723073393
82.800 219 -1723073393
82.827 226 -1723073393
82.853 235 -1723073393
82.880 243 -1723073393
82.907 254 -1723073393
82.933 258 -1723073393
82.960 260 -1723073393
82.987 263 -1723073393
83.013 264 -1723073393
83.040 266 -1723073393
83.067 271 -1723073393
83.093 273 -1723073393
83.120 269 -1723073393
83.147 266 -1723073393
83.173 262 -1723073393
83.200 254 -1723073393
83.227 246 -1723073393
83.253 232 -1723073393
83.280 215 -1723073393
83.307 205 -1723073393
83.333 198 -1723073393
83.360 189 -1723073393
83.387 181 -1723073393
83.413 174 -1723073393
83.440 169 -1723073393
83.467 167 -1723073393
83.493 168 -1723073393
83.520 172 -1723073393
83.547 176 -1723073393
83.573 184 -1723073393
83.600 197 -1723073393
83.627 210 -1723073393
83.653 218 -1723073393
83.680 228 -1723073393
83.707 237 -1723073393
83.733 246 -1723073393
83.760 253 -1723073393
83.787 262 -1723073393
83.813 272 -1723073393
83.840 280 -1723073393
83.867 282 -1723073393
83.893 280 -1723073393
83.920 277 -1723073393
83.947 274 -1723073393
83.973 269 -1723073393
84.000 263 -1723073393
84.027 259 -1723073393
84.053 255 -1723073393
84.080 250 -1723073393
84.107 245 -1723073393
84.133 240 -1723073393
84.160 237 -1723073393
84.187 236 -1723073393
84.213 237 -1723073393
84.240 242 -1723073393
84.267 247 -1723073393
84.293 248 -1723073393
84.320 245 -1723073393
84.347 242 -1723073393
84.373 237 -1723073393
84.400 229 -1723073393
84.427 218 -1723073393
84.453 205 -1723073393
84.480 192 -1723073393
84.507 185 -1723073393
84.533 182 -1723073393
84.560 183 -1723073393
84.587 185 -1723073393
84.613 184 -1723073393
84.640 181 -1723073393
84.667 181 -1723073393
84.693 182 -1723073393
84.720 186 -1723073393
84.747 195 -1723073393
84.773 201 -1723073393
84.800 201 -1723073393
84.827 203 -1723073393
84.853 208 -1723073393
84.880 208 -1723073393
84.907 207 -1723073393
84.933 210 -1723073393
84.960 211 -1723073393
84.987 210 -1723073393
85.013 206 -1723073393
85.040 200 -1723073393
85.067 195 -1723073393
85.093 193 -1723073393
85.120 189 -1723073393
85.147 184 -1723073393
85.173 179 -1723073393
85.200 174 -1723073393
85.227 170 -1723073393
85.253 170 -1723073393
85.280 167 -1723073393
85.307 161 -1723073393
85.333 158 -1723073393
85.360 157 -1723073393
85.387 156 -1723073393
85.413 159 -1723073393
85.440 161 -1723073393
85.467 162 -1723073393
85.493 168 -1723073393
85.520 175 -1723073393
85.547 182 -1723073393
85.573 194 -1723073393
85.600 207 -1723073393
85.627 214 -1723073393
85.653 221 -1723073393
85.680 232 -1723073393
85.707 240 -1723073393
85.733 248 -1723073393
85.760 253 -1723073393
85.787 255 -1723073393
85.813 256 -1723073393
85.840 261 -1723073393
85.867 263 -1723073393
85.893 265 -1723073393
85.920 268 -1723073393
85.947 267 -1723073393
85.973 264 -1723073393
86.000 260 -1723073393
86.027 256 -1723073393
86.053 252 -1723073393
86.080 252 -1723073393
86.107 250 -1723073393
86.133 245 -1723073393
86.160 238 -1723073393
86.187 232 -1723073393
86.213 226 -1723073393
86.240 224 -1723073393
86.267 224 -1723073393
86.293 217 -1723073393
86.320 209 -1723073393
86.347 207 -1723073393
86.373 208 -1723073393
86.400 213 -1723073393
86.427 218 -1723073393
86.453 214 -1723073393
86.480 209 -1723073393
86.507 209 -1723073393
86.533 201 -1723073393
86.560 193 -1723073393
86.587 190 -1723073393
86.613 184 -1723073393
86.640 177 -1723073393
86.667 170 -1723073393
86.693 159 -1723073393
86.720 148 -1723073393
86.747 142 -1723073393
86.773 133 -1723073393
86.800 127 -1723073393
86.827 125 -1723073393
86.853 124 -1723073393
86.880 129 -1723073393
86.907 140 -1723073393
86.933 144 -1723073393
86.960 145 -1723073393
86.987 151 -1723073393
87.013 155 -1723073393
87.040 155 -1723073393
87.067 162 -1723073393
87.093 171 -1723073393
87.120 177 -1723073393
87.147 187 -1723073393
87.173 194 -1723073393
87.200 199 -1723073393
87.227 208 -1723073393
87.253 217 -1723073393
87.280 226 -1723073393
87.307 235 -1723073393
87.333 243 -1723073393
87.360 248 -1723073393
87.387 254 -1723073393
87.413 252 -1723073393
87.440 244 -1723073393
87.467 242 -1723073393
87.493 242 -1723073393
87.520 237 -1723073393
87.547 238 -1723073393
87.573 238 -1723073393
87.600 236 -1723073393
87.627 237 -1723073393
87.653 239 -1723073393
87.680 238 -1723073393
87.707 239 -1723073393
87.733 244 -1723073393
87.760 248 -1723073393
87.787 254 -1723073393
87.813 260 -1723073393
87.840 262 -1723073393
87.867 262 -1723073393
87.893 263 -1723073393
87.920 264 -1723073393
87.947 263 -1723073393
87.973 256 -1723073393
88.000 245 -1723073393
88.027 236 -1723073393
88.053 228 -1723073393
88.080 221 -1723073393
88.107 217 -1723073393
88.133 210 -1723073393
88.160 202 -1723073393
88.187 196 -1723073393
88.213 193 -1723073393
88.240 189 -1723073393
88.267 187 -1723073393
88.293 184 -1723073393
88.320 182 -1723073393
88.347 183 -1723073393
88.373 185 -1723073393
88.400 184 -1723073393
88.427 184 -1723073393
88.453 184 -1723073393
88.480 186 -1723073393
88.507 189 -1723073393
88.533 188 -1723073393
88.560 189 -1723073393
88.587 196 -1723073393
88.613 199 -1723073393
88.640 198 -1723073393
88.667 204 -1723073393
88.693 207 -1723073393
88.720 205 -1723073393
88.747 204 -1723073393
88.773 203 -1723073393
88.800 200 -1723073393
88.827 200 -1723073393
88.853 200 -1723073393
88.880 198 -1723073393
88.907 198 -1723073393
88.933 198 -1723073393
88.960 196 -1723073393
88.987 194 -1723073393
89.013 189 -1723073393
89.040 183 -1723073393
89.067 185 -1723073393
89.093 190 -1723073393
89.120 193 -1723073393
89.147 197 -1723073393
89.173 201 -1723073393
89.200 205 -1723073393
89.227 212 -1723073393
89.253 215 -1723073393
89.280 218 -1723073393
89.307 218 -1723073393
89.333 216 -1723073393
89.360 214 -1723073393
89.387 212 -1723073393
89.413 209 -1723073393
89.440 207 -1723073393
89.467 203 -1723073393
89.493 199 -1723073393
89.520 196 -1723073393
89.547 191 -1723073393
89.573 185 -1723073393
89.600 181 -1723073393
89.627 179 -1723073393
89.653 173 -1723073393
89.680 169 -1723073393
89.707 174 -1723073393
89.733 180 -1723073393
89.760 178 -1723073393
89.787 175 -1723073393
89.813 173 -1723073393
89.840 175 -1723073393
89.867 178 -1723073393
89.893 175 -1723073393
89.920 167 -1723073393
89.947 162 -1723073393
89.973 160 -1723073393
90.000 159 -1723073393
90.027 159 -1723073393
90.053 158 -1723073393
90.080 157 -1723073393
90.107 157 -1723073393
90.133 156 -1723073393
90.160 157 -1723073393
90.187 158 -1723073393
90.213 158 -1723073393
90.240 158 -1723073393
90.267 160 -1723073393
90.293 163 -1723073393
90.320 162 -1723073393
90.347 159 -1723073393
90.373 154 -1723073393
90.400 148 -1723073393
90.427 144 -1723073393
90.453 141 -1723073393
90.480 143 -1723073393
90.507 146 -1723073393
90.533 149 -1723073393
90.560 151 -1723073393
90.587 152 -1723073393
90.613 155 -1723073393
90.640 157 -1723073393
90.667 159 -1723073393
90.693 164 -1723073393
90.720 173 -1723073393
90.747 179 -1723073393
90.773 182 -1723073393
90.800 187 -1723073393
90.827 190 -1723073393
90.853 193 -1723073393
90.880 197 -1723073393
90.907 199 -1723073393
90.933 198 -1723073393
90.960 202 -1723073393
90.987 205 -1723073393
91.013 207 -1723073393
91.040 211 -1723073393
91.067 221 -1723073393
91.093 233 -1723073393
91.120 242 -1723073393
91.147 252 -1723073393
91.173 257 -1723073393
91.200 263 -1723073393
91.227 270 -1723073393
91.253 279 -1723073393
91.280 291 -1723073393
91.307 303 -1723073393
91.333 315 -1723073393
91.360 328 -1723073393
91.387 341 -1723073393
91.413 352 -1723073393
91.440 359 -1723073393
91.467 365 -1723073393
91.493 369 -1723073393
91.520 373 -1723073393
91.547 378 -1723073393
91.573 383 -1723073393
91.600 383 -1723073393
91.627 377 -1723073393
91.653 373 -1723073393
91.680 368 -1723073393
91.707 360 -1723073393
91.733 350 -1723073393
91.760 339 -1723073393
91.787 326 -1723073393
91.813 315 -1723073393
91.840 306 -1723073393
91.867 304 -1723073393
91.893 304 -1723073393
91.920 300 -1723073393
91.947 298 -1723073393
91.973 300 -1723073393
92.000 302 -1723073393
92.027 303 -1723073393
92.053 305 -1723073393
92.080 306 -1723073393
92.107 304 -1723073393
92.133 307 -1723073393
92.160 311 -1723073393
92.187 316 -1723073393
92.213 322 -1723073393
92.240 327 -1723073393
92.267 333 -1723073393
92.293 343 -1723073393
92.320 355 -1723073393
92.347 362 -1723073393
92.373 366 -1723073393
92.400 367 -1723073393
92.427 366 -1723073393
92.453 365 -1723073393
92.480 360 -1723073393
92.507 352 -1723073393
92.533 347 -1723073393
92.560 344 -1723073393
92.587 342 -1723073393
92.613 340 -1723073393
92.640 339 -1723073393
92.667 336 -1723073393
92.693 339 -1723073393
92.720 342 -1723073393
92.747 348 -1723073393
92.773 355 -1723073393
92.800 360 -1723073393
92.827 367 -1723073393
92.853 373 -1723073393
92.880 376 -1723073393
92.907 380 -1723073393
92.933 384 -1723073393
92.960 387 -1723073393
92.987 392 -1723073393
93.013 395 -1723073393
93.040 396 -1723073393
93.067 400 -1723073393
93.093 401 -1723073393
93.120 403 -1723073393
93.147 408 -1723073393
93.173 409 -1723073393
93.200 407 -1723073393
93.227 402 -1723073393
93.253 397 -1723073393
93.280 398 -1723073393
93.307 397 -1723073393
93.333 390 -1723073393
93.360 384 -1723073393
93.387 377 -1723073393
93.413 374 -1723073393
93.440 365 -1723073393
93.467 353 -1723073393
93.493 347 -1723073393
93.520 342 -1723073393
93.547 335 -1723073393
93.573 329 -1723073393
93.600 321 -1723073393
93.627 319 -1723073393
93.653 315 -1723073393
93.680 299 -1723073393
93.707 288 -1723073393
93.733 279 -1723073393
93.760 275 -1723073393
93.787 274 -1723073393
93.813 280 -1723073393
93.840 289 -1723073393
93.867 295 -1723073393
93.893 299 -1723073393
93.920 302 -1723073393
93.947 309 -1723073393
93.973 319 -1723073393
94.000 329 -1723073393
94.027 341 -1723073393
94.053 351 -1723073393
94.080 360 -1723073393
94.107 366 -1723073393
94.133 371 -1723073393
94.160 374 -1723073393
94.187 373 -1723073393
94.213 366 -1723073393
94.240 354 -1723073393
94.267 345 -1723073393
94.293 345 -1723073393
94.320 340 -1723073393
94.347 336 -1723073393
94.373 337 -1723073393
94.400 333 -1723073393
94.427 332 -1723073393
94.453 326 -1723073393
94.480 323 -1723073393
94.507 321 -1723073393
94.533 316 -1723073393
94.560 311 -1723073393
94.587 301 -1723073393
94.613 294 -1723073393
94.640 294 -1723073393
94.667 290 -1723073393
94.693 286 -1723073393
94.720 283 -1723073393
94.747 286 -1723073393
94.773 298 -1723073393
94.800 307 -1723073393
94.827 316 -1723073393
94.853 324 -1723073393
94.880 332 -1723073393
94.907 340 -1723073393
94.933 342 -1723073393
94.960 350 -1723073393
94.987 357 -1723073393
95.013 359 -1723073393
95.040 361 -1723073393
95.067 357 -1723073393
95.093 351 -1723073393
95.120 352 -1723073393
95.147 345 -1723073393
95.173 334 -1723073393
95.200 327 -1723073393
95.227 320 -1723073393
95.253 306 -1723073393
95.280 291 -1723073393
95.307 287 -1723073393
95.333 284 -1723073393
95.360 276 -1723073393
95.387 270 -1723073393
95.413 254 -1723073393
95.440 243 -1723073393
95.467 233 -1723073393
95.493 227 -1723073393
95.520 223 -1723073393
95.547 218 -1723073393
95.573 219 -1723073393
95.600 221 -1723073393
95.627 222 -1723073393
95.653 227 -1723073393
95.680 232 -1723073393
95.707 236 -1723073393
95.733 241 -1723073393
95.760 240 -1723073393
95.787 243 -1723073393
95.813 241 -1723073393
95.840 243 -1723073393
95.867 243 -1723073393
95.893 230 -1723073393
95.920 221 -1723073393
95.947 215 -1723073393
95.973 214 -1723073393
96.000 213 -1723073393
96.027 205 -1723073393
96.053 193 -1723073393
96.080 181 -1723073393
96.107 172 -1723073393
96.133 162 -1723073393
96.160 156 -1723073393
96.187 150 -1723073393
96.213 147 -1723073393
96.240 147 -1723073393
96.267 146 -1723073393
96.293 149 -1723073393
96.320 153 -1723073393
96.347 147 -1723073393
96.373 144 -1723073393
96.400 141 -1723073393
96.427 141 -1723073393
96.453 142 -1723073393
96.480 140 -1723073393
96.507 144 -1723073393
96.533 144 -1723073393
96.560 153 -1723073393
96.587 159 -1723073393
96.613 162 -1723073393
96.640 164 -1723073393
96.667 165 -1723073393
96.693 168 -1723073393
96.720 159 -1723073393
96.747 151 -1723073393
96.773 151 -1723073393
96.800 152 -1723073393
96.827 153 -1723073393
96.853 147 -1723073393
96.880 140 -1723073393
96.907 134 -1723073393
96.933 127 -1723073393
96.960 122 -1723073393
96.987 114 -1723073393
97.013 109 -1723073393
97.040 104 -1723073393
97.067 97 -1723073393
97.093 92 -1723073393
97.120 91 -1723073393
97.147 88 -1723073393
97.173 82 -1723073393
97.200 77 -1723073393
97.227 71 -1723073393
97.253 69 -1723073393
97.280 62 -1723073393
97.307 56 -1723073393
97.333 52 -1723073393
97.360 47 -1723073393
97.387 45 -1723073393
97.413 40 -1723073393
97.440 41 -1723073393
97.467 38 -1723073393
97.493 34 -1723073393
97.520 35 -1723073393
97.547 34 -1723073393
97.573 36 -1723073393
97.600 31 -1723073393
97.627 32 -1723073393
97.653 32 -1723073393
97.680 36 -1723073393
97.707 42 -1723073393
97.733 39 -1723073393
97.760 45 -1723073393
97.787 43 -1723073393
97.813 45 -1723073393
97.840 46 -1723073393
97.867 43 -1723073393
97.893 39 -1723073393
97.920 29 -1723073393
97.947 39 -1723073393
97.973 44 -1723073393
98.000 53 -1723073393
98.027 56 -1723073393
98.053 54 -1723073393
98.080 51 -1723073393
98.107 51 -1723073393
98.133 63 -1723073393
98.160 67 -1723073393
98.187 75 -1723073393
98.213 73 -1723073393
98.240 80 -1723073393
98.267 86 -1723073393
98.293 91 -1723073393
98.320 97 -1723073393
98.347 98 -1723073393
98.373 104 -1723073393
98.400 104 -1723073393
98.427 118 -1723073393
98.453 123 -1723073393
98.480 129 -1723073393
98.507 130 -1723073393
98.533 123 -1723073393
98.560 119 -1723073393
98.587 107 -1723073393
98.613 104 -1723073393
98.640 100 -1723073393
98.667 96 -1723073393
98.693 82 -1723073393
98.720 74 -1723073393
98.747 62 -1723073393
98.773 56 -1723073393
98.800 48 -1723073393
98.827 41 -1723073393
98.853 35 -1723073393
98.880 26 -1723073393
98.907 21 -1723073393
98.933 12 -1723073393
98.960 9 -1723073393
98.987 2 -1723073393
99.013 3 -1723073393
99.040 -5 -1723073393
99.067 0 -1723073393
99.093 0 -1723073393
99.120 9 -1723073393
99.147 6 -1723073393
99.173 9 -1723073393
99.200 0 -1723073393
99.227 5 -1723073393
99.253 6 -1723073393
99.280 14 -1723073393
99.307 21 -1723073393
99.333 23 -1723073393
99.360 29 -1723073393
99.387 26 -1723073393
99.413 24 -1723073393
99.440 14 -1723073393
99.467 10 -1723073393
99.493 8 -1723073393
99.520 10 -1723073393
99.547 0 -1723073393
99.573 -4 -1723073393
99.600 -9 -1723073393
99.627 -8 -1723073393
99.653 -13 -1723073393
99.680 -10 -1723073393
99.707 -9 -1723073393
99.733 -3 -1723073393
99.760 -7 -1723073393
99.787 3 -1723073393
99.813 3 -1723073393
99.840 9 -1723073393
99.867 2 -1723073393
99.893 9 -1723073393
99.920 5 -1723073393
99.947 16 -1723073393
99.973 17 -1723073393
100.000 0 -1723073393
