0.000 20 -1723073393
0.027 20 -1723073393
0.053 18 -1723073393
0.080 23 -1723073393
0.107 16 -1723073393
0.133 18 -1723073393
0.160 20 -1723073393
0.187 15 -1723073393
0.213 18 -1723073393
0.240 15 -1723073393
0.267 18 -1723073393
0.293 20 -1723073393
0.320 10 -1723073393
0.347 16 -1723073393
0.373 20 -1723073393
0.400 21 -1723073393
0.427 27 -1723073393
0.453 19 -1723073393
0.480 20 -1723073393
0.507 19 -1723073393
0.533 11 -1723073393
0.560 11 -1723073393
0.587 1 -1723073393
0.613 4 -1723073393
0.640 12 -1723073393
0.667 6 -1723073393
0.693 13 -1723073393
0.720 13 -1723073393
0.747 11 -1723073393
0.773 20 -1723073393
0.800 18 -1723073393
0.827 25 -1723073393
0.853 26 -1723073393
0.880 16 -1723073393
0.907 20 -1723073393
0.933 13 -1723073393
0.960 15 -1723073393
0.987 14 -1723073393
1.013 0 -1723073393
1.040 2 -1723073393
1.067 -4 -1723073393
1.093 -8 -1723073393
1.120 -1 -1723073393
1.147 -3 -1723073393
1.173 9 -1723073393
1.200 12 -1723073393
1.227 5 -1723073393
1.253 6 -1723073393
1.280 -4 -1723073393
1.307 0 -1723073393
1.333 4 -1723073393
1.360 -2 -1723073393
1.387 0 -1723073393
1.413 -12 -1723073393
1.440 -17 -1723073393
1.467 -12 -1723073393
1.493 -16 -1723073393
1.520 -7 -1723073393
1.547 -9 -1723073393
1.573 -14 -1723073393
1.600 -9 -1723073393
1.627 -17 -1723073393
1.653 -13 -1723073393
1.680 -12 -1723073393
1.707 -18 -1723073393
1.733 -12 -1723073393
1.760 -23 -1723073393
1.787 -23 -1723073393
1.813 -14 -1723073393
1.840 -20 -1723073393
1.867 -13 -1723073393
1.893 -19 -1723073393
1.920 -24 -1723073393
1.947 -12 -1723073393
1.973 -18 -1723073393
2.000 -11 -1723073393
2.027 -7 -1723073393
2.053 -12 -1723073393
2.080 -4 -1723073393
2.107 -14 -1723073393
2.133 -10 -1723073393
2.160 0 -1723073393
2.187 -6 -1723073393
2.213 4 -1723073393
2.240 -6 -1723073393
2.267 -17 -1723073393
2.293 -10 -1723073393
2.320 -19 -1723073393
2.347 -10 -1723073393
2.373 -9 -1723073393
2.400 -21 -1723073393
2.427 -18 -1723073393
2.453 -30 -1723073393
2.480 -31 -1723073393
2.507 -22 -1723073393
2.533 -27 -1723073393
2.560 -17 -1723073393
2.587 -21 -1723073393
2.613 -26 -1723073393
2.640 -18 -1723073393
2.667 -32 -1723073393
2.693 -29 -1723073393
2.720 -25 -1723073393
2.747 -32 -1723073393
2.773 -28 -1723073393
2.800 -37 -1723073393
2.827 -34 -1723073393
2.853 -26 -1723073393
2.880 -34 -1723073393
2.907 -25 -1723073393
2.933 -27 -1723073393
2.960 -33 -1723073393
2.987 -25 -1723073393
3.013 -36 -1723073393
3.040 -29 -1723073393
3.067 -26 -1723073393
3.093 -42 -1723073393
3.120 -37 -1723073393
3.147 -45 -1723073393
3.173 -44 -1723073393
3.200 -30 -1723073393
3.227 -39 -1723073393
3.253 -31 -1723073393
3.280 -33 -1723073393
3.307 -32 -1723073393
3.333 -17 -1723073393
3.360 -27 -1723073393
3.387 -25 -1723073393
3.413 -22 -1723073393
3.440 -36 -1723073393
3.467 -20 -1723073393
3.493 -22 -1723073393
3.520 -24 -1723073393
3.547 -12 -1723073393
3.573 -25 -1723073393
3.600 -21 -1723073393
3.627 -24 -1723073393
3.653 -32 -1723073393
3.680 -18 -1723073393
3.707 -20 -1723073393
3.733 -15 -1723073393
3.760 -9 -1723073393
3.787 -19 -1723073393
3.813 -11 -1723073393
3.840 -16 -1723073393
3.867 -22 -1723073393
3.893 -11 -1723073393
3.920 -23 -1723073393
3.947 -19 -1723073393
3.973 -21 -1723073393
4.000 -35 -1723073393
4.027 -24 -1723073393
4.053 -30 -1723073393
4.080 -31 -1723073393
4.107 -23 -1723073393
4.133 -35 -1723073393
4.160 -25 -1723073393
4.187 -23 -1723073393
4.213 -31 -1723073393
4.240 -26 -1723073393
4.267 -43 -1723073393
4.293 -41 -1723073393
4.320 -37 -1723073393
4.347 -46 -1723073393
4.373 -33 -1723073393
4.400 -39 -1723073393
4.427 -48 -1723073393
4.453 -39 -1723073393
4.480 -49 -1723073393
4.507 -37 -1723073393
4.533 -29 -1723073393
4.560 -35 -1723073393
4.587 -19 -1723073393
4.613 -23 -1723073393
4.640 -21 -1723073393
4.667 -15 -1723073393
4.693 -26 -1723073393
4.720 -15 -1723073393
4.747 -18 -1723073393
4.773 -23 -1723073393
4.800 -11 -1723073393
4.827 -28 -1723073393
4.853 -22 -1723073393
4.880 -15 -1723073393
4.907 -26 -1723073393
4.933 -12 -1723073393
4.960 -17 -1723073393
4.987 -22 -1723073393
5.013 -11 -1723073393
5.040 -17 -1723073393
5.067 -6 -1723073393
5.093 -6 -1723073393
5.120 -15 -1723073393
5.147 0 -1723073393
5.173 -12 -1723073393
5.200 -14 -1723073393
5.227 -5 -1723073393
5.253 -21 -1723073393
5.280 -10 -1723073393
5.307 -15 -1723073393
5.333 -21 -1723073393
5.360 0 -1723073393
5.387 -6 -1723073393
5.413 -2 -1723073393
5.440 -1 -1723073393
5.467 -15 -1723073393
5.493 -7 -1723073393
5.520 -17 -1723073393
5.547 -24 -1723073393
5.573 -13 -1723073393
5.600 -25 -1723073393
5.627 -15 -1723073393
5.653 -10 -1723073393
5.680 -25 -1723073393
5.707 -13 -1723073393
5.733 -21 -1723073393
5.760 -19 -1723073393
5.787 -10 -1723073393
5.813 -23 -1723073393
5.840 -16 -1723073393
5.867 -21 -1723073393
5.893 -30 -1723073393
5.920 -15 -1723073393
5.947 -21 -1723073393
5.973 -14 -1723073393
6.000 -7 -1723073393
6.027 -20 -1723073393
6.053 -12 -1723073393
6.080 -15 -1723073393
6.107 -15 -1723073393
6.133 -2 -1723073393
6.160 -17 -1723073393
6.187 -20 -1723073393
6.213 -22 -1723073393
6.240 -34 -1723073393
6.267 -16 -1723073393
6.293 -19 -1723073393
6.320 -19 -1723073393
6.347 -6 -1723073393
6.373 -15 -1723073393
6.400 -4 -1723073393
6.427 -6 -1723073393
6.453 -20 -1723073393
6.480 -11 -1723073393
6.507 -26 -1723073393
6.533 -25 -1723073393
6.560 -15 -1723073393
6.587 -29 -1723073393
6.613 -18 -1723073393
6.640 -21 -1723073393
6.667 -23 -1723073393
6.693 -8 -1723073393
6.720 -22 -1723073393
6.747 -24 -1723073393
6.773 -25 -1723073393
6.800 -41 -1723073393
6.827 -28 -1723073393
6.853 -34 -1723073393
6.880 -35 -1723073393
6.907 -16 -1723073393
6.933 -26 -1723073393
6.960 -17 -1723073393
6.987 -11 -1723073393
7.013 -25 -1723073393
7.040 -20 -1723073393
7.067 -32 -1723073393
7.093 -37 -1723073393
7.120 -27 -1723073393
7.147 -40 -1723073393
7.173 -33 -1723073393
7.200 -33 -1723073393
7.227 -44 -1723073393
7.253 -30 -1723073393
7.280 -38 -1723073393
7.307 -38 -1723073393
7.333 -30 -1723073393
7.360 -45 -1723073393
7.387 -33 -1723073393
7.413 -35 -1723073393
7.440 -44 -1723073393
7.467 -29 -1723073393
7.493 -37 -1723073393
7.520 -28 -1723073393
7.547 -17 -1723073393
7.573 -30 -1723073393
7.600 -20 -1723073393
7.627 -30 -1723073393
7.653 -40 -1723073393
7.680 -29 -1723073393
7.707 -47 -1723073393
7.733 -47 -1723073393
7.760 -40 -1723073393
7.787 -52 -1723073393
7.813 -38 -1723073393
7.840 -41 -1723073393
7.867 -43 -1723073393
7.893 -22 -1723073393
7.920 -26 -1723073393
7.947 -17 -1723073393
7.973 -11 -1723073393
8.000 -24 -1723073393
8.027 -10 -1723073393
8.053 -19 -1723073393
8.080 -28 -1723073393
8.107 -17 -1723073393
8.133 -26 -1723073393
8.160 -15 -1723073393
8.187 -12 -1723073393
8.213 -28 -1723073393
8.240 -18 -1723073393
8.267 -24 -1723073393
8.293 -25 -1723073393
8.320 -15 -1723073393
8.347 -27 -1723073393
8.373 -18 -1723073393
8.400 -13 -1723073393
8.427 -25 -1723073393
8.453 -13 -1723073393
8.480 -21 -1723073393
8.507 -25 -1723073393
8.533 -18 -1723073393
8.560 -33 -1723073393
8.587 -26 -1723073393
8.613 -22 -1723073393
8.640 -27 -1723073393
8.667 -17 -1723073393
8.693 -26 -1723073393
8.720 -32 -1723073393
8.747 -29 -1723073393
8.773 -41 -1723073393
8.800 -31 -1723073393
8.827 -28 -1723073393
8.853 -30 -1723073393
8.880 -19 -1723073393
8.907 -31 -1723073393
8.933 -35 -1723073393
8.960 -32 -1723073393
8.987 -45 -1723073393
9.013 -41 -1723073393
9.040 -44 -1723073393
9.067 -51 -1723073393
9.093 -41 -1723073393
9.120 -44 -1723073393
9.147 -41 -1723073393
9.173 -33 -1723073393
9.200 -44 -1723073393
9.227 -41 -1723073393
9.253 -43 -1723073393
9.280 -46 -1723073393
9.307 -36 -1723073393
9.333 -44 -1723073393
9.360 -41 -1723073393
9.387 -35 -1723073393
9.413 -43 -1723073393
9.440 -30 -1723073393
9.467 -25 -1723073393
9.493 -27 -1723073393
9.520 -19 -1723073393
9.547 -26 -1723073393
9.573 -27 -1723073393
9.600 -26 -1723073393
9.627 -37 -1723073393
9.653 -32 -1723073393
9.680 -34 -1723073393
9.707 -35 -1723073393
9.733 -26 -1723073393
9.760 -34 -1723073393
9.787 -35 -1723073393
9.813 -32 -1723073393
9.840 -40 -1723073393
9.867 -36 -1723073393
9.893 -37 -1723073393
9.920 -37 -1723073393
9.947 -26 -1723073393
9.973 -30 -1723073393
10.000 -25 -1723073393
10.027 -16 -1723073393
10.053 -13 -1723073393
10.080 5 -1723073393
10.107 14 -1723073393
10.133 19 -1723073393
10.160 38 -1723073393
10.187 45 -1723073393
10.213 57 -1723073393
10.240 74 -1723073393
10.267 79 -1723073393
10.293 91 -1723073393
10.320 100 -1723073393
10.347 106 -1723073393
10.373 125 -1723073393
10.400 130 -1723073393
10.427 135 -1723073393
10.453 142 -1723073393
10.480 134 -1723073393
10.507 129 -1723073393
10.533 117 -1723073393
10.560 98 -1723073393
10.587 82 -1723073393
10.613 60 -1723073393
10.640 41 -1723073393
10.667 29 -1723073393
10.693 10 -1723073393
10.720 4 -1723073393
10.747 -11 -1723073393
10.773 -33 -1723073393
10.800 -37 -1723073393
10.827 -54 -1723073393
10.853 -61 -1723073393
10.880 -62 -1723073393
10.907 -77 -1723073393
10.933 -75 -1723073393
10.960 -71 -1723073393
10.987 -73 -1723073393
11.013 -63 -1723073393
11.040 -66 -1723073393
11.067 -65 -1723073393
11.093 -50 -1723073393
11.120 -52 -1723073393
11.147 -49 -1723073393
11.173 -51 -1723073393
11.200 -64 -1723073393
11.227 -57 -1723073393
11.253 -54 -1723073393
11.280 -53 -1723073393
11.307 -47 -1723073393
11.333 -49 -1723073393
11.360 -43 -1723073393
11.387 -35 -1723073393
11.413 -34 -1723073393
11.440 -26 -1723073393
11.467 -30 -1723073393
11.493 -35 -1723073393
11.520 -27 -1723073393
11.547 -23 -1723073393
11.573 -5 -1723073393
11.600 8 -1723073393
11.627 11 -1723073393
11.653 24 -1723073393
11.680 29 -1723073393
11.707 31 -1723073393
11.733 41 -1723073393
11.760 42 -1723073393
11.787 49 -1723073393
11.813 55 -1723073393
11.840 45 -1723073393
11.867 39 -1723073393
11.893 25 -1723073393
11.920 3 -1723073393
11.947 -12 -1723073393
11.973 -35 -1723073393
12.000 -49 -1723073393
12.027 -58 -1723073393
12.053 -71 -1723073393
12.080 -76 -1723073393
12.107 -91 -1723073393
12.133 -103 -1723073393
12.160 -104 -1723073393
12.187 -116 -1723073393
12.213 -121 -1723073393
12.240 -129 -1723073393
12.267 -136 -1723073393
12.293 -126 -1723073393
12.320 -126 -1723073393
12.347 -122 -1723073393
12.373 -108 -1723073393
12.400 -106 -1723073393
12.427 -99 -1723073393
12.453 -90 -1723073393
12.480 -90 -1723073393
12.507 -83 -1723073393
12.533 -82 -1723073393
12.560 -85 -1723073393
12.587 -78 -1723073393
12.613 -75 -1723073393
12.640 -72 -1723073393
12.667 -67 -1723073393
12.693 -69 -1723073393
12.720 -64 -1723073393
12.747 -56 -1723073393
12.773 -43 -1723073393
12.800 -16 -1723073393
12.827 6 -1723073393
12.853 35 -1723073393
12.880 67 -1723073393
12.907 94 -1723073393
12.933 129 -1723073393
12.960 159 -1723073393
12.987 181 -1723073393
13.013 211 -1723073393
13.040 238 -1723073393
13.067 259 -1723073393
13.093 281 -1723073393
13.120 290 -1723073393
13.147 292 -1723073393
13.173 292 -1723073393
13.200 283 -1723073393
13.227 271 -1723073393
13.253 252 -1723073393
13.280 227 -1723073393
13.307 197 -1723073393
13.333 160 -1723073393
13.360 129 -1723073393
13.387 99 -1723073393
13.413 66 -1723073393
13.440 39 -1723073393
13.467 9 -1723073393
13.493 -21 -1723073393
13.520 -49 -1723073393
13.547 -78 -1723073393
13.573 -90 -1723073393
13.600 -101 -1723073393
13.627 -115 -1723073393
13.653 -123 -1723073393
13.680 -141 -1723073393
13.707 -156 -1723073393
13.733 -164 -1723073393
13.760 -179 -1723073393
13.787 -188 -1723073393
13.813 -195 -1723073393
13.840 -206 -1723073393
13.867 -208 -1723073393
13.893 -215 -1723073393
13.920 -221 -1723073393
13.947 -222 -1723073393
13.973 -235 -1723073393
14.000 -234 -1723073393
14.027 -221 -1723073393
14.053 -212 -1723073393
14.080 -195 -1723073393
14.107 -186 -1723073393
14.133 -179 -1723073393
14.160 -161 -1723073393
14.187 -146 -1723073393
14.213 -125 -1723073393
14.240 -100 -1723073393
14.267 -78 -1723073393
14.293 -45 -1723073393
14.320 -10 -1723073393
14.347 16 -1723073393
14.373 45 -1723073393
14.400 64 -1723073393
14.427 75 -1723073393
14.453 78 -1723073393
14.480 69 -1723073393
14.507 65 -1723073393
14.533 60 -1723073393
14.560 49 -1723073393
14.587 34 -1723073393
14.613 11 -1723073393
14.640 -10 -1723073393
14.667 -31 -1723073393
14.693 -61 -1723073393
14.720 -93 -1723073393
14.747 -124 -1723073393
14.773 -156 -1723073393
14.800 -183 -1723073393
14.827 -216 -1723073393
14.853 -240 -1723073393
14.880 -256 -1723073393
14.907 -277 -1723073393
14.933 -290 -1723073393
14.960 -303 -1723073393
14.987 -323 -1723073393
15.013 -330 -1723073393
15.040 -342 -1723073393
15.067 -357 -1723073393
15.093 -362 -1723073393
15.120 -381 -1723073393
15.147 -404 -1723073393
15.173 -421 -1723073393
15.200 -448 -1723073393
15.227 -471 -1723073393
15.253 -498 -1723073393
15.280 -528 -1723073393
15.307 -549 -1723073393
15.333 -584 -1723073393
15.360 -624 -1723073393
15.387 -659 -1723073393
15.413 -699 -1723073393
15.440 -734 -1723073393
15.467 -767 -1723073393
15.493 -809 -1723073393
15.520 -840 -1723073393
15.547 -879 -1723073393
15.573 -920 -1723073393
15.600 -948 -1723073393
15.627 -985 -1723073393
15.653 -1011 -1723073393
15.680 -1033 -1723073393
15.707 -1068 -1723073393
15.733 -1086 -1723073393
15.760 -1112 -1723073393
15.787 -1146 -1723073393
15.813 -1161 -1723073393
15.840 -1188 -1723073393
15.867 -1212 -1723073393
15.893 -1222 -1723073393
15.920 -1239 -1723073393
15.947 -1233 -1723073393
15.973 -1219 -1723073393
16.000 -1206 -1723073393
16.027 -1151 -1723073393
16.053 -1090 -1723073393
16.080 -1012 -1723073393
16.107 -878 -1723073393
16.133 -717 -1723073393
16.160 -497 -1723073393
16.187 -214 -1723073393
16.213 102 -1723073393
16.240 500 -1723073393
16.267 969 -1723073393
16.293 1492 -1723073393
16.320 2098 -1723073393
16.347 2748 -1723073393
16.373 3422 -1723073393
16.400 4137 -1723073393
16.427 4865 -1723073393
16.453 5555 -1723073393
16.480 6209 -1723073393
16.507 6805 -1723073393
16.533 7257 -1723073393
16.560 7628 -1723073393
16.587 7862 -1723073393
16.613 7885 -1723073393
16.640 7830 -1723073393
16.667 7567 -1723073393
16.693 7116 -1723073393
16.720 6626 -1723073393
16.747 5952 -1723073393
16.773 5197 -1723073393
16.800 4448 -1723073393
16.827 3560 -1723073393
16.853 2679 -1723073393
16.880 1848 -1723073393
16.907 974 -1723073393
16.933 168 -1723073393
16.960 -586 -1723073393
16.987 -1327 -1723073393
17.013 -1968 -1723073393
17.040 -2526 -1723073393
17.067 -3036 -1723073393
17.093 -3457 -1723073393
17.120 -3781 -1723073393
17.147 -4052 -1723073393
17.173 -4222 -1723073393
17.200 -4307 -1723073393
17.227 -4382 -1723073393
17.253 -4364 -1723073393
17.280 -4298 -1723073393
17.307 -4252 -1723073393
17.333 -4126 -1723073393
17.360 -4012 -1723073393
17.387 -3906 -1723073393
17.413 -3746 -1723073393
17.440 -3639 -1723073393
17.467 -3532 -1723073393
17.493 -3407 -1723073393
17.520 -3341 -1723073393
17.547 -3248 -1723073393
17.573 -3161 -1723073393
17.600 -3124 -1723073393
17.627 -3046 -1723073393
17.653 -2990 -1723073393
17.680 -2947 -1723073393
17.707 -2858 -1723073393
17.733 -2800 -1723073393
17.760 -2721 -1723073393
17.787 -2620 -1723073393
17.813 -2556 -1723073393
17.840 -2445 -1723073393
17.867 -2336 -1723073393
17.893 -2265 -1723073393
17.920 -2155 -1723073393
17.947 -2074 -1723073393
17.973 -2010 -1723073393
18.000 -1928 -1723073393
18.027 -1883 -1723073393
18.053 -1834 -1723073393
18.080 -1790 -1723073393
18.107 -1783 -1723073393
18.133 -1757 -1723073393
18.160 -1747 -1723073393
18.187 -1758 -1723073393
18.213 -1736 -1723073393
18.240 -1725 -1723073393
18.267 -1699 -1723073393
18.293 -1633 -1723073393
18.320 -1577 -1723073393
18.347 -1482 -1723073393
18.373 -1352 -1723073393
18.400 -1225 -1723073393
18.427 -1050 -1723073393
18.453 -864 -1723073393
18.480 -693 -1723073393
18.507 -490 -1723073393
18.533 -296 -1723073393
18.560 -111 -1723073393
18.587 80 -1723073393
18.613 235 -1723073393
18.640 383 -1723073393
18.667 543 -1723073393
18.693 692 -1723073393
18.720 854 -1723073393
18.747 1046 -1723073393
18.773 1271 -1723073393
18.800 1559 -1723073393
18.827 1934 -1723073393
18.853 2405 -1723073393
18.880 2978 -1723073393
18.907 3671 -1723073393
18.933 4472 -1723073393
18.960 5400 -1723073393
18.987 6470 -1723073393
19.013 7579 -1723073393
19.040 8782 -1723073393
19.067 10043 -1723073393
19.093 11253 -1723073393
19.120 12529 -1723073393
19.147 13694 -1723073393
19.173 14668 -1723073393
19.200 15639 -1723073393
19.227 16330 -1723073393
19.253 16773 -1723073393
19.280 17146 -1723073393
19.307 17079 -1723073393
19.333 16807 -1723073393
19.360 16451 -1723073393
19.387 15629 -1723073393
19.413 14737 -1723073393
19.440 13753 -1723073393
19.467 12414 -1723073393
19.493 11146 -1723073393
19.520 9764 -1723073393
19.547 8242 -1723073393
19.573 6898 -1723073393
19.600 5477 -1723073393
19.627 4048 -1723073393
19.653 2786 -1723073393
19.680 1535 -1723073393
19.707 374 -1723073393
19.733 -645 -1723073393
19.760 -1616 -1723073393
19.787 -2517 -1723073393
19.813 -3284 -1723073393
19.840 -3984 -1723073393
19.867 -4642 -1723073393
19.893 -5182 -1723073393
19.920 -5670 -1723073393
19.947 -6121 -1723073393
19.973 -6432 -1723073393
20.000 -6720 -1723073393
20.027 -6990 -1723073393
20.053 -7137 -1723073393
20.080 -7308 -1723073393
20.107 -7439 -1723073393
20.133 -7466 -1723073393
20.160 -7546 -1723073393
20.187 -7532 -1723073393
20.213 -7444 -1723073393
20.240 -7424 -1723073393
20.267 -7276 -1723073393
20.293 -7107 -1723073393
20.320 -6980 -1723073393
20.347 -6715 -1723073393
20.373 -6479 -1723073393
20.400 -6250 -1723073393
20.427 -5898 -1723073393
20.453 -5607 -1723073393
20.480 -5307 -1723073393
20.507 -4948 -1723073393
20.533 -4678 -1723073393
20.560 -4363 -1723073393
20.587 -4038 -1723073393
20.613 -3811 -1723073393
20.640 -3543 -1723073393
20.667 -3321 -1723073393
20.693 -3169 -1723073393
20.720 -2981 -1723073393
20.747 -2866 -1723073393
20.773 -2800 -1723073393
20.800 -2717 -1723073393
20.827 -2699 -1723073393
20.853 -2679 -1723073393
20.880 -2650 -1723073393
20.907 -2670 -1723073393
20.933 -2654 -1723073393
20.960 -2636 -1723073393
20.987 -2641 -1723073393
21.013 -2585 -1723073393
21.040 -2534 -1723073393
21.067 -2475 -1723073393
21.093 -2354 -1723073393
21.120 -2249 -1723073393
21.147 -2123 -1723073393
21.173 -1953 -1723073393
21.200 -1812 -1723073393
21.227 -1648 -1723073393
21.253 -1475 -1723073393
21.280 -1344 -1723073393
21.307 -1201 -1723073393
21.333 -1082 -1723073393
21.360 -1012 -1723073393
21.387 -947 -1723073393
21.413 -937 -1723073393
21.440 -974 -1723073393
21.467 -1027 -1723073393
21.493 -1138 -1723073393
21.520 -1291 -1723073393
21.547 -1465 -1723073393
21.573 -1686 -1723073393
21.600 -1924 -1723073393
21.627 -2195 -1723073393
21.653 -2516 -1723073393
21.680 -2824 -1723073393
21.707 -3161 -1723073393
21.733 -3517 -1723073393
21.760 -3836 -1723073393
21.787 -4197 -1723073393
21.813 -4532 -1723073393
21.840 -4803 -1723073393
21.867 -5109 -1723073393
21.893 -5338 -1723073393
21.920 -5505 -1723073393
21.947 -5680 -1723073393
21.973 -5721 -1723073393
22.000 -5712 -1723073393
22.027 -5698 -1723073393
22.053 -5521 -1723073393
22.080 -5330 -1723073393
22.107 -5125 -1723073393
22.133 -4775 -1723073393
22.160 -4454 -1723073393
22.187 -4093 -1723073393
22.213 -3628 -1723073393
22.240 -3216 -1723073393
22.267 -2751 -1723073393
22.293 -2236 -1723073393
22.320 -1774 -1723073393
22.347 -1277 -1723073393
22.373 -780 -1723073393
22.400 -339 -1723073393
22.427 116 -1723073393
22.453 544 -1723073393
22.480 908 -1723073393
22.507 1258 -1723073393
22.533 1571 -1723073393
22.560 1826 -1723073393
22.587 2048 -1723073393
22.613 2236 -1723073393
22.640 2371 -1723073393
22.667 2476 -1723073393
22.693 2568 -1723073393
22.720 2607 -1723073393
22.747 2625 -1723073393
22.773 2645 -1723073393
22.800 2623 -1723073393
22.827 2602 -1723073393
22.853 2584 -1723073393
22.880 2530 -1723073393
22.907 2497 -1723073393
22.933 2468 -1723073393
22.960 2419 -1723073393
22.987 2404 -1723073393
23.013 2371 -1723073393
23.040 2323 -1723073393
23.067 2309 -1723073393
23.093 2267 -1723073393
23.120 2212 -1723073393
23.147 2171 -1723073393
23.173 2088 -1723073393
23.200 1999 -1723073393
23.227 1916 -1723073393
23.253 1793 -1723073393
23.280 1685 -1723073393
23.307 1582 -1723073393
23.333 1455 -1723073393
23.360 1353 -1723073393
23.387 1254 -1723073393
23.413 1156 -1723073393
23.440 1090 -1723073393
23.467 1027 -1723073393
23.493 982 -1723073393
23.520 963 -1723073393
23.547 948 -1723073393
23.573 954 -1723073393
23.600 974 -1723073393
23.627 993 -1723073393
23.653 1024 -1723073393
23.680 1052 -1723073393
23.707 1069 -1723073393
23.733 1097 -1723073393
23.760 1125 -1723073393
23.787 1151 -1723073393
23.813 1178 -1723073393
23.840 1193 -1723073393
23.867 1206 -1723073393
23.893 1226 -1723073393
23.920 1230 -1723073393
23.947 1233 -1723073393
23.973 1240 -1723073393
24.000 1230 -1723073393
24.027 1222 -1723073393
24.053 1218 -1723073393
24.080 1203 -1723073393
24.107 1203 -1723073393
24.133 1206 -1723073393
24.160 1202 -1723073393
24.187 1214 -1723073393
24.213 1228 -1723073393
24.240 1246 -1723073393
24.267 1282 -1723073393
24.293 1321 -1723073393
24.320 1370 -1723073393
24.347 1430 -1723073393
24.373 1483 -1723073393
24.400 1545 -1723073393
24.427 1611 -1723073393
24.453 1669 -1723073393
24.480 1747 -1723073393
24.507 1828 -1723073393
24.533 1888 -1723073393
24.560 1958 -1723073393
24.587 2021 -1723073393
24.613 2067 -1723073393
24.640 2129 -1723073393
24.667 2163 -1723073393
24.693 2176 -1723073393
24.720 2198 -1723073393
24.747 2181 -1723073393
24.773 2147 -1723073393
24.800 2115 -1723073393
24.827 2035 -1723073393
24.853 1944 -1723073393
24.880 1861 -1723073393
24.907 1746 -1723073393
24.933 1642 -1723073393
24.960 1538 -1723073393
24.987 1412 -1723073393
25.013 1303 -1723073393
25.040 1199 -1723073393
25.067 1089 -1723073393
25.093 995 -1723073393
25.120 903 -1723073393
25.147 818 -1723073393
25.173 753 -1723073393
25.200 692 -1723073393
25.227 638 -1723073393
25.253 596 -1723073393
25.280 558 -1723073393
25.307 521 -1723073393
25.333 481 -1723073393
25.360 440 -1723073393
25.387 398 -1723073393
25.413 355 -1723073393
25.440 313 -1723073393
25.467 260 -1723073393
25.493 197 -1723073393
25.520 130 -1723073393
25.547 60 -1723073393
25.573 -9 -1723073393
25.600 -78 -1723073393
25.627 -147 -1723073393
25.653 -204 -1723073393
25.680 -248 -1723073393
25.707 -287 -1723073393
25.733 -305 -1723073393
25.760 -315 -1723073393
25.787 -318 -1723073393
25.813 -293 -1723073393
25.840 -263 -1723073393
25.867 -233 -1723073393
25.893 -183 -1723073393
25.920 -134 -1723073393
25.947 -86 -1723073393
25.973 -23 -1723073393
26.000 30 -1723073393
26.027 74 -1723073393
26.053 114 -1723073393
26.080 132 -1723073393
26.107 139 -1723073393
26.133 138 -1723073393
26.160 123 -1723073393
26.187 102 -1723073393
26.213 76 -1723073393
26.240 38 -1723073393
26.267 -3 -1723073393
26.293 -50 -1723073393
26.320 -98 -1723073393
26.347 -140 -1723073393
26.373 -184 -1723073393
26.400 -222 -1723073393
26.427 -242 -1723073393
26.453 -263 -1723073393
26.480 -270 -1723073393
26.507 -259 -1723073393
26.533 -254 -1723073393
26.560 -235 -1723073393
26.587 -202 -1723073393
26.613 -181 -1723073393
26.640 -145 -1723073393
26.667 -103 -1723073393
26.693 -76 -1723073393
26.720 -40 -1723073393
26.747 -10 -1723073393
26.773 11 -1723073393
26.800 41 -1723073393
26.827 57 -1723073393
26.853 54 -1723073393
26.880 52 -1723073393
26.907 37 -1723073393
26.933 14 -1723073393
26.960 -5 -1723073393
26.987 -40 -1723073393
27.013 -76 -1723073393
27.040 -104 -1723073393
27.067 -145 -1723073393
27.093 -186 -1723073393
27.120 -219 -1723073393
27.147 -260 -1723073393
27.173 -288 -1723073393
27.200 -315 -1723073393
27.227 -353 -1723073393
27.253 -385 -1723073393
27.280 -422 -1723073393
27.307 -468 -1723073393
27.333 -499 -1723073393
27.360 -535 -1723073393
27.387 -577 -1723073393
27.413 -596 -1723073393
27.440 -629 -1723073393
27.467 -662 -1723073393
27.493 -672 -1723073393
27.520 -694 -1723073393
27.547 -705 -1723073393
27.573 -699 -1723073393
27.600 -712 -1723073393
27.627 -708 -1723073393
27.653 -682 -1723073393
27.680 -662 -1723073393
27.707 -621 -1723073393
27.733 -572 -1723073393
27.760 -535 -1723073393
27.787 -474 -1723073393
27.813 -413 -1723073393
27.840 -368 -1723073393
27.867 -309 -1723073393
27.893 -260 -1723073393
27.920 -222 -1723073393
27.947 -170 -1723073393
27.973 -131 -1723073393
28.000 -96 -1723073393
28.027 -51 -1723073393
28.053 -23 -1723073393
28.080 0 -1723073393
28.107 33 -1723073393
28.133 53 -1723073393
28.160 70 -1723073393
28.187 78 -1723073393
28.213 75 -1723073393
28.240 73 -1723073393
28.267 65 -1723073393
28.293 42 -1723073393
28.320 23 -1723073393
28.347 -2 -1723073393
28.373 -38 -1723073393
28.400 -63 -1723073393
28.427 -89 -1723073393
28.453 -115 -1723073393
28.480 -124 -1723073393
28.507 -137 -1723073393
28.533 -150 -1723073393
28.560 -149 -1723073393
28.587 -151 -1723073393
28.613 -145 -1723073393
28.640 -121 -1723073393
28.667 -99 -1723073393
28.693 -71 -1723073393
28.720 -33 -1723073393
28.747 1 -1723073393
28.773 49 -1723073393
28.800 102 -1723073393
28.827 148 -1723073393
28.853 204 -1723073393
28.880 256 -1723073393
28.907 294 -1723073393
28.933 332 -1723073393
28.960 357 -1723073393
28.987 363 -1723073393
29.013 368 -1723073393
29.040 368 -1723073393
29.067 355 -1723073393
29.093 335 -1723073393
29.120 308 -1723073393
29.147 274 -1723073393
29.173 238 -1723073393
29.200 197 -1723073393
29.227 153 -1723073393
29.253 107 -1723073393
29.280 62 -1723073393
29.307 22 -1723073393
29.333 -15 -1723073393
29.360 -53 -1723073393
29.387 -83 -1723073393
29.413 -98 -1723073393
29.440 -110 -1723073393
29.467 -110 -1723073393
29.493 -101 -1723073393
29.520 -93 -1723073393
29.547 -68 -1723073393
29.573 -38 -1723073393
29.600 -16 -1723073393
29.627 15 -1723073393
29.653 41 -1723073393
29.680 55 -1723073393
29.707 75 -1723073393
29.733 87 -1723073393
29.760 94 -1723073393
29.787 104 -1723073393
29.813 101 -1723073393
29.840 92 -1723073393
29.867 91 -1723073393
29.893 89 -1723073393
29.920 87 -1723073393
29.947 94 -1723073393
29.973 96 -1723073393
30.000 99 -1723073393
30.027 106 -1723073393
30.053 106 -1723073393
30.080 111 -1723073393
30.107 123 -1723073393
30.133 127 -1723073393
30.160 130 -1723073393
30.187 136 -1723073393
30.213 135 -1723073393
30.240 137 -1723073393
30.267 141 -1723073393
30.293 135 -1723073393
30.320 134 -1723073393
30.347 135 -1723073393
30.373 137 -1723073393
30.400 149 -1723073393
30.427 157 -1723073393
30.453 164 -1723073393
30.480 174 -1723073393
30.507 179 -1723073393
30.533 187 -1723073393
30.560 211 -1723073393
30.587 233 -1723073393
30.613 256 -1723073393
30.640 284 -1723073393
30.667 306 -1723073393
30.693 331 -1723073393
30.720 361 -1723073393
30.747 383 -1723073393
30.773 400 -1723073393
30.800 415 -1723073393
30.827 424 -1723073393
30.853 422 -1723073393
30.880 406 -1723073393
30.907 379 -1723073393
30.933 345 -1723073393
30.960 307 -1723073393
30.987 263 -1723073393
31.013 211 -1723073393
31.040 153 -1723073393
31.067 95 -1723073393
31.093 44 -1723073393
31.120 -6 -1723073393
31.147 -52 -1723073393
31.173 -92 -1723073393
31.200 -134 -1723073393
31.227 -167 -1723073393
31.253 -177 -1723073393
31.280 -189 -1723073393
31.307 -192 -1723073393
31.333 -173 -1723073393
31.360 -158 -1723073393
31.387 -134 -1723073393
31.413 -92 -1723073393
31.440 -57 -1723073393
31.467 -13 -1723073393
31.493 41 -1723073393
31.520 86 -1723073393
31.547 128 -1723073393
31.573 174 -1723073393
31.600 210 -1723073393
31.627 240 -1723073393
31.653 268 -1723073393
31.680 283 -1723073393
31.707 297 -1723073393
31.733 299 -1723073393
31.760 282 -1723073393
31.787 254 -1723073393
31.813 221 -1723073393
31.840 182 -1723073393
31.867 144 -1723073393
31.893 99 -1723073393
31.920 46 -1723073393
31.947 -3 -1723073393
31.973 -57 -1723073393
32.000 -113 -1723073393
32.027 -153 -1723073393
32.053 -185 -1723073393
32.080 -206 -1723073393
32.107 -209 -1723073393
32.133 -212 -1723073393
32.160 -207 -1723073393
32.187 -181 -1723073393
32.213 -157 -1723073393
32.240 -126 -1723073393
32.267 -74 -1723073393
32.293 -26 -1723073393
32.320 25 -1723073393
32.347 87 -1723073393
32.373 135 -1723073393
32.400 184 -1723073393
32.427 238 -1723073393
32.453 276 -1723073393
32.480 302 -1723073393
32.507 320 -1723073393
32.533 323 -1723073393
32.560 324 -1723073393
32.587 320 -1723073393
32.613 303 -1723073393
32.640 280 -1723073393
32.667 250 -1723073393
32.693 209 -1723073393
32.720 164 -1723073393
32.747 115 -1723073393
32.773 63 -1723073393
32.800 17 -1723073393
32.827 -26 -1723073393
32.853 -71 -1723073393
32.880 -106 -1723073393
32.907 -136 -1723073393
32.933 -164 -1723073393
32.960 -174 -1723073393
32.987 -181 -1723073393
33.013 -187 -1723073393
33.040 -172 -1723073393
33.067 -156 -1723073393
33.093 -134 -1723073393
33.120 -89 -1723073393
33.147 -51 -1723073393
33.173 -13 -1723073393
33.200 45 -1723073393
33.227 95 -1723073393
33.253 137 -1723073393
33.280 185 -1723073393
33.307 223 -1723073393
33.333 256 -1723073393
33.360 285 -1723073393
33.387 295 -1723073393
33.413 289 -1723073393
33.440 274 -1723073393
33.467 245 -1723073393
33.493 203 -1723073393
33.520 154 -1723073393
33.547 92 -1723073393
33.573 32 -1723073393
33.600 -26 -1723073393
33.627 -93 -1723073393
33.653 -148 -1723073393
33.680 -192 -1723073393
33.707 -234 -1723073393
33.733 -256 -1723073393
33.760 -269 -1723073393
33.787 -280 -1723073393
33.813 -267 -1723073393
33.840 -244 -1723073393
33.867 -225 -1723073393
33.893 -187 -1723073393
33.920 -146 -1723073393
33.947 -111 -1723073393
33.973 -58 -1723073393
34.000 -2 -1723073393
34.027 41 -1723073393
34.053 88 -1723073393
34.080 132 -1723073393
34.107 171 -1723073393
34.133 216 -1723073393
34.160 257 -1723073393
34.187 296 -1723073393
34.213 338 -1723073393
34.240 375 -1723073393
34.267 406 -1723073393
34.293 435 -1723073393
34.320 470 -1723073393
34.347 501 -1723073393
34.373 523 -1723073393
34.400 539 -1723073393
34.427 546 -1723073393
34.453 540 -1723073393
34.480 526 -1723073393
34.507 498 -1723073393
34.533 454 -1723073393
34.560 407 -1723073393
34.587 353 -1723073393
34.613 291 -1723073393
34.640 232 -1723073393
34.667 170 -1723073393
34.693 108 -1723073393
34.720 54 -1723073393
34.747 12 -1723073393
34.773 -15 -1723073393
34.800 -38 -1723073393
34.827 -52 -1723073393
34.853 -47 -1723073393
34.880 -34 -1723073393
34.907 -9 -1723073393
34.933 33 -1723073393
34.960 74 -1723073393
34.987 126 -1723073393
35.013 185 -1723073393
35.040 227 -1723073393
35.067 267 -1723073393
35.093 308 -1723073393
35.120 337 -1723073393
35.147 359 -1723073393
35.173 374 -1723073393
35.200 373 -1723073393
35.227 357 -1723073393
35.253 329 -1723073393
35.280 288 -1723073393
35.307 237 -1723073393
35.333 180 -1723073393
35.360 122 -1723073393
35.387 60 -1723073393
35.413 -2 -1723073393
35.440 -61 -1723073393
35.467 -110 -1723073393
35.493 -153 -1723073393
35.520 -193 -1723073393
35.547 -209 -1723073393
35.573 -211 -1723073393
35.600 -210 -1723073393
35.627 -187 -1723073393
35.653 -153 -1723073393
35.680 -121 -1723073393
35.707 -70 -1723073393
35.733 -13 -1723073393
35.760 38 -1723073393
35.787 101 -1723073393
35.813 165 -1723073393
35.840 221 -1723073393
35.867 280 -1723073393
35.893 334 -1723073393
35.920 380 -1723073393
35.947 427 -1723073393
35.973 472 -1723073393
36.000 501 -1723073393
36.027 518 -1723073393
36.053 531 -1723073393
36.080 531 -1723073393
36.107 519 -1723073393
36.133 505 -1723073393
36.160 483 -1723073393
36.187 448 -1723073393
36.213 403 -1723073393
36.240 350 -1723073393
36.267 289 -1723073393
36.293 225 -1723073393
36.320 162 -1723073393
36.347 108 -1723073393
36.373 63 -1723073393
36.400 25 -1723073393
36.427 -3 -1723073393
36.453 -30 -1723073393
36.480 -50 -1723073393
36.507 -55 -1723073393
36.533 -56 -1723073393
36.560 -54 -1723073393
36.587 -35 -1723073393
36.613 -17 -1723073393
36.640 3 -1723073393
36.667 43 -1723073393
36.693 79 -1723073393
36.720 114 -1723073393
36.747 154 -1723073393
36.773 188 -1723073393
36.800 223 -1723073393
36.827 262 -1723073393
36.853 288 -1723073393
36.880 306 -1723073393
36.907 327 -1723073393
36.933 340 -1723073393
36.960 341 -1723073393
36.987 339 -1723073393
37.013 328 -1723073393
37.040 308 -1723073393
37.067 285 -1723073393
37.093 257 -1723073393
37.120 221 -1723073393
37.147 187 -1723073393
37.173 153 -1723073393
37.200 116 -1723073393
37.227 86 -1723073393
37.253 56 -1723073393
37.280 30 -1723073393
37.307 17 -1723073393
37.333 5 -1723073393
37.360 4 -1723073393
37.387 25 -1723073393
37.413 42 -1723073393
37.440 62 -1723073393
37.467 95 -1723073393
37.493 121 -1723073393
37.520 148 -1723073393
37.547 180 -1723073393
37.573 204 -1723073393
37.600 223 -1723073393
37.627 248 -1723073393
37.653 264 -1723073393
37.680 273 -1723073393
37.707 282 -1723073393
37.733 285 -1723073393
37.760 283 -1723073393
37.787 286 -1723073393
37.813 287 -1723073393
37.840 287 -1723073393
37.867 289 -1723073393
37.893 291 -1723073393
37.920 294 -1723073393
37.947 304 -1723073393
37.973 312 -1723073393
38.000 317 -1723073393
38.027 329 -1723073393
38.053 337 -1723073393
38.080 338 -1723073393
38.107 337 -1723073393
38.133 330 -1723073393
38.160 320 -1723073393
38.187 312 -1723073393
38.213 304 -1723073393
38.240 296 -1723073393
38.267 281 -1723073393
38.293 257 -1723073393
38.320 239 -1723073393
38.347 231 -1723073393
38.373 224 -1723073393
38.400 218 -1723073393
38.427 218 -1723073393
38.453 215 -1723073393
38.480 213 -1723073393
38.507 224 -1723073393
38.533 235 -1723073393
38.560 248 -1723073393
38.587 267 -1723073393
38.613 276 -1723073393
38.640 279 -1723073393
38.667 291 -1723073393
38.693 296 -1723073393
38.720 287 -1723073393
38.747 277 -1723073393
38.773 258 -1723073393
38.800 230 -1723073393
38.827 206 -1723073393
38.853 170 -1723073393
38.880 123 -1723073393
38.907 80 -1723073393
38.933 33 -1723073393
38.960 -11 -1723073393
38.987 -48 -1723073393
39.013 -90 -1723073393
39.040 -130 -1723073393
39.067 -151 -1723073393
39.093 -172 -1723073393
39.120 -183 -1723073393
39.147 -166 -1723073393
39.173 -154 -1723073393
39.200 -136 -1723073393
39.227 -92 -1723073393
39.253 -52 -1723073393
39.280 -20 -1723073393
39.307 30 -1723073393
39.333 74 -1723073393
39.360 107 -1723073393
39.387 148 -1723073393
39.413 172 -1723073393
39.440 180 -1723073393
39.467 197 -1723073393
39.493 208 -1723073393
39.520 209 -1723073393
39.547 218 -1723073393
39.573 223 -1723073393
39.600 218 -1723073393
39.627 217 -1723073393
39.653 215 -1723073393
39.680 209 -1723073393
39.707 211 -1723073393
39.733 210 -1723073393
39.760 201 -1723073393
39.787 201 -1723073393
39.813 202 -1723073393
39.840 198 -1723073393
39.867 199 -1723073393
39.893 198 -1723073393
39.920 194 -1723073393
39.947 198 -1723073393
39.973 200 -1723073393
40.000 196 -1723073393
40.027 205 -1723073393
40.053 215 -1723073393
40.080 216 -1723073393
40.107 225 -1723073393
40.133 236 -1723073393
40.160 234 -1723073393
40.187 238 -1723073393
40.213 243 -1723073393
40.240 237 -1723073393
40.267 233 -1723073393
40.293 229 -1723073393
40.320 216 -1723073393
40.347 205 -1723073393
40.373 192 -1723073393
40.400 162 -1723073393
40.427 133 -1723073393
40.453 107 -1723073393
40.480 76 -1723073393
40.507 49 -1723073393
40.533 30 -1723073393
40.560 6 -1723073393
40.587 -13 -1723073393
40.613 -23 -1723073393
40.640 -36 -1723073393
40.667 -44 -1723073393
40.693 -45 -1723073393
40.720 -54 -1723073393
40.747 -54 -1723073393
40.773 -40 -1723073393
40.800 -30 -1723073393
40.827 -11 -1723073393
40.853 15 -1723073393
40.880 27 -1723073393
40.907 42 -1723073393
40.933 71 -1723073393
40.960 92 -1723073393
40.987 114 -1723073393
41.013 143 -1723073393
41.040 158 -1723073393
41.067 178 -1723073393
41.093 203 -1723073393
41.120 212 -1723073393
41.147 213 -1723073393
41.173 213 -1723073393
41.200 199 -1723073393
41.227 185 -1723073393
41.253 181 -1723073393
41.280 171 -1723073393
41.307 157 -1723073393
41.333 155 -1723073393
41.360 154 -1723073393
41.387 153 -1723073393
41.413 162 -1723073393
41.440 161 -1723073393
41.467 152 -1723073393
41.493 152 -1723073393
41.520 149 -1723073393
41.547 149 -1723073393
41.573 161 -1723073393
41.600 169 -1723073393
41.627 173 -1723073393
41.653 182 -1723073393
41.680 184 -1723073393
41.707 182 -1723073393
41.733 187 -1723073393
41.760 187 -1723073393
41.787 180 -1723073393
41.813 179 -1723073393
41.840 172 -1723073393
41.867 157 -1723073393
41.893 149 -1723073393
41.920 138 -1723073393
41.947 121 -1723073393
41.973 113 -1723073393
42.000 108 -1723073393
42.027 97 -1723073393
42.053 95 -1723073393
42.080 92 -1723073393
42.107 80 -1723073393
42.133 78 -1723073393
42.160 77 -1723073393
42.187 69 -1723073393
42.213 71 -1723073393
42.240 75 -1723073393
42.267 75 -1723073393
42.293 81 -1723073393
42.320 85 -1723073393
42.347 75 -1723073393
42.373 66 -1723073393
42.400 58 -1723073393
42.427 39 -1723073393
42.453 24 -1723073393
42.480 17 -1723073393
42.507 0 -1723073393
42.533 -9 -1723073393
42.560 -8 -1723073393
42.587 -14 -1723073393
42.613 -14 -1723073393
42.640 -4 -1723073393
42.667 -1 -1723073393
42.693 6 -1723073393
42.720 23 -1723073393
42.747 29 -1723073393
42.773 33 -1723073393
42.800 42 -1723073393
42.827 42 -1723073393
42.853 39 -1723073393
42.880 47 -1723073393
42.907 52 -1723073393
42.933 49 -1723073393
42.960 51 -1723073393
42.987 52 -1723073393
43.013 43 -1723073393
43.040 39 -1723073393
43.067 28 -1723073393
43.093 10 -1723073393
43.120 1 -1723073393
43.147 -6 -1723073393
43.173 -19 -1723073393
43.200 -18 -1723073393
43.227 -13 -1723073393
43.253 -14 -1723073393
43.280 -2 -1723073393
43.307 15 -1723073393
43.333 23 -1723073393
43.360 40 -1723073393
43.387 59 -1723073393
43.413 69 -1723073393
43.440 89 -1723073393
43.467 114 -1723073393
43.493 122 -1723073393
43.520 134 -1723073393
43.547 154 -1723073393
43.573 163 -1723073393
43.600 172 -1723073393
43.627 180 -1723073393
43.653 177 -1723073393
43.680 170 -1723073393
43.707 168 -1723073393
43.733 156 -1723073393
43.760 144 -1723073393
43.787 134 -1723073393
43.813 113 -1723073393
43.840 91 -1723073393
43.867 74 -1723073393
43.893 49 -1723073393
43.920 20 -1723073393
43.947 2 -1723073393
43.973 -23 -1723073393
44.000 -51 -1723073393
44.027 -71 -1723073393
44.053 -101 -1723073393
44.080 -137 -1723073393
44.107 -157 -1723073393
44.133 -177 -1723073393
44.160 -197 -1723073393
44.187 -197 -1723073393
44.213 -199 -1723073393
44.240 -207 -1723073393
44.267 -193 -1723073393
44.293 -175 -1723073393
44.320 -165 -1723073393
44.347 -136 -1723073393
44.373 -105 -1723073393
44.400 -86 -1723073393
44.427 -53 -1723073393
44.453 -17 -1723073393
44.480 0 -1723073393
44.507 23 -1723073393
44.533 45 -1723073393
44.560 46 -1723073393
44.587 40 -1723073393
44.613 31 -1723073393
44.640 7 -1723073393
44.667 -16 -1723073393
44.693 -37 -1723073393
44.720 -71 -1723073393
44.747 -103 -1723073393
44.773 -123 -1723073393
44.800 -147 -1723073393
44.827 -164 -1723073393
44.853 -159 -1723073393
44.880 -156 -1723073393
44.907 -145 -1723073393
44.933 -107 -1723073393
44.960 -72 -1723073393
44.987 -39 -1723073393
45.013 11 -1723073393
45.040 52 -1723073393
45.067 81 -1723073393
45.093 122 -1723073393
45.120 164 -1723073393
45.147 193 -1723073393
45.173 226 -1723073393
45.200 258 -1723073393
45.227 278 -1723073393
45.253 299 -1723073393
45.280 318 -1723073393
45.307 323 -1723073393
45.333 320 -1723073393
45.360 313 -1723073393
45.387 294 -1723073393
45.413 272 -1723073393
45.440 247 -1723073393
45.467 217 -1723073393
45.493 191 -1723073393
45.520 164 -1723073393
45.547 130 -1723073393
45.573 99 -1723073393
45.600 75 -1723073393
45.627 44 -1723073393
45.653 15 -1723073393
45.680 -1 -1723073393
45.707 -19 -1723073393
45.733 -37 -1723073393
45.760 -39 -1723073393
45.787 -38 -1723073393
45.813 -44 -1723073393
45.840 -39 -1723073393
45.867 -39 -1723073393
45.893 -44 -1723073393
45.920 -34 -1723073393
45.947 -25 -1723073393
45.973 -26 -1723073393
46.000 -11 -1723073393
46.027 10 -1723073393
46.053 21 -1723073393
46.080 43 -1723073393
46.107 69 -1723073393
46.133 83 -1723073393
46.160 109 -1723073393
46.187 143 -1723073393
46.213 164 -1723073393
46.240 182 -1723073393
46.267 200 -1723073393
46.293 201 -1723073393
46.320 195 -1723073393
46.347 195 -1723073393
46.373 190 -1723073393
46.400 176 -1723073393
46.427 163 -1723073393
46.453 144 -1723073393
46.480 123 -1723073393
46.507 108 -1723073393
46.533 91 -1723073393
46.560 65 -1723073393
46.587 42 -1723073393
46.613 21 -1723073393
46.640 3 -1723073393
46.667 3 -1723073393
46.693 11 -1723073393
46.720 13 -1723073393
46.747 26 -1723073393
46.773 49 -1723073393
46.800 64 -1723073393
46.827 82 -1723073393
46.853 107 -1723073393
46.880 117 -1723073393
46.907 127 -1723073393
46.933 147 -1723073393
46.960 160 -1723073393
46.987 175 -1723073393
47.013 198 -1723073393
47.040 215 -1723073393
47.067 230 -1723073393
47.093 252 -1723073393
47.120 268 -1723073393
47.147 273 -1723073393
47.173 278 -1723073393
47.200 277 -1723073393
47.227 268 -1723073393
47.253 260 -1723073393
47.280 245 -1723073393
47.307 222 -1723073393
47.333 203 -1723073393
47.360 182 -1723073393
47.387 155 -1723073393
47.413 131 -1723073393
47.440 108 -1723073393
47.467 77 -1723073393
47.493 47 -1723073393
47.520 26 -1723073393
47.547 4 -1723073393
47.573 -11 -1723073393
47.600 -16 -1723073393
47.627 -24 -1723073393
47.653 -22 -1723073393
47.680 -4 -1723073393
47.707 5 -1723073393
47.733 16 -1723073393
47.760 41 -1723073393
47.787 61 -1723073393
47.813 79 -1723073393
47.840 111 -1723073393
47.867 140 -1723073393
47.893 163 -1723073393
47.920 189 -1723073393
47.947 208 -1723073393
47.973 217 -1723073393
48.000 227 -1723073393
48.027 233 -1723073393
48.053 231 -1723073393
48.080 232 -1723073393
48.107 232 -1723073393
48.133 224 -1723073393
48.160 209 -1723073393
48.187 188 -1723073393
48.213 158 -1723073393
48.240 132 -1723073393
48.267 105 -1723073393
48.293 71 -1723073393
48.320 44 -1723073393
48.347 35 -1723073393
48.373 28 -1723073393
48.400 25 -1723073393
48.427 38 -1723073393
48.453 51 -1723073393
48.480 58 -1723073393
48.507 83 -1723073393
48.533 116 -1723073393
48.560 142 -1723073393
48.587 178 -1723073393
48.613 219 -1723073393
48.640 253 -1723073393
48.667 294 -1723073393
48.693 338 -1723073393
48.720 375 -1723073393
48.747 408 -1723073393
48.773 442 -1723073393
48.800 468 -1723073393
48.827 487 -1723073393
48.853 505 -1723073393
48.880 518 -1723073393
48.907 522 -1723073393
48.933 527 -1723073393
48.960 530 -1723073393
48.987 530 -1723073393
49.013 525 -1723073393
49.040 522 -1723073393
49.067 512 -1723073393
49.093 494 -1723073393
49.120 477 -1723073393
49.147 459 -1723073393
49.173 441 -1723073393
49.200 426 -1723073393
49.227 415 -1723073393
49.253 402 -1723073393
49.280 392 -1723073393
49.307 390 -1723073393
49.333 394 -1723073393
49.360 405 -1723073393
49.387 418 -1723073393
49.413 423 -1723073393
49.440 428 -1723073393
49.467 432 -1723073393
49.493 432 -1723073393
49.520 430 -1723073393
49.547 428 -1723073393
49.573 421 -1723073393
49.600 412 -1723073393
49.627 403 -1723073393
49.653 391 -1723073393
49.680 375 -1723073393
49.707 359 -1723073393
49.733 337 -1723073393
49.760 314 -1723073393
49.787 298 -1723073393
49.813 284 -1723073393
49.840 271 -1723073393
49.867 264 -1723073393
49.893 260 -1723073393
49.920 257 -1723073393
49.947 258 -1723073393
49.973 257 -1723073393
50.000 253 -1723073393
50.027 253 -1723073393
50.053 249 -1723073393
50.080 238 -1723073393
50.107 232 -1723073393
50.133 227 -1723073393
50.160 218 -1723073393
50.187 214 -1723073393
50.213 211 -1723073393
50.240 204 -1723073393
50.267 199 -1723073393
50.293 201 -1723073393
50.320 202 -1723073393
50.347 206 -1723073393
50.373 214 -1723073393
50.400 218 -1723073393
50.427 225 -1723073393
50.453 237 -1723073393
50.480 238 -1723073393
50.507 237 -1723073393
50.533 241 -1723073393
50.560 242 -1723073393
50.587 241 -1723073393
50.613 244 -1723073393
50.640 242 -1723073393
50.667 232 -1723073393
50.693 227 -1723073393
50.720 213 -1723073393
50.747 188 -1723073393
50.773 168 -1723073393
50.800 151 -1723073393
50.827 126 -1723073393
50.853 100 -1723073393
50.880 76 -1723073393
50.907 43 -1723073393
50.933 10 -1723073393
50.960 -11 -1723073393
50.987 -37 -1723073393
51.013 -63 -1723073393
51.040 -78 -1723073393
51.067 -99 -1723073393
51.093 -125 -1723073393
51.120 -136 -1723073393
51.147 -146 -1723073393
51.173 -156 -1723073393
51.200 -146 -1723073393
51.227 -134 -1723073393
51.253 -131 -1723073393
51.280 -115 -1723073393
51.307 -99 -1723073393
51.333 -97 -1723073393
51.360 -81 -1723073393
51.387 -56 -1723073393
51.413 -52 -1723073393
51.440 -43 -1723073393
51.467 -21 -1723073393
51.493 -14 -1723073393
51.520 -12 -1723073393
51.547 0 -1723073393
51.573 6 -1723073393
51.600 2 -1723073393
51.627 7 -1723073393
51.653 6 -1723073393
51.680 -3 -1723073393
51.707 -4 -1723073393
51.733 -4 -1723073393
51.760 -16 -1723073393
51.787 -20 -1723073393
51.813 -16 -1723073393
51.840 -21 -1723073393
51.867 -22 -1723073393
51.893 -15 -1723073393
51.920 -19 -1723073393
51.947 -19 -1723073393
51.973 0 -1723073393
52.000 12 -1723073393
52.027 27 -1723073393
52.053 54 -1723073393
52.080 75 -1723073393
52.107 91 -1723073393
52.133 118 -1723073393
52.160 143 -1723073393
52.187 157 -1723073393
52.213 177 -1723073393
52.240 200 -1723073393
52.267 211 -1723073393
52.293 220 -1723073393
52.320 233 -1723073393
52.347 240 -1723073393
52.373 242 -1723073393
52.400 244 -1723073393
52.427 240 -1723073393
52.453 232 -1723073393
52.480 228 -1723073393
52.507 224 -1723073393
52.533 221 -1723073393
52.560 229 -1723073393
52.587 234 -1723073393
52.613 233 -1723073393
52.640 235 -1723073393
52.667 240 -1723073393
52.693 237 -1723073393
52.720 238 -1723073393
52.747 237 -1723073393
52.773 227 -1723073393
52.800 217 -1723073393
52.827 213 -1723073393
52.853 208 -1723073393
52.880 205 -1723073393
52.907 205 -1723073393
52.933 197 -1723073393
52.960 185 -1723073393
52.987 182 -1723073393
53.013 178 -1723073393
53.040 169 -1723073393
53.067 168 -1723073393
53.093 167 -1723073393
53.120 160 -1723073393
53.147 162 -1723073393
53.173 167 -1723073393
53.200 166 -1723073393
53.227 169 -1723073393
53.253 169 -1723073393
53.280 154 -1723073393
53.307 139 -1723073393
53.333 133 -1723073393
53.360 126 -1723073393
53.387 117 -1723073393
53.413 115 -1723073393
53.440 110 -1723073393
53.467 101 -1723073393
53.493 102 -1723073393
53.520 106 -1723073393
53.547 107 -1723073393
53.573 114 -1723073393
53.600 121 -1723073393
53.627 121 -1723073393
53.653 129 -1723073393
53.680 137 -1723073393
53.707 135 -1723073393
53.733 132 -1723073393
53.760 135 -1723073393
53.787 136 -1723073393
53.813 133 -1723073393
53.840 130 -1723073393
53.867 121 -1723073393
53.893 112 -1723073393
53.920 109 -1723073393
53.947 107 -1723073393
53.973 101 -1723073393
54.000 104 -1723073393
54.027 110 -1723073393
54.053 114 -1723073393
54.080 123 -1723073393
54.107 135 -1723073393
54.133 139 -1723073393
54.160 146 -1723073393
54.187 162 -1723073393
54.213 170 -1723073393
54.240 173 -1723073393
54.267 185 -1723073393
54.293 195 -1723073393
54.320 197 -1723073393
54.347 201 -1723073393
54.373 204 -1723073393
54.400 200 -1723073393
54.427 196 -1723073393
54.453 188 -1723073393
54.480 170 -1723073393
54.507 152 -1723073393
54.533 137 -1723073393
54.560 114 -1723073393
54.587 86 -1723073393
54.613 60 -1723073393
54.640 31 -1723073393
54.667 3 -1723073393
54.693 -18 -1723073393
54.720 -39 -1723073393
54.747 -58 -1723073393
54.773 -70 -1723073393
54.800 -81 -1723073393
54.827 -93 -1723073393
54.853 -90 -1723073393
54.880 -78 -1723073393
54.907 -74 -1723073393
54.933 -63 -1723073393
54.960 -42 -1723073393
54.987 -33 -1723073393
55.013 -22 -1723073393
55.040 3 -1723073393
55.067 18 -1723073393
55.093 26 -1723073393
55.120 49 -1723073393
55.147 68 -1723073393
55.173 76 -1723073393
55.200 90 -1723073393
55.227 102 -1723073393
55.253 107 -1723073393
55.280 119 -1723073393
55.307 133 -1723073393
55.333 136 -1723073393
55.360 143 -1723073393
55.387 157 -1723073393
55.413 167 -1723073393
55.440 179 -1723073393
55.467 204 -1723073393
55.493 229 -1723073393
55.520 255 -1723073393
55.547 286 -1723073393
55.573 314 -1723073393
55.600 340 -1723073393
55.627 369 -1723073393
55.653 396 -1723073393
55.680 418 -1723073393
55.707 442 -1723073393
55.733 466 -1723073393
55.760 480 -1723073393
55.787 494 -1723073393
55.813 511 -1723073393
55.840 526 -1723073393
55.867 537 -1723073393
55.893 544 -1723073393
55.920 552 -1723073393
55.947 556 -1723073393
55.973 552 -1723073393
56.000 549 -1723073393
56.027 545 -1723073393
56.053 536 -1723073393
56.080 533 -1723073393
56.107 533 -1723073393
56.133 529 -1723073393
56.160 524 -1723073393
56.187 531 -1723073393
56.213 541 -1723073393
56.240 545 -1723073393
56.267 553 -1723073393
56.293 560 -1723073393
56.320 562 -1723073393
56.347 565 -1723073393
56.373 563 -1723073393
56.400 549 -1723073393
56.427 532 -1723073393
56.453 516 -1723073393
56.480 489 -1723073393
56.507 457 -1723073393
56.533 429 -1723073393
56.560 399 -1723073393
56.587 366 -1723073393
56.613 337 -1723073393
56.640 314 -1723073393
56.667 288 -1723073393
56.693 255 -1723073393
56.720 227 -1723073393
56.747 202 -1723073393
56.773 175 -1723073393
56.800 151 -1723073393
56.827 129 -1723073393
56.853 106 -1723073393
56.880 83 -1723073393
56.907 65 -1723073393
56.933 50 -1723073393
56.960 33 -1723073393
56.987 17 -1723073393
57.013 5 -1723073393
57.040 -14 -1723073393
57.067 -35 -1723073393
57.093 -44 -1723073393
57.120 -56 -1723073393
57.147 -70 -1723073393
57.173 -73 -1723073393
57.200 -72 -1723073393
57.227 -74 -1723073393
57.253 -67 -1723073393
57.280 -53 -1723073393
57.307 -51 -1723073393
57.333 -52 -1723073393
57.360 -43 -1723073393
57.387 -42 -1723073393
57.413 -48 -1723073393
57.440 -51 -1723073393
57.467 -60 -1723073393
57.493 -71 -1723073393
57.520 -69 -1723073393
57.547 -65 -1723073393
57.573 -73 -1723073393
57.600 -76 -1723073393
57.627 -73 -1723073393
57.653 -74 -1723073393
57.680 -64 -1723073393
57.707 -43 -1723073393
57.733 -33 -1723073393
57.760 -21 -1723073393
57.787 3 -1723073393
57.813 23 -1723073393
57.840 36 -1723073393
57.867 64 -1723073393
57.893 91 -1723073393
57.920 111 -1723073393
57.947 141 -1723073393
57.973 176 -1723073393
58.000 198 -1723073393
58.027 221 -1723073393
58.053 250 -1723073393
58.080 273 -1723073393
58.107 292 -1723073393
58.133 315 -1723073393
58.160 333 -1723073393
58.187 342 -1723073393
58.213 354 -1723073393
58.240 367 -1723073393
58.267 373 -1723073393
58.293 379 -1723073393
58.320 386 -1723073393
58.347 389 -1723073393
58.373 397 -1723073393
58.400 409 -1723073393
58.427 416 -1723073393
58.453 419 -1723073393
58.480 421 -1723073393
58.507 424 -1723073393
58.533 423 -1723073393
58.560 419 -1723073393
58.587 412 -1723073393
58.613 404 -1723073393
58.640 397 -1723073393
58.667 390 -1723073393
58.693 383 -1723073393
58.720 371 -1723073393
58.747 365 -1723073393
58.773 365 -1723073393
58.800 367 -1723073393
58.827 367 -1723073393
58.853 367 -1723073393
58.880 367 -1723073393
58.907 370 -1723073393
58.933 379 -1723073393
58.960 389 -1723073393
58.987 401 -1723073393
59.013 416 -1723073393
59.040 431 -1723073393
59.067 443 -1723073393
59.093 458 -1723073393
59.120 473 -1723073393
59.147 480 -1723073393
59.173 491 -1723073393
59.200 504 -1723073393
59.227 513 -1723073393
59.253 514 -1723073393
59.280 514 -1723073393
59.307 516 -1723073393
59.333 516 -1723073393
59.360 517 -1723073393
59.387 519 -1723073393
59.413 520 -1723073393
59.440 521 -1723073393
59.467 522 -1723073393
59.493 523 -1723073393
59.520 520 -1723073393
59.547 519 -1723073393
59.573 520 -1723073393
59.600 517 -1723073393
59.627 517 -1723073393
59.653 522 -1723073393
59.680 527 -1723073393
59.707 530 -1723073393
59.733 534 -1723073393
59.760 536 -1723073393
59.787 539 -1723073393
59.813 547 -1723073393
59.840 552 -1723073393
59.867 551 -1723073393
59.893 558 -1723073393
59.920 568 -1723073393
59.947 571 -1723073393
59.973 574 -1723073393
60.000 577 -1723073393
60.027 567 -1723073393
60.053 548 -1723073393
60.080 531 -1723073393
60.107 504 -1723073393
60.133 466 -1723073393
60.160 431 -1723073393
60.187 394 -1723073393
60.213 347 -1723073393
60.240 298 -1723073393
60.267 254 -1723073393
60.293 210 -1723073393
60.320 167 -1723073393
60.347 127 -1723073393
60.373 95 -1723073393
60.400 67 -1723073393
60.427 39 -1723073393
60.453 22 -1723073393
60.480 17 -1723073393
60.507 13 -1723073393
60.533 8 -1723073393
60.560 16 -1723073393
60.587 28 -1723073393
60.613 34 -1723073393
60.640 46 -1723073393
60.667 62 -1723073393
60.693 64 -1723073393
60.720 67 -1723073393
60.747 81 -1723073393
60.773 87 -1723073393
60.800 89 -1723073393
60.827 95 -1723073393
60.853 93 -1723073393
60.880 86 -1723073393
60.907 82 -1723073393
60.933 72 -1723073393
60.960 50 -1723073393
60.987 31 -1723073393
61.013 12 -1723073393
61.040 -15 -1723073393
61.067 -40 -1723073393
61.093 -59 -1723073393
61.120 -86 -1723073393
61.147 -116 -1723073393
61.173 -132 -1723073393
61.200 -147 -1723073393
61.227 -164 -1723073393
61.253 -171 -1723073393
61.280 -173 -1723073393
61.307 -182 -1723073393
61.333 -186 -1723073393
61.360 -180 -1723073393
61.387 -182 -1723073393
61.413 -181 -1723073393
61.440 -172 -1723073393
61.467 -172 -1723073393
61.493 -173 -1723073393
61.520 -155 -1723073393
61.547 -140 -1723073393
61.573 -132 -1723073393
61.600 -113 -1723073393
61.627 -92 -1723073393
61.653 -87 -1723073393
61.680 -81 -1723073393
61.707 -70 -1723073393
61.733 -71 -1723073393
61.760 -80 -1723073393
61.787 -85 -1723073393
61.813 -107 -1723073393
61.840 -136 -1723073393
61.867 -155 -1723073393
61.893 -176 -1723073393
61.920 -205 -1723073393
61.947 -220 -1723073393
61.973 -231 -1723073393
62.000 -252 -1723073393
62.027 -265 -1723073393
62.053 -268 -1723073393
62.080 -286 -1723073393
62.107 -306 -1723073393
62.133 -307 -1723073393
62.160 -312 -1723073393
62.187 -323 -1723073393
62.213 -313 -1723073393
62.240 -299 -1723073393
62.267 -298 -1723073393
62.293 -283 -1723073393
62.320 -258 -1723073393
62.347 -250 -1723073393
62.373 -239 -1723073393
62.400 -209 -1723073393
62.427 -190 -1723073393
62.453 -177 -1723073393
62.480 -153 -1723073393
62.507 -137 -1723073393
62.533 -134 -1723073393
62.560 -121 -1723073393
62.587 -103 -1723073393
62.613 -100 -1723073393
62.640 -98 -1723073393
62.667 -90 -1723073393
62.693 -94 -1723073393
62.720 -106 -1723073393
62.747 -112 -1723073393
62.773 -129 -1723073393
62.800 -159 -1723073393
62.827 -179 -1723073393
62.853 -198 -1723073393
62.880 -227 -1723073393
62.907 -246 -1723073393
62.933 -256 -1723073393
62.960 -278 -1723073393
62.987 -294 -1723073393
63.013 -292 -1723073393
63.040 -298 -1723073393
63.067 -307 -1723073393
63.093 -295 -1723073393
63.120 -281 -1723073393
63.147 -276 -1723073393
63.173 -251 -1723073393
63.200 -218 -1723073393
63.227 -202 -1723073393
63.253 -182 -1723073393
63.280 -149 -1723073393
63.307 -129 -1723073393
63.333 -111 -1723073393
63.360 -78 -1723073393
63.387 -53 -1723073393
63.413 -36 -1723073393
63.440 -10 -1723073393
63.467 9 -1723073393
63.493 10 -1723073393
63.520 11 -1723073393
63.547 11 -1723073393
63.573 -2 -1723073393
63.600 -20 -1723073393
63.627 -36 -1723073393
63.653 -61 -1723073393
63.680 -92 -1723073393
63.707 -116 -1723073393
63.733 -143 -1723073393
63.760 -177 -1723073393
63.787 -206 -1723073393
63.813 -229 -1723073393
63.840 -257 -1723073393
63.867 -274 -1723073393
63.893 -281 -1723073393
63.920 -301 -1723073393
63.947 -318 -1723073393
63.973 -316 -1723073393
64.000 -318 -1723073393
64.027 -322 -1723073393
64.053 -301 -1723073393
64.080 -274 -1723073393
64.107 -265 -1723073393
64.133 -246 -1723073393
64.160 -212 -1723073393
64.187 -189 -1723073393
64.213 -169 -1723073393
64.240 -134 -1723073393
64.267 -107 -1723073393
64.293 -89 -1723073393
64.320 -63 -1723073393
64.347 -41 -1723073393
64.373 -40 -1723073393
64.400 -37 -1723073393
64.427 -32 -1723073393
64.453 -42 -1723073393
64.480 -55 -1723073393
64.507 -60 -1723073393
64.533 -71 -1723073393
64.560 -88 -1723073393
64.587 -98 -1723073393
64.613 -106 -1723073393
64.640 -121 -1723073393
64.667 -126 -1723073393
64.693 -124 -1723073393
64.720 -125 -1723073393
64.747 -113 -1723073393
64.773 -90 -1723073393
64.800 -75 -1723073393
64.827 -60 -1723073393
64.853 -30 -1723073393
64.880 -2 -1723073393
64.907 16 -1723073393
64.933 47 -1723073393
64.960 80 -1723073393
64.987 100 -1723073393
65.013 120 -1723073393
65.040 147 -1723073393
65.067 162 -1723073393
65.093 173 -1723073393
65.120 191 -1723073393
65.147 203 -1723073393
65.173 206 -1723073393
65.200 209 -1723073393
65.227 211 -1723073393
65.253 207 -1723073393
65.280 201 -1723073393
65.307 193 -1723073393
65.333 182 -1723073393
65.360 168 -1723073393
65.387 157 -1723073393
65.413 143 -1723073393
65.440 128 -1723073393
65.467 117 -1723073393
65.493 104 -1723073393
65.520 86 -1723073393
65.547 73 -1723073393
65.573 65 -1723073393
65.600 55 -1723073393
65.627 48 -1723073393
65.653 50 -1723073393
65.680 50 -1723073393
65.707 47 -1723073393
65.733 54 -1723073393
65.760 63 -1723073393
65.787 60 -1723073393
65.813 59 -1723073393
65.840 66 -1723073393
65.867 73 -1723073393
65.893 80 -1723073393
65.920 91 -1723073393
65.947 95 -1723073393
65.973 101 -1723073393
66.000 118 -1723073393
66.027 132 -1723073393
66.053 134 -1723073393
66.080 141 -1723073393
66.107 153 -1723073393
66.133 160 -1723073393
66.160 171 -1723073393
66.187 189 -1723073393
66.213 200 -1723073393
66.240 207 -1723073393
66.267 219 -1723073393
66.293 226 -1723073393
66.320 223 -1723073393
66.347 221 -1723073393
66.373 223 -1723073393
66.400 221 -1723073393
66.427 219 -1723073393
66.453 224 -1723073393
66.480 229 -1723073393
66.507 233 -1723073393
66.533 242 -1723073393
66.560 249 -1723073393
66.587 252 -1723073393
66.613 256 -1723073393
66.640 264 -1723073393
66.667 271 -1723073393
66.693 275 -1723073393
66.720 281 -1723073393
66.747 291 -1723073393
66.773 301 -1723073393
66.800 312 -1723073393
66.827 321 -1723073393
66.853 326 -1723073393
66.880 332 -1723073393
66.907 340 -1723073393
66.933 343 -1723073393
66.960 347 -1723073393
66.987 353 -1723073393
67.013 357 -1723073393
67.040 356 -1723073393
67.067 357 -1723073393
67.093 356 -1723073393
67.120 348 -1723073393
67.147 341 -1723073393
67.173 340 -1723073393
67.200 336 -1723073393
67.227 331 -1723073393
67.253 328 -1723073393
67.280 325 -1723073393
67.307 316 -1723073393
67.333 309 -1723073393
67.360 302 -1723073393
67.387 292 -1723073393
67.413 286 -1723073393
67.440 283 -1723073393
67.467 280 -1723073393
67.493 285 -1723073393
67.520 293 -1723073393
67.547 296 -1723073393
67.573 300 -1723073393
67.600 308 -1723073393
67.627 316 -1723073393
67.653 321 -1723073393
67.680 334 -1723073393
67.707 348 -1723073393
67.733 356 -1723073393
67.760 366 -1723073393
67.787 381 -1723073393
67.813 389 -1723073393
67.840 392 -1723073393
67.867 395 -1723073393
67.893 399 -1723073393
67.920 404 -1723073393
67.947 412 -1723073393
67.973 421 -1723073393
68.000 425 -1723073393
68.027 427 -1723073393
68.053 434 -1723073393
68.080 439 -1723073393
68.107 441 -1723073393
68.133 442 -1723073393
68.160 442 -1723073393
68.187 442 -1723073393
68.213 443 -1723073393
68.240 444 -1723073393
68.267 442 -1723073393
68.293 438 -1723073393
68.320 436 -1723073393
68.347 435 -1723073393
68.373 431 -1723073393
68.400 425 -1723073393
68.427 419 -1723073393
68.453 408 -1723073393
68.480 394 -1723073393
68.507 381 -1723073393
68.533 365 -1723073393
68.560 347 -1723073393
68.587 334 -1723073393
68.613 323 -1723073393
68.640 309 -1723073393
68.667 300 -1723073393
68.693 294 -1723073393
68.720 283 -1723073393
68.747 276 -1723073393
68.773 275 -1723073393
68.800 271 -1723073393
68.827 270 -1723073393
68.853 274 -1723073393
68.880 279 -1723073393
68.907 277 -1723073393
68.933 278 -1723073393
68.960 281 -1723073393
68.987 282 -1723073393
69.013 287 -1723073393
69.040 297 -1723073393
69.067 303 -1723073393
69.093 308 -1723073393
69.120 315 -1723073393
69.147 319 -1723073393
69.173 320 -1723073393
69.200 325 -1723073393
69.227 328 -1723073393
69.253 325 -1723073393
69.280 319 -1723073393
69.307 316 -1723073393
69.333 313 -1723073393
69.360 313 -1723073393
69.387 314 -1723073393
69.413 312 -1723073393
69.440 305 -1723073393
69.467 300 -1723073393
69.493 293 -1723073393
69.520 286 -1723073393
69.547 283 -1723073393
69.573 283 -1723073393
69.600 281 -1723073393
69.627 282 -1723073393
69.653 288 -1723073393
69.680 292 -1723073393
69.707 301 -1723073393
69.733 315 -1723073393
69.760 325 -1723073393
69.787 336 -1723073393
69.813 347 -1723073393
69.840 357 -1723073393
69.867 366 -1723073393
69.893 375 -1723073393
69.920 382 -1723073393
69.947 380 -1723073393
69.973 376 -1723073393
70.000 379 -1723073393
70.027 379 -1723073393
70.053 371 -1723073393
70.080 362 -1723073393
70.107 352 -1723073393
70.133 339 -1723073393
70.160 326 -1723073393
70.187 313 -1723073393
70.213 297 -1723073393
70.240 275 -1723073393
70.267 252 -1723073393
70.293 232 -1723073393
70.320 216 -1723073393
70.347 204 -1723073393
70.373 190 -1723073393
70.400 180 -1723073393
70.427 175 -1723073393
70.453 170 -1723073393
70.480 167 -1723073393
70.507 170 -1723073393
70.533 176 -1723073393
70.560 183 -1723073393
70.587 194 -1723073393
70.613 208 -1723073393
70.640 216 -1723073393
70.667 224 -1723073393
70.693 238 -1723073393
70.720 249 -1723073393
70.747 255 -1723073393
70.773 264 -1723073393
70.800 270 -1723073393
70.827 264 -1723073393
70.853 254 -1723073393
70.880 248 -1723073393
70.907 240 -1723073393
70.933 233 -1723073393
70.960 229 -1723073393
70.987 225 -1723073393
71.013 220 -1723073393
71.040 217 -1723073393
71.067 212 -1723073393
71.093 205 -1723073393
71.120 203 -1723073393
71.147 203 -1723073393
71.173 199 -1723073393
71.200 206 -1723073393
71.227 220 -1723073393
71.253 230 -1723073393
71.280 237 -1723073393
71.307 250 -1723073393
71.333 269 -1723073393
71.360 283 -1723073393
71.387 297 -1723073393
71.413 310 -1723073393
71.440 319 -1723073393
71.467 330 -1723073393
71.493 342 -1723073393
71.520 357 -1723073393
71.547 374 -1723073393
71.573 395 -1723073393
71.600 414 -1723073393
71.627 424 -1723073393
71.653 432 -1723073393
71.680 441 -1723073393
71.707 448 -1723073393
71.733 452 -1723073393
71.760 456 -1723073393
71.787 461 -1723073393
71.813 462 -1723073393
71.840 458 -1723073393
71.867 450 -1723073393
71.893 434 -1723073393
71.920 416 -1723073393
71.947 399 -1723073393
71.973 378 -1723073393
72.000 355 -1723073393
72.027 332 -1723073393
72.053 308 -1723073393
72.080 282 -1723073393
72.107 258 -1723073393
72.133 230 -1723073393
72.160 207 -1723073393
72.187 191 -1723073393
72.213 177 -1723073393
72.240 163 -1723073393
72.267 155 -1723073393
72.293 149 -1723073393
72.320 141 -1723073393
72.347 140 -1723073393
72.373 144 -1723073393
72.400 143 -1723073393
72.427 142 -1723073393
72.453 146 -1723073393
72.480 148 -1723073393
72.507 151 -1723073393
72.533 165 -1723073393
72.560 176 -1723073393
72.587 177 -1723073393
72.613 180 -1723073393
72.640 182 -1723073393
72.667 178 -1723073393
72.693 180 -1723073393
72.720 192 -1723073393
72.747 205 -1723073393
72.773 216 -1723073393
72.800 229 -1723073393
72.827 239 -1723073393
72.853 246 -1723073393
72.880 258 -1723073393
72.907 274 -1723073393
72.933 285 -1723073393
72.960 293 -1723073393
72.987 303 -1723073393
73.013 310 -1723073393
73.040 313 -1723073393
73.067 318 -1723073393
73.093 320 -1723073393
73.120 315 -1723073393
73.147 309 -1723073393
73.173 305 -1723073393
73.200 303 -1723073393
73.227 303 -1723073393
73.253 306 -1723073393
73.280 305 -1723073393
73.307 305 -1723073393
73.333 304 -1723073393
73.360 299 -1723073393
73.387 294 -1723073393
73.413 291 -1723073393
73.440 283 -1723073393
73.467 270 -1723073393
73.493 263 -1723073393
73.520 257 -1723073393
73.547 246 -1723073393
73.573 238 -1723073393
73.600 234 -1723073393
73.627 225 -1723073393
73.653 216 -1723073393
73.680 213 -1723073393
73.707 204 -1723073393
73.733 190 -1723073393
73.760 180 -1723073393
73.787 169 -1723073393
73.813 158 -1723073393
73.840 154 -1723073393
73.867 153 -1723073393
73.893 148 -1723073393
73.920 149 -1723073393
73.947 155 -1723073393
73.973 158 -1723073393
74.000 163 -1723073393
74.027 178 -1723073393
74.053 193 -1723073393
74.080 204 -1723073393
74.107 218 -1723073393
74.133 230 -1723073393
74.160 236 -1723073393
74.187 242 -1723073393
74.213 249 -1723073393
74.240 254 -1723073393
74.267 258 -1723073393
74.293 264 -1723073393
74.320 272 -1723073393
74.347 275 -1723073393
74.373 277 -1723073393
74.400 283 -1723073393
74.427 288 -1723073393
74.453 288 -1723073393
74.480 284 -1723073393
74.507 275 -1723073393
74.533 260 -1723073393
74.560 242 -1723073393
74.587 224 -1723073393
74.613 210 -1723073393
74.640 200 -1723073393
74.667 189 -1723073393
74.693 175 -1723073393
74.720 167 -1723073393
74.747 163 -1723073393
74.773 159 -1723073393
74.800 159 -1723073393
74.827 160 -1723073393
74.853 158 -1723073393
74.880 156 -1723073393
74.907 163 -1723073393
74.933 168 -1723073393
74.960 172 -1723073393
74.987 184 -1723073393
75.013 193 -1723073393
75.040 198 -1723073393
75.067 207 -1723073393
75.093 216 -1723073393
75.120 217 -1723073393
75.147 218 -1723073393
75.173 225 -1723073393
75.200 231 -1723073393
75.227 236 -1723073393
75.253 243 -1723073393
75.280 251 -1723073393
75.307 256 -1723073393
75.333 263 -1723073393
75.360 270 -1723073393
75.387 271 -1723073393
75.413 273 -1723073393
75.440 277 -1723073393
75.467 274 -1723073393
75.493 272 -1723073393
75.520 276 -1723073393
75.547 278 -1723073393
75.573 275 -1723073393
75.600 270 -1723073393
75.627 261 -1723073393
75.653 247 -1723073393
75.680 237 -1723073393
75.707 228 -1723073393
75.733 216 -1723073393
75.760 207 -1723073393
75.787 204 -1723073393
75.813 195 -1723073393
75.840 186 -1723073393
75.867 185 -1723073393
75.893 183 -1723073393
75.920 180 -1723073393
75.947 183 -1723073393
75.973 191 -1723073393
76.000 195 -1723073393
76.027 205 -1723073393
76.053 220 -1723073393
76.080 229 -1723073393
76.107 236 -1723073393
76.133 247 -1723073393
76.160 256 -1723073393
76.187 263 -1723073393
76.213 268 -1723073393
76.240 269 -1723073393
76.267 260 -1723073393
76.293 245 -1723073393
76.320 232 -1723073393
76.347 218 -1723073393
76.373 208 -1723073393
76.400 200 -1723073393
76.427 182 -1723073393
76.453 160 -1723073393
76.480 144 -1723073393
76.507 127 -1723073393
76.533 105 -1723073393
76.560 96 -1723073393
76.587 95 -1723073393
76.613 89 -1723073393
76.640 92 -1723073393
76.667 103 -1723073393
76.693 100 -1723073393
76.720 98 -1723073393
76.747 109 -1723073393
76.773 117 -1723073393
76.800 128 -1723073393
76.827 150 -1723073393
76.853 171 -1723073393
76.880 188 -1723073393
76.907 210 -1723073393
76.933 235 -1723073393
76.960 252 -1723073393
76.987 272 -1723073393
77.013 293 -1723073393
77.040 307 -1723073393
77.067 318 -1723073393
77.093 333 -1723073393
77.120 347 -1723073393
77.147 356 -1723073393
77.173 370 -1723073393
77.200 379 -1723073393
77.227 379 -1723073393
77.253 379 -1723073393
77.280 381 -1723073393
77.307 374 -1723073393
77.333 368 -1723073393
77.360 363 -1723073393
77.387 354 -1723073393
77.413 344 -1723073393
77.440 333 -1723073393
77.467 317 -1723073393
77.493 300 -1723073393
77.520 292 -1723073393
77.547 287 -1723073393
77.573 284 -1723073393
77.600 286 -1723073393
77.627 285 -1723073393
77.653 279 -1723073393
77.680 274 -1723073393
77.707 276 -1723073393
77.733 281 -1723073393
77.760 292 -1723073393
77.787 308 -1723073393
77.813 321 -1723073393
77.840 329 -1723073393
77.867 341 -1723073393
77.893 354 -1723073393
77.920 362 -1723073393
77.947 371 -1723073393
77.973 379 -1723073393
78.000 376 -1723073393
78.027 371 -1723073393
78.053 375 -1723073393
78.080 377 -1723073393
78.107 376 -1723073393
78.133 374 -1723073393
78.160 371 -1723073393
78.187 364 -1723073393
78.213 359 -1723073393
78.240 351 -1723073393
78.267 335 -1723073393
78.293 318 -1723073393
78.320 308 -1723073393
78.347 295 -1723073393
78.373 281 -1723073393
78.400 270 -1723073393
78.427 260 -1723073393
78.453 251 -1723073393
78.480 249 -1723073393
78.507 244 -1723073393
78.533 239 -1723073393
78.560 239 -1723073393
78.587 238 -1723073393
78.613 232 -1723073393
78.640 233 -1723073393
78.667 240 -1723073393
78.693 240 -1723073393
78.720 240 -1723073393
78.747 244 -1723073393
78.773 244 -1723073393
78.800 247 -1723073393
78.827 254 -1723073393
78.853 257 -1723073393
78.880 253 -1723073393
78.907 253 -1723073393
78.933 249 -1723073393
78.960 241 -1723073393
78.987 241 -1723073393
79.013 241 -1723073393
79.040 236 -1723073393
79.067 231 -1723073393
79.093 229 -1723073393
79.120 225 -1723073393
79.147 219 -1723073393
79.173 214 -1723073393
79.200 207 -1723073393
79.227 197 -1723073393
79.253 191 -1723073393
79.280 178 -1723073393
79.307 161 -1723073393
79.333 157 -1723073393
79.360 156 -1723073393
79.387 150 -1723073393
79.413 150 -1723073393
79.440 153 -1723073393
79.467 151 -1723073393
79.493 158 -1723073393
79.520 172 -1723073393
79.547 181 -1723073393
79.573 195 -1723073393
79.600 214 -1723073393
79.627 226 -1723073393
79.653 240 -1723073393
79.680 261 -1723073393
79.707 273 -1723073393
79.733 280 -1723073393
79.760 292 -1723073393
79.787 297 -1723073393
79.813 291 -1723073393
79.840 289 -1723073393
79.867 285 -1723073393
79.893 274 -1723073393
79.920 264 -1723073393
79.947 252 -1723073393
79.973 231 -1723073393
80.000 207 -1723073393
80.027 190 -1723073393
80.053 169 -1723073393
80.080 145 -1723073393
80.107 123 -1723073393
80.133 100 -1723073393
80.160 80 -1723073393
80.187 73 -1723073393
80.213 64 -1723073393
80.240 52 -1723073393
80.267 51 -1723073393
80.293 53 -1723073393
80.320 49 -1723073393
80.347 53 -1723073393
80.373 67 -1723073393
80.400 77 -1723073393
80.427 93 -1723073393
80.453 120 -1723073393
80.480 139 -1723073393
80.507 158 -1723073393
80.533 183 -1723073393
80.560 200 -1723073393
80.587 212 -1723073393
80.613 230 -1723073393
80.640 247 -1723073393
80.667 256 -1723073393
80.693 262 -1723073393
80.720 263 -1723073393
80.747 262 -1723073393
80.773 265 -1723073393
80.800 267 -1723073393
80.827 259 -1723073393
80.853 254 -1723073393
80.880 249 -1723073393
80.907 235 -1723073393
80.933 223 -1723073393
80.960 220 -1723073393
80.987 217 -1723073393
81.013 210 -1723073393
81.040 209 -1723073393
81.067 208 -1723073393
81.093 200 -1723073393
81.120 197 -1723073393
81.147 198 -1723073393
81.173 196 -1723073393
81.200 201 -1723073393
81.227 210 -1723073393
81.253 209 -1723073393
81.280 211 -1723073393
81.307 219 -1723073393
81.333 224 -1723073393
81.360 227 -1723073393
81.387 234 -1723073393
81.413 235 -1723073393
81.440 233 -1723073393
81.467 235 -1723073393
81.493 232 -1723073393
81.520 224 -1723073393
81.547 220 -1723073393
81.573 213 -1723073393
81.600 199 -1723073393
81.627 189 -1723073393
81.653 183 -1723073393
81.680 178 -1723073393
81.707 175 -1723073393
81.733 171 -1723073393
81.760 163 -1723073393
81.787 160 -1723073393
81.813 158 -1723073393
81.840 152 -1723073393
81.867 150 -1723073393
81.893 149 -1723073393
81.920 144 -1723073393
81.947 142 -1723073393
81.973 145 -1723073393
82.000 144 -1723073393
82.027 144 -1723073393
82.053 147 -1723073393
82.080 152 -1723073393
82.107 155 -1723073393
82.133 165 -1723073393
82.160 178 -1723073393
82.187 187 -1723073393
82.213 201 -1723073393
82.240 218 -1723073393
82.267 230 -1723073393
82.293 242 -1723073393
82.320 258 -1723073393
82.347 275 -1723073393
82.373 292 -1723073393
82.400 305 -1723073393
82.427 313 -1723073393
82.453 321 -1723073393
82.480 328 -1723073393
82.507 331 -1723073393
82.533 331 -1723073393
82.560 330 -1723073393
82.587 326 -1723073393
82.613 323 -1723073393
82.640 325 -1723073393
82.667 328 -1723073393
82.693 323 -1723073393
82.720 318 -1723073393
82.747 315 -1723073393
82.773 309 -1723073393
82.800 298 -1723073393
82.827 289 -1723073393
82.853 277 -1723073393
82.880 266 -1723073393
82.907 260 -1723073393
82.933 251 -1723073393
82.960 246 -1723073393
82.987 246 -1723073393
83.013 250 -1723073393
83.040 256 -1723073393
83.067 265 -1723073393
83.093 269 -1723073393
83.120 271 -1723073393
83.147 279 -1723073393
83.173 289 -1723073393
83.200 296 -1723073393
83.227 302 -1723073393
83.253 306 -1723073393
83.280 306 -1723073393
83.307 304 -1723073393
83.333 304 -1723073393
83.360 302 -1723073393
83.387 298 -1723073393
83.413 297 -1723073393
83.440 296 -1723073393
83.467 288 -1723073393
83.493 279 -1723073393
83.520 271 -1723073393
83.547 261 -1723073393
83.573 252 -1723073393
83.600 246 -1723073393
83.627 234 -1723073393
83.653 221 -1723073393
83.680 209 -1723073393
83.707 195 -1723073393
83.733 184 -1723073393
83.760 181 -1723073393
83.787 182 -1723073393
83.813 184 -1723073393
83.840 186 -1723073393
83.867 187 -1723073393
83.893 187 -1723073393
83.920 185 -1723073393
83.947 186 -1723073393
83.973 192 -1723073393
84.000 201 -1723073393
84.027 209 -1723073393
84.053 217 -1723073393
84.080 223 -1723073393
84.107 226 -1723073393
84.133 229 -1723073393
84.160 234 -1723073393
84.187 234 -1723073393
84.213 231 -1723073393
84.240 229 -1723073393
84.267 223 -1723073393
84.293 217 -1723073393
84.320 213 -1723073393
84.347 209 -1723073393
84.373 209 -1723073393
84.400 213 -1723073393
84.427 214 -1723073393
84.453 219 -1723073393
84.480 228 -1723073393
84.507 233 -1723073393
84.533 239 -1723073393
84.560 248 -1723073393
84.587 256 -1723073393
84.613 261 -1723073393
84.640 268 -1723073393
84.667 275 -1723073393
84.693 281 -1723073393
84.720 287 -1723073393
84.747 292 -1723073393
84.773 293 -1723073393
84.800 294 -1723073393
84.827 295 -1723073393
84.853 294 -1723073393
84.880 293 -1723073393
84.907 292 -1723073393
84.933 285 -1723073393
84.960 280 -1723073393
84.987 279 -1723073393
85.013 277 -1723073393
85.040 274 -1723073393
85.067 271 -1723073393
85.093 262 -1723073393
85.120 250 -1723073393
85.147 242 -1723073393
85.173 233 -1723073393
85.200 224 -1723073393
85.227 219 -1723073393
85.253 209 -1723073393
85.280 195 -1723073393
85.307 185 -1723073393
85.333 174 -1723073393
85.360 166 -1723073393
85.387 166 -1723073393
85.413 171 -1723073393
85.440 177 -1723073393
85.467 184 -1723073393
85.493 189 -1723073393
85.520 190 -1723073393
85.547 190 -1723073393
85.573 189 -1723073393
85.600 188 -1723073393
85.627 187 -1723073393
85.653 186 -1723073393
85.680 182 -1723073393
85.707 180 -1723073393
85.733 178 -1723073393
85.760 175 -1723073393
85.787 173 -1723073393
85.813 171 -1723073393
85.840 171 -1723073393
85.867 171 -1723073393
85.893 171 -1723073393
85.920 172 -1723073393
85.947 172 -1723073393
85.973 168 -1723073393
86.000 167 -1723073393
86.027 169 -1723073393
86.053 174 -1723073393
86.080 180 -1723073393
86.107 191 -1723073393
86.133 202 -1723073393
86.160 214 -1723073393
86.187 231 -1723073393
86.213 247 -1723073393
86.240 256 -1723073393
86.267 263 -1723073393
86.293 269 -1723073393
86.320 276 -1723073393
86.347 284 -1723073393
86.373 284 -1723073393
86.400 280 -1723073393
86.427 278 -1723073393
86.453 271 -1723073393
86.480 260 -1723073393
86.507 253 -1723073393
86.533 249 -1723073393
86.560 239 -1723073393
86.587 230 -1723073393
86.613 226 -1723073393
86.640 221 -1723073393
86.667 212 -1723073393
86.693 202 -1723073393
86.720 192 -1723073393
86.747 189 -1723073393
86.773 190 -1723073393
86.800 190 -1723073393
86.827 193 -1723073393
86.853 196 -1723073393
86.880 197 -1723073393
86.907 200 -1723073393
86.933 199 -1723073393
86.960 195 -1723073393
86.987 190 -1723073393
87.013 186 -1723073393
87.040 179 -1723073393
87.067 172 -1723073393
87.093 170 -1723073393
87.120 166 -1723073393
87.147 163 -1723073393
87.173 167 -1723073393
87.200 162 -1723073393
87.227 159 -1723073393
87.253 161 -1723073393
87.280 160 -1723073393
87.307 159 -1723073393
87.333 163 -1723073393
87.360 163 -1723073393
87.387 164 -1723073393
87.413 168 -1723073393
87.440 169 -1723073393
87.467 169 -1723073393
87.493 177 -1723073393
87.520 183 -1723073393
87.547 183 -1723073393
87.573 185 -1723073393
87.600 186 -1723073393
87.627 184 -1723073393
87.653 187 -1723073393
87.680 189 -1723073393
87.707 188 -1723073393
87.733 192 -1723073393
87.760 201 -1723073393
87.787 209 -1723073393
87.813 214 -1723073393
87.840 216 -1723073393
87.867 220 -1723073393
87.893 225 -1723073393
87.920 226 -1723073393
87.947 226 -1723073393
87.973 230 -1723073393
88.000 232 -1723073393
88.027 234 -1723073393
88.053 241 -1723073393
88.080 247 -1723073393
88.107 251 -1723073393
88.133 256 -1723073393
88.160 262 -1723073393
88.187 266 -1723073393
88.213 268 -1723073393
88.240 267 -1723073393
88.267 258 -1723073393
88.293 252 -1723073393
88.320 247 -1723073393
88.347 242 -1723073393
88.373 241 -1723073393
88.400 238 -1723073393
88.427 235 -1723073393
88.453 233 -1723073393
88.480 227 -1723073393
88.507 222 -1723073393
88.533 223 -1723073393
88.560 221 -1723073393
88.587 218 -1723073393
88.613 221 -1723073393
88.640 222 -1723073393
88.667 224 -1723073393
88.693 235 -1723073393
88.720 238 -1723073393
88.747 236 -1723073393
88.773 241 -1723073393
88.800 243 -1723073393
88.827 246 -1723073393
88.853 251 -1723073393
88.880 249 -1723073393
88.907 248 -1723073393
88.933 246 -1723073393
88.960 246 -1723073393
88.987 252 -1723073393
89.013 259 -1723073393
89.040 257 -1723073393
89.067 258 -1723073393
89.093 265 -1723073393
89.120 264 -1723073393
89.147 256 -1723073393
89.173 244 -1723073393
89.200 226 -1723073393
89.227 213 -1723073393
89.253 202 -1723073393
89.280 189 -1723073393
89.307 176 -1723073393
89.333 164 -1723073393
89.360 157 -1723073393
89.387 153 -1723073393
89.413 147 -1723073393
89.440 144 -1723073393
89.467 144 -1723073393
89.493 141 -1723073393
89.520 139 -1723073393
89.547 143 -1723073393
89.573 146 -1723073393
89.600 153 -1723073393
89.627 161 -1723073393
89.653 166 -1723073393
89.680 170 -1723073393
89.707 178 -1723073393
89.733 186 -1723073393
89.760 192 -1723073393
89.787 200 -1723073393
89.813 207 -1723073393
89.840 214 -1723073393
89.867 222 -1723073393
89.893 225 -1723073393
89.920 230 -1723073393
89.947 234 -1723073393
89.973 234 -1723073393
90.000 236 -1723073393
90.027 239 -1723073393
90.053 236 -1723073393
90.080 231 -1723073393
90.107 221 -1723073393
90.133 205 -1723073393
90.160 194 -1723073393
90.187 187 -1723073393
90.213 176 -1723073393
90.240 162 -1723073393
90.267 151 -1723073393
90.293 144 -1723073393
90.320 138 -1723073393
90.347 133 -1723073393
90.373 133 -1723073393
90.400 137 -1723073393
90.427 144 -1723073393
90.453 151 -1723073393
90.480 157 -1723073393
90.507 160 -1723073393
90.533 166 -1723073393
90.560 174 -1723073393
90.587 179 -1723073393
90.613 189 -1723073393
90.640 196 -1723073393
90.667 197 -1723073393
90.693 197 -1723073393
90.720 195 -1723073393
90.747 194 -1723073393
90.773 192 -1723073393
90.800 186 -1723073393
90.827 177 -1723073393
90.853 172 -1723073393
90.880 169 -1723073393
90.907 165 -1723073393
90.933 164 -1723073393
90.960 159 -1723073393
90.987 148 -1723073393
91.013 141 -1723073393
91.040 134 -1723073393
91.067 130 -1723073393
91.093 131 -1723073393
91.120 136 -1723073393
91.147 146 -1723073393
91.173 157 -1723073393
91.200 162 -1723073393
91.227 164 -1723073393
91.253 162 -1723073393
91.280 163 -1723073393
91.307 169 -1723073393
91.333 176 -1723073393
91.360 186 -1723073393
91.387 201 -1723073393
91.413 214 -1723073393
91.440 222 -1723073393
91.467 230 -1723073393
91.493 238 -1723073393
91.520 244 -1723073393
91.547 254 -1723073393
91.573 263 -1723073393
91.600 275 -1723073393
91.627 293 -1723073393
91.653 311 -1723073393
91.680 330 -1723073393
91.707 347 -1723073393
91.733 362 -1723073393
91.760 373 -1723073393
91.787 377 -1723073393
91.813 379 -1723073393
91.840 377 -1723073393
91.867 374 -1723073393
91.893 370 -1723073393
91.920 363 -1723073393
91.947 357 -1723073393
91.973 354 -1723073393
92.000 349 -1723073393
92.027 339 -1723073393
92.053 330 -1723073393
92.080 317 -1723073393
92.107 303 -1723073393
92.133 291 -1723073393
92.160 281 -1723073393
92.187 278 -1723073393
92.213 278 -1723073393
92.240 281 -1723073393
92.267 287 -1723073393
92.293 290 -1723073393
92.320 292 -1723073393
92.347 290 -1723073393
92.373 294 -1723073393
92.400 306 -1723073393
92.427 315 -1723073393
92.453 322 -1723073393
92.480 335 -1723073393
92.507 344 -1723073393
92.533 346 -1723073393
92.560 355 -1723073393
92.587 361 -1723073393
92.613 367 -1723073393
92.640 373 -1723073393
92.667 372 -1723073393
92.693 372 -1723073393
92.720 367 -1723073393
92.747 361 -1723073393
92.773 360 -1723073393
92.800 351 -1723073393
92.827 337 -1723073393
92.853 324 -1723073393
92.880 311 -1723073393
92.907 301 -1723073393
92.933 295 -1723073393
92.960 291 -1723073393
92.987 291 -1723073393
93.013 294 -1723073393
93.040 297 -1723073393
93.067 304 -1723073393
93.093 308 -1723073393
93.120 311 -1723073393
93.147 312 -1723073393
93.173 318 -1723073393
93.200 335 -1723073393
93.227 352 -1723073393
93.253 361 -1723073393
93.280 373 -1723073393
93.307 379 -1723073393
93.333 383 -1723073393
93.360 388 -1723073393
93.387 389 -1723073393
93.413 395 -1723073393
93.440 402 -1723073393
93.467 403 -1723073393
93.493 403 -1723073393
93.520 397 -1723073393
93.547 394 -1723073393
93.573 394 -1723073393
93.600 391 -1723073393
93.627 390 -1723073393
93.653 384 -1723073393
93.680 373 -1723073393
93.707 363 -1723073393
93.733 350 -1723073393
93.760 342 -1723073393
93.787 337 -1723073393
93.813 329 -1723073393
93.840 321 -1723073393
93.867 315 -1723073393
93.893 314 -1723073393
93.920 315 -1723073393
93.947 316 -1723073393
93.973 326 -1723073393
94.000 335 -1723073393
94.027 339 -1723073393
94.053 345 -1723073393
94.080 348 -1723073393
94.107 349 -1723073393
94.133 352 -1723073393
94.160 352 -1723073393
94.187 357 -1723073393
94.213 364 -1723073393
94.240 370 -1723073393
94.267 380 -1723073393
94.293 386 -1723073393
94.320 391 -1723073393
94.347 388 -1723073393
94.373 380 -1723073393
94.400 380 -1723073393
94.427 375 -1723073393
94.453 366 -1723073393
94.480 358 -1723073393
94.507 342 -1723073393
94.533 330 -1723073393
94.560 323 -1723073393
94.587 312 -1723073393
94.613 308 -1723073393
94.640 306 -1723073393
94.667 298 -1723073393
94.693 292 -1723073393
94.720 285 -1723073393
94.747 282 -1723073393
94.773 280 -1723073393
94.800 275 -1723073393
94.827 275 -1723073393
94.853 281 -1723073393
94.880 286 -1723073393
94.907 290 -1723073393
94.933 293 -1723073393
94.960 300 -1723073393
94.987 309 -1723073393
95.013 316 -1723073393
95.040 324 -1723073393
95.067 331 -1723073393
95.093 332 -1723073393
95.120 333 -1723073393
95.147 335 -1723073393
95.173 335 -1723073393
95.200 331 -1723073393
95.227 332 -1723073393
95.253 334 -1723073393
95.280 338 -1723073393
95.307 343 -1723073393
95.333 349 -1723073393
95.360 348 -1723073393
95.387 344 -1723073393
95.413 346 -1723073393
95.440 348 -1723073393
95.467 345 -1723073393
95.493 338 -1723073393
95.520 327 -1723073393
95.547 323 -1723073393
95.573 324 -1723073393
95.600 317 -1723073393
95.627 310 -1723073393
95.653 303 -1723073393
95.680 297 -1723073393
95.707 293 -1723073393
95.733 286 -1723073393
95.760 279 -1723073393
95.787 275 -1723073393
95.813 270 -1723073393
95.840 264 -1723073393
95.867 262 -1723073393
95.893 261 -1723073393
95.920 263 -1723073393
95.947 264 -1723073393
95.973 268 -1723073393
96.000 266 -1723073393
96.027 263 -1723073393
96.053 260 -1723073393
96.080 262 -1723073393
96.107 260 -1723073393
96.133 251 -1723073393
96.160 243 -1723073393
96.187 232 -1723073393
96.213 219 -1723073393
96.240 205 -1723073393
96.267 191 -1723073393
96.293 183 -1723073393
96.320 182 -1723073393
96.347 175 -1723073393
96.373 160 -1723073393
96.400 146 -1723073393
96.427 129 -1723073393
96.453 113 -1723073393
96.480 106 -1723073393
96.507 98 -1723073393
96.533 100 -1723073393
96.560 104 -1723073393
96.587 107 -1723073393
96.613 116 -1723073393
96.640 122 -1723073393
96.667 126 -1723073393
96.693 120 -1723073393
96.720 118 -1723073393
96.747 125 -1723073393
96.773 127 -1723073393
96.800 135 -1723073393
96.827 142 -1723073393
96.853 152 -1723073393
96.880 160 -1723073393
96.907 166 -1723073393
96.933 170 -1723073393
96.960 168 -1723073393
96.987 170 -1723073393
97.013 173 -1723073393
97.040 170 -1723073393
97.067 162 -1723073393
97.093 157 -1723073393
97.120 151 -1723073393
97.147 138 -1723073393
97.173 132 -1723073393
97.200 123 -1723073393
97.227 112 -1723073393
97.253 107 -1723073393
97.280 91 -1723073393
97.307 84 -1723073393
97.333 80 -1723073393
97.360 83 -1723073393
97.387 85 -1723073393
97.413 81 -1723073393
97.440 80 -1723073393
97.467 74 -1723073393
97.493 70 -1723073393
97.520 62 -1723073393
97.547 53 -1723073393
97.573 47 -1723073393
97.600 44 -1723073393
97.627 50 -1723073393
97.653 49 -1723073393
97.680 50 -1723073393
97.707 53 -1723073393
97.733 56 -1723073393
97.760 65 -1723073393
97.787 71 -1723073393
97.813 75 -1723073393
97.840 71 -1723073393
97.867 66 -1723073393
97.893 61 -1723073393
97.920 63 -1723073393
97.947 63 -1723073393
97.973 62 -1723073393
98.000 62 -1723073393
98.027 61 -1723073393
98.053 68 -1723073393
98.080 62 -1723073393
98.107 65 -1723073393
98.133 59 -1723073393
98.160 55 -1723073393
98.187 57 -1723073393
98.213 56 -1723073393
98.240 61 -1723073393
98.267 56 -1723073393
98.293 56 -1723073393
98.320 48 -1723073393
98.347 46 -1723073393
98.373 46 -1723073393
98.400 50 -1723073393
98.427 56 -1723073393
98.453 62 -1723073393
98.480 71 -1723073393
98.507 69 -1723073393
98.533 72 -1723073393
98.560 69 -1723073393
98.587 73 -1723073393
98.613 65 -1723073393
98.640 61 -1723073393
98.667 64 -1723073393
98.693 70 -1723073393
98.720 80 -1723073393
98.747 89 -1723073393
98.773 99 -1723073393
98.800 102 -1723073393
98.827 104 -1723073393
98.853 93 -1723073393
98.880 82 -1723073393
98.907 74 -1723073393
98.933 71 -1723073393
98.960 70 -1723073393
98.987 71 -1723073393
99.013 74 -1723073393
99.040 77 -1723073393
99.067 84 -1723073393
99.093 80 -1723073393
99.120 72 -1723073393
99.147 60 -1723073393
99.173 61 -1723073393
99.200 58 -1723073393
99.227 58 -1723073393
99.253 50 -1723073393
99.280 41 -1723073393
99.307 29 -1723073393
99.333 21 -1723073393
99.360 14 -1723073393
99.387 12 -1723073393
99.413 17 -1723073393
99.440 19 -1723073393
99.467 19 -1723073393
99.493 9 -1723073393
99.520 12 -1723073393
99.547 10 -1723073393
99.573 19 -1723073393
99.600 14 -1723073393
99.627 21 -1723073393
99.653 22 -1723073393
99.680 37 -1723073393
99.707 39 -1723073393
99.733 39 -1723073393
99.760 31 -1723073393
99.787 31 -1723073393
99.813 24 -1723073393
99.840 19 -1723073393
99.867 2 -1723073393
99.893 1 -1723073393
99.920 -8 -1723073393
99.947 -1 -1723073393
99.973 -1 -1723073393
100.000 0 -1723073393
