0.000 27 -1723073393
0.027 22 -1723073393
0.053 29 -1723073393
0.080 28 -1723073393
0.107 22 -1723073393
0.133 22 -1723073393
0.160 16 -1723073393
0.187 21 -1723073393
0.213 24 -1723073393
0.240 18 -1723073393
0.267 23 -1723073393
0.293 18 -1723073393
0.320 16 -1723073393
0.347 22 -1723073393
0.373 22 -1723073393
0.400 26 -1723073393
0.427 19 -1723073393
0.453 10 -1723073393
0.480 7 -1723073393
0.507 -1 -1723073393
0.533 0 -1723073393
0.560 3 -1723073393
0.587 0 -1723073393
0.613 5 -1723073393
0.640 0 -1723073393
0.667 1 -1723073393
0.693 7 -1723073393
0.720 5 -1723073393
0.747 9 -1723073393
0.773 2 -1723073393
0.800 0 -1723073393
0.827 3 -1723073393
0.853 0 -1723073393
0.880 0 -1723073393
0.907 1 -1723073393
0.933 0 -1723073393
0.960 6 -1723073393
0.987 5 -1723073393
1.013 10 -1723073393
1.040 14 -1723073393
1.067 5 -1723073393
1.093 2 -1723073393
1.120 -5 -1723073393
1.147 -12 -1723073393
1.173 -13 -1723073393
1.200 -18 -1723073393
1.227 -8 -1723073393
1.253 -2 -1723073393
1.280 -1 -1723073393
1.307 2 -1723073393
1.333 -2 -1723073393
1.360 6 -1723073393
1.387 5 -1723073393
1.413 -4 -1723073393
1.440 -3 -1723073393
1.467 -6 -1723073393
1.493 0 -1723073393
1.520 9 -1723073393
1.547 4 -1723073393
1.573 6 -1723073393
1.600 5 -1723073393
1.627 5 -1723073393
1.653 13 -1723073393
1.680 6 -1723073393
1.707 6 -1723073393
1.733 7 -1723073393
1.760 3 -1723073393
1.787 5 -1723073393
1.813 -6 -1723073393
1.840 -10 -1723073393
1.867 -10 -1723073393
1.893 -18 -1723073393
1.920 -4 -1723073393
1.947 0 -1723073393
1.973 0 -1723073393
2.000 3 -1723073393
2.027 -10 -1723073393
2.053 -14 -1723073393
2.080 -17 -1723073393
2.107 -23 -1723073393
2.133 -10 -1723073393
2.160 -16 -1723073393
2.187 -20 -1723073393
2.213 -17 -1723073393
2.240 -21 -1723073393
2.267 -11 -1723073393
2.293 -13 -1723073393
2.320 -18 -1723073393
2.347 -16 -1723073393
2.373 -30 -1723073393
2.400 -29 -1723073393
2.427 -29 -1723073393
2.453 -31 -1723073393
2.480 -13 -1723073393
2.507 -19 -1723073393
2.533 -23 -1723073393
2.560 -25 -1723073393
2.587 -34 -1723073393
2.613 -22 -1723073393
2.640 -29 -1723073393
2.667 -30 -1723073393
2.693 -21 -1723073393
2.720 -31 -1723073393
2.747 -26 -1723073393
2.773 -28 -1723073393
2.800 -35 -1723073393
2.827 -26 -1723073393
2.853 -37 -1723073393
2.880 -33 -1723073393
2.907 -29 -1723073393
2.933 -35 -1723073393
2.960 -20 -1723073393
2.987 -20 -1723073393
3.013 -20 -1723073393
3.040 -12 -1723073393
3.067 -20 -1723073393
3.093 -10 -1723073393
3.120 -11 -1723073393
3.147 -16 -1723073393
3.173 -5 -1723073393
3.200 -14 -1723073393
3.227 -11 -1723073393
3.253 -11 -1723073393
3.280 -22 -1723073393
3.307 -13 -1723073393
3.333 -20 -1723073393
3.360 -24 -1723073393
3.387 -22 -1723073393
3.413 -33 -1723073393
3.440 -22 -1723073393
3.467 -24 -1723073393
3.493 -25 -1723073393
3.520 -19 -1723073393
3.547 -35 -1723073393
3.573 -36 -1723073393
3.600 -42 -1723073393
3.627 -55 -1723073393
3.653 -42 -1723073393
3.680 -40 -1723073393
3.707 -35 -1723073393
3.733 -29 -1723073393
3.760 -42 -1723073393
3.787 -33 -1723073393
3.813 -30 -1723073393
3.840 -27 -1723073393
3.867 -11 -1723073393
3.893 -21 -1723073393
3.920 -16 -1723073393
3.947 -11 -1723073393
3.973 -23 -1723073393
4.000 -15 -1723073393
4.027 -28 -1723073393
4.053 -34 -1723073393
4.080 -25 -1723073393
4.107 -35 -1723073393
4.133 -22 -1723073393
4.160 -21 -1723073393
4.187 -29 -1723073393
4.213 -15 -1723073393
4.240 -29 -1723073393
4.267 -34 -1723073393
4.293 -32 -1723073393
4.320 -44 -1723073393
4.347 -33 -1723073393
4.373 -38 -1723073393
4.400 -44 -1723073393
4.427 -35 -1723073393
4.453 -41 -1723073393
4.480 -29 -1723073393
4.507 -25 -1723073393
4.533 -30 -1723073393
4.560 -16 -1723073393
4.587 -25 -1723073393
4.613 -21 -1723073393
4.640 -13 -1723073393
4.667 -26 -1723073393
4.693 -20 -1723073393
4.720 -28 -1723073393
4.747 -34 -1723073393
4.773 -21 -1723073393
4.800 -29 -1723073393
4.827 -26 -1723073393
4.853 -25 -1723073393
4.880 -38 -1723073393
4.907 -30 -1723073393
4.933 -33 -1723073393
4.960 -31 -1723073393
4.987 -21 -1723073393
5.013 -30 -1723073393
5.040 -23 -1723073393
5.067 -26 -1723073393
5.093 -28 -1723073393
5.120 -15 -1723073393
5.147 -27 -1723073393
5.173 -24 -1723073393
5.200 -23 -1723073393
5.227 -31 -1723073393
5.253 -13 -1723073393
5.280 -15 -1723073393
5.307 -13 -1723073393
5.333 -5 -1723073393
5.360 -17 -1723073393
5.387 -9 -1723073393
5.413 -12 -1723073393
5.440 -20 -1723073393
5.467 -11 -1723073393
5.493 -25 -1723073393
5.520 -20 -1723073393
5.547 -12 -1723073393
5.573 -19 -1723073393
5.600 -7 -1723073393
5.627 -6 -1723073393
5.653 -4 -1723073393
5.680 0 -1723073393
5.707 -11 -1723073393
5.733 -4 -1723073393
5.760 -7 -1723073393
5.787 -17 -1723073393
5.813 -3 -1723073393
5.840 -6 -1723073393
5.867 -3 -1723073393
5.893 2 -1723073393
5.920 -12 -1723073393
5.947 -4 -1723073393
5.973 -12 -1723073393
6.000 -23 -1723073393
6.027 -13 -1723073393
6.053 -20 -1723073393
6.080 -13 -1723073393
6.107 -10 -1723073393
6.133 -21 -1723073393
6.160 -13 -1723073393
6.187 -21 -1723073393
6.213 -19 -1723073393
6.240 -7 -1723073393
6.267 -19 -1723073393
6.293 -12 -1723073393
6.320 -15 -1723073393
6.347 -21 -1723073393
6.373 -5 -1723073393
6.400 -9 -1723073393
6.427 -5 -1723073393
6.453 -1 -1723073393
6.480 -20 -1723073393
6.507 -11 -1723073393
6.533 -13 -1723073393
6.560 -18 -1723073393
6.587 -8 -1723073393
6.613 -21 -1723073393
6.640 -16 -1723073393
6.667 -15 -1723073393
6.693 -24 -1723073393
6.720 -7 -1723073393
6.747 -12 -1723073393
6.773 -10 -1723073393
6.800 2 -1723073393
6.827 -5 -1723073393
6.853 7 -1723073393
6.880 0 -1723073393
6.907 -19 -1723073393
6.933 -8 -1723073393
6.960 -15 -1723073393
6.987 -12 -1723073393
7.013 -6 -1723073393
7.040 -19 -1723073393
7.067 -17 -1723073393
7.093 -27 -1723073393
7.120 -36 -1723073393
7.147 -26 -1723073393
7.173 -37 -1723073393
7.200 -29 -1723073393
7.227 -24 -1723073393
7.253 -30 -1723073393
7.280 -13 -1723073393
7.307 -18 -1723073393
7.333 -14 -1723073393
7.360 -2 -1723073393
7.387 -13 -1723073393
7.413 -4 -1723073393
7.440 -8 -1723073393
7.467 -23 -1723073393
7.493 -21 -1723073393
7.520 -35 -1723073393
7.547 -35 -1723073393
7.573 -28 -1723073393
7.600 -36 -1723073393
7.627 -24 -1723073393
7.653 -31 -1723073393
7.680 -36 -1723073393
7.707 -29 -1723073393
7.733 -45 -1723073393
7.760 -36 -1723073393
7.787 -26 -1723073393
7.813 -28 -1723073393
7.840 -13 -1723073393
7.867 -23 -1723073393
7.893 -32 -1723073393
7.920 -27 -1723073393
7.947 -45 -1723073393
7.973 -45 -1723073393
8.000 -47 -1723073393
8.027 -58 -1723073393
8.053 -44 -1723073393
8.080 -43 -1723073393
8.107 -33 -1723073393
8.133 -17 -1723073393
8.160 -21 -1723073393
8.187 -4 -1723073393
8.213 0 -1723073393
8.240 -5 -1723073393
8.267 7 -1723073393
8.293 -3 -1723073393
8.320 -5 -1723073393
8.347 -4 -1723073393
8.373 -12 -1723073393
8.400 0 -1723073393
8.427 -4 -1723073393
8.453 -7 -1723073393
8.480 2 -1723073393
8.507 -14 -1723073393
8.533 -13 -1723073393
8.560 -16 -1723073393
8.587 -33 -1723073393
8.613 -24 -1723073393
8.640 -33 -1723073393
8.667 -32 -1723073393
8.693 -23 -1723073393
8.720 -34 -1723073393
8.747 -30 -1723073393
8.773 -34 -1723073393
8.800 -44 -1723073393
8.827 -34 -1723073393
8.853 -45 -1723073393
8.880 -45 -1723073393
8.907 -41 -1723073393
8.933 -61 -1723073393
8.960 -52 -1723073393
8.987 -51 -1723073393
9.013 -56 -1723073393
9.040 -43 -1723073393
9.067 -56 -1723073393
9.093 -53 -1723073393
9.120 -41 -1723073393
9.147 -52 -1723073393
9.173 -44 -1723073393
9.200 -52 -1723073393
9.227 -61 -1723073393
9.253 -49 -1723073393
9.280 -62 -1723073393
9.307 -54 -1723073393
9.333 -43 -1723073393
9.360 -50 -1723073393
9.387 -36 -1723073393
9.413 -38 -1723073393
9.440 -41 -1723073393
9.467 -27 -1723073393
9.493 -35 -1723073393
9.520 -31 -1723073393
9.547 -32 -1723073393
9.573 -47 -1723073393
9.600 -39 -1723073393
9.627 -51 -1723073393
9.653 -59 -1723073393
9.680 -48 -1723073393
9.707 -55 -1723073393
9.733 -49 -1723073393
9.760 -51 -1723073393
9.787 -61 -1723073393
9.813 -48 -1723073393
9.840 -54 -1723073393
9.867 -48 -1723073393
9.893 -33 -1723073393
9.920 -40 -1723073393
9.947 -24 -1723073393
9.973 -16 -1723073393
10.000 -14 -1723073393
10.027 11 -1723073393
10.053 16 -1723073393
10.080 29 -1723073393
10.107 52 -1723073393
10.133 60 -1723073393
10.160 88 -1723073393
10.187 104 -1723073393
10.213 109 -1723073393
10.240 131 -1723073393
10.267 134 -1723073393
10.293 143 -1723073393
10.320 157 -1723073393
10.347 154 -1723073393
10.373 157 -1723073393
10.400 143 -1723073393
10.427 124 -1723073393
10.453 116 -1723073393
10.480 92 -1723073393
10.507 81 -1723073393
10.533 66 -1723073393
10.560 37 -1723073393
10.587 28 -1723073393
10.613 9 -1723073393
10.640 -5 -1723073393
10.667 -10 -1723073393
10.693 -34 -1723073393
10.720 -41 -1723073393
10.747 -48 -1723073393
10.773 -67 -1723073393
10.800 -66 -1723073393
10.827 -78 -1723073393
10.853 -83 -1723073393
10.880 -72 -1723073393
10.907 -85 -1723073393
10.933 -70 -1723073393
10.960 -56 -1723073393
10.987 -62 -1723073393
11.013 -45 -1723073393
11.040 -47 -1723073393
11.067 -46 -1723073393
11.093 -33 -1723073393
11.120 -43 -1723073393
11.147 -34 -1723073393
11.173 -29 -1723073393
11.200 -40 -1723073393
11.227 -26 -1723073393
11.253 -33 -1723073393
11.280 -38 -1723073393
11.307 -30 -1723073393
11.333 -42 -1723073393
11.360 -28 -1723073393
11.387 -21 -1723073393
11.413 -24 -1723073393
11.440 -5 -1723073393
11.467 -4 -1723073393
11.493 4 -1723073393
11.520 22 -1723073393
11.547 20 -1723073393
11.573 37 -1723073393
11.600 51 -1723073393
11.627 48 -1723073393
11.653 63 -1723073393
11.680 61 -1723073393
11.707 60 -1723073393
11.733 66 -1723073393
11.760 52 -1723073393
11.787 43 -1723073393
11.813 27 -1723073393
11.840 -2 -1723073393
11.867 -17 -1723073393
11.893 -42 -1723073393
11.920 -58 -1723073393
11.947 -62 -1723073393
11.973 -85 -1723073393
12.000 -90 -1723073393
12.027 -94 -1723073393
12.053 -112 -1723073393
12.080 -112 -1723073393
12.107 -125 -1723073393
12.133 -127 -1723073393
12.160 -116 -1723073393
12.187 -125 -1723073393
12.213 -116 -1723073393
12.240 -113 -1723073393
12.267 -117 -1723073393
12.293 -101 -1723073393
12.320 -96 -1723073393
12.347 -85 -1723073393
12.373 -68 -1723073393
12.400 -78 -1723073393
12.427 -75 -1723073393
12.453 -77 -1723073393
12.480 -92 -1723073393
12.507 -80 -1723073393
12.533 -81 -1723073393
12.560 -76 -1723073393
12.587 -56 -1723073393
12.613 -55 -1723073393
12.640 -34 -1723073393
12.667 -16 -1723073393
12.693 -9 -1723073393
12.720 24 -1723073393
12.747 44 -1723073393
12.773 66 -1723073393
12.800 97 -1723073393
12.827 109 -1723073393
12.853 142 -1723073393
12.880 178 -1723073393
12.907 197 -1723073393
12.933 223 -1723073393
12.960 234 -1723073393
12.987 244 -1723073393
13.013 260 -1723073393
13.040 263 -1723073393
13.067 268 -1723073393
13.093 262 -1723073393
13.120 244 -1723073393
13.147 230 -1723073393
13.173 200 -1723073393
13.200 168 -1723073393
13.227 138 -1723073393
13.253 99 -1723073393
13.280 68 -1723073393
13.307 38 -1723073393
13.333 1 -1723073393
13.360 -13 -1723073393
13.387 -40 -1723073393
13.413 -65 -1723073393
13.440 -73 -1723073393
13.467 -98 -1723073393
13.493 -107 -1723073393
13.520 -112 -1723073393
13.547 -137 -1723073393
13.573 -139 -1723073393
13.600 -152 -1723073393
13.627 -169 -1723073393
13.653 -159 -1723073393
13.680 -175 -1723073393
13.707 -186 -1723073393
13.733 -187 -1723073393
13.760 -209 -1723073393
13.787 -207 -1723073393
13.813 -215 -1723073393
13.840 -230 -1723073393
13.867 -217 -1723073393
13.893 -222 -1723073393
13.920 -215 -1723073393
13.947 -194 -1723073393
13.973 -201 -1723073393
14.000 -181 -1723073393
14.027 -159 -1723073393
14.053 -148 -1723073393
14.080 -108 -1723073393
14.107 -92 -1723073393
14.133 -69 -1723073393
14.160 -30 -1723073393
14.187 -12 -1723073393
14.213 19 -1723073393
14.240 42 -1723073393
14.267 53 -1723073393
14.293 75 -1723073393
14.320 79 -1723073393
14.347 84 -1723073393
14.373 93 -1723073393
14.400 79 -1723073393
14.427 72 -1723073393
14.453 61 -1723073393
14.480 32 -1723073393
14.507 9 -1723073393
14.533 -30 -1723073393
14.560 -70 -1723073393
14.587 -93 -1723073393
14.613 -132 -1723073393
14.640 -155 -1723073393
14.667 -173 -1723073393
14.693 -204 -1723073393
14.720 -216 -1723073393
14.747 -236 -1723073393
14.773 -256 -1723073393
14.800 -255 -1723073393
14.827 -282 -1723073393
14.853 -299 -1723073393
14.880 -305 -1723073393
14.907 -337 -1723073393
14.933 -342 -1723073393
14.960 -353 -1723073393
14.987 -377 -1723073393
15.013 -369 -1723073393
15.040 -396 -1723073393
15.067 -425 -1723073393
15.093 -436 -1723073393
15.120 -479 -1723073393
15.147 -499 -1723073393
15.173 -523 -1723073393
15.200 -567 -1723073393
15.227 -577 -1723073393
15.253 -619 -1723073393
15.280 -656 -1723073393
15.307 -668 -1723073393
15.333 -728 -1723073393
15.360 -761 -1723073393
15.387 -787 -1723073393
15.413 -846 -1723073393
15.440 -856 -1723073393
15.467 -893 -1723073393
15.493 -944 -1723073393
15.520 -945 -1723073393
15.547 -997 -1723073393
15.573 -1022 -1723073393
15.600 -1030 -1723073393
15.627 -1089 -1723073393
15.653 -1095 -1723073393
15.680 -1123 -1723073393
15.707 -1171 -1723073393
15.733 -1152 -1723073393
15.760 -1185 -1723073393
15.787 -1202 -1723073393
15.813 -1189 -1723073393
15.840 -1242 -1723073393
15.867 -1228 -1723073393
15.893 -1198 -1723073393
15.920 -1198 -1723073393
15.947 -1103 -1723073393
15.973 -1029 -1723073393
16.000 -935 -1723073393
16.027 -739 -1723073393
16.053 -559 -1723073393
16.080 -293 -1723073393
16.107 52 -1723073393
16.133 399 -1723073393
16.160 866 -1723073393
16.187 1401 -1723073393
16.213 1958 -1723073393
16.240 2599 -1723073393
16.267 3291 -1723073393
16.293 3987 -1723073393
16.320 4705 -1723073393
16.347 5449 -1723073393
16.373 6051 -1723073393
16.400 6636 -1723073393
16.427 7210 -1723073393
16.453 7475 -1723073393
16.480 7773 -1723073393
16.507 7911 -1723073393
16.533 7682 -1723073393
16.560 7603 -1723073393
16.587 7186 -1723073393
16.613 6557 -1723073393
16.640 6117 -1723073393
16.667 5278 -1723073393
16.693 4458 -1723073393
16.720 3736 -1723073393
16.747 2736 -1723073393
16.773 1921 -1723073393
16.800 1122 -1723073393
16.827 220 -1723073393
16.853 -520 -1723073393
16.880 -1235 -1723073393
16.907 -1919 -1723073393
16.933 -2497 -1723073393
16.960 -2973 -1723073393
16.987 -3437 -1723073393
17.013 -3794 -1723073393
17.040 -3986 -1723073393
17.067 -4234 -1723073393
17.093 -4325 -1723073393
17.120 -4311 -1723073393
17.147 -4410 -1723073393
17.173 -4288 -1723073393
17.200 -4193 -1723073393
17.227 -4178 -1723073393
17.253 -3949 -1723073393
17.280 -3872 -1723073393
17.307 -3785 -1723073393
17.333 -3569 -1723073393
17.360 -3545 -1723073393
17.387 -3417 -1723073393
17.413 -3275 -1723073393
17.440 -3290 -1723073393
17.467 -3159 -1723073393
17.493 -3106 -1723073393
17.520 -3113 -1723073393
17.547 -2974 -1723073393
17.573 -2957 -1723073393
17.600 -2899 -1723073393
17.627 -2766 -1723073393
17.653 -2766 -1723073393
17.680 -2652 -1723073393
17.707 -2537 -1723073393
17.733 -2514 -1723073393
17.760 -2358 -1723073393
17.787 -2275 -1723073393
17.813 -2222 -1723073393
17.840 -2067 -1723073393
17.867 -2020 -1723073393
17.893 -1946 -1723073393
17.920 -1839 -1723073393
17.947 -1847 -1723073393
17.973 -1782 -1723073393
18.000 -1742 -1723073393
18.027 -1768 -1723073393
18.053 -1712 -1723073393
18.080 -1717 -1723073393
18.107 -1716 -1723073393
18.133 -1641 -1723073393
18.160 -1640 -1723073393
18.187 -1581 -1723073393
18.213 -1479 -1723073393
18.240 -1423 -1723073393
18.267 -1263 -1723073393
18.293 -1109 -1723073393
18.320 -982 -1723073393
18.347 -765 -1723073393
18.373 -591 -1723073393
18.400 -413 -1723073393
18.427 -192 -1723073393
18.453 -26 -1723073393
18.480 150 -1723073393
18.507 326 -1723073393
18.533 469 -1723073393
18.560 630 -1723073393
18.587 804 -1723073393
18.613 983 -1723073393
18.640 1202 -1723073393
18.667 1481 -1723073393
18.693 1821 -1723073393
18.720 2246 -1723073393
18.747 2785 -1723073393
18.773 3409 -1723073393
18.800 4158 -1723073393
18.827 5058 -1723073393
18.853 6021 -1723073393
18.880 7120 -1723073393
18.907 8307 -1723073393
18.933 9439 -1723073393
18.960 10772 -1723073393
18.987 12016 -1723073393
19.013 13068 -1723073393
19.040 14333 -1723073393
19.067 15168 -1723073393
19.093 15847 -1723073393
19.120 16700 -1723073393
19.147 16784 -1723073393
19.173 16931 -1723073393
19.200 17030 -1723073393
19.227 16273 -1723073393
19.253 15860 -1723073393
19.280 15111 -1723073393
19.307 13752 -1723073393
19.333 12922 -1723073393
19.360 11545 -1723073393
19.387 9937 -1723073393
19.413 8842 -1723073393
19.440 7218 -1723073393
19.467 5748 -1723073393
19.493 4575 -1723073393
19.520 3051 -1723073393
19.547 1856 -1723073393
19.573 785 -1723073393
19.600 -397 -1723073393
19.627 -1350 -1723073393
19.653 -2234 -1723073393
19.680 -3074 -1723073393
19.707 -3797 -1723073393
19.733 -4389 -1723073393
19.760 -4974 -1723073393
19.787 -5517 -1723073393
19.813 -5850 -1723073393
19.840 -6279 -1723073393
19.867 -6618 -1723073393
19.893 -6765 -1723073393
19.920 -7108 -1723073393
19.947 -7236 -1723073393
19.973 -7272 -1723073393
20.000 -7515 -1723073393
20.027 -7448 -1723073393
20.053 -7439 -1723073393
20.080 -7560 -1723073393
20.107 -7339 -1723073393
20.133 -7309 -1723073393
20.160 -7252 -1723073393
20.187 -6912 -1723073393
20.213 -6847 -1723073393
20.240 -6594 -1723073393
20.267 -6206 -1723073393
20.293 -6081 -1723073393
20.320 -5676 -1723073393
20.347 -5308 -1723073393
20.373 -5118 -1723073393
20.400 -4667 -1723073393
20.427 -4378 -1723073393
20.453 -4153 -1723073393
20.480 -3755 -1723073393
20.507 -3581 -1723073393
20.533 -3378 -1723073393
20.560 -3112 -1723073393
20.587 -3049 -1723073393
20.613 -2900 -1723073393
20.640 -2776 -1723073393
20.667 -2788 -1723073393
20.693 -2696 -1723073393
20.720 -2686 -1723073393
20.747 -2728 -1723073393
20.773 -2664 -1723073393
20.800 -2705 -1723073393
20.827 -2716 -1723073393
20.853 -2645 -1723073393
20.880 -2682 -1723073393
20.907 -2615 -1723073393
20.933 -2515 -1723073393
20.960 -2494 -1723073393
20.987 -2327 -1723073393
21.013 -2191 -1723073393
21.040 -2106 -1723073393
21.067 -1891 -1723073393
21.093 -1754 -1723073393
21.120 -1620 -1723073393
21.147 -1417 -1723073393
21.173 -1321 -1723073393
21.200 -1201 -1723073393
21.227 -1075 -1723073393
21.253 -1058 -1723073393
21.280 -1022 -1723073393
21.307 -1038 -1723073393
21.333 -1135 -1723073393
21.360 -1219 -1723073393
21.387 -1380 -1723073393
21.413 -1584 -1723073393
21.440 -1778 -1723073393
21.467 -2060 -1723073393
21.493 -2351 -1723073393
21.520 -2642 -1723073393
21.547 -3008 -1723073393
21.573 -3310 -1723073393
21.600 -3625 -1723073393
21.627 -4021 -1723073393
21.653 -4296 -1723073393
21.680 -4616 -1723073393
21.707 -4959 -1723073393
21.733 -5120 -1723073393
21.760 -5384 -1723073393
21.787 -5581 -1723073393
21.813 -5579 -1723073393
21.840 -5730 -1723073393
21.867 -5695 -1723073393
21.893 -5516 -1723073393
21.920 -5498 -1723073393
21.947 -5210 -1723073393
21.973 -4903 -1723073393
22.000 -4721 -1723073393
22.027 -4258 -1723073393
22.053 -3882 -1723073393
22.080 -3543 -1723073393
22.107 -2976 -1723073393
22.133 -2567 -1723073393
22.160 -2119 -1723073393
22.187 -1539 -1723073393
22.213 -1125 -1723073393
22.240 -651 -1723073393
22.267 -153 -1723073393
22.293 220 -1723073393
22.320 640 -1723073393
22.347 1029 -1723073393
22.373 1342 -1723073393
22.400 1638 -1723073393
22.427 1904 -1723073393
22.453 2115 -1723073393
22.480 2265 -1723073393
22.507 2421 -1723073393
22.533 2516 -1723073393
22.560 2558 -1723073393
22.587 2644 -1723073393
22.613 2636 -1723073393
22.640 2613 -1723073393
22.667 2643 -1723073393
22.693 2578 -1723073393
22.720 2544 -1723073393
22.747 2539 -1723073393
22.773 2443 -1723073393
22.800 2414 -1723073393
22.827 2386 -1723073393
22.853 2295 -1723073393
22.880 2291 -1723073393
22.907 2255 -1723073393
22.933 2185 -1723073393
22.960 2184 -1723073393
22.987 2114 -1723073393
23.013 2035 -1723073393
23.040 1999 -1723073393
23.067 1885 -1723073393
23.093 1794 -1723073393
23.120 1722 -1723073393
23.147 1582 -1723073393
23.173 1493 -1723073393
23.200 1405 -1723073393
23.227 1282 -1723073393
23.253 1220 -1723073393
23.280 1145 -1723073393
23.307 1061 -1723073393
23.333 1029 -1723073393
23.360 986 -1723073393
23.387 953 -1723073393
23.413 956 -1723073393
23.440 950 -1723073393
23.467 969 -1723073393
23.493 1002 -1723073393
23.520 1019 -1723073393
23.547 1051 -1723073393
23.573 1077 -1723073393
23.600 1086 -1723073393
23.627 1115 -1723073393
23.653 1128 -1723073393
23.680 1127 -1723073393
23.707 1151 -1723073393
23.733 1148 -1723073393
23.760 1146 -1723073393
23.787 1166 -1723073393
23.813 1160 -1723073393
23.840 1168 -1723073393
23.867 1185 -1723073393
23.893 1179 -1723073393
23.920 1196 -1723073393
23.947 1210 -1723073393
23.973 1207 -1723073393
24.000 1232 -1723073393
24.027 1247 -1723073393
24.053 1263 -1723073393
24.080 1313 -1723073393
24.107 1338 -1723073393
24.133 1374 -1723073393
24.160 1441 -1723073393
24.187 1486 -1723073393
24.213 1556 -1723073393
24.240 1635 -1723073393
24.267 1679 -1723073393
24.293 1757 -1723073393
24.320 1828 -1723073393
24.347 1864 -1723073393
24.373 1945 -1723073393
24.400 1994 -1723073393
24.427 2018 -1723073393
24.453 2094 -1723073393
24.480 2112 -1723073393
24.507 2124 -1723073393
24.533 2175 -1723073393
24.560 2155 -1723073393
24.587 2149 -1723073393
24.613 2159 -1723073393
24.640 2077 -1723073393
24.667 2022 -1723073393
24.693 1961 -1723073393
24.720 1820 -1723073393
24.747 1739 -1723073393
24.773 1635 -1723073393
24.800 1484 -1723073393
24.827 1388 -1723073393
24.853 1257 -1723073393
24.880 1121 -1723073393
24.907 1042 -1723073393
24.933 931 -1723073393
24.960 824 -1723073393
24.987 751 -1723073393
25.013 665 -1723073393
25.040 603 -1723073393
25.067 560 -1723073393
25.093 517 -1723073393
25.120 491 -1723073393
25.147 465 -1723073393
25.173 437 -1723073393
25.200 420 -1723073393
25.227 403 -1723073393
25.253 380 -1723073393
25.280 356 -1723073393
25.307 323 -1723073393
25.333 281 -1723073393
25.360 231 -1723073393
25.387 175 -1723073393
25.413 112 -1723073393
25.440 43 -1723073393
25.467 -19 -1723073393
25.493 -81 -1723073393
25.520 -136 -1723073393
25.547 -174 -1723073393
25.573 -215 -1723073393
25.600 -237 -1723073393
25.627 -238 -1723073393
25.653 -246 -1723073393
25.680 -226 -1723073393
25.707 -192 -1723073393
25.733 -174 -1723073393
25.760 -123 -1723073393
25.787 -67 -1723073393
25.813 -31 -1723073393
25.840 31 -1723073393
25.867 81 -1723073393
25.893 113 -1723073393
25.920 158 -1723073393
25.947 176 -1723073393
25.973 181 -1723073393
26.000 187 -1723073393
26.027 170 -1723073393
26.053 148 -1723073393
26.080 121 -1723073393
26.107 79 -1723073393
26.133 33 -1723073393
26.160 -16 -1723073393
26.187 -71 -1723073393
26.213 -111 -1723073393
26.240 -152 -1723073393
26.267 -198 -1723073393
26.293 -220 -1723073393
26.320 -242 -1723073393
26.347 -259 -1723073393
26.373 -248 -1723073393
26.400 -246 -1723073393
26.427 -235 -1723073393
26.453 -194 -1723073393
26.480 -177 -1723073393
26.507 -150 -1723073393
26.533 -103 -1723073393
26.560 -83 -1723073393
26.587 -50 -1723073393
26.613 -16 -1723073393
26.640 -7 -1723073393
26.667 13 -1723073393
26.693 26 -1723073393
26.720 17 -1723073393
26.747 16 -1723073393
26.773 1 -1723073393
26.800 -28 -1723073393
26.827 -46 -1723073393
26.853 -80 -1723073393
26.880 -122 -1723073393
26.907 -154 -1723073393
26.933 -203 -1723073393
26.960 -247 -1723073393
26.987 -280 -1723073393
27.013 -327 -1723073393
27.040 -358 -1723073393
27.067 -381 -1723073393
27.093 -428 -1723073393
27.120 -449 -1723073393
27.147 -471 -1723073393
27.173 -512 -1723073393
27.200 -522 -1723073393
27.227 -546 -1723073393
27.253 -588 -1723073393
27.280 -593 -1723073393
27.307 -618 -1723073393
27.333 -645 -1723073393
27.360 -637 -1723073393
27.387 -658 -1723073393
27.413 -665 -1723073393
27.440 -640 -1723073393
27.467 -652 -1723073393
27.493 -637 -1723073393
27.520 -599 -1723073393
27.547 -599 -1723073393
27.573 -558 -1723073393
27.600 -505 -1723073393
27.627 -484 -1723073393
27.653 -425 -1723073393
27.680 -373 -1723073393
27.707 -344 -1723073393
27.733 -279 -1723073393
27.760 -231 -1723073393
27.787 -199 -1723073393
27.813 -136 -1723073393
27.840 -93 -1723073393
27.867 -64 -1723073393
27.893 -21 -1723073393
27.920 -3 -1723073393
27.947 11 -1723073393
27.973 33 -1723073393
28.000 38 -1723073393
28.027 47 -1723073393
28.053 60 -1723073393
28.080 57 -1723073393
28.107 54 -1723073393
28.133 47 -1723073393
28.160 30 -1723073393
28.187 14 -1723073393
28.213 -6 -1723073393
28.240 -34 -1723073393
28.267 -54 -1723073393
28.293 -75 -1723073393
28.320 -100 -1723073393
28.347 -117 -1723073393
28.373 -142 -1723073393
28.400 -160 -1723073393
28.427 -160 -1723073393
28.453 -171 -1723073393
28.480 -165 -1723073393
28.507 -139 -1723073393
28.533 -128 -1723073393
28.560 -97 -1723073393
28.587 -54 -1723073393
28.613 -29 -1723073393
28.640 15 -1723073393
28.667 68 -1723073393
28.693 110 -1723073393
28.720 162 -1723073393
28.747 210 -1723073393
28.773 248 -1723073393
28.800 291 -1723073393
28.827 324 -1723073393
28.853 346 -1723073393
28.880 365 -1723073393
28.907 371 -1723073393
28.933 365 -1723073393
28.960 351 -1723073393
28.987 327 -1723073393
29.013 296 -1723073393
29.040 258 -1723073393
29.067 218 -1723073393
29.093 178 -1723073393
29.120 132 -1723073393
29.147 86 -1723073393
29.173 43 -1723073393
29.200 0 -1723073393
29.227 -39 -1723073393
29.253 -64 -1723073393
29.280 -85 -1723073393
29.307 -104 -1723073393
29.333 -103 -1723073393
29.360 -98 -1723073393
29.387 -88 -1723073393
29.413 -57 -1723073393
29.440 -34 -1723073393
29.467 -18 -1723073393
29.493 15 -1723073393
29.520 39 -1723073393
29.547 59 -1723073393
29.573 86 -1723073393
29.600 99 -1723073393
29.627 107 -1723073393
29.653 116 -1723073393
29.680 113 -1723073393
29.707 115 -1723073393
29.733 121 -1723073393
29.760 117 -1723073393
29.787 118 -1723073393
29.813 121 -1723073393
29.840 115 -1723073393
29.867 116 -1723073393
29.893 119 -1723073393
29.920 116 -1723073393
29.947 121 -1723073393
29.973 125 -1723073393
30.000 129 -1723073393
30.027 141 -1723073393
30.053 147 -1723073393
30.080 149 -1723073393
30.107 155 -1723073393
30.133 149 -1723073393
30.160 139 -1723073393
30.187 135 -1723073393
30.213 125 -1723073393
30.240 115 -1723073393
30.267 113 -1723073393
30.293 107 -1723073393
30.320 105 -1723073393
30.347 114 -1723073393
30.373 123 -1723073393
30.400 143 -1723073393
30.427 169 -1723073393
30.453 191 -1723073393
30.480 220 -1723073393
30.507 252 -1723073393
30.533 280 -1723073393
30.560 315 -1723073393
30.587 348 -1723073393
30.613 375 -1723073393
30.640 402 -1723073393
30.667 424 -1723073393
30.693 435 -1723073393
30.720 434 -1723073393
30.747 427 -1723073393
30.773 415 -1723073393
30.800 392 -1723073393
30.827 362 -1723073393
30.853 321 -1723073393
30.880 265 -1723073393
30.907 206 -1723073393
30.933 149 -1723073393
30.960 89 -1723073393
30.987 30 -1723073393
31.013 -22 -1723073393
31.040 -67 -1723073393
31.067 -109 -1723073393
31.093 -137 -1723073393
31.120 -150 -1723073393
31.147 -168 -1723073393
31.173 -169 -1723073393
31.200 -159 -1723073393
31.227 -157 -1723073393
31.253 -136 -1723073393
31.280 -106 -1723073393
31.307 -79 -1723073393
31.333 -28 -1723073393
31.360 21 -1723073393
31.387 58 -1723073393
31.413 106 -1723073393
31.440 151 -1723073393
31.467 185 -1723073393
31.493 223 -1723073393
31.520 249 -1723073393
31.547 264 -1723073393
31.573 281 -1723073393
31.600 289 -1723073393
31.627 282 -1723073393
31.653 270 -1723073393
31.680 246 -1723073393
31.707 208 -1723073393
31.733 165 -1723073393
31.760 122 -1723073393
31.787 73 -1723073393
31.813 28 -1723073393
31.840 -16 -1723073393
31.867 -58 -1723073393
31.893 -91 -1723073393
31.920 -129 -1723073393
31.947 -159 -1723073393
31.973 -171 -1723073393
32.000 -184 -1723073393
32.027 -182 -1723073393
32.053 -162 -1723073393
32.080 -152 -1723073393
32.107 -119 -1723073393
32.133 -77 -1723073393
32.160 -53 -1723073393
32.187 -7 -1723073393
32.213 44 -1723073393
32.240 81 -1723073393
32.267 135 -1723073393
32.293 187 -1723073393
32.320 222 -1723073393
32.347 262 -1723073393
32.373 297 -1723073393
32.400 316 -1723073393
32.427 327 -1723073393
32.453 329 -1723073393
32.480 317 -1723073393
32.507 297 -1723073393
32.533 269 -1723073393
32.560 232 -1723073393
32.587 188 -1723073393
32.613 139 -1723073393
32.640 89 -1723073393
32.667 36 -1723073393
32.693 -12 -1723073393
32.720 -55 -1723073393
32.747 -95 -1723073393
32.773 -141 -1723073393
32.800 -175 -1723073393
32.827 -190 -1723073393
32.853 -202 -1723073393
32.880 -194 -1723073393
32.907 -175 -1723073393
32.933 -169 -1723073393
32.960 -147 -1723073393
32.987 -109 -1723073393
33.013 -82 -1723073393
33.040 -40 -1723073393
33.067 10 -1723073393
33.093 44 -1723073393
33.120 97 -1723073393
33.147 154 -1723073393
33.173 193 -1723073393
33.200 236 -1723073393
33.227 272 -1723073393
33.253 290 -1723073393
33.280 303 -1723073393
33.307 303 -1723073393
33.333 282 -1723073393
33.360 244 -1723073393
33.387 196 -1723073393
33.413 143 -1723073393
33.440 84 -1723073393
33.467 23 -1723073393
33.493 -35 -1723073393
33.520 -90 -1723073393
33.547 -146 -1723073393
33.573 -193 -1723073393
33.600 -220 -1723073393
33.627 -247 -1723073393
33.653 -261 -1723073393
33.680 -246 -1723073393
33.707 -238 -1723073393
33.733 -220 -1723073393
33.760 -177 -1723073393
33.787 -150 -1723073393
33.813 -115 -1723073393
33.840 -57 -1723073393
33.867 -19 -1723073393
33.893 19 -1723073393
33.920 69 -1723073393
33.947 104 -1723073393
33.973 141 -1723073393
34.000 187 -1723073393
34.027 223 -1723073393
34.053 262 -1723073393
34.080 303 -1723073393
34.107 339 -1723073393
34.133 378 -1723073393
34.160 419 -1723073393
34.187 462 -1723073393
34.213 500 -1723073393
34.240 528 -1723073393
34.267 553 -1723073393
34.293 565 -1723073393
34.320 568 -1723073393
34.347 566 -1723073393
34.373 542 -1723073393
34.400 505 -1723073393
34.427 469 -1723073393
34.453 414 -1723073393
34.480 349 -1723073393
34.507 283 -1723073393
34.533 209 -1723073393
34.560 137 -1723073393
34.587 76 -1723073393
34.613 25 -1723073393
34.640 -22 -1723073393
34.667 -58 -1723073393
34.693 -69 -1723073393
34.720 -71 -1723073393
34.747 -67 -1723073393
34.773 -34 -1723073393
34.800 0 -1723073393
34.827 33 -1723073393
34.853 92 -1723073393
34.880 143 -1723073393
34.907 191 -1723073393
34.933 252 -1723073393
34.960 298 -1723073393
34.987 329 -1723073393
35.013 361 -1723073393
35.040 376 -1723073393
35.067 374 -1723073393
35.093 365 -1723073393
35.120 343 -1723073393
35.147 310 -1723073393
35.173 268 -1723073393
35.200 216 -1723073393
35.227 159 -1723073393
35.253 95 -1723073393
35.280 33 -1723073393
35.307 -22 -1723073393
35.333 -71 -1723073393
35.360 -117 -1723073393
35.387 -153 -1723073393
35.413 -166 -1723073393
35.440 -179 -1723073393
35.467 -176 -1723073393
35.493 -154 -1723073393
35.520 -141 -1723073393
35.547 -113 -1723073393
35.573 -60 -1723073393
35.600 -18 -1723073393
35.627 26 -1723073393
35.653 89 -1723073393
35.680 133 -1723073393
35.707 179 -1723073393
35.733 233 -1723073393
35.760 272 -1723073393
35.787 315 -1723073393
35.813 366 -1723073393
35.840 404 -1723073393
35.867 435 -1723073393
35.893 469 -1723073393
35.920 492 -1723073393
35.947 503 -1723073393
35.973 507 -1723073393
36.000 506 -1723073393
36.027 496 -1723073393
36.053 474 -1723073393
36.080 450 -1723073393
36.107 408 -1723073393
36.133 356 -1723073393
36.160 306 -1723073393
36.187 243 -1723073393
36.213 178 -1723073393
36.240 123 -1723073393
36.267 70 -1723073393
36.293 23 -1723073393
36.320 -15 -1723073393
36.347 -39 -1723073393
36.373 -51 -1723073393
36.400 -62 -1723073393
36.427 -58 -1723073393
36.453 -41 -1723073393
36.480 -27 -1723073393
36.507 3 -1723073393
36.533 43 -1723073393
36.560 72 -1723073393
36.587 105 -1723073393
36.613 142 -1723073393
36.640 168 -1723073393
36.667 200 -1723073393
36.693 236 -1723073393
36.720 264 -1723073393
36.747 288 -1723073393
36.773 310 -1723073393
36.800 327 -1723073393
36.827 333 -1723073393
36.853 334 -1723073393
36.880 329 -1723073393
36.907 311 -1723073393
36.933 289 -1723073393
36.960 265 -1723073393
36.987 234 -1723073393
37.013 200 -1723073393
37.040 169 -1723073393
37.067 136 -1723073393
37.093 109 -1723073393
37.120 87 -1723073393
37.147 66 -1723073393
37.173 48 -1723073393
37.200 31 -1723073393
37.227 27 -1723073393
37.253 38 -1723073393
37.280 55 -1723073393
37.307 81 -1723073393
37.333 108 -1723073393
37.360 135 -1723073393
37.387 169 -1723073393
37.413 200 -1723073393
37.440 219 -1723073393
37.467 241 -1723073393
37.493 261 -1723073393
37.520 272 -1723073393
37.547 284 -1723073393
37.573 298 -1723073393
37.600 306 -1723073393
37.627 312 -1723073393
37.653 313 -1723073393
37.680 312 -1723073393
37.707 314 -1723073393
37.733 318 -1723073393
37.760 320 -1723073393
37.787 322 -1723073393
37.813 323 -1723073393
37.840 327 -1723073393
37.867 334 -1723073393
37.893 338 -1723073393
37.920 340 -1723073393
37.947 341 -1723073393
37.973 341 -1723073393
38.000 338 -1723073393
38.027 328 -1723073393
38.053 314 -1723073393
38.080 298 -1723073393
38.107 280 -1723073393
38.133 263 -1723073393
38.160 244 -1723073393
38.187 229 -1723073393
38.213 214 -1723073393
38.240 196 -1723073393
38.267 183 -1723073393
38.293 176 -1723073393
38.320 179 -1723073393
38.347 191 -1723073393
38.373 202 -1723073393
38.400 214 -1723073393
38.427 232 -1723073393
38.453 241 -1723073393
38.480 246 -1723073393
38.507 263 -1723073393
38.533 272 -1723073393
38.560 276 -1723073393
38.587 283 -1723073393
38.613 280 -1723073393
38.640 264 -1723073393
38.667 243 -1723073393
38.693 216 -1723073393
38.720 181 -1723073393
38.747 139 -1723073393
38.773 96 -1723073393
38.800 52 -1723073393
38.827 8 -1723073393
38.853 -35 -1723073393
38.880 -73 -1723073393
38.907 -100 -1723073393
38.933 -128 -1723073393
38.960 -153 -1723073393
38.987 -154 -1723073393
39.013 -148 -1723073393
39.040 -147 -1723073393
39.067 -119 -1723073393
39.093 -87 -1723073393
39.120 -63 -1723073393
39.147 -23 -1723073393
39.173 13 -1723073393
39.200 38 -1723073393
39.227 79 -1723073393
39.253 116 -1723073393
39.280 136 -1723073393
39.307 162 -1723073393
39.333 183 -1723073393
39.360 190 -1723073393
39.387 203 -1723073393
39.413 210 -1723073393
39.440 209 -1723073393
39.467 213 -1723073393
39.493 220 -1723073393
39.520 222 -1723073393
39.547 225 -1723073393
39.573 231 -1723073393
39.600 232 -1723073393
39.627 231 -1723073393
39.653 230 -1723073393
39.680 225 -1723073393
39.707 226 -1723073393
39.733 227 -1723073393
39.760 224 -1723073393
39.787 226 -1723073393
39.813 222 -1723073393
39.840 208 -1723073393
39.867 202 -1723073393
39.893 199 -1723073393
39.920 196 -1723073393
39.947 202 -1723073393
39.973 210 -1723073393
40.000 213 -1723073393
40.027 219 -1723073393
40.053 222 -1723073393
40.080 216 -1723073393
40.107 213 -1723073393
40.133 214 -1723073393
40.160 210 -1723073393
40.187 205 -1723073393
40.213 197 -1723073393
40.240 180 -1723073393
40.267 164 -1723073393
40.293 150 -1723073393
40.320 132 -1723073393
40.347 111 -1723073393
40.373 89 -1723073393
40.400 63 -1723073393
40.427 40 -1723073393
40.453 16 -1723073393
40.480 -13 -1723073393
40.507 -34 -1723073393
40.533 -41 -1723073393
40.560 -50 -1723073393
40.587 -49 -1723073393
40.613 -40 -1723073393
40.640 -41 -1723073393
40.667 -31 -1723073393
40.693 -7 -1723073393
40.720 1 -1723073393
40.747 14 -1723073393
40.773 44 -1723073393
40.800 66 -1723073393
40.827 93 -1723073393
40.853 133 -1723073393
40.880 159 -1723073393
40.907 178 -1723073393
40.933 196 -1723073393
40.960 203 -1723073393
40.987 207 -1723073393
41.013 216 -1723073393
41.040 215 -1723073393
41.067 209 -1723073393
41.093 208 -1723073393
41.120 202 -1723073393
41.147 196 -1723073393
41.173 196 -1723073393
41.200 193 -1723073393
41.227 187 -1723073393
41.253 181 -1723073393
41.280 170 -1723073393
41.307 160 -1723073393
41.333 162 -1723073393
41.360 161 -1723073393
41.387 158 -1723073393
41.413 164 -1723073393
41.440 165 -1723073393
41.467 164 -1723073393
41.493 169 -1723073393
41.520 173 -1723073393
41.547 170 -1723073393
41.573 175 -1723073393
41.600 178 -1723073393
41.627 174 -1723073393
41.653 175 -1723073393
41.680 169 -1723073393
41.707 157 -1723073393
41.733 150 -1723073393
41.760 142 -1723073393
41.787 126 -1723073393
41.813 120 -1723073393
41.840 114 -1723073393
41.867 97 -1723073393
41.893 89 -1723073393
41.920 87 -1723073393
41.947 75 -1723073393
41.973 67 -1723073393
42.000 63 -1723073393
42.027 53 -1723073393
42.053 50 -1723073393
42.080 54 -1723073393
42.107 50 -1723073393
42.133 56 -1723073393
42.160 65 -1723073393
42.187 57 -1723073393
42.213 52 -1723073393
42.240 54 -1723073393
42.267 45 -1723073393
42.293 36 -1723073393
42.320 32 -1723073393
42.347 20 -1723073393
42.373 12 -1723073393
42.400 13 -1723073393
42.427 2 -1723073393
42.453 -3 -1723073393
42.480 0 -1723073393
42.507 -6 -1723073393
42.533 -6 -1723073393
42.560 12 -1723073393
42.587 26 -1723073393
42.613 37 -1723073393
42.640 57 -1723073393
42.667 66 -1723073393
42.693 67 -1723073393
42.720 73 -1723073393
42.747 67 -1723073393
42.773 57 -1723073393
42.800 58 -1723073393
42.827 55 -1723073393
42.853 47 -1723073393
42.880 46 -1723073393
42.907 40 -1723073393
42.933 26 -1723073393
42.960 16 -1723073393
42.987 1 -1723073393
43.013 -11 -1723073393
43.040 -10 -1723073393
43.067 -11 -1723073393
43.093 -18 -1723073393
43.120 -14 -1723073393
43.147 -10 -1723073393
43.173 -9 -1723073393
43.200 8 -1723073393
43.227 26 -1723073393
43.253 38 -1723073393
43.280 61 -1723073393
43.307 84 -1723073393
43.333 94 -1723073393
43.360 110 -1723073393
43.387 126 -1723073393
43.413 135 -1723073393
43.440 148 -1723073393
43.467 160 -1723073393
43.493 162 -1723073393
43.520 163 -1723073393
43.547 163 -1723073393
43.573 153 -1723073393
43.600 146 -1723073393
43.627 140 -1723073393
43.653 120 -1723073393
43.680 97 -1723073393
43.707 81 -1723073393
43.733 59 -1723073393
43.760 35 -1723073393
43.787 17 -1723073393
43.813 0 -1723073393
43.840 -19 -1723073393
43.867 -35 -1723073393
43.893 -62 -1723073393
43.920 -98 -1723073393
43.947 -123 -1723073393
43.973 -153 -1723073393
44.000 -185 -1723073393
44.027 -200 -1723073393
44.053 -213 -1723073393
44.080 -223 -1723073393
44.107 -212 -1723073393
44.133 -201 -1723073393
44.160 -195 -1723073393
44.187 -168 -1723073393
44.213 -139 -1723073393
44.240 -121 -1723073393
44.267 -91 -1723073393
44.293 -65 -1723073393
44.320 -50 -1723073393
44.347 -22 -1723073393
44.373 4 -1723073393
44.400 14 -1723073393
44.427 25 -1723073393
44.453 35 -1723073393
44.480 32 -1723073393
44.507 28 -1723073393
44.533 21 -1723073393
44.560 -2 -1723073393
44.587 -31 -1723073393
44.613 -55 -1723073393
44.640 -87 -1723073393
44.667 -112 -1723073393
44.693 -123 -1723073393
44.720 -136 -1723073393
44.747 -138 -1723073393
44.773 -121 -1723073393
44.800 -108 -1723073393
44.827 -87 -1723073393
44.853 -45 -1723073393
44.880 -11 -1723073393
44.907 19 -1723073393
44.933 64 -1723073393
44.960 101 -1723073393
44.987 139 -1723073393
45.013 183 -1723073393
45.040 215 -1723073393
45.067 237 -1723073393
45.093 262 -1723073393
45.120 281 -1723073393
45.147 296 -1723073393
45.173 313 -1723073393
45.200 321 -1723073393
45.227 321 -1723073393
45.253 315 -1723073393
45.280 298 -1723073393
45.307 276 -1723073393
45.333 254 -1723073393
45.360 226 -1723073393
45.387 195 -1723073393
45.413 167 -1723073393
45.440 135 -1723073393
45.467 100 -1723073393
45.493 69 -1723073393
45.520 39 -1723073393
45.547 8 -1723073393
45.573 -14 -1723073393
45.600 -32 -1723073393
45.627 -52 -1723073393
45.653 -58 -1723073393
45.680 -53 -1723073393
45.707 -64 -1723073393
45.733 -74 -1723073393
45.760 -65 -1723073393
45.787 -63 -1723073393
45.813 -64 -1723073393
45.840 -48 -1723073393
45.867 -37 -1723073393
45.893 -33 -1723073393
45.920 -12 -1723073393
45.947 4 -1723073393
45.973 19 -1723073393
46.000 50 -1723073393
46.027 82 -1723073393
46.053 104 -1723073393
46.080 126 -1723073393
46.107 147 -1723073393
46.133 165 -1723073393
46.160 187 -1723073393
46.187 202 -1723073393
46.213 207 -1723073393
46.240 209 -1723073393
46.267 203 -1723073393
46.293 184 -1723073393
46.320 163 -1723073393
46.347 144 -1723073393
46.373 120 -1723073393
46.400 100 -1723073393
46.427 83 -1723073393
46.453 57 -1723073393
46.480 41 -1723073393
46.507 34 -1723073393
46.533 24 -1723073393
46.560 22 -1723073393
46.587 33 -1723073393
46.613 39 -1723073393
46.640 46 -1723073393
46.667 66 -1723073393
46.693 81 -1723073393
46.720 92 -1723073393
46.747 115 -1723073393
46.773 133 -1723073393
46.800 144 -1723073393
46.827 166 -1723073393
46.853 185 -1723073393
46.880 198 -1723073393
46.907 218 -1723073393
46.933 234 -1723073393
46.960 244 -1723073393
46.987 258 -1723073393
47.013 270 -1723073393
47.040 273 -1723073393
47.067 276 -1723073393
47.093 275 -1723073393
47.120 267 -1723073393
47.147 260 -1723073393
47.173 250 -1723073393
47.200 228 -1723073393
47.227 200 -1723073393
47.253 169 -1723073393
47.280 135 -1723073393
47.307 102 -1723073393
47.333 75 -1723073393
47.360 47 -1723073393
47.387 20 -1723073393
47.413 6 -1723073393
47.440 -8 -1723073393
47.467 -23 -1723073393
47.493 -23 -1723073393
47.520 -15 -1723073393
47.547 -8 -1723073393
47.573 12 -1723073393
47.600 41 -1723073393
47.627 62 -1723073393
47.653 89 -1723073393
47.680 114 -1723073393
47.707 126 -1723073393
47.733 143 -1723073393
47.760 170 -1723073393
47.787 190 -1723073393
47.813 213 -1723073393
47.840 238 -1723073393
47.867 248 -1723073393
47.893 253 -1723073393
47.920 261 -1723073393
47.947 259 -1723073393
47.973 249 -1723073393
48.000 238 -1723073393
48.027 218 -1723073393
48.053 195 -1723073393
48.080 176 -1723073393
48.107 151 -1723073393
48.133 122 -1723073393
48.160 102 -1723073393
48.187 81 -1723073393
48.213 60 -1723073393
48.240 52 -1723073393
48.267 49 -1723073393
48.293 44 -1723073393
48.320 50 -1723073393
48.347 68 -1723073393
48.373 83 -1723073393
48.400 105 -1723073393
48.427 138 -1723073393
48.453 170 -1723073393
48.480 205 -1723073393
48.507 247 -1723073393
48.533 280 -1723073393
48.560 311 -1723073393
48.587 349 -1723073393
48.613 384 -1723073393
48.640 415 -1723073393
48.667 445 -1723073393
48.693 473 -1723073393
48.720 499 -1723073393
48.747 514 -1723073393
48.773 518 -1723073393
48.800 526 -1723073393
48.827 530 -1723073393
48.853 525 -1723073393
48.880 524 -1723073393
48.907 521 -1723073393
48.933 509 -1723073393
48.960 498 -1723073393
48.987 489 -1723073393
49.013 468 -1723073393
49.040 450 -1723073393
49.067 440 -1723073393
49.093 426 -1723073393
49.120 412 -1723073393
49.147 407 -1723073393
49.173 404 -1723073393
49.200 397 -1723073393
49.227 394 -1723073393
49.253 396 -1723073393
49.280 398 -1723073393
49.307 405 -1723073393
49.333 413 -1723073393
49.360 417 -1723073393
49.387 418 -1723073393
49.413 418 -1723073393
49.440 409 -1723073393
49.467 397 -1723073393
49.493 390 -1723073393
49.520 379 -1723073393
49.547 365 -1723073393
49.573 355 -1723073393
49.600 340 -1723073393
49.627 322 -1723073393
49.653 307 -1723073393
49.680 294 -1723073393
49.707 281 -1723073393
49.733 274 -1723073393
49.760 274 -1723073393
49.787 271 -1723073393
49.813 267 -1723073393
49.840 266 -1723073393
49.867 261 -1723073393
49.893 254 -1723073393
49.920 253 -1723073393
49.947 251 -1723073393
49.973 244 -1723073393
50.000 240 -1723073393
50.027 235 -1723073393
50.053 226 -1723073393
50.080 225 -1723073393
50.107 228 -1723073393
50.133 224 -1723073393
50.160 220 -1723073393
50.187 219 -1723073393
50.213 215 -1723073393
50.240 214 -1723073393
50.267 224 -1723073393
50.293 232 -1723073393
50.320 236 -1723073393
50.347 242 -1723073393
50.373 245 -1723073393
50.400 243 -1723073393
50.427 245 -1723073393
50.453 243 -1723073393
50.480 234 -1723073393
50.507 228 -1723073393
50.533 220 -1723073393
50.560 209 -1723073393
50.587 200 -1723073393
50.613 190 -1723073393
50.640 176 -1723073393
50.667 162 -1723073393
50.693 147 -1723073393
50.720 121 -1723073393
50.747 91 -1723073393
50.773 62 -1723073393
50.800 28 -1723073393
50.827 -3 -1723073393
50.853 -25 -1723073393
50.880 -52 -1723073393
50.907 -84 -1723073393
50.933 -105 -1723073393
50.960 -126 -1723073393
50.987 -152 -1723073393
51.013 -162 -1723073393
51.040 -164 -1723073393
51.067 -176 -1723073393
51.093 -175 -1723073393
51.120 -162 -1723073393
51.147 -154 -1723073393
51.173 -139 -1723073393
51.200 -117 -1723073393
51.227 -106 -1723073393
51.253 -93 -1723073393
51.280 -72 -1723073393
51.307 -59 -1723073393
51.333 -52 -1723073393
51.360 -37 -1723073393
51.387 -31 -1723073393
51.413 -33 -1723073393
51.440 -22 -1723073393
51.467 -17 -1723073393
51.493 -20 -1723073393
51.520 -8 -1723073393
51.547 0 -1723073393
51.573 -7 -1723073393
51.600 -9 -1723073393
51.627 -3 -1723073393
51.653 -4 -1723073393
51.680 0 -1723073393
51.707 6 -1723073393
51.733 1 -1723073393
51.760 3 -1723073393
51.787 15 -1723073393
51.813 17 -1723073393
51.840 19 -1723073393
51.867 37 -1723073393
51.893 50 -1723073393
51.920 58 -1723073393
51.947 80 -1723073393
51.973 100 -1723073393
52.000 116 -1723073393
52.027 142 -1723073393
52.053 165 -1723073393
52.080 179 -1723073393
52.107 197 -1723073393
52.133 215 -1723073393
52.160 225 -1723073393
52.187 240 -1723073393
52.213 254 -1723073393
52.240 253 -1723073393
52.267 254 -1723073393
52.293 260 -1723073393
52.320 254 -1723073393
52.347 248 -1723073393
52.373 250 -1723073393
52.400 247 -1723073393
52.427 241 -1723073393
52.453 240 -1723073393
52.480 237 -1723073393
52.507 232 -1723073393
52.533 236 -1723073393
52.560 239 -1723073393
52.587 233 -1723073393
52.613 229 -1723073393
52.640 227 -1723073393
52.667 216 -1723073393
52.693 208 -1723073393
52.720 204 -1723073393
52.747 192 -1723073393
52.773 184 -1723073393
52.800 182 -1723073393
52.827 175 -1723073393
52.853 165 -1723073393
52.880 164 -1723073393
52.907 167 -1723073393
52.933 165 -1723073393
52.960 166 -1723073393
52.987 167 -1723073393
53.013 163 -1723073393
53.040 164 -1723073393
53.067 168 -1723073393
53.093 164 -1723073393
53.120 159 -1723073393
53.147 155 -1723073393
53.173 143 -1723073393
53.200 129 -1723073393
53.227 124 -1723073393
53.253 116 -1723073393
53.280 108 -1723073393
53.307 108 -1723073393
53.333 105 -1723073393
53.360 101 -1723073393
53.387 107 -1723073393
53.413 115 -1723073393
53.440 120 -1723073393
53.467 132 -1723073393
53.493 143 -1723073393
53.520 146 -1723073393
53.547 153 -1723073393
53.573 167 -1723073393
53.600 171 -1723073393
53.627 171 -1723073393
53.653 173 -1723073393
53.680 166 -1723073393
53.707 156 -1723073393
53.733 153 -1723073393
53.760 148 -1723073393
53.787 139 -1723073393
53.813 137 -1723073393
53.840 133 -1723073393
53.867 125 -1723073393
53.893 124 -1723073393
53.920 126 -1723073393
53.947 121 -1723073393
53.973 122 -1723073393
54.000 130 -1723073393
54.027 134 -1723073393
54.053 143 -1723073393
54.080 159 -1723073393
54.107 169 -1723073393
54.133 176 -1723073393
54.160 190 -1723073393
54.187 198 -1723073393
54.213 203 -1723073393
54.240 207 -1723073393
54.267 203 -1723073393
54.293 194 -1723073393
54.320 186 -1723073393
54.347 176 -1723073393
54.373 157 -1723073393
54.400 137 -1723073393
54.427 116 -1723073393
54.453 90 -1723073393
54.480 65 -1723073393
54.507 41 -1723073393
54.533 12 -1723073393
54.560 -15 -1723073393
54.587 -38 -1723073393
54.613 -60 -1723073393
54.640 -78 -1723073393
54.667 -87 -1723073393
54.693 -93 -1723073393
54.720 -98 -1723073393
54.747 -93 -1723073393
54.773 -83 -1723073393
54.800 -80 -1723073393
54.827 -72 -1723073393
54.853 -56 -1723073393
54.880 -44 -1723073393
54.907 -28 -1723073393
54.933 -3 -1723073393
54.960 13 -1723073393
54.987 24 -1723073393
55.013 38 -1723073393
55.040 48 -1723073393
55.067 61 -1723073393
55.093 82 -1723073393
55.120 100 -1723073393
55.147 110 -1723073393
55.173 123 -1723073393
55.200 133 -1723073393
55.227 136 -1723073393
55.253 148 -1723073393
55.280 168 -1723073393
55.307 184 -1723073393
55.333 202 -1723073393
55.360 226 -1723073393
55.387 248 -1723073393
55.413 272 -1723073393
55.440 300 -1723073393
55.467 321 -1723073393
55.493 342 -1723073393
55.520 366 -1723073393
55.547 385 -1723073393
55.573 404 -1723073393
55.600 430 -1723073393
55.627 454 -1723073393
55.653 469 -1723073393
55.680 486 -1723073393
55.707 503 -1723073393
55.733 516 -1723073393
55.760 530 -1723073393
55.787 543 -1723073393
55.813 546 -1723073393
55.840 548 -1723073393
55.867 551 -1723073393
55.893 546 -1723073393
55.920 540 -1723073393
55.947 536 -1723073393
55.973 530 -1723073393
56.000 528 -1723073393
56.027 533 -1723073393
56.053 539 -1723073393
56.080 544 -1723073393
56.107 551 -1723073393
56.133 555 -1723073393
56.160 555 -1723073393
56.187 561 -1723073393
56.213 567 -1723073393
56.240 566 -1723073393
56.267 562 -1723073393
56.293 555 -1723073393
56.320 536 -1723073393
56.347 514 -1723073393
56.373 492 -1723073393
56.400 466 -1723073393
56.427 436 -1723073393
56.453 405 -1723073393
56.480 371 -1723073393
56.507 337 -1723073393
56.533 308 -1723073393
56.560 279 -1723073393
56.587 244 -1723073393
56.613 214 -1723073393
56.640 190 -1723073393
56.667 166 -1723073393
56.693 147 -1723073393
56.720 135 -1723073393
56.747 121 -1723073393
56.773 105 -1723073393
56.800 95 -1723073393
56.827 80 -1723073393
56.853 58 -1723073393
56.880 39 -1723073393
56.907 24 -1723073393
56.933 7 -1723073393
56.960 -8 -1723073393
56.987 -19 -1723073393
57.013 -31 -1723073393
57.040 -43 -1723073393
57.067 -46 -1723073393
57.093 -47 -1723073393
57.120 -49 -1723073393
57.147 -40 -1723073393
57.173 -27 -1723073393
57.200 -28 -1723073393
57.227 -26 -1723073393
57.253 -18 -1723073393
57.280 -22 -1723073393
57.307 -30 -1723073393
57.333 -31 -1723073393
57.360 -41 -1723073393
57.387 -52 -1723073393
57.413 -51 -1723073393
57.440 -52 -1723073393
57.467 -61 -1723073393
57.493 -56 -1723073393
57.520 -46 -1723073393
57.547 -45 -1723073393
57.573 -34 -1723073393
57.600 -13 -1723073393
57.627 -4 -1723073393
57.653 7 -1723073393
57.680 32 -1723073393
57.707 51 -1723073393
57.733 69 -1723073393
57.760 96 -1723073393
57.787 119 -1723073393
57.813 136 -1723073393
57.840 164 -1723073393
57.867 193 -1723073393
57.893 212 -1723073393
57.920 238 -1723073393
57.947 270 -1723073393
57.973 293 -1723073393
58.000 312 -1723073393
58.027 328 -1723073393
58.053 337 -1723073393
58.080 348 -1723073393
58.107 365 -1723073393
58.133 378 -1723073393
58.160 384 -1723073393
58.187 389 -1723073393
58.213 391 -1723073393
58.240 391 -1723073393
58.267 397 -1723073393
58.293 404 -1723073393
58.320 405 -1723073393
58.347 406 -1723073393
58.373 405 -1723073393
58.400 398 -1723073393
58.427 400 -1723073393
58.453 405 -1723073393
58.480 403 -1723073393
58.507 400 -1723073393
58.533 393 -1723073393
58.560 381 -1723073393
58.587 368 -1723073393
58.613 364 -1723073393
58.640 363 -1723073393
58.667 358 -1723073393
58.693 358 -1723073393
58.720 360 -1723073393
58.747 356 -1723073393
58.773 360 -1723073393
58.800 376 -1723073393
58.827 387 -1723073393
58.853 398 -1723073393
58.880 415 -1723073393
58.907 428 -1723073393
58.933 444 -1723073393
58.960 464 -1723073393
58.987 478 -1723073393
59.013 484 -1723073393
59.040 494 -1723073393
59.067 505 -1723073393
59.093 510 -1723073393
59.120 518 -1723073393
59.147 529 -1723073393
59.173 533 -1723073393
59.200 535 -1723073393
59.227 538 -1723073393
59.253 534 -1723073393
59.280 526 -1723073393
59.307 522 -1723073393
59.333 518 -1723073393
59.360 513 -1723073393
59.387 513 -1723073393
59.413 510 -1723073393
59.440 502 -1723073393
59.467 503 -1723073393
59.493 507 -1723073393
59.520 502 -1723073393
59.547 499 -1723073393
59.573 500 -1723073393
59.600 500 -1723073393
59.627 500 -1723073393
59.653 506 -1723073393
59.680 510 -1723073393
59.707 515 -1723073393
59.733 528 -1723073393
59.760 543 -1723073393
59.787 551 -1723073393
59.813 561 -1723073393
59.840 568 -1723073393
59.867 568 -1723073393
59.893 565 -1723073393
59.920 553 -1723073393
59.947 529 -1723073393
59.973 505 -1723073393
60.000 483 -1723073393
60.027 452 -1723073393
60.053 414 -1723073393
60.080 377 -1723073393
60.107 331 -1723073393
60.133 280 -1723073393
60.160 235 -1723073393
60.187 191 -1723073393
60.213 147 -1723073393
60.240 111 -1723073393
60.267 81 -1723073393
60.293 51 -1723073393
60.320 23 -1723073393
60.347 7 -1723073393
60.373 -1 -1723073393
60.400 -12 -1723073393
60.427 -14 -1723073393
60.453 -6 -1723073393
60.480 -3 -1723073393
60.507 2 -1723073393
60.533 23 -1723073393
60.560 46 -1723073393
60.587 58 -1723073393
60.613 73 -1723073393
60.640 85 -1723073393
60.667 89 -1723073393
60.693 96 -1723073393
60.720 105 -1723073393
60.747 101 -1723073393
60.773 91 -1723073393
60.800 84 -1723073393
60.827 71 -1723073393
60.853 51 -1723073393
60.880 32 -1723073393
60.907 9 -1723073393
60.933 -16 -1723073393
60.960 -37 -1723073393
60.987 -59 -1723073393
61.013 -84 -1723073393
61.040 -103 -1723073393
61.067 -114 -1723073393
61.093 -130 -1723073393
61.120 -146 -1723073393
61.147 -152 -1723073393
61.173 -162 -1723073393
61.200 -177 -1723073393
61.227 -177 -1723073393
61.253 -174 -1723073393
61.280 -179 -1723073393
61.307 -175 -1723073393
61.333 -162 -1723073393
61.360 -159 -1723073393
61.387 -152 -1723073393
61.413 -136 -1723073393
61.440 -127 -1723073393
61.467 -120 -1723073393
61.493 -101 -1723073393
61.520 -90 -1723073393
61.547 -92 -1723073393
61.573 -89 -1723073393
61.600 -84 -1723073393
61.627 -91 -1723073393
61.653 -94 -1723073393
61.680 -95 -1723073393
61.707 -107 -1723073393
61.733 -121 -1723073393
61.760 -131 -1723073393
61.787 -154 -1723073393
61.813 -183 -1723073393
61.840 -204 -1723073393
61.867 -225 -1723073393
61.893 -253 -1723073393
61.920 -273 -1723073393
61.947 -289 -1723073393
61.973 -308 -1723073393
62.000 -317 -1723073393
62.027 -316 -1723073393
62.053 -320 -1723073393
62.080 -319 -1723073393
62.107 -304 -1723073393
62.133 -295 -1723073393
62.160 -291 -1723073393
62.187 -270 -1723073393
62.213 -248 -1723073393
62.240 -235 -1723073393
62.267 -212 -1723073393
62.293 -181 -1723073393
62.320 -163 -1723073393
62.347 -144 -1723073393
62.373 -118 -1723073393
62.400 -104 -1723073393
62.427 -97 -1723073393
62.453 -82 -1723073393
62.480 -72 -1723073393
62.507 -74 -1723073393
62.533 -73 -1723073393
62.560 -77 -1723073393
62.587 -94 -1723073393
62.613 -107 -1723073393
62.640 -116 -1723073393
62.667 -140 -1723073393
62.693 -164 -1723073393
62.720 -183 -1723073393
62.747 -209 -1723073393
62.773 -239 -1723073393
62.800 -260 -1723073393
62.827 -280 -1723073393
62.853 -303 -1723073393
62.880 -310 -1723073393
62.907 -308 -1723073393
62.933 -311 -1723073393
62.960 -304 -1723073393
62.987 -287 -1723073393
63.013 -278 -1723073393
63.040 -267 -1723073393
63.067 -244 -1723073393
63.093 -228 -1723073393
63.120 -214 -1723073393
63.147 -185 -1723073393
63.173 -155 -1723073393
63.200 -136 -1723073393
63.227 -107 -1723073393
63.253 -72 -1723073393
63.280 -53 -1723073393
63.307 -33 -1723073393
63.333 -10 -1723073393
63.360 -3 -1723073393
63.387 -1 -1723073393
63.413 5 -1723073393
63.440 0 -1723073393
63.467 -14 -1723073393
63.493 -24 -1723073393
63.520 -40 -1723073393
63.547 -66 -1723073393
63.573 -93 -1723073393
63.600 -122 -1723073393
63.627 -161 -1723073393
63.653 -194 -1723073393
63.680 -218 -1723073393
63.707 -249 -1723073393
63.733 -284 -1723073393
63.760 -304 -1723073393
63.787 -321 -1723073393
63.813 -342 -1723073393
63.840 -345 -1723073393
63.867 -337 -1723073393
63.893 -334 -1723073393
63.920 -323 -1723073393
63.947 -298 -1723073393
63.973 -275 -1723073393
64.000 -258 -1723073393
64.027 -228 -1723073393
64.053 -197 -1723073393
64.080 -179 -1723073393
64.107 -152 -1723073393
64.133 -119 -1723073393
64.160 -100 -1723073393
64.187 -82 -1723073393
64.213 -58 -1723073393
64.240 -50 -1723073393
64.267 -52 -1723073393
64.293 -47 -1723073393
64.320 -45 -1723073393
64.347 -53 -1723073393
64.373 -57 -1723073393
64.400 -66 -1723073393
64.427 -82 -1723073393
64.453 -92 -1723073393
64.480 -100 -1723073393
64.507 -117 -1723073393
64.533 -127 -1723073393
64.560 -124 -1723073393
64.587 -122 -1723073393
64.613 -121 -1723073393
64.640 -103 -1723073393
64.667 -82 -1723073393
64.693 -67 -1723073393
64.720 -43 -1723073393
64.747 -16 -1723073393
64.773 5 -1723073393
64.800 32 -1723073393
64.827 65 -1723073393
64.853 90 -1723073393
64.880 108 -1723073393
64.907 131 -1723073393
64.933 153 -1723073393
64.960 167 -1723073393
64.987 184 -1723073393
65.013 195 -1723073393
65.040 198 -1723073393
65.067 199 -1723073393
65.093 198 -1723073393
65.120 191 -1723073393
65.147 187 -1723073393
65.173 187 -1723073393
65.200 181 -1723073393
65.227 168 -1723073393
65.253 158 -1723073393
65.280 147 -1723073393
65.307 134 -1723073393
65.333 122 -1723073393
65.360 108 -1723073393
65.387 89 -1723073393
65.413 75 -1723073393
65.440 66 -1723073393
65.467 57 -1723073393
65.493 52 -1723073393
65.520 54 -1723073393
65.547 56 -1723073393
65.573 58 -1723073393
65.600 67 -1723073393
65.627 75 -1723073393
65.653 76 -1723073393
65.680 81 -1723073393
65.707 88 -1723073393
65.733 91 -1723073393
65.760 94 -1723073393
65.787 105 -1723073393
65.813 112 -1723073393
65.840 119 -1723073393
65.867 131 -1723073393
65.893 145 -1723073393
65.920 154 -1723073393
65.947 166 -1723073393
65.973 181 -1723073393
66.000 188 -1723073393
66.027 194 -1723073393
66.053 209 -1723073393
66.080 222 -1723073393
66.107 226 -1723073393
66.133 231 -1723073393
66.160 236 -1723073393
66.187 235 -1723073393
66.213 233 -1723073393
66.240 233 -1723073393
66.267 230 -1723073393
66.293 226 -1723073393
66.320 227 -1723073393
66.347 229 -1723073393
66.373 233 -1723073393
66.400 241 -1723073393
66.427 250 -1723073393
66.453 253 -1723073393
66.480 259 -1723073393
66.507 266 -1723073393
66.533 271 -1723073393
66.560 272 -1723073393
66.587 273 -1723073393
66.613 276 -1723073393
66.640 284 -1723073393
66.667 297 -1723073393
66.693 305 -1723073393
66.720 311 -1723073393
66.747 317 -1723073393
66.773 323 -1723073393
66.800 327 -1723073393
66.827 333 -1723073393
66.853 338 -1723073393
66.880 342 -1723073393
66.907 349 -1723073393
66.933 355 -1723073393
66.960 360 -1723073393
66.987 365 -1723073393
67.013 366 -1723073393
67.040 363 -1723073393
67.067 357 -1723073393
67.093 357 -1723073393
67.120 357 -1723073393
67.147 351 -1723073393
67.173 342 -1723073393
67.200 331 -1723073393
67.227 318 -1723073393
67.253 309 -1723073393
67.280 303 -1723073393
67.307 297 -1723073393
67.333 293 -1723073393
67.360 295 -1723073393
67.387 299 -1723073393
67.413 303 -1723073393
67.440 313 -1723073393
67.467 323 -1723073393
67.493 330 -1723073393
67.520 341 -1723073393
67.547 354 -1723073393
67.573 361 -1723073393
67.600 362 -1723073393
67.627 366 -1723073393
67.653 371 -1723073393
67.680 375 -1723073393
67.707 383 -1723073393
67.733 393 -1723073393
67.760 400 -1723073393
67.787 411 -1723073393
67.813 420 -1723073393
67.840 426 -1723073393
67.867 428 -1723073393
67.893 432 -1723073393
67.920 437 -1723073393
67.947 438 -1723073393
67.973 441 -1723073393
68.000 446 -1723073393
68.027 448 -1723073393
68.053 452 -1723073393
68.080 451 -1723073393
68.107 445 -1723073393
68.133 445 -1723073393
68.160 449 -1723073393
68.187 451 -1723073393
68.213 452 -1723073393
68.240 454 -1723073393
68.267 451 -1723073393
68.293 440 -1723073393
68.320 426 -1723073393
68.347 406 -1723073393
68.373 384 -1723073393
68.400 369 -1723073393
68.427 357 -1723073393
68.453 339 -1723073393
68.480 320 -1723073393
68.507 302 -1723073393
68.533 282 -1723073393
68.560 266 -1723073393
68.587 260 -1723073393
68.613 258 -1723073393
68.640 252 -1723073393
68.667 247 -1723073393
68.693 242 -1723073393
68.720 235 -1723073393
68.747 238 -1723073393
68.773 248 -1723073393
68.800 252 -1723073393
68.827 254 -1723073393
68.853 264 -1723073393
68.880 275 -1723073393
68.907 280 -1723073393
68.933 289 -1723073393
68.960 296 -1723073393
68.987 294 -1723073393
69.013 293 -1723073393
69.040 301 -1723073393
69.067 305 -1723073393
69.093 304 -1723073393
69.120 308 -1723073393
69.147 309 -1723073393
69.173 308 -1723073393
69.200 313 -1723073393
69.227 322 -1723073393
69.253 325 -1723073393
69.280 325 -1723073393
69.307 324 -1723073393
69.333 317 -1723073393
69.360 312 -1723073393
69.387 310 -1723073393
69.413 307 -1723073393
69.440 304 -1723073393
69.467 303 -1723073393
69.493 302 -1723073393
69.520 295 -1723073393
69.547 292 -1723073393
69.573 295 -1723073393
69.600 297 -1723073393
69.627 303 -1723073393
69.653 317 -1723073393
69.680 328 -1723073393
69.707 336 -1723073393
69.733 348 -1723073393
69.760 360 -1723073393
69.787 370 -1723073393
69.813 382 -1723073393
69.840 387 -1723073393
69.867 382 -1723073393
69.893 374 -1723073393
69.920 368 -1723073393
69.947 356 -1723073393
69.973 340 -1723073393
70.000 327 -1723073393
70.027 312 -1723073393
70.053 295 -1723073393
70.080 283 -1723073393
70.107 273 -1723073393
70.133 256 -1723073393
70.160 237 -1723073393
70.187 222 -1723073393
70.213 211 -1723073393
70.240 201 -1723073393
70.267 196 -1723073393
70.293 190 -1723073393
70.320 184 -1723073393
70.347 184 -1723073393
70.373 188 -1723073393
70.400 190 -1723073393
70.427 191 -1723073393
70.453 198 -1723073393
70.480 204 -1723073393
70.507 209 -1723073393
70.533 219 -1723073393
70.560 226 -1723073393
70.587 230 -1723073393
70.613 233 -1723073393
70.640 236 -1723073393
70.667 237 -1723073393
70.693 240 -1723073393
70.720 246 -1723073393
70.747 246 -1723073393
70.773 243 -1723073393
70.800 241 -1723073393
70.827 236 -1723073393
70.853 227 -1723073393
70.880 224 -1723073393
70.907 221 -1723073393
70.933 212 -1723073393
70.960 206 -1723073393
70.987 209 -1723073393
71.013 209 -1723073393
71.040 209 -1723073393
71.067 218 -1723073393
71.093 225 -1723073393
71.120 229 -1723073393
71.147 237 -1723073393
71.173 250 -1723073393
71.200 262 -1723073393
71.227 278 -1723073393
71.253 294 -1723073393
71.280 305 -1723073393
71.307 313 -1723073393
71.333 322 -1723073393
71.360 329 -1723073393
71.387 334 -1723073393
71.413 348 -1723073393
71.440 363 -1723073393
71.467 376 -1723073393
71.493 394 -1723073393
71.520 413 -1723073393
71.547 426 -1723073393
71.573 435 -1723073393
71.600 443 -1723073393
71.627 446 -1723073393
71.653 445 -1723073393
71.680 449 -1723073393
71.707 449 -1723073393
71.733 444 -1723073393
71.760 439 -1723073393
71.787 429 -1723073393
71.813 412 -1723073393
71.840 394 -1723073393
71.867 377 -1723073393
71.893 359 -1723073393
71.920 336 -1723073393
71.947 312 -1723073393
71.973 284 -1723073393
72.000 253 -1723073393
72.027 227 -1723073393
72.053 207 -1723073393
72.080 184 -1723073393
72.107 164 -1723073393
72.133 155 -1723073393
72.160 148 -1723073393
72.187 141 -1723073393
72.213 143 -1723073393
72.240 142 -1723073393
72.267 136 -1723073393
72.293 138 -1723073393
72.320 147 -1723073393
72.347 151 -1723073393
72.373 157 -1723073393
72.400 169 -1723073393
72.427 178 -1723073393
72.453 184 -1723073393
72.480 192 -1723073393
72.507 198 -1723073393
72.533 198 -1723073393
72.560 200 -1723073393
72.587 205 -1723073393
72.613 210 -1723073393
72.640 217 -1723073393
72.667 226 -1723073393
72.693 233 -1723073393
72.720 240 -1723073393
72.747 248 -1723073393
72.773 252 -1723073393
72.800 257 -1723073393
72.827 269 -1723073393
72.853 284 -1723073393
72.880 295 -1723073393
72.907 306 -1723073393
72.933 315 -1723073393
72.960 318 -1723073393
72.987 320 -1723073393
73.013 319 -1723073393
73.040 316 -1723073393
73.067 310 -1723073393
73.093 305 -1723073393
73.120 298 -1723073393
73.147 290 -1723073393
73.173 288 -1723073393
73.200 286 -1723073393
73.227 281 -1723073393
73.253 280 -1723073393
73.280 282 -1723073393
73.307 283 -1723073393
73.333 284 -1723073393
73.360 286 -1723073393
73.387 280 -1723073393
73.413 270 -1723073393
73.440 260 -1723073393
73.467 249 -1723073393
73.493 236 -1723073393
73.520 226 -1723073393
73.547 217 -1723073393
73.573 206 -1723073393
73.600 200 -1723073393
73.627 199 -1723073393
73.653 196 -1723073393
73.680 190 -1723073393
73.707 185 -1723073393
73.733 180 -1723073393
73.760 176 -1723073393
73.787 175 -1723073393
73.813 175 -1723073393
73.840 174 -1723073393
73.867 174 -1723073393
73.893 177 -1723073393
73.920 179 -1723073393
73.947 185 -1723073393
73.973 197 -1723073393
74.000 211 -1723073393
74.027 224 -1723073393
74.053 237 -1723073393
74.080 247 -1723073393
74.107 252 -1723073393
74.133 257 -1723073393
74.160 262 -1723073393
74.187 269 -1723073393
74.213 278 -1723073393
74.240 284 -1723073393
74.267 283 -1723073393
74.293 278 -1723073393
74.320 273 -1723073393
74.347 268 -1723073393
74.373 264 -1723073393
74.400 260 -1723073393
74.427 252 -1723073393
74.453 237 -1723073393
74.480 224 -1723073393
74.507 212 -1723073393
74.533 200 -1723073393
74.560 186 -1723073393
74.587 175 -1723073393
74.613 165 -1723073393
74.640 152 -1723073393
74.667 146 -1723073393
74.693 143 -1723073393
74.720 139 -1723073393
74.747 141 -1723073393
74.773 152 -1723073393
74.800 161 -1723073393
74.827 166 -1723073393
74.853 178 -1723073393
74.880 189 -1723073393
74.907 194 -1723073393
74.933 198 -1723073393
74.960 204 -1723073393
74.987 207 -1723073393
75.013 211 -1723073393
75.040 218 -1723073393
75.067 225 -1723073393
75.093 232 -1723073393
75.120 239 -1723073393
75.147 245 -1723073393
75.173 247 -1723073393
75.200 251 -1723073393
75.227 253 -1723073393
75.253 255 -1723073393
75.280 258 -1723073393
75.307 264 -1723073393
75.333 268 -1723073393
75.360 273 -1723073393
75.387 274 -1723073393
75.413 272 -1723073393
75.440 268 -1723073393
75.467 261 -1723073393
75.493 254 -1723073393
75.520 247 -1723073393
75.547 243 -1723073393
75.573 237 -1723073393
75.600 229 -1723073393
75.627 217 -1723073393
75.653 204 -1723073393
75.680 192 -1723073393
75.707 183 -1723073393
75.733 180 -1723073393
75.760 173 -1723073393
75.787 166 -1723073393
75.813 168 -1723073393
75.840 175 -1723073393
75.867 178 -1723073393
75.893 187 -1723073393
75.920 204 -1723073393
75.947 220 -1723073393
75.973 233 -1723073393
76.000 246 -1723073393
76.027 256 -1723073393
76.053 263 -1723073393
76.080 270 -1723073393
76.107 276 -1723073393
76.133 274 -1723073393
76.160 265 -1723073393
76.187 254 -1723073393
76.213 241 -1723073393
76.240 224 -1723073393
76.267 207 -1723073393
76.293 192 -1723073393
76.320 177 -1723073393
76.347 161 -1723073393
76.373 144 -1723073393
76.400 126 -1723073393
76.427 114 -1723073393
76.453 103 -1723073393
76.480 91 -1723073393
76.507 86 -1723073393
76.533 91 -1723073393
76.560 96 -1723073393
76.587 105 -1723073393
76.613 115 -1723073393
76.640 121 -1723073393
76.667 135 -1723073393
76.693 157 -1723073393
76.720 175 -1723073393
76.747 190 -1723073393
76.773 211 -1723073393
76.800 234 -1723073393
76.827 248 -1723073393
76.853 266 -1723073393
76.880 287 -1723073393
76.907 304 -1723073393
76.933 317 -1723073393
76.960 331 -1723073393
76.987 344 -1723073393
77.013 356 -1723073393
77.040 370 -1723073393
77.067 382 -1723073393
77.093 386 -1723073393
77.120 388 -1723073393
77.147 386 -1723073393
77.173 383 -1723073393
77.200 378 -1723073393
77.227 371 -1723073393
77.253 364 -1723073393
77.280 358 -1723073393
77.307 348 -1723073393
77.333 334 -1723073393
77.360 323 -1723073393
77.387 308 -1723073393
77.413 289 -1723073393
77.440 276 -1723073393
77.467 270 -1723073393
77.493 266 -1723073393
77.520 264 -1723073393
77.547 266 -1723073393
77.573 270 -1723073393
77.600 272 -1723073393
77.627 280 -1723073393
77.653 295 -1723073393
77.680 305 -1723073393
77.707 310 -1723073393
77.733 320 -1723073393
77.760 329 -1723073393
77.787 339 -1723073393
77.813 351 -1723073393
77.840 360 -1723073393
77.867 362 -1723073393
77.893 363 -1723073393
77.920 364 -1723073393
77.947 364 -1723073393
77.973 364 -1723073393
78.000 363 -1723073393
78.027 358 -1723073393
78.053 352 -1723073393
78.080 345 -1723073393
78.107 334 -1723073393
78.133 322 -1723073393
78.160 315 -1723073393
78.187 308 -1723073393
78.213 299 -1723073393
78.240 290 -1723073393
78.267 279 -1723073393
78.293 266 -1723073393
78.320 258 -1723073393
78.347 252 -1723073393
78.373 243 -1723073393
78.400 240 -1723073393
78.427 243 -1723073393
78.453 242 -1723073393
78.480 241 -1723073393
78.507 241 -1723073393
78.533 239 -1723073393
78.560 237 -1723073393
78.587 239 -1723073393
78.613 238 -1723073393
78.640 234 -1723073393
78.667 233 -1723073393
78.693 232 -1723073393
78.720 231 -1723073393
78.747 238 -1723073393
78.773 247 -1723073393
78.800 252 -1723073393
78.827 261 -1723073393
78.853 268 -1723073393
78.880 265 -1723073393
78.907 262 -1723073393
78.933 258 -1723073393
78.960 251 -1723073393
78.987 245 -1723073393
79.013 244 -1723073393
79.040 239 -1723073393
79.067 229 -1723073393
79.093 223 -1723073393
79.120 217 -1723073393
79.147 202 -1723073393
79.173 186 -1723073393
79.200 171 -1723073393
79.227 157 -1723073393
79.253 150 -1723073393
79.280 147 -1723073393
79.307 145 -1723073393
79.333 145 -1723073393
79.360 151 -1723073393
79.387 163 -1723073393
79.413 175 -1723073393
79.440 191 -1723073393
79.467 207 -1723073393
79.493 219 -1723073393
79.520 231 -1723073393
79.547 241 -1723073393
79.573 248 -1723073393
79.600 252 -1723073393
79.627 258 -1723073393
79.653 264 -1723073393
79.680 272 -1723073393
79.707 281 -1723073393
79.733 288 -1723073393
79.760 287 -1723073393
79.787 279 -1723073393
79.813 265 -1723073393
79.840 249 -1723073393
79.867 230 -1723073393
79.893 209 -1723073393
79.920 188 -1723073393
79.947 169 -1723073393
79.973 148 -1723073393
80.000 123 -1723073393
80.027 98 -1723073393
80.053 78 -1723073393
80.080 65 -1723073393
80.107 59 -1723073393
80.133 60 -1723073393
80.160 60 -1723073393
80.187 62 -1723073393
80.213 68 -1723073393
80.240 78 -1723073393
80.267 89 -1723073393
80.293 103 -1723073393
80.320 118 -1723073393
80.347 130 -1723073393
80.373 144 -1723073393
80.400 161 -1723073393
80.427 176 -1723073393
80.453 194 -1723073393
80.480 211 -1723073393
80.507 219 -1723073393
80.533 229 -1723073393
80.560 243 -1723073393
80.587 250 -1723073393
80.613 255 -1723073393
80.640 262 -1723073393
80.667 261 -1723073393
80.693 257 -1723073393
80.720 257 -1723073393
80.747 255 -1723073393
80.773 250 -1723073393
80.800 247 -1723073393
80.827 238 -1723073393
80.853 222 -1723073393
80.880 211 -1723073393
80.907 205 -1723073393
80.933 196 -1723073393
80.960 193 -1723073393
80.987 192 -1723073393
81.013 190 -1723073393
81.040 193 -1723073393
81.067 201 -1723073393
81.093 204 -1723073393
81.120 206 -1723073393
81.147 208 -1723073393
81.173 212 -1723073393
81.200 218 -1723073393
81.227 226 -1723073393
81.253 229 -1723073393
81.280 229 -1723073393
81.307 233 -1723073393
81.333 234 -1723073393
81.360 230 -1723073393
81.387 225 -1723073393
81.413 221 -1723073393
81.440 216 -1723073393
81.467 210 -1723073393
81.493 202 -1723073393
81.520 190 -1723073393
81.547 180 -1723073393
81.573 173 -1723073393
81.600 164 -1723073393
81.627 156 -1723073393
81.653 154 -1723073393
81.680 150 -1723073393
81.707 143 -1723073393
81.733 138 -1723073393
81.760 130 -1723073393
81.787 119 -1723073393
81.813 120 -1723073393
81.840 124 -1723073393
81.867 127 -1723073393
81.893 133 -1723073393
81.920 143 -1723073393
81.947 148 -1723073393
81.973 152 -1723073393
82.000 161 -1723073393
82.027 169 -1723073393
82.053 175 -1723073393
82.080 187 -1723073393
82.107 200 -1723073393
82.133 211 -1723073393
82.160 225 -1723073393
82.187 239 -1723073393
82.213 251 -1723073393
82.240 267 -1723073393
82.267 282 -1723073393
82.293 296 -1723073393
82.320 313 -1723073393
82.347 327 -1723073393
82.373 337 -1723073393
82.400 342 -1723073393
82.427 343 -1723073393
82.453 340 -1723073393
82.480 338 -1723073393
82.507 333 -1723073393
82.533 322 -1723073393
82.560 312 -1723073393
82.587 302 -1723073393
82.613 292 -1723073393
82.640 288 -1723073393
82.667 289 -1723073393
82.693 286 -1723073393
82.720 281 -1723073393
82.747 281 -1723073393
82.773 278 -1723073393
82.800 269 -1723073393
82.827 262 -1723073393
82.853 260 -1723073393
82.880 263 -1723073393
82.907 268 -1723073393
82.933 268 -1723073393
82.960 266 -1723073393
82.987 267 -1723073393
83.013 270 -1723073393
83.040 272 -1723073393
83.067 276 -1723073393
83.093 281 -1723073393
83.120 287 -1723073393
83.147 293 -1723073393
83.173 298 -1723073393
83.200 300 -1723073393
83.227 300 -1723073393
83.253 299 -1723073393
83.280 297 -1723073393
83.307 293 -1723073393
83.333 287 -1723073393
83.360 279 -1723073393
83.387 271 -1723073393
83.413 260 -1723073393
83.440 250 -1723073393
83.467 244 -1723073393
83.493 239 -1723073393
83.520 233 -1723073393
83.547 224 -1723073393
83.573 217 -1723073393
83.600 212 -1723073393
83.627 208 -1723073393
83.653 201 -1723073393
83.680 195 -1723073393
83.707 189 -1723073393
83.733 186 -1723073393
83.760 190 -1723073393
83.787 194 -1723073393
83.813 195 -1723073393
83.840 199 -1723073393
83.867 203 -1723073393
83.893 206 -1723073393
83.920 209 -1723073393
83.947 215 -1723073393
83.973 224 -1723073393
84.000 233 -1723073393
84.027 235 -1723073393
84.053 233 -1723073393
84.080 231 -1723073393
84.107 227 -1723073393
84.133 225 -1723073393
84.160 229 -1723073393
84.187 228 -1723073393
84.213 225 -1723073393
84.240 228 -1723073393
84.267 227 -1723073393
84.293 227 -1723073393
84.320 231 -1723073393
84.347 234 -1723073393
84.373 234 -1723073393
84.400 238 -1723073393
84.427 249 -1723073393
84.453 256 -1723073393
84.480 257 -1723073393
84.507 258 -1723073393
84.533 256 -1723073393
84.560 252 -1723073393
84.587 251 -1723073393
84.613 249 -1723073393
84.640 247 -1723073393
84.667 249 -1723073393
84.693 254 -1723073393
84.720 260 -1723073393
84.747 267 -1723073393
84.773 271 -1723073393
84.800 270 -1723073393
84.827 267 -1723073393
84.853 259 -1723073393
84.880 252 -1723073393
84.907 250 -1723073393
84.933 247 -1723073393
84.960 245 -1723073393
84.987 242 -1723073393
85.013 232 -1723073393
85.040 222 -1723073393
85.067 219 -1723073393
85.093 212 -1723073393
85.120 201 -1723073393
85.147 197 -1723073393
85.173 196 -1723073393
85.200 192 -1723073393
85.227 189 -1723073393
85.253 188 -1723073393
85.280 186 -1723073393
85.307 187 -1723073393
85.333 187 -1723073393
85.360 186 -1723073393
85.387 186 -1723073393
85.413 189 -1723073393
85.440 192 -1723073393
85.467 194 -1723073393
85.493 195 -1723073393
85.520 194 -1723073393
85.547 192 -1723073393
85.573 189 -1723073393
85.600 187 -1723073393
85.627 188 -1723073393
85.653 189 -1723073393
85.680 185 -1723073393
85.707 182 -1723073393
85.733 184 -1723073393
85.760 186 -1723073393
85.787 189 -1723073393
85.813 192 -1723073393
85.840 189 -1723073393
85.867 188 -1723073393
85.893 190 -1723073393
85.920 193 -1723073393
85.947 198 -1723073393
85.973 210 -1723073393
86.000 220 -1723073393
86.027 232 -1723073393
86.053 249 -1723073393
86.080 258 -1723073393
86.107 266 -1723073393
86.133 278 -1723073393
86.160 279 -1723073393
86.187 277 -1723073393
86.213 282 -1723073393
86.240 278 -1723073393
86.267 270 -1723073393
86.293 267 -1723073393
86.320 263 -1723073393
86.347 257 -1723073393
86.373 255 -1723073393
86.400 244 -1723073393
86.427 230 -1723073393
86.453 219 -1723073393
86.480 212 -1723073393
86.507 208 -1723073393
86.533 208 -1723073393
86.560 203 -1723073393
86.587 194 -1723073393
86.613 196 -1723073393
86.640 200 -1723073393
86.667 202 -1723073393
86.693 205 -1723073393
86.720 203 -1723073393
86.747 195 -1723073393
86.773 194 -1723073393
86.800 193 -1723073393
86.827 186 -1723073393
86.853 183 -1723073393
86.880 184 -1723073393
86.907 176 -1723073393
86.933 168 -1723073393
86.960 166 -1723073393
86.987 160 -1723073393
87.013 157 -1723073393
87.040 158 -1723073393
87.067 155 -1723073393
87.093 156 -1723073393
87.120 159 -1723073393
87.147 151 -1723073393
87.173 146 -1723073393
87.200 151 -1723073393
87.227 153 -1723073393
87.253 156 -1723073393
87.280 166 -1723073393
87.307 174 -1723073393
87.333 178 -1723073393
87.360 181 -1723073393
87.387 180 -1723073393
87.413 182 -1723073393
87.440 188 -1723073393
87.467 190 -1723073393
87.493 197 -1723073393
87.520 206 -1723073393
87.547 206 -1723073393
87.573 204 -1723073393
87.600 204 -1723073393
87.627 200 -1723073393
87.653 202 -1723073393
87.680 206 -1723073393
87.707 205 -1723073393
87.733 211 -1723073393
87.760 219 -1723073393
87.787 218 -1723073393
87.813 222 -1723073393
87.840 229 -1723073393
87.867 230 -1723073393
87.893 235 -1723073393
87.920 246 -1723073393
87.947 254 -1723073393
87.973 262 -1723073393
88.000 268 -1723073393
88.027 270 -1723073393
88.053 272 -1723073393
88.080 274 -1723073393
88.107 268 -1723073393
88.133 262 -1723073393
88.160 257 -1723073393
88.187 251 -1723073393
88.213 246 -1723073393
88.240 241 -1723073393
88.267 235 -1723073393
88.293 234 -1723073393
88.320 229 -1723073393
88.347 220 -1723073393
88.373 217 -1723073393
88.400 214 -1723073393
88.427 205 -1723073393
88.453 200 -1723073393
88.480 203 -1723073393
88.507 203 -1723073393
88.533 202 -1723073393
88.560 202 -1723073393
88.587 199 -1723073393
88.613 206 -1723073393
88.640 216 -1723073393
88.667 219 -1723073393
88.693 225 -1723073393
88.720 230 -1723073393
88.747 228 -1723073393
88.773 228 -1723073393
88.800 231 -1723073393
88.827 231 -1723073393
88.853 237 -1723073393
88.880 244 -1723073393
88.907 247 -1723073393
88.933 251 -1723073393
88.960 249 -1723073393
88.987 238 -1723073393
89.013 228 -1723073393
89.040 220 -1723073393
89.067 215 -1723073393
89.093 209 -1723073393
89.120 195 -1723073393
89.147 185 -1723073393
89.173 183 -1723073393
89.200 182 -1723073393
89.227 177 -1723073393
89.253 171 -1723073393
89.280 157 -1723073393
89.307 145 -1723073393
89.333 139 -1723073393
89.360 131 -1723073393
89.387 129 -1723073393
89.413 131 -1723073393
89.440 133 -1723073393
89.467 140 -1723073393
89.493 152 -1723073393
89.520 162 -1723073393
89.547 170 -1723073393
89.573 179 -1723073393
89.600 188 -1723073393
89.627 199 -1723073393
89.653 208 -1723073393
89.680 211 -1723073393
89.707 213 -1723073393
89.733 220 -1723073393
89.760 228 -1723073393
89.787 240 -1723073393
89.813 250 -1723073393
89.840 254 -1723073393
89.867 254 -1723073393
89.893 250 -1723073393
89.920 241 -1723073393
89.947 237 -1723073393
89.973 232 -1723073393
90.000 223 -1723073393
90.027 213 -1723073393
90.053 195 -1723073393
90.080 173 -1723073393
90.107 160 -1723073393
90.133 148 -1723073393
90.160 137 -1723073393
90.187 134 -1723073393
90.213 131 -1723073393
90.240 128 -1723073393
90.267 128 -1723073393
90.293 129 -1723073393
90.320 133 -1723073393
90.347 136 -1723073393
90.373 135 -1723073393
90.400 138 -1723073393
90.427 146 -1723073393
90.453 151 -1723073393
90.480 157 -1723073393
90.507 166 -1723073393
90.533 171 -1723073393
90.560 178 -1723073393
90.587 184 -1723073393
90.613 185 -1723073393
90.640 182 -1723073393
90.667 175 -1723073393
90.693 170 -1723073393
90.720 170 -1723073393
90.747 164 -1723073393
90.773 158 -1723073393
90.800 156 -1723073393
90.827 151 -1723073393
90.853 143 -1723073393
90.880 137 -1723073393
90.907 132 -1723073393
90.933 132 -1723073393
90.960 134 -1723073393
90.987 132 -1723073393
91.013 129 -1723073393
91.040 129 -1723073393
91.067 130 -1723073393
91.093 138 -1723073393
91.120 151 -1723073393
91.147 166 -1723073393
91.173 180 -1723073393
91.200 188 -1723073393
91.227 196 -1723073393
91.253 205 -1723073393
91.280 209 -1723073393
91.307 215 -1723073393
91.333 228 -1723073393
91.360 236 -1723073393
91.387 249 -1723073393
91.413 260 -1723073393
91.440 268 -1723073393
91.467 280 -1723073393
91.493 293 -1723073393
91.520 302 -1723073393
91.547 315 -1723073393
91.573 324 -1723073393
91.600 337 -1723073393
91.627 353 -1723073393
91.653 366 -1723073393
91.680 374 -1723073393
91.707 378 -1723073393
91.733 377 -1723073393
91.760 380 -1723073393
91.787 377 -1723073393
91.813 372 -1723073393
91.840 365 -1723073393
91.867 349 -1723073393
91.893 333 -1723073393
91.920 317 -1723073393
91.947 300 -1723073393
91.973 290 -1723073393
92.000 281 -1723073393
92.027 276 -1723073393
92.053 279 -1723073393
92.080 278 -1723073393
92.107 276 -1723073393
92.133 276 -1723073393
92.160 280 -1723073393
92.187 286 -1723073393
92.213 292 -1723073393
92.240 292 -1723073393
92.267 295 -1723073393
92.293 304 -1723073393
92.320 315 -1723073393
92.347 326 -1723073393
92.373 337 -1723073393
92.400 343 -1723073393
92.427 352 -1723073393
92.453 356 -1723073393
92.480 359 -1723073393
92.507 369 -1723073393
92.533 372 -1723073393
92.560 369 -1723073393
92.587 364 -1723073393
92.613 357 -1723073393
92.640 352 -1723073393
92.667 343 -1723073393
92.693 338 -1723073393
92.720 337 -1723073393
92.747 332 -1723073393
92.773 330 -1723073393
92.800 326 -1723073393
92.827 317 -1723073393
92.853 313 -1723073393
92.880 308 -1723073393
92.907 303 -1723073393
92.933 300 -1723073393
92.960 294 -1723073393
92.987 293 -1723073393
93.013 300 -1723073393
93.040 307 -1723073393
93.067 319 -1723073393
93.093 329 -1723073393
93.120 334 -1723073393
93.147 341 -1723073393
93.173 348 -1723073393
93.200 364 -1723073393
93.227 381 -1723073393
93.253 394 -1723073393
93.280 405 -1723073393
93.307 407 -1723073393
93.333 408 -1723073393
93.360 416 -1723073393
93.387 419 -1723073393
93.413 418 -1723073393
93.440 412 -1723073393
93.467 398 -1723073393
93.493 387 -1723073393
93.520 377 -1723073393
93.547 364 -1723073393
93.573 359 -1723073393
93.600 356 -1723073393
93.627 345 -1723073393
93.653 337 -1723073393
93.680 325 -1723073393
93.707 319 -1723073393
93.733 317 -1723073393
93.760 311 -1723073393
93.787 309 -1723073393
93.813 315 -1723073393
93.840 323 -1723073393
93.867 327 -1723073393
93.893 330 -1723073393
93.920 335 -1723073393
93.947 336 -1723073393
93.973 342 -1723073393
94.000 343 -1723073393
94.027 345 -1723073393
94.053 352 -1723073393
94.080 357 -1723073393
94.107 359 -1723073393
94.133 365 -1723073393
94.160 372 -1723073393
94.187 376 -1723073393
94.213 378 -1723073393
94.240 375 -1723073393
94.267 374 -1723073393
94.293 372 -1723073393
94.320 363 -1723073393
94.347 357 -1723073393
94.373 349 -1723073393
94.400 337 -1723073393
94.427 325 -1723073393
94.453 312 -1723073393
94.480 304 -1723073393
94.507 297 -1723073393
94.533 285 -1723073393
94.560 273 -1723073393
94.587 263 -1723073393
94.613 267 -1723073393
94.640 274 -1723073393
94.667 276 -1723073393
94.693 281 -1723073393
94.720 280 -1723073393
94.747 277 -1723073393
94.773 281 -1723073393
94.800 286 -1723073393
94.827 294 -1723073393
94.853 297 -1723073393
94.880 297 -1723073393
94.907 300 -1723073393
94.933 301 -1723073393
94.960 305 -1723073393
94.987 312 -1723073393
95.013 321 -1723073393
95.040 329 -1723073393
95.067 333 -1723073393
95.093 336 -1723073393
95.120 339 -1723073393
95.147 339 -1723073393
95.173 339 -1723073393
95.200 338 -1723073393
95.227 337 -1723073393
95.253 340 -1723073393
95.280 338 -1723073393
95.307 336 -1723073393
95.333 333 -1723073393
95.360 330 -1723073393
95.387 330 -1723073393
95.413 328 -1723073393
95.440 327 -1723073393
95.467 315 -1723073393
95.493 300 -1723073393
95.520 294 -1723073393
95.547 290 -1723073393
95.573 290 -1723073393
95.600 292 -1723073393
95.627 286 -1723073393
95.653 281 -1723073393
95.680 278 -1723073393
95.707 276 -1723073393
95.733 277 -1723073393
95.760 269 -1723073393
95.787 261 -1723073393
95.813 253 -1723073393
95.840 252 -1723073393
95.867 250 -1723073393
95.893 247 -1723073393
95.920 249 -1723073393
95.947 249 -1723073393
95.973 244 -1723073393
96.000 240 -1723073393
96.027 236 -1723073393
96.053 230 -1723073393
96.080 224 -1723073393
96.107 217 -1723073393
96.133 210 -1723073393
96.160 200 -1723073393
96.187 186 -1723073393
96.213 171 -1723073393
96.240 163 -1723073393
96.267 151 -1723073393
96.293 139 -1723073393
96.320 129 -1723073393
96.347 119 -1723073393
96.373 111 -1723073393
96.400 105 -1723073393
96.427 104 -1723073393
96.453 104 -1723073393
96.480 101 -1723073393
96.507 101 -1723073393
96.533 103 -1723073393
96.560 106 -1723073393
96.587 106 -1723073393
96.613 113 -1723073393
96.640 128 -1723073393
96.667 137 -1723073393
96.693 144 -1723073393
96.720 153 -1723073393
96.747 154 -1723073393
96.773 160 -1723073393
96.800 167 -1723073393
96.827 169 -1723073393
96.853 173 -1723073393
96.880 169 -1723073393
96.907 163 -1723073393
96.933 157 -1723073393
96.960 151 -1723073393
96.987 145 -1723073393
97.013 139 -1723073393
97.040 131 -1723073393
97.067 121 -1723073393
97.093 115 -1723073393
97.120 112 -1723073393
97.147 105 -1723073393
97.173 97 -1723073393
97.200 89 -1723073393
97.227 81 -1723073393
97.253 72 -1723073393
97.280 70 -1723073393
97.307 77 -1723073393
97.333 76 -1723073393
97.360 76 -1723073393
97.387 68 -1723073393
97.413 64 -1723073393
97.440 64 -1723073393
97.467 60 -1723073393
97.493 59 -1723073393
97.520 53 -1723073393
97.547 56 -1723073393
97.573 58 -1723073393
97.600 64 -1723073393
97.627 72 -1723073393
97.653 71 -1723073393
97.680 68 -1723073393
97.707 58 -1723073393
97.733 49 -1723073393
97.760 50 -1723073393
97.787 49 -1723073393
97.813 52 -1723073393
97.840 53 -1723073393
97.867 49 -1723073393
97.893 47 -1723073393
97.920 45 -1723073393
97.947 42 -1723073393
97.973 39 -1723073393
98.000 40 -1723073393
98.027 43 -1723073393
98.053 45 -1723073393
98.080 42 -1723073393
98.107 40 -1723073393
98.133 40 -1723073393
98.160 43 -1723073393
98.187 43 -1723073393
98.213 41 -1723073393
98.240 38 -1723073393
98.267 41 -1723073393
98.293 42 -1723073393
98.320 42 -1723073393
98.347 44 -1723073393
98.373 48 -1723073393
98.400 50 -1723073393
98.427 52 -1723073393
98.453 54 -1723073393
98.480 57 -1723073393
98.507 61 -1723073393
98.533 69 -1723073393
98.560 73 -1723073393
98.587 80 -1723073393
98.613 81 -1723073393
98.640 86 -1723073393
98.667 90 -1723073393
98.693 91 -1723073393
98.720 95 -1723073393
98.747 95 -1723073393
98.773 89 -1723073393
98.800 77 -1723073393
98.827 78 -1723073393
98.853 82 -1723073393
98.880 83 -1723073393
98.907 86 -1723073393
98.933 85 -1723073393
98.960 82 -1723073393
98.987 72 -1723073393
99.013 61 -1723073393
99.040 54 -1723073393
99.067 47 -1723073393
99.093 38 -1723073393
99.120 32 -1723073393
99.147 32 -1723073393
99.173 26 -1723073393
99.200 24 -1723073393
99.227 21 -1723073393
99.253 16 -1723073393
99.280 9 -1723073393
99.307 11 -1723073393
99.333 11 -1723073393
99.360 5 -1723073393
99.387 7 -1723073393
99.413 10 -1723073393
99.440 12 -1723073393
99.467 16 -1723073393
99.493 19 -1723073393
99.520 17 -1723073393
99.547 16 -1723073393
99.573 17 -1723073393
99.600 21 -1723073393
99.627 20 -1723073393
99.653 23 -1723073393
99.680 22 -1723073393
99.707 25 -1723073393
99.733 22 -1723073393
99.760 18 -1723073393
99.787 12 -1723073393
99.813 9 -1723073393
99.840 4 -1723073393
99.867 -2 -1723073393
99.893 0 -1723073393
99.920 -3 -1723073393
99.947 -8 -1723073393
99.973 -18 -1723073393
100.000 0 -1723073393
