0.000 32 -1723073393
0.027 31 -1723073393
0.053 25 -1723073393
0.080 19 -1723073393
0.107 28 -1723073393
0.133 17 -1723073393
0.160 19 -1723073393
0.187 22 -1723073393
0.213 15 -1723073393
0.240 24 -1723073393
0.267 14 -1723073393
0.293 17 -1723073393
0.320 25 -1723073393
0.347 11 -1723073393
0.373 23 -1723073393
0.400 18 -1723073393
0.427 12 -1723073393
0.453 24 -1723073393
0.480 18 -1723073393
0.507 26 -1723073393
0.533 29 -1723073393
0.560 19 -1723073393
0.587 25 -1723073393
0.613 9 -1723073393
0.640 7 -1723073393
0.667 17 -1723073393
0.693 8 -1723073393
0.720 19 -1723073393
0.747 15 -1723073393
0.773 10 -1723073393
0.800 17 -1723073393
0.827 6 -1723073393
0.853 11 -1723073393
0.880 7 -1723073393
0.907 0 -1723073393
0.933 7 -1723073393
0.960 0 -1723073393
0.987 9 -1723073393
1.013 17 -1723073393
1.040 6 -1723073393
1.067 12 -1723073393
1.093 7 -1723073393
1.120 9 -1723073393
1.147 13 -1723073393
1.173 1 -1723073393
1.200 9 -1723073393
1.227 3 -1723073393
1.253 0 -1723073393
1.280 6 -1723073393
1.307 -7 -1723073393
1.333 -3 -1723073393
1.360 -5 -1723073393
1.387 -19 -1723073393
1.413 -16 -1723073393
1.440 -27 -1723073393
1.467 -20 -1723073393
1.493 -8 -1723073393
1.520 -16 -1723073393
1.547 -7 -1723073393
1.573 -9 -1723073393
1.600 -5 -1723073393
1.627 7 -1723073393
1.653 -2 -1723073393
1.680 -2 -1723073393
1.707 -13 -1723073393
1.733 -23 -1723073393
1.760 -18 -1723073393
1.787 -31 -1723073393
1.813 -25 -1723073393
1.840 -23 -1723073393
1.867 -31 -1723073393
1.893 -17 -1723073393
1.920 -20 -1723073393
1.947 -22 -1723073393
1.973 -17 -1723073393
2.000 -22 -1723073393
2.027 -10 -1723073393
2.053 -12 -1723073393
2.080 -13 -1723073393
2.107 -2 -1723073393
2.133 -6 -1723073393
2.160 -2 -1723073393
2.187 -4 -1723073393
2.213 -16 -1723073393
2.240 -13 -1723073393
2.267 -23 -1723073393
2.293 -25 -1723073393
2.320 -24 -1723073393
2.347 -33 -1723073393
2.373 -27 -1723073393
2.400 -27 -1723073393
2.427 -27 -1723073393
2.453 -13 -1723073393
2.480 -16 -1723073393
2.507 -12 -1723073393
2.533 -11 -1723073393
2.560 -16 -1723073393
2.587 -8 -1723073393
2.613 -14 -1723073393
2.640 -11 -1723073393
2.667 -8 -1723073393
2.693 -16 -1723073393
2.720 -11 -1723073393
2.747 -19 -1723073393
2.773 -26 -1723073393
2.800 -21 -1723073393
2.827 -25 -1723073393
2.853 -15 -1723073393
2.880 -11 -1723073393
2.907 -10 -1723073393
2.933 0 -1723073393
2.960 -8 -1723073393
2.987 -12 -1723073393
3.013 -13 -1723073393
3.040 -21 -1723073393
3.067 -16 -1723073393
3.093 -22 -1723073393
3.120 -21 -1723073393
3.147 -11 -1723073393
3.173 -17 -1723073393
3.200 -17 -1723073393
3.227 -20 -1723073393
3.253 -23 -1723073393
3.280 -20 -1723073393
3.307 -33 -1723073393
3.333 -37 -1723073393
3.360 -37 -1723073393
3.387 -39 -1723073393
3.413 -27 -1723073393
3.440 -27 -1723073393
3.467 -28 -1723073393
3.493 -19 -1723073393
3.520 -14 -1723073393
3.547 -5 -1723073393
3.573 -12 -1723073393
3.600 -17 -1723073393
3.627 -11 -1723073393
3.653 -14 -1723073393
3.680 -15 -1723073393
3.707 -20 -1723073393
3.733 -29 -1723073393
3.760 -27 -1723073393
3.787 -32 -1723073393
3.813 -33 -1723073393
3.840 -28 -1723073393
3.867 -27 -1723073393
3.893 -27 -1723073393
3.920 -34 -1723073393
3.947 -39 -1723073393
3.973 -35 -1723073393
4.000 -36 -1723073393
4.027 -31 -1723073393
4.053 -23 -1723073393
4.080 -23 -1723073393
4.107 -19 -1723073393
4.133 -24 -1723073393
4.160 -29 -1723073393
4.187 -27 -1723073393
4.213 -32 -1723073393
4.240 -29 -1723073393
4.267 -26 -1723073393
4.293 -23 -1723073393
4.320 -20 -1723073393
4.347 -26 -1723073393
4.373 -27 -1723073393
4.400 -25 -1723073393
4.427 -29 -1723073393
4.453 -28 -1723073393
4.480 -25 -1723073393
4.507 -16 -1723073393
4.533 -9 -1723073393
4.560 -12 -1723073393
4.587 -15 -1723073393
4.613 -16 -1723073393
4.640 -18 -1723073393
4.667 -19 -1723073393
4.693 -25 -1723073393
4.720 -22 -1723073393
4.747 -19 -1723073393
4.773 -26 -1723073393
4.800 -31 -1723073393
4.827 -30 -1723073393
4.853 -32 -1723073393
4.880 -32 -1723073393
4.907 -28 -1723073393
4.933 -23 -1723073393
4.960 -21 -1723073393
4.987 -26 -1723073393
5.013 -23 -1723073393
5.040 -17 -1723073393
5.067 -11 -1723073393
5.093 -4 -1723073393
5.120 -3 -1723073393
5.147 -5 -1723073393
5.173 -10 -1723073393
5.200 -17 -1723073393
5.227 -19 -1723073393
5.253 -23 -1723073393
5.280 -27 -1723073393
5.307 -20 -1723073393
5.333 -14 -1723073393
5.360 -14 -1723073393
5.387 -14 -1723073393
5.413 -24 -1723073393
5.440 -23 -1723073393
5.467 -23 -1723073393
5.493 -24 -1723073393
5.520 -19 -1723073393
5.547 -25 -1723073393
5.573 -30 -1723073393
5.600 -29 -1723073393
5.627 -33 -1723073393
5.653 -28 -1723073393
5.680 -25 -1723073393
5.707 -27 -1723073393
5.733 -29 -1723073393
5.760 -38 -1723073393
5.787 -44 -1723073393
5.813 -45 -1723073393
5.840 -43 -1723073393
5.867 -31 -1723073393
5.893 -25 -1723073393
5.920 -21 -1723073393
5.947 -15 -1723073393
5.973 -17 -1723073393
6.000 -12 -1723073393
6.027 -9 -1723073393
6.053 -14 -1723073393
6.080 -13 -1723073393
6.107 -18 -1723073393
6.133 -15 -1723073393
6.160 -9 -1723073393
6.187 -12 -1723073393
6.213 -8 -1723073393
6.240 -15 -1723073393
6.267 -20 -1723073393
6.293 -17 -1723073393
6.320 -21 -1723073393
6.347 -15 -1723073393
6.373 -7 -1723073393
6.400 -3 -1723073393
6.427 2 -1723073393
6.453 -4 -1723073393
6.480 -11 -1723073393
6.507 -15 -1723073393
6.533 -17 -1723073393
6.560 -12 -1723073393
6.587 -14 -1723073393
6.613 -20 -1723073393
6.640 -22 -1723073393
6.667 -28 -1723073393
6.693 -25 -1723073393
6.720 -23 -1723073393
6.747 -26 -1723073393
6.773 -23 -1723073393
6.800 -22 -1723073393
6.827 -20 -1723073393
6.853 -13 -1723073393
6.880 -14 -1723073393
6.907 -16 -1723073393
6.933 -14 -1723073393
6.960 -14 -1723073393
6.987 -9 -1723073393
7.013 -9 -1723073393
7.040 -7 -1723073393
7.067 -4 -1723073393
7.093 -10 -1723073393
7.120 -8 -1723073393
7.147 -11 -1723073393
7.173 -17 -1723073393
7.200 -15 -1723073393
7.227 -19 -1723073393
7.253 -20 -1723073393
7.280 -18 -1723073393
7.307 -23 -1723073393
7.333 -25 -1723073393
7.360 -23 -1723073393
7.387 -21 -1723073393
7.413 -15 -1723073393
7.440 -20 -1723073393
7.467 -17 -1723073393
7.493 -13 -1723073393
7.520 -16 -1723073393
7.547 -18 -1723073393
7.573 -26 -1723073393
7.600 -32 -1723073393
7.627 -29 -1723073393
7.653 -34 -1723073393
7.680 -39 -1723073393
7.707 -41 -1723073393
7.733 -36 -1723073393
7.760 -26 -1723073393
7.787 -24 -1723073393
7.813 -27 -1723073393
7.840 -29 -1723073393
7.867 -28 -1723073393
7.893 -18 -1723073393
7.920 -11 -1723073393
7.947 -14 -1723073393
7.973 -14 -1723073393
8.000 -20 -1723073393
8.027 -20 -1723073393
8.053 -16 -1723073393
8.080 -19 -1723073393
8.107 -13 -1723073393
8.133 -2 -1723073393
8.160 0 -1723073393
8.187 1 -1723073393
8.213 -3 -1723073393
8.240 -3 -1723073393
8.267 -2 -1723073393
8.293 -5 -1723073393
8.320 -4 -1723073393
8.347 -7 -1723073393
8.373 -7 -1723073393
8.400 -5 -1723073393
8.427 -8 -1723073393
8.453 -8 -1723073393
8.480 -8 -1723073393
8.507 -12 -1723073393
8.533 -14 -1723073393
8.560 -16 -1723073393
8.587 -17 -1723073393
8.613 -14 -1723073393
8.640 -16 -1723073393
8.667 -18 -1723073393
8.693 -26 -1723073393
8.720 -32 -1723073393
8.747 -33 -1723073393
8.773 -39 -1723073393
8.800 -43 -1723073393
8.827 -48 -1723073393
8.853 -54 -1723073393
8.880 -48 -1723073393
8.907 -44 -1723073393
8.933 -46 -1723073393
8.960 -46 -1723073393
8.987 -50 -1723073393
9.013 -47 -1723073393
9.040 -47 -1723073393
9.067 -51 -1723073393
9.093 -46 -1723073393
9.120 -48 -1723073393
9.147 -49 -1723073393
9.173 -49 -1723073393
9.200 -53 -1723073393
9.227 -59 -1723073393
9.253 -64 -1723073393
9.280 -67 -1723073393
9.307 -64 -1723073393
9.333 -65 -1723073393
9.360 -62 -1723073393
9.387 -60 -1723073393
9.413 -64 -1723073393
9.440 -60 -1723073393
9.467 -59 -1723073393
9.493 -58 -1723073393
9.520 -50 -1723073393
9.547 -52 -1723073393
9.573 -55 -1723073393
9.600 -55 -1723073393
9.627 -58 -1723073393
9.653 -56 -1723073393
9.680 -55 -1723073393
9.707 -60 -1723073393
9.733 -62 -1723073393
9.760 -66 -1723073393
9.787 -62 -1723073393
9.813 -53 -1723073393
9.840 -49 -1723073393
9.867 -42 -1723073393
9.893 -37 -1723073393
9.920 -34 -1723073393
9.947 -29 -1723073393
9.973 -29 -1723073393
10.000 -16 -1723073393
10.027 -5 -1723073393
10.053 4 -1723073393
10.080 24 -1723073393
10.107 36 -1723073393
10.133 53 -1723073393
10.160 76 -1723073393
10.187 93 -1723073393
10.213 113 -1723073393
10.240 132 -1723073393
10.267 147 -1723073393
10.293 161 -1723073393
10.320 165 -1723073393
10.347 159 -1723073393
10.373 153 -1723073393
10.400 146 -1723073393
10.427 135 -1723073393
10.453 123 -1723073393
10.480 113 -1723073393
10.507 100 -1723073393
10.533 83 -1723073393
10.560 70 -1723073393
10.587 56 -1723073393
10.613 36 -1723073393
10.640 12 -1723073393
10.667 -8 -1723073393
10.693 -21 -1723073393
10.720 -28 -1723073393
10.747 -38 -1723073393
10.773 -47 -1723073393
10.800 -48 -1723073393
10.827 -49 -1723073393
10.853 -49 -1723073393
10.880 -48 -1723073393
10.907 -45 -1723073393
10.933 -35 -1723073393
10.960 -31 -1723073393
10.987 -28 -1723073393
11.013 -19 -1723073393
11.040 -16 -1723073393
11.067 -16 -1723073393
11.093 -20 -1723073393
11.120 -25 -1723073393
11.147 -25 -1723073393
11.173 -26 -1723073393
11.200 -30 -1723073393
11.227 -33 -1723073393
11.253 -35 -1723073393
11.280 -35 -1723073393
11.307 -37 -1723073393
11.333 -36 -1723073393
11.360 -32 -1723073393
11.387 -24 -1723073393
11.413 -10 -1723073393
11.440 5 -1723073393
11.467 17 -1723073393
11.493 32 -1723073393
11.520 49 -1723073393
11.547 63 -1723073393
11.573 78 -1723073393
11.600 89 -1723073393
11.627 91 -1723073393
11.653 94 -1723073393
11.680 94 -1723073393
11.707 92 -1723073393
11.733 83 -1723073393
11.760 70 -1723073393
11.787 59 -1723073393
11.813 45 -1723073393
11.840 31 -1723073393
11.867 17 -1723073393
11.893 1 -1723073393
11.920 -19 -1723073393
11.947 -41 -1723073393
11.973 -56 -1723073393
12.000 -70 -1723073393
12.027 -86 -1723073393
12.053 -92 -1723073393
12.080 -94 -1723073393
12.107 -98 -1723073393
12.133 -104 -1723073393
12.160 -107 -1723073393
12.187 -105 -1723073393
12.213 -96 -1723073393
12.240 -87 -1723073393
12.267 -83 -1723073393
12.293 -83 -1723073393
12.320 -84 -1723073393
12.347 -87 -1723073393
12.373 -92 -1723073393
12.400 -92 -1723073393
12.427 -87 -1723073393
12.453 -78 -1723073393
12.480 -72 -1723073393
12.507 -75 -1723073393
12.533 -82 -1723073393
12.560 -85 -1723073393
12.587 -81 -1723073393
12.613 -72 -1723073393
12.640 -56 -1723073393
12.667 -34 -1723073393
12.693 -8 -1723073393
12.720 18 -1723073393
12.747 43 -1723073393
12.773 68 -1723073393
12.800 94 -1723073393
12.827 123 -1723073393
12.853 155 -1723073393
12.880 187 -1723073393
12.907 217 -1723073393
12.933 244 -1723073393
12.960 261 -1723073393
12.987 276 -1723073393
13.013 288 -1723073393
13.040 293 -1723073393
13.067 290 -1723073393
13.093 285 -1723073393
13.120 272 -1723073393
13.147 253 -1723073393
13.173 225 -1723073393
13.200 194 -1723073393
13.227 164 -1723073393
13.253 132 -1723073393
13.280 102 -1723073393
13.307 72 -1723073393
13.333 40 -1723073393
13.360 9 -1723073393
13.387 -18 -1723073393
13.413 -43 -1723073393
13.440 -64 -1723073393
13.467 -82 -1723073393
13.493 -96 -1723073393
13.520 -107 -1723073393
13.547 -124 -1723073393
13.573 -140 -1723073393
13.600 -155 -1723073393
13.627 -166 -1723073393
13.653 -174 -1723073393
13.680 -185 -1723073393
13.707 -194 -1723073393
13.733 -202 -1723073393
13.760 -213 -1723073393
13.787 -221 -1723073393
13.813 -224 -1723073393
13.840 -231 -1723073393
13.867 -238 -1723073393
13.893 -242 -1723073393
13.920 -237 -1723073393
13.947 -226 -1723073393
13.973 -213 -1723073393
14.000 -191 -1723073393
14.027 -168 -1723073393
14.053 -148 -1723073393
14.080 -126 -1723073393
14.107 -107 -1723073393
14.133 -82 -1723073393
14.160 -52 -1723073393
14.187 -24 -1723073393
14.213 4 -1723073393
14.240 30 -1723073393
14.267 51 -1723073393
14.293 65 -1723073393
14.320 75 -1723073393
14.347 83 -1723073393
14.373 91 -1723073393
14.400 89 -1723073393
14.427 77 -1723073393
14.453 60 -1723073393
14.480 36 -1723073393
14.507 8 -1723073393
14.533 -22 -1723073393
14.560 -52 -1723073393
14.587 -79 -1723073393
14.613 -101 -1723073393
14.640 -127 -1723073393
14.667 -158 -1723073393
14.693 -189 -1723073393
14.720 -220 -1723073393
14.747 -244 -1723073393
14.773 -262 -1723073393
14.800 -279 -1723073393
14.827 -297 -1723073393
14.853 -312 -1723073393
14.880 -328 -1723073393
14.907 -349 -1723073393
14.933 -367 -1723073393
14.960 -384 -1723073393
14.987 -406 -1723073393
15.013 -426 -1723073393
15.040 -453 -1723073393
15.067 -477 -1723073393
15.093 -495 -1723073393
15.120 -521 -1723073393
15.147 -548 -1723073393
15.173 -575 -1723073393
15.200 -612 -1723073393
15.227 -647 -1723073393
15.253 -684 -1723073393
15.280 -728 -1723073393
15.307 -766 -1723073393
15.333 -806 -1723073393
15.360 -846 -1723073393
15.387 -885 -1723073393
15.413 -928 -1723073393
15.440 -963 -1723073393
15.467 -996 -1723073393
15.493 -1036 -1723073393
15.520 -1070 -1723073393
15.547 -1108 -1723073393
15.573 -1146 -1723073393
15.600 -1178 -1723073393
15.627 -1217 -1723073393
15.653 -1249 -1723073393
15.680 -1276 -1723073393
15.707 -1315 -1723073393
15.733 -1338 -1723073393
15.760 -1365 -1723073393
15.787 -1399 -1723073393
15.813 -1417 -1723073393
15.840 -1443 -1723073393
15.867 -1455 -1723073393
15.893 -1444 -1723073393
15.920 -1423 -1723073393
15.947 -1363 -1723073393
15.973 -1281 -1723073393
16.000 -1169 -1723073393
16.027 -997 -1723073393
16.053 -785 -1723073393
16.080 -519 -1723073393
16.107 -184 -1723073393
16.133 202 -1723073393
16.160 675 -1723073393
16.187 1238 -1723073393
16.213 1848 -1723073393
16.240 2521 -1723073393
16.267 3253 -1723073393
16.293 4015 -1723073393
16.320 4806 -1723073393
16.347 5589 -1723073393
16.373 6312 -1723073393
16.400 6987 -1723073393
16.427 7589 -1723073393
16.453 8035 -1723073393
16.480 8369 -1723073393
16.507 8558 -1723073393
16.533 8523 -1723073393
16.560 8392 -1723073393
16.587 8069 -1723073393
16.613 7563 -1723073393
16.640 7017 -1723073393
16.667 6281 -1723073393
16.693 5466 -1723073393
16.720 4635 -1723073393
16.747 3691 -1723073393
16.773 2788 -1723073393
16.800 1894 -1723073393
16.827 963 -1723073393
16.853 110 -1723073393
16.880 -685 -1723073393
16.907 -1440 -1723073393
16.933 -2106 -1723073393
16.960 -2688 -1723073393
16.987 -3204 -1723073393
17.013 -3617 -1723073393
17.040 -3928 -1723073393
17.067 -4198 -1723073393
17.093 -4363 -1723073393
17.120 -4447 -1723073393
17.147 -4519 -1723073393
17.173 -4490 -1723073393
17.200 -4450 -1723073393
17.227 -4411 -1723073393
17.253 -4281 -1723073393
17.280 -4194 -1723073393
17.307 -4099 -1723073393
17.333 -3963 -1723073393
17.360 -3893 -1723073393
17.387 -3787 -1723073393
17.413 -3684 -1723073393
17.440 -3640 -1723073393
17.467 -3554 -1723073393
17.493 -3509 -1723073393
17.520 -3481 -1723073393
17.547 -3405 -1723073393
17.573 -3379 -1723073393
17.600 -3326 -1723073393
17.627 -3244 -1723073393
17.653 -3200 -1723073393
17.680 -3105 -1723073393
17.707 -3019 -1723073393
17.733 -2955 -1723073393
17.760 -2838 -1723073393
17.787 -2756 -1723073393
17.813 -2673 -1723073393
17.840 -2563 -1723073393
17.867 -2506 -1723073393
17.893 -2429 -1723073393
17.920 -2356 -1723073393
17.947 -2332 -1723073393
17.973 -2278 -1723073393
18.000 -2251 -1723073393
18.027 -2240 -1723073393
18.053 -2200 -1723073393
18.080 -2199 -1723073393
18.107 -2180 -1723073393
18.133 -2136 -1723073393
18.160 -2117 -1723073393
18.187 -2050 -1723073393
18.213 -1973 -1723073393
18.240 -1893 -1723073393
18.267 -1746 -1723073393
18.293 -1607 -1723073393
18.320 -1453 -1723073393
18.347 -1253 -1723073393
18.373 -1081 -1723073393
18.400 -890 -1723073393
18.427 -693 -1723073393
18.453 -528 -1723073393
18.480 -350 -1723073393
18.507 -191 -1723073393
18.533 -48 -1723073393
18.560 114 -1723073393
18.587 280 -1723073393
18.613 469 -1723073393
18.640 700 -1723073393
18.667 978 -1723073393
18.693 1334 -1723073393
18.720 1787 -1723073393
18.747 2331 -1723073393
18.773 2988 -1723073393
18.800 3780 -1723073393
18.827 4695 -1723073393
18.853 5735 -1723073393
18.880 6898 -1723073393
18.907 8120 -1723073393
18.933 9402 -1723073393
18.960 10785 -1723073393
18.987 12101 -1723073393
19.013 13388 -1723073393
19.040 14649 -1723073393
19.067 15647 -1723073393
19.093 16606 -1723073393
19.120 17388 -1723073393
19.147 17763 -1723073393
19.173 18126 -1723073393
19.200 18112 -1723073393
19.227 17753 -1723073393
19.253 17430 -1723073393
19.280 16603 -1723073393
19.307 15638 -1723073393
19.333 14699 -1723073393
19.360 13302 -1723073393
19.387 11971 -1723073393
19.413 10636 -1723073393
19.440 9058 -1723073393
19.467 7693 -1723073393
19.493 6256 -1723073393
19.520 4751 -1723073393
19.547 3503 -1723073393
19.573 2210 -1723073393
19.600 998 -1723073393
19.627 -48 -1723073393
19.653 -1096 -1723073393
19.680 -2019 -1723073393
19.707 -2828 -1723073393
19.733 -3582 -1723073393
19.760 -4272 -1723073393
19.787 -4865 -1723073393
19.813 -5380 -1723073393
19.840 -5871 -1723073393
19.867 -6234 -1723073393
19.893 -6577 -1723073393
19.920 -6910 -1723073393
19.947 -7084 -1723073393
19.973 -7303 -1723073393
20.000 -7467 -1723073393
20.027 -7503 -1723073393
20.053 -7623 -1723073393
20.080 -7613 -1723073393
20.107 -7548 -1723073393
20.133 -7562 -1723073393
20.160 -7389 -1723073393
20.187 -7221 -1723073393
20.213 -7090 -1723073393
20.240 -6790 -1723073393
20.267 -6564 -1723073393
20.293 -6307 -1723073393
20.320 -5930 -1723073393
20.347 -5672 -1723073393
20.373 -5325 -1723073393
20.400 -4948 -1723073393
20.427 -4683 -1723073393
20.453 -4318 -1723073393
20.480 -4008 -1723073393
20.507 -3783 -1723073393
20.533 -3497 -1723073393
20.560 -3304 -1723073393
20.587 -3153 -1723073393
20.613 -2983 -1723073393
20.640 -2916 -1723073393
20.667 -2842 -1723073393
20.693 -2771 -1723073393
20.720 -2777 -1723073393
20.747 -2747 -1723073393
20.773 -2741 -1723073393
20.800 -2777 -1723073393
20.827 -2755 -1723073393
20.853 -2756 -1723073393
20.880 -2743 -1723073393
20.907 -2674 -1723073393
20.933 -2628 -1723073393
20.960 -2536 -1723073393
20.987 -2404 -1723073393
21.013 -2301 -1723073393
21.040 -2137 -1723073393
21.067 -1969 -1723073393
21.093 -1828 -1723073393
21.120 -1634 -1723073393
21.147 -1478 -1723073393
21.173 -1343 -1723073393
21.200 -1189 -1723073393
21.227 -1096 -1723073393
21.253 -1029 -1723073393
21.280 -987 -1723073393
21.307 -1015 -1723073393
21.333 -1067 -1723073393
21.360 -1164 -1723073393
21.387 -1318 -1723073393
21.413 -1491 -1723073393
21.440 -1718 -1723073393
21.467 -1985 -1723073393
21.493 -2262 -1723073393
21.520 -2593 -1723073393
21.547 -2929 -1723073393
21.573 -3268 -1723073393
21.600 -3651 -1723073393
21.627 -4006 -1723073393
21.653 -4371 -1723073393
21.680 -4754 -1723073393
21.707 -5056 -1723073393
21.733 -5360 -1723073393
21.760 -5644 -1723073393
21.787 -5819 -1723073393
21.813 -6002 -1723073393
21.840 -6101 -1723073393
21.867 -6091 -1723073393
21.893 -6096 -1723073393
21.920 -5976 -1723073393
21.947 -5786 -1723073393
21.973 -5609 -1723073393
22.000 -5283 -1723073393
22.027 -4937 -1723073393
22.053 -4592 -1723073393
22.080 -4133 -1723073393
22.107 -3705 -1723073393
22.133 -3252 -1723073393
22.160 -2728 -1723073393
22.187 -2252 -1723073393
22.213 -1756 -1723073393
22.240 -1249 -1723073393
22.267 -796 -1723073393
22.293 -325 -1723073393
22.320 128 -1723073393
22.347 525 -1723073393
22.373 906 -1723073393
22.400 1242 -1723073393
22.427 1535 -1723073393
22.453 1798 -1723073393
22.480 2008 -1723073393
22.507 2173 -1723073393
22.533 2305 -1723073393
22.560 2418 -1723073393
22.587 2495 -1723073393
22.613 2544 -1723073393
22.640 2581 -1723073393
22.667 2580 -1723073393
22.693 2570 -1723073393
22.720 2559 -1723073393
22.747 2522 -1723073393
22.773 2497 -1723073393
22.800 2468 -1723073393
22.827 2423 -1723073393
22.853 2395 -1723073393
22.880 2355 -1723073393
22.907 2311 -1723073393
22.933 2277 -1723073393
22.960 2221 -1723073393
22.987 2163 -1723073393
23.013 2114 -1723073393
23.040 2038 -1723073393
23.067 1956 -1723073393
23.093 1869 -1723073393
23.120 1753 -1723073393
23.147 1645 -1723073393
23.173 1539 -1723073393
23.200 1425 -1723073393
23.227 1329 -1723073393
23.253 1237 -1723073393
23.280 1148 -1723073393
23.307 1082 -1723073393
23.333 1025 -1723073393
23.360 979 -1723073393
23.387 953 -1723073393
23.413 935 -1723073393
23.440 936 -1723073393
23.467 950 -1723073393
23.493 961 -1723073393
23.520 979 -1723073393
23.547 1004 -1723073393
23.573 1027 -1723073393
23.600 1051 -1723073393
23.627 1071 -1723073393
23.653 1084 -1723073393
23.680 1098 -1723073393
23.707 1109 -1723073393
23.733 1118 -1723073393
23.760 1132 -1723073393
23.787 1146 -1723073393
23.813 1159 -1723073393
23.840 1170 -1723073393
23.867 1179 -1723073393
23.893 1192 -1723073393
23.920 1205 -1723073393
23.947 1217 -1723073393
23.973 1235 -1723073393
24.000 1249 -1723073393
24.027 1263 -1723073393
24.053 1287 -1723073393
24.080 1310 -1723073393
24.107 1341 -1723073393
24.133 1392 -1723073393
24.160 1451 -1723073393
24.187 1516 -1723073393
24.213 1588 -1723073393
24.240 1659 -1723073393
24.267 1734 -1723073393
24.293 1808 -1723073393
24.320 1870 -1723073393
24.347 1939 -1723073393
24.373 2008 -1723073393
24.400 2066 -1723073393
24.427 2129 -1723073393
24.453 2186 -1723073393
24.480 2229 -1723073393
24.507 2273 -1723073393
24.533 2303 -1723073393
24.560 2316 -1723073393
24.587 2325 -1723073393
24.613 2312 -1723073393
24.640 2280 -1723073393
24.667 2234 -1723073393
24.693 2163 -1723073393
24.720 2077 -1723073393
24.747 1980 -1723073393
24.773 1866 -1723073393
24.800 1746 -1723073393
24.827 1625 -1723073393
24.853 1497 -1723073393
24.880 1381 -1723073393
24.907 1273 -1723073393
24.933 1162 -1723073393
24.960 1063 -1723073393
24.987 971 -1723073393
25.013 891 -1723073393
25.040 827 -1723073393
25.067 770 -1723073393
25.093 724 -1723073393
25.120 689 -1723073393
25.147 658 -1723073393
25.173 633 -1723073393
25.200 606 -1723073393
25.227 571 -1723073393
25.253 537 -1723073393
25.280 498 -1723073393
25.307 456 -1723073393
25.333 411 -1723073393
25.360 355 -1723073393
25.387 292 -1723073393
25.413 229 -1723073393
25.440 169 -1723073393
25.467 110 -1723073393
25.493 49 -1723073393
25.520 -14 -1723073393
25.547 -67 -1723073393
25.573 -109 -1723073393
25.600 -143 -1723073393
25.627 -162 -1723073393
25.653 -169 -1723073393
25.680 -164 -1723073393
25.707 -141 -1723073393
25.733 -106 -1723073393
25.760 -61 -1723073393
25.787 -3 -1723073393
25.813 46 -1723073393
25.840 97 -1723073393
25.867 148 -1723073393
25.893 190 -1723073393
25.920 224 -1723073393
25.947 255 -1723073393
25.973 272 -1723073393
26.000 277 -1723073393
26.027 274 -1723073393
26.053 252 -1723073393
26.080 218 -1723073393
26.107 181 -1723073393
26.133 132 -1723073393
26.160 84 -1723073393
26.187 36 -1723073393
26.213 -14 -1723073393
26.240 -56 -1723073393
26.267 -94 -1723073393
26.293 -131 -1723073393
26.320 -155 -1723073393
26.347 -169 -1723073393
26.373 -174 -1723073393
26.400 -171 -1723073393
26.427 -159 -1723073393
26.453 -139 -1723073393
26.480 -118 -1723073393
26.507 -94 -1723073393
26.533 -65 -1723073393
26.560 -40 -1723073393
26.587 -18 -1723073393
26.613 6 -1723073393
26.640 25 -1723073393
26.667 36 -1723073393
26.693 49 -1723073393
26.720 54 -1723073393
26.747 50 -1723073393
26.773 38 -1723073393
26.800 17 -1723073393
26.827 -8 -1723073393
26.853 -38 -1723073393
26.880 -69 -1723073393
26.907 -108 -1723073393
26.933 -150 -1723073393
26.960 -189 -1723073393
26.987 -228 -1723073393
27.013 -265 -1723073393
27.040 -299 -1723073393
27.067 -336 -1723073393
27.093 -373 -1723073393
27.120 -404 -1723073393
27.147 -434 -1723073393
27.173 -467 -1723073393
27.200 -494 -1723073393
27.227 -524 -1723073393
27.253 -559 -1723073393
27.280 -592 -1723073393
27.307 -628 -1723073393
27.333 -658 -1723073393
27.360 -678 -1723073393
27.387 -701 -1723073393
27.413 -714 -1723073393
27.440 -719 -1723073393
27.467 -726 -1723073393
27.493 -715 -1723073393
27.520 -695 -1723073393
27.547 -677 -1723073393
27.573 -642 -1723073393
27.600 -602 -1723073393
27.627 -562 -1723073393
27.653 -508 -1723073393
27.680 -462 -1723073393
27.707 -420 -1723073393
27.733 -365 -1723073393
27.760 -319 -1723073393
27.787 -277 -1723073393
27.813 -229 -1723073393
27.840 -187 -1723073393
27.867 -145 -1723073393
27.893 -100 -1723073393
27.920 -64 -1723073393
27.947 -32 -1723073393
27.973 -4 -1723073393
28.000 14 -1723073393
28.027 28 -1723073393
28.053 36 -1723073393
28.080 37 -1723073393
28.107 35 -1723073393
28.133 28 -1723073393
28.160 17 -1723073393
28.187 2 -1723073393
28.213 -19 -1723073393
28.240 -43 -1723073393
28.267 -65 -1723073393
28.293 -87 -1723073393
28.320 -110 -1723073393
28.347 -128 -1723073393
28.373 -156 -1723073393
28.400 -175 -1723073393
28.427 -176 -1723073393
28.453 -176 -1723073393
28.480 -169 -1723073393
28.507 -154 -1723073393
28.533 -140 -1723073393
28.560 -110 -1723073393
28.587 -72 -1723073393
28.613 -37 -1723073393
28.640 11 -1723073393
28.667 63 -1723073393
28.693 111 -1723073393
28.720 167 -1723073393
28.747 222 -1723073393
28.773 273 -1723073393
28.800 321 -1723073393
28.827 362 -1723073393
28.853 388 -1723073393
28.880 402 -1723073393
28.907 414 -1723073393
28.933 414 -1723073393
28.960 400 -1723073393
28.987 383 -1723073393
29.013 354 -1723073393
29.040 313 -1723073393
29.067 276 -1723073393
29.093 229 -1723073393
29.120 180 -1723073393
29.147 135 -1723073393
29.173 87 -1723073393
29.200 41 -1723073393
29.227 -1 -1723073393
29.253 -43 -1723073393
29.280 -76 -1723073393
29.307 -101 -1723073393
29.333 -110 -1723073393
29.360 -116 -1723073393
29.387 -117 -1723073393
29.413 -95 -1723073393
29.440 -72 -1723073393
29.467 -42 -1723073393
29.493 -2 -1723073393
29.520 23 -1723073393
29.547 49 -1723073393
29.573 75 -1723073393
29.600 89 -1723073393
29.627 103 -1723073393
29.653 117 -1723073393
29.680 118 -1723073393
29.707 117 -1723073393
29.733 116 -1723073393
29.760 112 -1723073393
29.787 114 -1723073393
29.813 118 -1723073393
29.840 116 -1723073393
29.867 124 -1723073393
29.893 128 -1723073393
29.920 129 -1723073393
29.947 133 -1723073393
29.973 137 -1723073393
30.000 142 -1723073393
30.027 148 -1723073393
30.053 150 -1723073393
30.080 146 -1723073393
30.107 146 -1723073393
30.133 145 -1723073393
30.160 138 -1723073393
30.187 131 -1723073393
30.213 118 -1723073393
30.240 109 -1723073393
30.267 107 -1723073393
30.293 109 -1723073393
30.320 115 -1723073393
30.347 126 -1723073393
30.373 134 -1723073393
30.400 153 -1723073393
30.427 174 -1723073393
30.453 196 -1723073393
30.480 225 -1723073393
30.507 256 -1723073393
30.533 283 -1723073393
30.560 314 -1723073393
30.587 347 -1723073393
30.613 379 -1723073393
30.640 411 -1723073393
30.667 442 -1723073393
30.693 463 -1723073393
30.720 469 -1723073393
30.747 469 -1723073393
30.773 458 -1723073393
30.800 429 -1723073393
30.827 396 -1723073393
30.853 348 -1723073393
30.880 288 -1723073393
30.907 232 -1723073393
30.933 170 -1723073393
30.960 105 -1723073393
30.987 45 -1723073393
31.013 -10 -1723073393
31.040 -62 -1723073393
31.067 -116 -1723073393
31.093 -151 -1723073393
31.120 -174 -1723073393
31.147 -196 -1723073393
31.173 -195 -1723073393
31.200 -189 -1723073393
31.227 -190 -1723073393
31.253 -161 -1723073393
31.280 -128 -1723073393
31.307 -99 -1723073393
31.333 -45 -1723073393
31.360 2 -1723073393
31.387 43 -1723073393
31.413 98 -1723073393
31.440 144 -1723073393
31.467 180 -1723073393
31.493 226 -1723073393
31.520 267 -1723073393
31.547 295 -1723073393
31.573 319 -1723073393
31.600 332 -1723073393
31.627 331 -1723073393
31.653 316 -1723073393
31.680 295 -1723073393
31.707 266 -1723073393
31.733 231 -1723073393
31.760 195 -1723073393
31.787 147 -1723073393
31.813 94 -1723073393
31.840 41 -1723073393
31.867 -10 -1723073393
31.893 -56 -1723073393
31.920 -101 -1723073393
31.947 -133 -1723073393
31.973 -157 -1723073393
32.000 -178 -1723073393
32.027 -169 -1723073393
32.053 -151 -1723073393
32.080 -142 -1723073393
32.107 -110 -1723073393
32.133 -73 -1723073393
32.160 -40 -1723073393
32.187 12 -1723073393
32.213 58 -1723073393
32.240 103 -1723073393
32.267 164 -1723073393
32.293 212 -1723073393
32.320 251 -1723073393
32.347 296 -1723073393
32.373 330 -1723073393
32.400 353 -1723073393
32.427 371 -1723073393
32.453 375 -1723073393
32.480 363 -1723073393
32.507 347 -1723073393
32.533 324 -1723073393
32.560 283 -1723073393
32.587 234 -1723073393
32.613 185 -1723073393
32.640 130 -1723073393
32.667 78 -1723073393
32.693 28 -1723073393
32.720 -24 -1723073393
32.747 -77 -1723073393
32.773 -122 -1723073393
32.800 -149 -1723073393
32.827 -173 -1723073393
32.853 -195 -1723073393
32.880 -190 -1723073393
32.907 -181 -1723073393
32.933 -181 -1723073393
32.960 -155 -1723073393
32.987 -124 -1723073393
33.013 -95 -1723073393
33.040 -37 -1723073393
33.067 14 -1723073393
33.093 57 -1723073393
33.120 121 -1723073393
33.147 177 -1723073393
33.173 220 -1723073393
33.200 268 -1723073393
33.227 305 -1723073393
33.253 322 -1723073393
33.280 331 -1723073393
33.307 332 -1723073393
33.333 315 -1723073393
33.360 281 -1723073393
33.387 237 -1723073393
33.413 181 -1723073393
33.440 121 -1723073393
33.467 57 -1723073393
33.493 -11 -1723073393
33.520 -73 -1723073393
33.547 -129 -1723073393
33.573 -176 -1723073393
33.600 -211 -1723073393
33.627 -249 -1723073393
33.653 -263 -1723073393
33.680 -254 -1723073393
33.707 -257 -1723073393
33.733 -233 -1723073393
33.760 -195 -1723073393
33.787 -174 -1723073393
33.813 -129 -1723073393
33.840 -77 -1723073393
33.867 -52 -1723073393
33.893 -7 -1723073393
33.920 43 -1723073393
33.947 76 -1723073393
33.973 126 -1723073393
34.000 176 -1723073393
34.027 211 -1723073393
34.053 259 -1723073393
34.080 308 -1723073393
34.107 347 -1723073393
34.133 394 -1723073393
34.160 446 -1723073393
34.187 488 -1723073393
34.213 527 -1723073393
34.240 567 -1723073393
34.267 592 -1723073393
34.293 601 -1723073393
34.320 608 -1723073393
34.347 599 -1723073393
34.373 570 -1723073393
34.400 545 -1723073393
34.427 513 -1723073393
34.453 461 -1723073393
34.480 410 -1723073393
34.507 345 -1723073393
34.533 271 -1723073393
34.560 209 -1723073393
34.587 150 -1723073393
34.613 87 -1723073393
34.640 29 -1723073393
34.667 -9 -1723073393
34.693 -27 -1723073393
34.720 -41 -1723073393
34.747 -33 -1723073393
34.773 -3 -1723073393
34.800 17 -1723073393
34.827 57 -1723073393
34.853 120 -1723073393
34.880 162 -1723073393
34.907 213 -1723073393
34.933 272 -1723073393
34.960 310 -1723073393
34.987 352 -1723073393
35.013 387 -1723073393
35.040 403 -1723073393
35.067 410 -1723073393
35.093 408 -1723073393
35.120 393 -1723073393
35.147 361 -1723073393
35.173 319 -1723073393
35.200 272 -1723073393
35.227 210 -1723073393
35.253 139 -1723073393
35.280 71 -1723073393
35.307 13 -1723073393
35.333 -42 -1723073393
35.360 -97 -1723073393
35.387 -132 -1723073393
35.413 -159 -1723073393
35.440 -186 -1723073393
35.467 -177 -1723073393
35.493 -164 -1723073393
35.520 -156 -1723073393
35.547 -107 -1723073393
35.573 -57 -1723073393
35.600 -25 -1723073393
35.627 35 -1723073393
35.653 88 -1723073393
35.680 128 -1723073393
35.707 191 -1723073393
35.733 246 -1723073393
35.760 290 -1723073393
35.787 344 -1723073393
35.813 388 -1723073393
35.840 427 -1723073393
35.867 469 -1723073393
35.893 510 -1723073393
35.920 539 -1723073393
35.947 550 -1723073393
35.973 553 -1723073393
36.000 554 -1723073393
36.027 535 -1723073393
36.053 510 -1723073393
36.080 481 -1723073393
36.107 435 -1723073393
36.133 388 -1723073393
36.160 335 -1723073393
36.187 264 -1723073393
36.213 202 -1723073393
36.240 152 -1723073393
36.267 97 -1723073393
36.293 47 -1723073393
36.320 6 -1723073393
36.347 -24 -1723073393
36.373 -51 -1723073393
36.400 -62 -1723073393
36.427 -51 -1723073393
36.453 -48 -1723073393
36.480 -38 -1723073393
36.507 -5 -1723073393
36.533 15 -1723073393
36.560 39 -1723073393
36.587 88 -1723073393
36.613 121 -1723073393
36.640 155 -1723073393
36.667 206 -1723073393
36.693 239 -1723073393
36.720 267 -1723073393
36.747 304 -1723073393
36.773 327 -1723073393
36.800 343 -1723073393
36.827 357 -1723073393
36.853 359 -1723073393
36.880 353 -1723073393
36.907 342 -1723073393
36.933 323 -1723073393
36.960 295 -1723073393
36.987 266 -1723073393
37.013 236 -1723073393
37.040 207 -1723073393
37.067 174 -1723073393
37.093 137 -1723073393
37.120 104 -1723073393
37.147 82 -1723073393
37.173 60 -1723073393
37.200 47 -1723073393
37.227 48 -1723073393
37.253 49 -1723073393
37.280 62 -1723073393
37.307 89 -1723073393
37.333 107 -1723073393
37.360 136 -1723073393
37.387 177 -1723073393
37.413 201 -1723073393
37.440 225 -1723073393
37.467 255 -1723073393
37.493 273 -1723073393
37.520 289 -1723073393
37.547 304 -1723073393
37.573 313 -1723073393
37.600 324 -1723073393
37.627 332 -1723073393
37.653 333 -1723073393
37.680 332 -1723073393
37.707 334 -1723073393
37.733 336 -1723073393
37.760 340 -1723073393
37.787 348 -1723073393
37.813 357 -1723073393
37.840 367 -1723073393
37.867 378 -1723073393
37.893 384 -1723073393
37.920 381 -1723073393
37.947 381 -1723073393
37.973 383 -1723073393
38.000 382 -1723073393
38.027 374 -1723073393
38.053 361 -1723073393
38.080 343 -1723073393
38.107 328 -1723073393
38.133 319 -1723073393
38.160 305 -1723073393
38.187 287 -1723073393
38.213 271 -1723073393
38.240 255 -1723073393
38.267 243 -1723073393
38.293 234 -1723073393
38.320 223 -1723073393
38.347 218 -1723073393
38.373 216 -1723073393
38.400 220 -1723073393
38.427 237 -1723073393
38.453 253 -1723073393
38.480 267 -1723073393
38.507 288 -1723073393
38.533 303 -1723073393
38.560 312 -1723073393
38.587 318 -1723073393
38.613 311 -1723073393
38.640 297 -1723073393
38.667 283 -1723073393
38.693 259 -1723073393
38.720 224 -1723073393
38.747 182 -1723073393
38.773 135 -1723073393
38.800 86 -1723073393
38.827 37 -1723073393
38.853 -15 -1723073393
38.880 -61 -1723073393
38.907 -93 -1723073393
38.933 -125 -1723073393
38.960 -142 -1723073393
38.987 -141 -1723073393
39.013 -151 -1723073393
39.040 -146 -1723073393
39.067 -113 -1723073393
39.093 -95 -1723073393
39.120 -70 -1723073393
39.147 -24 -1723073393
39.173 5 -1723073393
39.200 40 -1723073393
39.227 85 -1723073393
39.253 109 -1723073393
39.280 131 -1723073393
39.307 159 -1723073393
39.333 173 -1723073393
39.360 189 -1723073393
39.387 211 -1723073393
39.413 220 -1723073393
39.440 226 -1723073393
39.467 237 -1723073393
39.493 240 -1723073393
39.520 237 -1723073393
39.547 240 -1723073393
39.573 239 -1723073393
39.600 237 -1723073393
39.627 237 -1723073393
39.653 233 -1723073393
39.680 227 -1723073393
39.707 228 -1723073393
39.733 229 -1723073393
39.760 230 -1723073393
39.787 229 -1723073393
39.813 222 -1723073393
39.840 219 -1723073393
39.867 222 -1723073393
39.893 220 -1723073393
39.920 213 -1723073393
39.947 214 -1723073393
39.973 220 -1723073393
40.000 225 -1723073393
40.027 238 -1723073393
40.053 250 -1723073393
40.080 257 -1723073393
40.107 261 -1723073393
40.133 257 -1723073393
40.160 246 -1723073393
40.187 235 -1723073393
40.213 225 -1723073393
40.240 214 -1723073393
40.267 201 -1723073393
40.293 183 -1723073393
40.320 161 -1723073393
40.347 135 -1723073393
40.373 106 -1723073393
40.400 73 -1723073393
40.427 43 -1723073393
40.453 15 -1723073393
40.480 -7 -1723073393
40.507 -17 -1723073393
40.533 -20 -1723073393
40.560 -27 -1723073393
40.587 -24 -1723073393
40.613 -20 -1723073393
40.640 -26 -1723073393
40.667 -12 -1723073393
40.693 7 -1723073393
40.720 14 -1723073393
40.747 34 -1723073393
40.773 61 -1723073393
40.800 80 -1723073393
40.827 109 -1723073393
40.853 140 -1723073393
40.880 157 -1723073393
40.907 178 -1723073393
40.933 200 -1723073393
40.960 212 -1723073393
40.987 218 -1723073393
41.013 222 -1723073393
41.040 220 -1723073393
41.067 220 -1723073393
41.093 222 -1723073393
41.120 218 -1723073393
41.147 214 -1723073393
41.173 206 -1723073393
41.200 192 -1723073393
41.227 182 -1723073393
41.253 179 -1723073393
41.280 176 -1723073393
41.307 174 -1723073393
41.333 176 -1723073393
41.360 172 -1723073393
41.387 169 -1723073393
41.413 173 -1723073393
41.440 174 -1723073393
41.467 175 -1723073393
41.493 179 -1723073393
41.520 182 -1723073393
41.547 183 -1723073393
41.573 186 -1723073393
41.600 183 -1723073393
41.627 178 -1723073393
41.653 174 -1723073393
41.680 167 -1723073393
41.707 161 -1723073393
41.733 161 -1723073393
41.760 154 -1723073393
41.787 148 -1723073393
41.813 146 -1723073393
41.840 138 -1723073393
41.867 124 -1723073393
41.893 112 -1723073393
41.920 97 -1723073393
41.947 84 -1723073393
41.973 79 -1723073393
42.000 70 -1723073393
42.027 61 -1723073393
42.053 67 -1723073393
42.080 73 -1723073393
42.107 72 -1723073393
42.133 79 -1723073393
42.160 83 -1723073393
42.187 73 -1723073393
42.213 71 -1723073393
42.240 67 -1723073393
42.267 50 -1723073393
42.293 41 -1723073393
42.320 36 -1723073393
42.347 19 -1723073393
42.373 11 -1723073393
42.400 11 -1723073393
42.427 5 -1723073393
42.453 4 -1723073393
42.480 8 -1723073393
42.507 2 -1723073393
42.533 5 -1723073393
42.560 23 -1723073393
42.587 31 -1723073393
42.613 41 -1723073393
42.640 56 -1723073393
42.667 58 -1723073393
42.693 61 -1723073393
42.720 73 -1723073393
42.747 72 -1723073393
42.773 68 -1723073393
42.800 70 -1723073393
42.827 66 -1723073393
42.853 59 -1723073393
42.880 52 -1723073393
42.907 39 -1723073393
42.933 27 -1723073393
42.960 23 -1723073393
42.987 11 -1723073393
43.013 -2 -1723073393
43.040 -3 -1723073393
43.067 -10 -1723073393
43.093 -16 -1723073393
43.120 -3 -1723073393
43.147 1 -1723073393
43.173 -1 -1723073393
43.200 13 -1723073393
43.227 27 -1723073393
43.253 33 -1723073393
43.280 53 -1723073393
43.307 70 -1723073393
43.333 79 -1723073393
43.360 105 -1723073393
43.387 134 -1723073393
43.413 149 -1723073393
43.440 167 -1723073393
43.467 181 -1723073393
43.493 183 -1723073393
43.520 186 -1723073393
43.547 186 -1723073393
43.573 177 -1723073393
43.600 172 -1723073393
43.627 168 -1723073393
43.653 156 -1723073393
43.680 141 -1723073393
43.707 123 -1723073393
43.733 101 -1723073393
43.760 83 -1723073393
43.787 65 -1723073393
43.813 36 -1723073393
43.840 3 -1723073393
43.867 -26 -1723073393
43.893 -55 -1723073393
43.920 -79 -1723073393
43.947 -99 -1723073393
43.973 -125 -1723073393
44.000 -143 -1723073393
44.027 -152 -1723073393
44.053 -174 -1723073393
44.080 -192 -1723073393
44.107 -192 -1723073393
44.133 -195 -1723073393
44.160 -193 -1723073393
44.187 -165 -1723073393
44.213 -139 -1723073393
44.240 -122 -1723073393
44.267 -85 -1723073393
44.293 -53 -1723073393
44.320 -36 -1723073393
44.347 -4 -1723073393
44.373 22 -1723073393
44.400 27 -1723073393
44.427 33 -1723073393
44.453 35 -1723073393
44.480 23 -1723073393
44.507 10 -1723073393
44.533 -6 -1723073393
44.560 -32 -1723073393
44.587 -58 -1723073393
44.613 -82 -1723073393
44.640 -113 -1723073393
44.667 -131 -1723073393
44.693 -138 -1723073393
44.720 -151 -1723073393
44.747 -153 -1723073393
44.773 -136 -1723073393
44.800 -130 -1723073393
44.827 -115 -1723073393
44.853 -70 -1723073393
44.880 -32 -1723073393
44.907 4 -1723073393
44.933 57 -1723073393
44.960 95 -1723073393
44.987 126 -1723073393
45.013 172 -1723073393
45.040 214 -1723073393
45.067 245 -1723073393
45.093 277 -1723073393
45.120 300 -1723073393
45.147 311 -1723073393
45.173 318 -1723073393
45.200 317 -1723073393
45.227 310 -1723073393
45.253 302 -1723073393
45.280 287 -1723073393
45.307 270 -1723073393
45.333 250 -1723073393
45.360 221 -1723073393
45.387 191 -1723073393
45.413 162 -1723073393
45.440 132 -1723073393
45.467 100 -1723073393
45.493 73 -1723073393
45.520 45 -1723073393
45.547 13 -1723073393
45.573 -10 -1723073393
45.600 -31 -1723073393
45.627 -57 -1723073393
45.653 -73 -1723073393
45.680 -76 -1723073393
45.707 -87 -1723073393
45.733 -96 -1723073393
45.760 -89 -1723073393
45.787 -86 -1723073393
45.813 -86 -1723073393
45.840 -68 -1723073393
45.867 -56 -1723073393
45.893 -50 -1723073393
45.920 -21 -1723073393
45.947 10 -1723073393
45.973 23 -1723073393
46.000 47 -1723073393
46.027 75 -1723073393
46.053 90 -1723073393
46.080 115 -1723073393
46.107 141 -1723073393
46.133 151 -1723073393
46.160 164 -1723073393
46.187 184 -1723073393
46.213 193 -1723073393
46.240 195 -1723073393
46.267 192 -1723073393
46.293 178 -1723073393
46.320 160 -1723073393
46.347 150 -1723073393
46.373 131 -1723073393
46.400 107 -1723073393
46.427 86 -1723073393
46.453 63 -1723073393
46.480 44 -1723073393
46.507 39 -1723073393
46.533 30 -1723073393
46.560 18 -1723073393
46.587 21 -1723073393
46.613 24 -1723073393
46.640 24 -1723073393
46.667 42 -1723073393
46.693 62 -1723073393
46.720 75 -1723073393
46.747 101 -1723073393
46.773 130 -1723073393
46.800 144 -1723073393
46.827 161 -1723073393
46.853 183 -1723073393
46.880 196 -1723073393
46.907 209 -1723073393
46.933 229 -1723073393
46.960 243 -1723073393
46.987 254 -1723073393
47.013 270 -1723073393
47.040 276 -1723073393
47.067 277 -1723073393
47.093 280 -1723073393
47.120 278 -1723073393
47.147 268 -1723073393
47.173 253 -1723073393
47.200 231 -1723073393
47.227 206 -1723073393
47.253 180 -1723073393
47.280 148 -1723073393
47.307 116 -1723073393
47.333 90 -1723073393
47.360 63 -1723073393
47.387 31 -1723073393
47.413 9 -1723073393
47.440 -4 -1723073393
47.467 -20 -1723073393
47.493 -24 -1723073393
47.520 -16 -1723073393
47.547 -18 -1723073393
47.573 -9 -1723073393
47.600 15 -1723073393
47.627 32 -1723073393
47.653 52 -1723073393
47.680 86 -1723073393
47.707 109 -1723073393
47.733 126 -1723073393
47.760 155 -1723073393
47.787 181 -1723073393
47.813 195 -1723073393
47.840 213 -1723073393
47.867 231 -1723073393
47.893 243 -1723073393
47.920 249 -1723073393
47.947 249 -1723073393
47.973 240 -1723073393
48.000 230 -1723073393
48.027 220 -1723073393
48.053 204 -1723073393
48.080 187 -1723073393
48.107 167 -1723073393
48.133 143 -1723073393
48.160 117 -1723073393
48.187 92 -1723073393
48.213 67 -1723073393
48.240 51 -1723073393
48.267 40 -1723073393
48.293 29 -1723073393
48.320 26 -1723073393
48.347 37 -1723073393
48.373 50 -1723073393
48.400 68 -1723073393
48.427 104 -1723073393
48.453 144 -1723073393
48.480 178 -1723073393
48.507 220 -1723073393
48.533 263 -1723073393
48.560 299 -1723073393
48.587 340 -1723073393
48.613 379 -1723073393
48.640 412 -1723073393
48.667 442 -1723073393
48.693 468 -1723073393
48.720 493 -1723073393
48.747 511 -1723073393
48.773 523 -1723073393
48.800 538 -1723073393
48.827 550 -1723073393
48.853 551 -1723073393
48.880 551 -1723073393
48.907 547 -1723073393
48.933 532 -1723073393
48.960 517 -1723073393
48.987 504 -1723073393
49.013 489 -1723073393
49.040 476 -1723073393
49.067 468 -1723073393
49.093 453 -1723073393
49.120 437 -1723073393
49.147 427 -1723073393
49.173 414 -1723073393
49.200 399 -1723073393
49.227 392 -1723073393
49.253 390 -1723073393
49.280 389 -1723073393
49.307 394 -1723073393
49.333 402 -1723073393
49.360 414 -1723073393
49.387 427 -1723073393
49.413 434 -1723073393
49.440 438 -1723073393
49.467 437 -1723073393
49.493 433 -1723073393
49.520 421 -1723073393
49.547 405 -1723073393
49.573 385 -1723073393
49.600 360 -1723073393
49.627 338 -1723073393
49.653 320 -1723073393
49.680 305 -1723073393
49.707 291 -1723073393
49.733 281 -1723073393
49.760 275 -1723073393
49.787 267 -1723073393
49.813 261 -1723073393
49.840 260 -1723073393
49.867 262 -1723073393
49.893 265 -1723073393
49.920 271 -1723073393
49.947 271 -1723073393
49.973 269 -1723073393
50.000 268 -1723073393
50.027 266 -1723073393
50.053 261 -1723073393
50.080 251 -1723073393
50.107 242 -1723073393
50.133 235 -1723073393
50.160 233 -1723073393
50.187 236 -1723073393
50.213 240 -1723073393
50.240 241 -1723073393
50.267 243 -1723073393
50.293 252 -1723073393
50.320 256 -1723073393
50.347 258 -1723073393
50.373 263 -1723073393
50.400 263 -1723073393
50.427 262 -1723073393
50.453 261 -1723073393
50.480 258 -1723073393
50.507 253 -1723073393
50.533 250 -1723073393
50.560 243 -1723073393
50.587 230 -1723073393
50.613 218 -1723073393
50.640 204 -1723073393
50.667 179 -1723073393
50.693 156 -1723073393
50.720 135 -1723073393
50.747 109 -1723073393
50.773 80 -1723073393
50.800 54 -1723073393
50.827 21 -1723073393
50.853 -15 -1723073393
50.880 -42 -1723073393
50.907 -71 -1723073393
50.933 -99 -1723073393
50.960 -116 -1723073393
50.987 -134 -1723073393
51.013 -151 -1723073393
51.040 -153 -1723073393
51.067 -159 -1723073393
51.093 -173 -1723073393
51.120 -166 -1723073393
51.147 -151 -1723073393
51.173 -148 -1723073393
51.200 -139 -1723073393
51.227 -123 -1723073393
51.253 -114 -1723073393
51.280 -97 -1723073393
51.307 -76 -1723073393
51.333 -71 -1723073393
51.360 -62 -1723073393
51.387 -47 -1723073393
51.413 -45 -1723073393
51.440 -43 -1723073393
51.467 -32 -1723073393
51.493 -27 -1723073393
51.520 -28 -1723073393
51.547 -19 -1723073393
51.573 -15 -1723073393
51.600 -18 -1723073393
51.627 -16 -1723073393
51.653 -16 -1723073393
51.680 -25 -1723073393
51.707 -27 -1723073393
51.733 -24 -1723073393
51.760 -29 -1723073393
51.787 -25 -1723073393
51.813 -12 -1723073393
51.840 -5 -1723073393
51.867 8 -1723073393
51.893 28 -1723073393
51.920 42 -1723073393
51.947 55 -1723073393
51.973 79 -1723073393
52.000 104 -1723073393
52.027 124 -1723073393
52.053 149 -1723073393
52.080 169 -1723073393
52.107 181 -1723073393
52.133 196 -1723073393
52.160 211 -1723073393
52.187 217 -1723073393
52.213 225 -1723073393
52.240 238 -1723073393
52.267 243 -1723073393
52.293 246 -1723073393
52.320 249 -1723073393
52.347 248 -1723073393
52.373 247 -1723073393
52.400 246 -1723073393
52.427 244 -1723073393
52.453 244 -1723073393
52.480 244 -1723073393
52.507 241 -1723073393
52.533 239 -1723073393
52.560 241 -1723073393
52.587 244 -1723073393
52.613 240 -1723073393
52.640 236 -1723073393
52.667 234 -1723073393
52.693 223 -1723073393
52.720 215 -1723073393
52.747 212 -1723073393
52.773 207 -1723073393
52.800 203 -1723073393
52.827 200 -1723073393
52.853 192 -1723073393
52.880 186 -1723073393
52.907 186 -1723073393
52.933 184 -1723073393
52.960 181 -1723073393
52.987 184 -1723073393
53.013 180 -1723073393
53.040 170 -1723073393
53.067 167 -1723073393
53.093 168 -1723073393
53.120 161 -1723073393
53.147 158 -1723073393
53.173 159 -1723073393
53.200 151 -1723073393
53.227 143 -1723073393
53.253 134 -1723073393
53.280 120 -1723073393
53.307 111 -1723073393
53.333 108 -1723073393
53.360 99 -1723073393
53.387 95 -1723073393
53.413 105 -1723073393
53.440 116 -1723073393
53.467 124 -1723073393
53.493 140 -1723073393
53.520 156 -1723073393
53.547 162 -1723073393
53.573 167 -1723073393
53.600 170 -1723073393
53.627 162 -1723073393
53.653 155 -1723073393
53.680 152 -1723073393
53.707 143 -1723073393
53.733 136 -1723073393
53.760 133 -1723073393
53.787 122 -1723073393
53.813 111 -1723073393
53.840 108 -1723073393
53.867 104 -1723073393
53.893 95 -1723073393
53.920 99 -1723073393
53.947 109 -1723073393
53.973 115 -1723073393
54.000 124 -1723073393
54.027 139 -1723073393
54.053 151 -1723073393
54.080 162 -1723073393
54.107 176 -1723073393
54.133 187 -1723073393
54.160 194 -1723073393
54.187 203 -1723073393
54.213 210 -1723073393
54.240 212 -1723073393
54.267 213 -1723073393
54.293 209 -1723073393
54.320 198 -1723073393
54.347 187 -1723073393
54.373 171 -1723073393
54.400 150 -1723073393
54.427 132 -1723073393
54.453 110 -1723073393
54.480 81 -1723073393
54.507 55 -1723073393
54.533 29 -1723073393
54.560 -1 -1723073393
54.587 -29 -1723073393
54.613 -46 -1723073393
54.640 -65 -1723073393
54.667 -83 -1723073393
54.693 -88 -1723073393
54.720 -90 -1723073393
54.747 -98 -1723073393
54.773 -96 -1723073393
54.800 -89 -1723073393
54.827 -86 -1723073393
54.853 -73 -1723073393
54.880 -50 -1723073393
54.907 -38 -1723073393
54.933 -27 -1723073393
54.960 -5 -1723073393
54.987 7 -1723073393
55.013 16 -1723073393
55.040 33 -1723073393
55.067 48 -1723073393
55.093 54 -1723073393
55.120 67 -1723073393
55.147 82 -1723073393
55.173 90 -1723073393
55.200 104 -1723073393
55.227 118 -1723073393
55.253 126 -1723073393
55.280 139 -1723073393
55.307 161 -1723073393
55.333 180 -1723073393
55.360 196 -1723073393
55.387 218 -1723073393
55.413 237 -1723073393
55.440 254 -1723073393
55.467 277 -1723073393
55.493 306 -1723073393
55.520 333 -1723073393
55.547 359 -1723073393
55.573 386 -1723073393
55.600 411 -1723073393
55.627 438 -1723073393
55.653 463 -1723073393
55.680 487 -1723073393
55.707 508 -1723073393
55.733 523 -1723073393
55.760 537 -1723073393
55.787 547 -1723073393
55.813 548 -1723073393
55.840 549 -1723073393
55.867 557 -1723073393
55.893 559 -1723073393
55.920 558 -1723073393
55.947 561 -1723073393
55.973 561 -1723073393
56.000 558 -1723073393
56.027 562 -1723073393
56.053 568 -1723073393
56.080 571 -1723073393
56.107 576 -1723073393
56.133 584 -1723073393
56.160 583 -1723073393
56.187 580 -1723073393
56.213 585 -1723073393
56.240 585 -1723073393
56.267 579 -1723073393
56.293 574 -1723073393
56.320 562 -1723073393
56.347 543 -1723073393
56.373 523 -1723073393
56.400 497 -1723073393
56.427 458 -1723073393
56.453 419 -1723073393
56.480 389 -1723073393
56.507 349 -1723073393
56.533 308 -1723073393
56.560 275 -1723073393
56.587 243 -1723073393
56.613 208 -1723073393
56.640 182 -1723073393
56.667 164 -1723073393
56.693 147 -1723073393
56.720 129 -1723073393
56.747 114 -1723073393
56.773 99 -1723073393
56.800 80 -1723073393
56.827 62 -1723073393
56.853 51 -1723073393
56.880 31 -1723073393
56.907 12 -1723073393
56.933 5 -1723073393
56.960 -5 -1723073393
56.987 -23 -1723073393
57.013 -27 -1723073393
57.040 -30 -1723073393
57.067 -47 -1723073393
57.093 -50 -1723073393
57.120 -36 -1723073393
57.147 -32 -1723073393
57.173 -29 -1723073393
57.200 -18 -1723073393
57.227 -16 -1723073393
57.253 -19 -1723073393
57.280 -12 -1723073393
57.307 -12 -1723073393
57.333 -22 -1723073393
57.360 -22 -1723073393
57.387 -22 -1723073393
57.413 -30 -1723073393
57.440 -31 -1723073393
57.467 -27 -1723073393
57.493 -30 -1723073393
57.520 -30 -1723073393
57.547 -23 -1723073393
57.573 -23 -1723073393
57.600 -20 -1723073393
57.627 -8 -1723073393
57.653 2 -1723073393
57.680 12 -1723073393
57.707 36 -1723073393
57.733 63 -1723073393
57.760 81 -1723073393
57.787 108 -1723073393
57.813 137 -1723073393
57.840 158 -1723073393
57.867 181 -1723073393
57.893 208 -1723073393
57.920 225 -1723073393
57.947 244 -1723073393
57.973 270 -1723073393
58.000 296 -1723073393
58.027 322 -1723073393
58.053 344 -1723073393
58.080 356 -1723073393
58.107 364 -1723073393
58.133 375 -1723073393
58.160 382 -1723073393
58.187 385 -1723073393
58.213 392 -1723073393
58.240 399 -1723073393
58.267 405 -1723073393
58.293 410 -1723073393
58.320 413 -1723073393
58.347 412 -1723073393
58.373 410 -1723073393
58.400 410 -1723073393
58.427 409 -1723073393
58.453 408 -1723073393
58.480 408 -1723073393
58.507 402 -1723073393
58.533 393 -1723073393
58.560 384 -1723073393
58.587 370 -1723073393
58.613 356 -1723073393
58.640 347 -1723073393
58.667 342 -1723073393
58.693 338 -1723073393
58.720 337 -1723073393
58.747 338 -1723073393
58.773 341 -1723073393
58.800 350 -1723073393
58.827 367 -1723073393
58.853 387 -1723073393
58.880 402 -1723073393
58.907 419 -1723073393
58.933 439 -1723073393
58.960 454 -1723073393
58.987 466 -1723073393
59.013 478 -1723073393
59.040 485 -1723073393
59.067 490 -1723073393
59.093 497 -1723073393
59.120 506 -1723073393
59.147 515 -1723073393
59.173 518 -1723073393
59.200 517 -1723073393
59.227 515 -1723073393
59.253 514 -1723073393
59.280 509 -1723073393
59.307 507 -1723073393
59.333 508 -1723073393
59.360 504 -1723073393
59.387 500 -1723073393
59.413 502 -1723073393
59.440 500 -1723073393
59.467 490 -1723073393
59.493 483 -1723073393
59.520 479 -1723073393
59.547 475 -1723073393
59.573 478 -1723073393
59.600 485 -1723073393
59.627 487 -1723073393
59.653 490 -1723073393
59.680 500 -1723073393
59.707 508 -1723073393
59.733 513 -1723073393
59.760 525 -1723073393
59.787 537 -1723073393
59.813 542 -1723073393
59.840 550 -1723073393
59.867 554 -1723073393
59.893 549 -1723073393
59.920 544 -1723073393
59.947 535 -1723073393
59.973 509 -1723073393
60.000 481 -1723073393
60.027 453 -1723073393
60.053 410 -1723073393
60.080 356 -1723073393
60.107 311 -1723073393
60.133 269 -1723073393
60.160 220 -1723073393
60.187 172 -1723073393
60.213 131 -1723073393
60.240 91 -1723073393
60.267 54 -1723073393
60.293 29 -1723073393
60.320 17 -1723073393
60.347 4 -1723073393
60.373 -7 -1723073393
60.400 -5 -1723073393
60.427 -3 -1723073393
60.453 -4 -1723073393
60.480 10 -1723073393
60.507 33 -1723073393
60.533 44 -1723073393
60.560 55 -1723073393
60.587 72 -1723073393
60.613 82 -1723073393
60.640 90 -1723073393
60.667 105 -1723073393
60.693 116 -1723073393
60.720 120 -1723073393
60.747 124 -1723073393
60.773 122 -1723073393
60.800 115 -1723073393
60.827 106 -1723073393
60.853 93 -1723073393
60.880 72 -1723073393
60.907 54 -1723073393
60.933 39 -1723073393
60.960 15 -1723073393
60.987 -8 -1723073393
61.013 -26 -1723073393
61.040 -49 -1723073393
61.067 -73 -1723073393
61.093 -85 -1723073393
61.120 -95 -1723073393
61.147 -111 -1723073393
61.173 -121 -1723073393
61.200 -125 -1723073393
61.227 -139 -1723073393
61.253 -148 -1723073393
61.280 -141 -1723073393
61.307 -136 -1723073393
61.333 -136 -1723073393
61.360 -124 -1723073393
61.387 -112 -1723073393
61.413 -107 -1723073393
61.440 -88 -1723073393
61.467 -64 -1723073393
61.493 -54 -1723073393
61.520 -43 -1723073393
61.547 -28 -1723073393
61.573 -27 -1723073393
61.600 -31 -1723073393
61.627 -29 -1723073393
61.653 -34 -1723073393
61.680 -46 -1723073393
61.707 -52 -1723073393
61.733 -65 -1723073393
61.760 -89 -1723073393
61.787 -109 -1723073393
61.813 -128 -1723073393
61.840 -156 -1723073393
61.867 -180 -1723073393
61.893 -195 -1723073393
61.920 -221 -1723073393
61.947 -249 -1723073393
61.973 -260 -1723073393
62.000 -268 -1723073393
62.027 -285 -1723073393
62.053 -287 -1723073393
62.080 -281 -1723073393
62.107 -287 -1723073393
62.133 -282 -1723073393
62.160 -259 -1723073393
62.187 -250 -1723073393
62.213 -242 -1723073393
62.240 -211 -1723073393
62.267 -184 -1723073393
62.293 -172 -1723073393
62.320 -147 -1723073393
62.347 -120 -1723073393
62.373 -107 -1723073393
62.400 -90 -1723073393
62.427 -64 -1723073393
62.453 -55 -1723073393
62.480 -49 -1723073393
62.507 -37 -1723073393
62.533 -38 -1723073393
62.560 -49 -1723073393
62.587 -49 -1723073393
62.613 -56 -1723073393
62.640 -78 -1723073393
62.667 -95 -1723073393
62.693 -111 -1723073393
62.720 -142 -1723073393
62.747 -172 -1723073393
62.773 -192 -1723073393
62.800 -217 -1723073393
62.827 -240 -1723073393
62.853 -251 -1723073393
62.880 -267 -1723073393
62.907 -288 -1723073393
62.933 -284 -1723073393
62.960 -275 -1723073393
62.987 -282 -1723073393
63.013 -275 -1723073393
63.040 -249 -1723073393
63.067 -238 -1723073393
63.093 -226 -1723073393
63.120 -191 -1723073393
63.147 -164 -1723073393
63.173 -144 -1723073393
63.200 -108 -1723073393
63.227 -73 -1723073393
63.253 -54 -1723073393
63.280 -29 -1723073393
63.307 -2 -1723073393
63.333 11 -1723073393
63.360 21 -1723073393
63.387 31 -1723073393
63.413 27 -1723073393
63.440 19 -1723073393
63.467 12 -1723073393
63.493 -3 -1723073393
63.520 -27 -1723073393
63.547 -46 -1723073393
63.573 -69 -1723073393
63.600 -103 -1723073393
63.627 -135 -1723073393
63.653 -163 -1723073393
63.680 -200 -1723073393
63.707 -232 -1723073393
63.733 -250 -1723073393
63.760 -274 -1723073393
63.787 -302 -1723073393
63.813 -307 -1723073393
63.840 -311 -1723073393
63.867 -331 -1723073393
63.893 -333 -1723073393
63.920 -318 -1723073393
63.947 -317 -1723073393
63.973 -308 -1723073393
64.000 -274 -1723073393
64.027 -250 -1723073393
64.053 -237 -1723073393
64.080 -201 -1723073393
64.107 -167 -1723073393
64.133 -152 -1723073393
64.160 -129 -1723073393
64.187 -103 -1723073393
64.213 -93 -1723073393
64.240 -83 -1723073393
64.267 -63 -1723073393
64.293 -58 -1723073393
64.320 -69 -1723073393
64.347 -74 -1723073393
64.373 -84 -1723073393
64.400 -101 -1723073393
64.427 -109 -1723073393
64.453 -113 -1723073393
64.480 -130 -1723073393
64.507 -144 -1723073393
64.533 -148 -1723073393
64.560 -161 -1723073393
64.587 -170 -1723073393
64.613 -159 -1723073393
64.640 -147 -1723073393
64.667 -141 -1723073393
64.693 -116 -1723073393
64.720 -86 -1723073393
64.747 -73 -1723073393
64.773 -50 -1723073393
64.800 -17 -1723073393
64.827 1 -1723073393
64.853 18 -1723073393
64.880 51 -1723073393
64.907 78 -1723073393
64.933 98 -1723073393
64.960 123 -1723073393
64.987 146 -1723073393
65.013 156 -1723073393
65.040 168 -1723073393
65.067 183 -1723073393
65.093 186 -1723073393
65.120 181 -1723073393
65.147 177 -1723073393
65.173 173 -1723073393
65.200 163 -1723073393
65.227 152 -1723073393
65.253 137 -1723073393
65.280 120 -1723073393
65.307 107 -1723073393
65.333 100 -1723073393
65.360 91 -1723073393
65.387 82 -1723073393
65.413 71 -1723073393
65.440 52 -1723073393
65.467 38 -1723073393
65.493 33 -1723073393
65.520 25 -1723073393
65.547 14 -1723073393
65.573 14 -1723073393
65.600 19 -1723073393
65.627 21 -1723073393
65.653 30 -1723073393
65.680 45 -1723073393
65.707 50 -1723073393
65.733 55 -1723073393
65.760 68 -1723073393
65.787 77 -1723073393
65.813 87 -1723073393
65.840 106 -1723073393
65.867 119 -1723073393
65.893 127 -1723073393
65.920 136 -1723073393
65.947 144 -1723073393
65.973 148 -1723073393
66.000 159 -1723073393
66.027 174 -1723073393
66.053 186 -1723073393
66.080 196 -1723073393
66.107 206 -1723073393
66.133 209 -1723073393
66.160 213 -1723073393
66.187 220 -1723073393
66.213 225 -1723073393
66.240 231 -1723073393
66.267 239 -1723073393
66.293 243 -1723073393
66.320 245 -1723073393
66.347 249 -1723073393
66.373 255 -1723073393
66.400 257 -1723073393
66.427 260 -1723073393
66.453 267 -1723073393
66.480 269 -1723073393
66.507 268 -1723073393
66.533 270 -1723073393
66.560 274 -1723073393
66.587 280 -1723073393
66.613 285 -1723073393
66.640 288 -1723073393
66.667 293 -1723073393
66.693 302 -1723073393
66.720 309 -1723073393
66.747 314 -1723073393
66.773 324 -1723073393
66.800 331 -1723073393
66.827 330 -1723073393
66.853 335 -1723073393
66.880 343 -1723073393
66.907 347 -1723073393
66.933 358 -1723073393
66.960 372 -1723073393
66.987 373 -1723073393
67.013 370 -1723073393
67.040 371 -1723073393
67.067 364 -1723073393
67.093 351 -1723073393
67.120 346 -1723073393
67.147 343 -1723073393
67.173 334 -1723073393
67.200 330 -1723073393
67.227 331 -1723073393
67.253 323 -1723073393
67.280 312 -1723073393
67.307 307 -1723073393
67.333 305 -1723073393
67.360 299 -1723073393
67.387 297 -1723073393
67.413 300 -1723073393
67.440 306 -1723073393
67.467 318 -1723073393
67.493 332 -1723073393
67.520 339 -1723073393
67.547 343 -1723073393
67.573 351 -1723073393
67.600 359 -1723073393
67.627 362 -1723073393
67.653 372 -1723073393
67.680 385 -1723073393
67.707 389 -1723073393
67.733 394 -1723073393
67.760 405 -1723073393
67.787 407 -1723073393
67.813 404 -1723073393
67.840 409 -1723073393
67.867 411 -1723073393
67.893 408 -1723073393
67.920 414 -1723073393
67.947 420 -1723073393
67.973 424 -1723073393
68.000 430 -1723073393
68.027 440 -1723073393
68.053 445 -1723073393
68.080 449 -1723073393
68.107 455 -1723073393
68.133 454 -1723073393
68.160 450 -1723073393
68.187 452 -1723073393
68.213 448 -1723073393
68.240 439 -1723073393
68.267 436 -1723073393
68.293 436 -1723073393
68.320 425 -1723073393
68.347 416 -1723073393
68.373 413 -1723073393
68.400 401 -1723073393
68.427 384 -1723073393
68.453 370 -1723073393
68.480 353 -1723073393
68.507 331 -1723073393
68.533 317 -1723073393
68.560 308 -1723073393
68.587 297 -1723073393
68.613 286 -1723073393
68.640 280 -1723073393
68.667 274 -1723073393
68.693 263 -1723073393
68.720 260 -1723073393
68.747 263 -1723073393
68.773 264 -1723073393
68.800 270 -1723073393
68.827 281 -1723073393
68.853 284 -1723073393
68.880 284 -1723073393
68.907 292 -1723073393
68.933 300 -1723073393
68.960 305 -1723073393
68.987 310 -1723073393
69.013 316 -1723073393
69.040 317 -1723073393
69.067 319 -1723073393
69.093 326 -1723073393
69.120 332 -1723073393
69.147 336 -1723073393
69.173 338 -1723073393
69.200 335 -1723073393
69.227 329 -1723073393
69.253 329 -1723073393
69.280 324 -1723073393
69.307 315 -1723073393
69.333 315 -1723073393
69.360 314 -1723073393
69.387 308 -1723073393
69.413 305 -1723073393
69.440 307 -1723073393
69.467 306 -1723073393
69.493 305 -1723073393
69.520 306 -1723073393
69.547 308 -1723073393
69.573 309 -1723073393
69.600 311 -1723073393
69.627 315 -1723073393
69.653 320 -1723073393
69.680 328 -1723073393
69.707 341 -1723073393
69.733 350 -1723073393
69.760 357 -1723073393
69.787 369 -1723073393
69.813 373 -1723073393
69.840 373 -1723073393
69.867 377 -1723073393
69.893 379 -1723073393
69.920 373 -1723073393
69.947 366 -1723073393
69.973 357 -1723073393
70.000 338 -1723073393
70.027 320 -1723073393
70.053 309 -1723073393
70.080 294 -1723073393
70.107 276 -1723073393
70.133 258 -1723073393
70.160 239 -1723073393
70.187 218 -1723073393
70.213 202 -1723073393
70.240 194 -1723073393
70.267 189 -1723073393
70.293 180 -1723073393
70.320 174 -1723073393
70.347 175 -1723073393
70.373 173 -1723073393
70.400 173 -1723073393
70.427 181 -1723073393
70.453 191 -1723073393
70.480 197 -1723073393
70.507 206 -1723073393
70.533 214 -1723073393
70.560 221 -1723073393
70.587 232 -1723073393
70.613 242 -1723073393
70.640 246 -1723073393
70.667 247 -1723073393
70.693 249 -1723073393
70.720 247 -1723073393
70.747 246 -1723073393
70.773 247 -1723073393
70.800 246 -1723073393
70.827 242 -1723073393
70.853 236 -1723073393
70.880 226 -1723073393
70.907 212 -1723073393
70.933 204 -1723073393
70.960 203 -1723073393
70.987 203 -1723073393
71.013 204 -1723073393
71.040 208 -1723073393
71.067 212 -1723073393
71.093 214 -1723073393
71.120 226 -1723073393
71.147 241 -1723073393
71.173 250 -1723073393
71.200 259 -1723073393
71.227 272 -1723073393
71.253 282 -1723073393
71.280 293 -1723073393
71.307 309 -1723073393
71.333 323 -1723073393
71.360 333 -1723073393
71.387 346 -1723073393
71.413 360 -1723073393
71.440 373 -1723073393
71.467 387 -1723073393
71.493 399 -1723073393
71.520 406 -1723073393
71.547 417 -1723073393
71.573 428 -1723073393
71.600 437 -1723073393
71.627 447 -1723073393
71.653 453 -1723073393
71.680 454 -1723073393
71.707 457 -1723073393
71.733 455 -1723073393
71.760 445 -1723073393
71.787 435 -1723073393
71.813 426 -1723073393
71.840 409 -1723073393
71.867 386 -1723073393
71.893 367 -1723073393
71.920 343 -1723073393
71.947 314 -1723073393
71.973 289 -1723073393
72.000 266 -1723073393
72.027 240 -1723073393
72.053 216 -1723073393
72.080 197 -1723073393
72.107 179 -1723073393
72.133 159 -1723073393
72.160 146 -1723073393
72.187 141 -1723073393
72.213 133 -1723073393
72.240 126 -1723073393
72.267 130 -1723073393
72.293 139 -1723073393
72.320 141 -1723073393
72.347 148 -1723073393
72.373 157 -1723073393
72.400 160 -1723073393
72.427 166 -1723073393
72.453 180 -1723073393
72.480 189 -1723073393
72.507 195 -1723073393
72.533 209 -1723073393
72.560 219 -1723073393
72.587 221 -1723073393
72.613 228 -1723073393
72.640 237 -1723073393
72.667 241 -1723073393
72.693 248 -1723073393
72.720 258 -1723073393
72.747 262 -1723073393
72.773 269 -1723073393
72.800 279 -1723073393
72.827 285 -1723073393
72.853 292 -1723073393
72.880 302 -1723073393
72.907 309 -1723073393
72.933 313 -1723073393
72.960 322 -1723073393
72.987 331 -1723073393
73.013 338 -1723073393
73.040 347 -1723073393
73.067 351 -1723073393
73.093 347 -1723073393
73.120 344 -1723073393
73.147 344 -1723073393
73.173 340 -1723073393
73.200 337 -1723073393
73.227 335 -1723073393
73.253 330 -1723073393
73.280 324 -1723073393
73.307 319 -1723073393
73.333 314 -1723073393
73.360 307 -1723073393
73.387 299 -1723073393
73.413 292 -1723073393
73.440 286 -1723073393
73.467 279 -1723073393
73.493 273 -1723073393
73.520 267 -1723073393
73.547 257 -1723073393
73.573 247 -1723073393
73.600 238 -1723073393
73.627 225 -1723073393
73.653 209 -1723073393
73.680 198 -1723073393
73.707 189 -1723073393
73.733 180 -1723073393
73.760 177 -1723073393
73.787 176 -1723073393
73.813 169 -1723073393
73.840 170 -1723073393
73.867 175 -1723073393
73.893 176 -1723073393
73.920 179 -1723073393
73.947 190 -1723073393
73.973 198 -1723073393
74.000 205 -1723073393
74.027 217 -1723073393
74.053 229 -1723073393
74.080 239 -1723073393
74.107 252 -1723073393
74.133 266 -1723073393
74.160 281 -1723073393
74.187 295 -1723073393
74.213 304 -1723073393
74.240 306 -1723073393
74.267 305 -1723073393
74.293 301 -1723073393
74.320 298 -1723073393
74.347 299 -1723073393
74.373 298 -1723073393
74.400 290 -1723073393
74.427 278 -1723073393
74.453 267 -1723073393
74.480 254 -1723073393
74.507 240 -1723073393
74.533 225 -1723073393
74.560 211 -1723073393
74.587 197 -1723073393
74.613 187 -1723073393
74.640 180 -1723073393
74.667 177 -1723073393
74.693 176 -1723073393
74.720 175 -1723073393
74.747 174 -1723073393
74.773 171 -1723073393
74.800 174 -1723073393
74.827 183 -1723073393
74.853 190 -1723073393
74.880 198 -1723073393
74.907 211 -1723073393
74.933 222 -1723073393
74.960 233 -1723073393
74.987 243 -1723073393
75.013 252 -1723073393
75.040 256 -1723073393
75.067 257 -1723073393
75.093 255 -1723073393
75.120 254 -1723073393
75.147 258 -1723073393
75.173 264 -1723073393
75.200 271 -1723073393
75.227 279 -1723073393
75.253 283 -1723073393
75.280 280 -1723073393
75.307 280 -1723073393
75.333 282 -1723073393
75.360 281 -1723073393
75.387 283 -1723073393
75.413 290 -1723073393
75.440 295 -1723073393
75.467 297 -1723073393
75.493 298 -1723073393
75.520 286 -1723073393
75.547 272 -1723073393
75.573 263 -1723073393
75.600 253 -1723073393
75.627 241 -1723073393
75.653 230 -1723073393
75.680 220 -1723073393
75.707 205 -1723073393
75.733 192 -1723073393
75.760 188 -1723073393
75.787 186 -1723073393
75.813 185 -1723073393
75.840 191 -1723073393
75.867 198 -1723073393
75.893 203 -1723073393
75.920 213 -1723073393
75.947 226 -1723073393
75.973 239 -1723073393
76.000 253 -1723073393
76.027 268 -1723073393
76.053 279 -1723073393
76.080 289 -1723073393
76.107 293 -1723073393
76.133 287 -1723073393
76.160 281 -1723073393
76.187 278 -1723073393
76.213 269 -1723073393
76.240 258 -1723073393
76.267 247 -1723073393
76.293 229 -1723073393
76.320 204 -1723073393
76.347 182 -1723073393
76.373 162 -1723073393
76.400 141 -1723073393
76.427 126 -1723073393
76.453 117 -1723073393
76.480 109 -1723073393
76.507 99 -1723073393
76.533 94 -1723073393
76.560 99 -1723073393
76.587 106 -1723073393
76.613 112 -1723073393
76.640 123 -1723073393
76.667 139 -1723073393
76.693 155 -1723073393
76.720 173 -1723073393
76.747 192 -1723073393
76.773 211 -1723073393
76.800 233 -1723073393
76.827 257 -1723073393
76.853 277 -1723073393
76.880 294 -1723073393
76.907 313 -1723073393
76.933 332 -1723073393
76.960 348 -1723073393
76.987 365 -1723073393
77.013 379 -1723073393
77.040 392 -1723073393
77.067 405 -1723073393
77.093 415 -1723073393
77.120 421 -1723073393
77.147 426 -1723073393
77.173 429 -1723073393
77.200 427 -1723073393
77.227 426 -1723073393
77.253 415 -1723073393
77.280 396 -1723073393
77.307 385 -1723073393
77.333 373 -1723073393
77.360 356 -1723073393
77.387 344 -1723073393
77.413 334 -1723073393
77.440 321 -1723073393
77.467 311 -1723073393
77.493 307 -1723073393
77.520 304 -1723073393
77.547 303 -1723073393
77.573 309 -1723073393
77.600 318 -1723073393
77.627 320 -1723073393
77.653 322 -1723073393
77.680 331 -1723073393
77.707 338 -1723073393
77.733 343 -1723073393
77.760 353 -1723073393
77.787 365 -1723073393
77.813 375 -1723073393
77.840 385 -1723073393
77.867 390 -1723073393
77.893 395 -1723073393
77.920 402 -1723073393
77.947 409 -1723073393
77.973 413 -1723073393
78.000 418 -1723073393
78.027 419 -1723073393
78.053 414 -1723073393
78.080 408 -1723073393
78.107 398 -1723073393
78.133 386 -1723073393
78.160 374 -1723073393
78.187 359 -1723073393
78.213 342 -1723073393
78.240 328 -1723073393
78.267 321 -1723073393
78.293 309 -1723073393
78.320 293 -1723073393
78.347 280 -1723073393
78.373 268 -1723073393
78.400 254 -1723073393
78.427 247 -1723073393
78.453 243 -1723073393
78.480 242 -1723073393
78.507 246 -1723073393
78.533 250 -1723073393
78.560 253 -1723073393
78.587 257 -1723073393
78.613 262 -1723073393
78.640 266 -1723073393
78.667 267 -1723073393
78.693 274 -1723073393
78.720 279 -1723073393
78.747 282 -1723073393
78.773 287 -1723073393
78.800 291 -1723073393
78.827 288 -1723073393
78.853 285 -1723073393
78.880 285 -1723073393
78.907 283 -1723073393
78.933 278 -1723073393
78.960 274 -1723073393
78.987 269 -1723073393
79.013 262 -1723073393
79.040 252 -1723073393
79.067 240 -1723073393
79.093 221 -1723073393
79.120 206 -1723073393
79.147 196 -1723073393
79.173 184 -1723073393
79.200 170 -1723073393
79.227 162 -1723073393
79.253 157 -1723073393
79.280 150 -1723073393
79.307 150 -1723073393
79.333 155 -1723073393
79.360 156 -1723073393
79.387 165 -1723073393
79.413 174 -1723073393
79.440 178 -1723073393
79.467 184 -1723073393
79.493 198 -1723073393
79.520 214 -1723073393
79.547 230 -1723073393
79.573 244 -1723073393
79.600 256 -1723073393
79.627 267 -1723073393
79.653 279 -1723073393
79.680 286 -1723073393
79.707 290 -1723073393
79.733 291 -1723073393
79.760 288 -1723073393
79.787 282 -1723073393
79.813 275 -1723073393
79.840 262 -1723073393
79.867 245 -1723073393
79.893 224 -1723073393
79.920 198 -1723073393
79.947 174 -1723073393
79.973 155 -1723073393
80.000 138 -1723073393
80.027 117 -1723073393
80.053 96 -1723073393
80.080 81 -1723073393
80.107 67 -1723073393
80.133 51 -1723073393
80.160 45 -1723073393
80.187 46 -1723073393
80.213 49 -1723073393
80.240 60 -1723073393
80.267 77 -1723073393
80.293 90 -1723073393
80.320 105 -1723073393
80.347 128 -1723073393
80.373 151 -1723073393
80.400 167 -1723073393
80.427 186 -1723073393
80.453 204 -1723073393
80.480 212 -1723073393
80.507 221 -1723073393
80.533 230 -1723073393
80.560 236 -1723073393
80.587 242 -1723073393
80.613 247 -1723073393
80.640 251 -1723073393
80.667 255 -1723073393
80.693 255 -1723073393
80.720 246 -1723073393
80.747 236 -1723073393
80.773 228 -1723073393
80.800 221 -1723073393
80.827 215 -1723073393
80.853 211 -1723073393
80.880 204 -1723073393
80.907 194 -1723073393
80.933 192 -1723073393
80.960 194 -1723073393
80.987 190 -1723073393
81.013 185 -1723073393
81.040 184 -1723073393
81.067 184 -1723073393
81.093 188 -1723073393
81.120 196 -1723073393
81.147 201 -1723073393
81.173 205 -1723073393
81.200 214 -1723073393
81.227 224 -1723073393
81.253 230 -1723073393
81.280 236 -1723073393
81.307 238 -1723073393
81.333 236 -1723073393
81.360 237 -1723073393
81.387 236 -1723073393
81.413 228 -1723073393
81.440 222 -1723073393
81.467 216 -1723073393
81.493 208 -1723073393
81.520 199 -1723073393
81.547 186 -1723073393
81.573 172 -1723073393
81.600 159 -1723073393
81.627 149 -1723073393
81.653 140 -1723073393
81.680 134 -1723073393
81.707 131 -1723073393
81.733 127 -1723073393
81.760 124 -1723073393
81.787 126 -1723073393
81.813 126 -1723073393
81.840 124 -1723073393
81.867 124 -1723073393
81.893 125 -1723073393
81.920 127 -1723073393
81.947 135 -1723073393
81.973 143 -1723073393
82.000 147 -1723073393
82.027 156 -1723073393
82.053 171 -1723073393
82.080 181 -1723073393
82.107 193 -1723073393
82.133 211 -1723073393
82.160 224 -1723073393
82.187 234 -1723073393
82.213 245 -1723073393
82.240 259 -1723073393
82.267 274 -1723073393
82.293 289 -1723073393
82.320 301 -1723073393
82.347 313 -1723073393
82.373 325 -1723073393
82.400 336 -1723073393
82.427 342 -1723073393
82.453 345 -1723073393
82.480 349 -1723073393
82.507 351 -1723073393
82.533 346 -1723073393
82.560 333 -1723073393
82.587 318 -1723073393
82.613 306 -1723073393
82.640 296 -1723073393
82.667 289 -1723073393
82.693 283 -1723073393
82.720 278 -1723073393
82.747 273 -1723073393
82.773 270 -1723073393
82.800 266 -1723073393
82.827 260 -1723073393
82.853 254 -1723073393
82.880 253 -1723073393
82.907 252 -1723073393
82.933 250 -1723073393
82.960 251 -1723073393
82.987 254 -1723073393
83.013 258 -1723073393
83.040 264 -1723073393
83.067 271 -1723073393
83.093 277 -1723073393
83.120 283 -1723073393
83.147 288 -1723073393
83.173 290 -1723073393
83.200 293 -1723073393
83.227 298 -1723073393
83.253 303 -1723073393
83.280 306 -1723073393
83.307 305 -1723073393
83.333 298 -1723073393
83.360 289 -1723073393
83.387 280 -1723073393
83.413 271 -1723073393
83.440 263 -1723073393
83.467 255 -1723073393
83.493 247 -1723073393
83.520 239 -1723073393
83.547 229 -1723073393
83.573 223 -1723073393
83.600 220 -1723073393
83.627 220 -1723073393
83.653 219 -1723073393
83.680 218 -1723073393
83.707 214 -1723073393
83.733 208 -1723073393
83.760 199 -1723073393
83.787 193 -1723073393
83.813 191 -1723073393
83.840 193 -1723073393
83.867 199 -1723073393
83.893 203 -1723073393
83.920 205 -1723073393
83.947 207 -1723073393
83.973 210 -1723073393
84.000 217 -1723073393
84.027 226 -1723073393
84.053 233 -1723073393
84.080 237 -1723073393
84.107 241 -1723073393
84.133 241 -1723073393
84.160 236 -1723073393
84.187 229 -1723073393
84.213 223 -1723073393
84.240 218 -1723073393
84.267 217 -1723073393
84.293 218 -1723073393
84.320 219 -1723073393
84.347 221 -1723073393
84.373 224 -1723073393
84.400 226 -1723073393
84.427 224 -1723073393
84.453 224 -1723073393
84.480 228 -1723073393
84.507 232 -1723073393
84.533 234 -1723073393
84.560 237 -1723073393
84.587 243 -1723073393
84.613 253 -1723073393
84.640 265 -1723073393
84.667 272 -1723073393
84.693 273 -1723073393
84.720 273 -1723073393
84.747 273 -1723073393
84.773 273 -1723073393
84.800 273 -1723073393
84.827 271 -1723073393
84.853 269 -1723073393
84.880 267 -1723073393
84.907 267 -1723073393
84.933 265 -1723073393
84.960 261 -1723073393
84.987 255 -1723073393
85.013 247 -1723073393
85.040 239 -1723073393
85.067 229 -1723073393
85.093 217 -1723073393
85.120 210 -1723073393
85.147 208 -1723073393
85.173 200 -1723073393
85.200 194 -1723073393
85.227 189 -1723073393
85.253 183 -1723073393
85.280 178 -1723073393
85.307 172 -1723073393
85.333 167 -1723073393
85.360 169 -1723073393
85.387 175 -1723073393
85.413 176 -1723073393
85.440 179 -1723073393
85.467 185 -1723073393
85.493 184 -1723073393
85.520 178 -1723073393
85.547 174 -1723073393
85.573 168 -1723073393
85.600 166 -1723073393
85.627 168 -1723073393
85.653 164 -1723073393
85.680 159 -1723073393
85.707 166 -1723073393
85.733 170 -1723073393
85.760 173 -1723073393
85.787 179 -1723073393
85.813 182 -1723073393
85.840 179 -1723073393
85.867 183 -1723073393
85.893 189 -1723073393
85.920 196 -1723073393
85.947 208 -1723073393
85.973 219 -1723073393
86.000 229 -1723073393
86.027 237 -1723073393
86.053 241 -1723073393
86.080 245 -1723073393
86.107 253 -1723073393
86.133 263 -1723073393
86.160 270 -1723073393
86.187 276 -1723073393
86.213 284 -1723073393
86.240 289 -1723073393
86.267 288 -1723073393
86.293 286 -1723073393
86.320 282 -1723073393
86.347 277 -1723073393
86.373 273 -1723073393
86.400 263 -1723073393
86.427 253 -1723073393
86.453 243 -1723073393
86.480 233 -1723073393
86.507 225 -1723073393
86.533 219 -1723073393
86.560 210 -1723073393
86.587 203 -1723073393
86.613 201 -1723073393
86.640 195 -1723073393
86.667 187 -1723073393
86.693 183 -1723073393
86.720 179 -1723073393
86.747 178 -1723073393
86.773 177 -1723073393
86.800 176 -1723073393
86.827 178 -1723073393
86.853 181 -1723073393
86.880 179 -1723073393
86.907 176 -1723073393
86.933 176 -1723073393
86.960 175 -1723073393
86.987 177 -1723073393
87.013 182 -1723073393
87.040 179 -1723073393
87.067 170 -1723073393
87.093 165 -1723073393
87.120 159 -1723073393
87.147 156 -1723073393
87.173 157 -1723073393
87.200 155 -1723073393
87.227 158 -1723073393
87.253 161 -1723073393
87.280 162 -1723073393
87.307 162 -1723073393
87.333 168 -1723073393
87.360 172 -1723073393
87.387 175 -1723073393
87.413 180 -1723073393
87.440 184 -1723073393
87.467 186 -1723073393
87.493 187 -1723073393
87.520 184 -1723073393
87.547 182 -1723073393
87.573 185 -1723073393
87.600 191 -1723073393
87.627 198 -1723073393
87.653 205 -1723073393
87.680 211 -1723073393
87.707 217 -1723073393
87.733 216 -1723073393
87.760 216 -1723073393
87.787 219 -1723073393
87.813 221 -1723073393
87.840 225 -1723073393
87.867 231 -1723073393
87.893 237 -1723073393
87.920 244 -1723073393
87.947 252 -1723073393
87.973 258 -1723073393
88.000 256 -1723073393
88.027 252 -1723073393
88.053 249 -1723073393
88.080 250 -1723073393
88.107 254 -1723073393
88.133 255 -1723073393
88.160 257 -1723073393
88.187 260 -1723073393
88.213 258 -1723073393
88.240 257 -1723073393
88.267 252 -1723073393
88.293 241 -1723073393
88.320 230 -1723073393
88.347 225 -1723073393
88.373 221 -1723073393
88.400 217 -1723073393
88.427 216 -1723073393
88.453 212 -1723073393
88.480 208 -1723073393
88.507 208 -1723073393
88.533 207 -1723073393
88.560 209 -1723073393
88.587 213 -1723073393
88.613 217 -1723073393
88.640 223 -1723073393
88.667 230 -1723073393
88.693 235 -1723073393
88.720 238 -1723073393
88.747 237 -1723073393
88.773 237 -1723073393
88.800 241 -1723073393
88.827 243 -1723073393
88.853 245 -1723073393
88.880 248 -1723073393
88.907 249 -1723073393
88.933 247 -1723073393
88.960 243 -1723073393
88.987 238 -1723073393
89.013 238 -1723073393
89.040 235 -1723073393
89.067 230 -1723073393
89.093 221 -1723073393
89.120 210 -1723073393
89.147 199 -1723073393
89.173 188 -1723073393
89.200 177 -1723073393
89.227 165 -1723073393
89.253 149 -1723073393
89.280 138 -1723073393
89.307 131 -1723073393
89.333 127 -1723073393
89.360 126 -1723073393
89.387 128 -1723073393
89.413 131 -1723073393
89.440 136 -1723073393
89.467 143 -1723073393
89.493 150 -1723073393
89.520 159 -1723073393
89.547 167 -1723073393
89.573 175 -1723073393
89.600 187 -1723073393
89.627 198 -1723073393
89.653 210 -1723073393
89.680 222 -1723073393
89.707 228 -1723073393
89.733 227 -1723073393
89.760 230 -1723073393
89.787 232 -1723073393
89.813 231 -1723073393
89.840 230 -1723073393
89.867 227 -1723073393
89.893 224 -1723073393
89.920 223 -1723073393
89.947 221 -1723073393
89.973 218 -1723073393
90.000 215 -1723073393
90.027 207 -1723073393
90.053 197 -1723073393
90.080 184 -1723073393
90.107 173 -1723073393
90.133 166 -1723073393
90.160 165 -1723073393
90.187 161 -1723073393
90.213 156 -1723073393
90.240 151 -1723073393
90.267 144 -1723073393
90.293 141 -1723073393
90.320 139 -1723073393
90.347 140 -1723073393
90.373 147 -1723073393
90.400 153 -1723073393
90.427 155 -1723073393
90.453 159 -1723073393
90.480 166 -1723073393
90.507 174 -1723073393
90.533 179 -1723073393
90.560 185 -1723073393
90.587 190 -1723073393
90.613 192 -1723073393
90.640 193 -1723073393
90.667 194 -1723073393
90.693 190 -1723073393
90.720 185 -1723073393
90.747 178 -1723073393
90.773 172 -1723073393
90.800 161 -1723073393
90.827 144 -1723073393
90.853 131 -1723073393
90.880 126 -1723073393
90.907 121 -1723073393
90.933 116 -1723073393
90.960 115 -1723073393
90.987 116 -1723073393
91.013 120 -1723073393
91.040 124 -1723073393
91.067 124 -1723073393
91.093 126 -1723073393
91.120 130 -1723073393
91.147 132 -1723073393
91.173 138 -1723073393
91.200 145 -1723073393
91.227 155 -1723073393
91.253 170 -1723073393
91.280 185 -1723073393
91.307 195 -1723073393
91.333 205 -1723073393
91.360 213 -1723073393
91.387 227 -1723073393
91.413 249 -1723073393
91.440 270 -1723073393
91.467 289 -1723073393
91.493 306 -1723073393
91.520 320 -1723073393
91.547 336 -1723073393
91.573 348 -1723073393
91.600 354 -1723073393
91.627 363 -1723073393
91.653 373 -1723073393
91.680 378 -1723073393
91.707 383 -1723073393
91.733 382 -1723073393
91.760 379 -1723073393
91.787 378 -1723073393
91.813 372 -1723073393
91.840 364 -1723073393
91.867 360 -1723073393
91.893 350 -1723073393
91.920 339 -1723073393
91.947 328 -1723073393
91.973 315 -1723073393
92.000 304 -1723073393
92.027 294 -1723073393
92.053 283 -1723073393
92.080 274 -1723073393
92.107 269 -1723073393
92.133 271 -1723073393
92.160 274 -1723073393
92.187 277 -1723073393
92.213 277 -1723073393
92.240 279 -1723073393
92.267 286 -1723073393
92.293 299 -1723073393
92.320 314 -1723073393
92.347 326 -1723073393
92.373 338 -1723073393
92.400 345 -1723073393
92.427 348 -1723073393
92.453 352 -1723073393
92.480 354 -1723073393
92.507 355 -1723073393
92.533 354 -1723073393
92.560 345 -1723073393
92.587 340 -1723073393
92.613 343 -1723073393
92.640 343 -1723073393
92.667 344 -1723073393
92.693 344 -1723073393
92.720 334 -1723073393
92.747 322 -1723073393
92.773 314 -1723073393
92.800 310 -1723073393
92.827 306 -1723073393
92.853 299 -1723073393
92.880 294 -1723073393
92.907 292 -1723073393
92.933 291 -1723073393
92.960 297 -1723073393
92.987 304 -1723073393
93.013 310 -1723073393
93.040 320 -1723073393
93.067 328 -1723073393
93.093 336 -1723073393
93.120 350 -1723073393
93.147 362 -1723073393
93.173 379 -1723073393
93.200 393 -1723073393
93.227 398 -1723073393
93.253 403 -1723073393
93.280 409 -1723073393
93.307 410 -1723073393
93.333 408 -1723073393
93.360 404 -1723073393
93.387 398 -1723073393
93.413 395 -1723073393
93.440 387 -1723073393
93.467 381 -1723073393
93.493 384 -1723073393
93.520 383 -1723073393
93.547 380 -1723073393
93.573 374 -1723073393
93.600 365 -1723073393
93.627 359 -1723073393
93.653 349 -1723073393
93.680 343 -1723073393
93.707 340 -1723073393
93.733 334 -1723073393
93.760 336 -1723073393
93.787 340 -1723073393
93.813 338 -1723073393
93.840 337 -1723073393
93.867 338 -1723073393
93.893 338 -1723073393
93.920 342 -1723073393
93.947 342 -1723073393
93.973 345 -1723073393
94.000 355 -1723073393
94.027 361 -1723073393
94.053 365 -1723073393
94.080 365 -1723073393
94.107 366 -1723073393
94.133 372 -1723073393
94.160 376 -1723073393
94.187 380 -1723073393
94.213 376 -1723073393
94.240 367 -1723073393
94.267 361 -1723073393
94.293 360 -1723073393
94.320 357 -1723073393
94.347 353 -1723073393
94.373 346 -1723073393
94.400 335 -1723073393
94.427 322 -1723073393
94.453 311 -1723073393
94.480 303 -1723073393
94.507 298 -1723073393
94.533 295 -1723073393
94.560 293 -1723073393
94.587 286 -1723073393
94.613 276 -1723073393
94.640 267 -1723073393
94.667 264 -1723073393
94.693 264 -1723073393
94.720 266 -1723073393
94.747 269 -1723073393
94.773 282 -1723073393
94.800 291 -1723073393
94.827 295 -1723073393
94.853 306 -1723073393
94.880 309 -1723073393
94.907 311 -1723073393
94.933 309 -1723073393
94.960 308 -1723073393
94.987 316 -1723073393
95.013 321 -1723073393
95.040 326 -1723073393
95.067 330 -1723073393
95.093 335 -1723073393
95.120 346 -1723073393
95.147 349 -1723073393
95.173 349 -1723073393
95.200 353 -1723073393
95.227 356 -1723073393
95.253 356 -1723073393
95.280 357 -1723073393
95.307 362 -1723073393
95.333 363 -1723073393
95.360 359 -1723073393
95.387 356 -1723073393
95.413 348 -1723073393
95.440 341 -1723073393
95.467 333 -1723073393
95.493 324 -1723073393
95.520 319 -1723073393
95.547 312 -1723073393
95.573 306 -1723073393
95.600 301 -1723073393
95.627 295 -1723073393
95.653 295 -1723073393
95.680 294 -1723073393
95.707 297 -1723073393
95.733 302 -1723073393
95.760 301 -1723073393
95.787 303 -1723073393
95.813 302 -1723073393
95.840 301 -1723073393
95.867 300 -1723073393
95.893 290 -1723073393
95.920 286 -1723073393
95.947 277 -1723073393
95.973 265 -1723073393
96.000 258 -1723073393
96.027 250 -1723073393
96.053 246 -1723073393
96.080 242 -1723073393
96.107 234 -1723073393
96.133 225 -1723073393
96.160 210 -1723073393
96.187 194 -1723073393
96.213 180 -1723073393
96.240 168 -1723073393
96.267 161 -1723073393
96.293 149 -1723073393
96.320 141 -1723073393
96.347 135 -1723073393
96.373 132 -1723073393
96.400 128 -1723073393
96.427 120 -1723073393
96.453 116 -1723073393
96.480 115 -1723073393
96.507 114 -1723073393
96.533 117 -1723073393
96.560 118 -1723073393
96.587 116 -1723073393
96.613 120 -1723073393
96.640 126 -1723073393
96.667 138 -1723073393
96.693 146 -1723073393
96.720 152 -1723073393
96.747 158 -1723073393
96.773 167 -1723073393
96.800 177 -1723073393
96.827 184 -1723073393
96.853 191 -1723073393
96.880 190 -1723073393
96.907 188 -1723073393
96.933 182 -1723073393
96.960 180 -1723073393
96.987 173 -1723073393
97.013 162 -1723073393
97.040 157 -1723073393
97.067 146 -1723073393
97.093 137 -1723073393
97.120 129 -1723073393
97.147 123 -1723073393
97.173 113 -1723073393
97.200 95 -1723073393
97.227 89 -1723073393
97.253 84 -1723073393
97.280 83 -1723073393
97.307 79 -1723073393
97.333 69 -1723073393
97.360 66 -1723073393
97.387 64 -1723073393
97.413 74 -1723073393
97.440 80 -1723073393
97.467 78 -1723073393
97.493 75 -1723073393
97.520 71 -1723073393
97.547 69 -1723073393
97.573 61 -1723073393
97.600 60 -1723073393
97.627 54 -1723073393
97.653 53 -1723073393
97.680 51 -1723073393
97.707 53 -1723073393
97.733 60 -1723073393
97.760 53 -1723073393
97.787 56 -1723073393
97.813 54 -1723073393
97.840 56 -1723073393
97.867 58 -1723073393
97.893 59 -1723073393
97.920 59 -1723073393
97.947 49 -1723073393
97.973 50 -1723073393
98.000 42 -1723073393
98.027 41 -1723073393
98.053 42 -1723073393
98.080 41 -1723073393
98.107 46 -1723073393
98.133 50 -1723073393
98.160 56 -1723073393
98.187 48 -1723073393
98.213 48 -1723073393
98.240 46 -1723073393
98.267 45 -1723073393
98.293 43 -1723073393
98.320 44 -1723073393
98.347 47 -1723073393
98.373 42 -1723073393
98.400 45 -1723073393
98.427 47 -1723073393
98.453 51 -1723073393
98.480 49 -1723073393
98.507 51 -1723073393
98.533 57 -1723073393
98.560 60 -1723073393
98.587 66 -1723073393
98.613 66 -1723073393
98.640 68 -1723073393
98.667 68 -1723073393
98.693 69 -1723073393
98.720 69 -1723073393
98.747 73 -1723073393
98.773 83 -1723073393
98.800 84 -1723073393
98.827 86 -1723073393
98.853 79 -1723073393
98.880 75 -1723073393
98.907 82 -1723073393
98.933 79 -1723073393
98.960 73 -1723073393
98.987 62 -1723073393
99.013 58 -1723073393
99.040 58 -1723073393
99.067 54 -1723073393
99.093 51 -1723073393
99.120 47 -1723073393
99.147 37 -1723073393
99.173 32 -1723073393
99.200 26 -1723073393
99.227 23 -1723073393
99.253 16 -1723073393
99.280 19 -1723073393
99.307 18 -1723073393
99.333 23 -1723073393
99.360 21 -1723073393
99.387 25 -1723073393
99.413 24 -1723073393
99.440 23 -1723073393
99.467 21 -1723073393
99.493 21 -1723073393
99.520 22 -1723073393
99.547 21 -1723073393
99.573 22 -1723073393
99.600 21 -1723073393
99.627 25 -1723073393
99.653 22 -1723073393
99.680 19 -1723073393
99.707 14 -1723073393
99.733 13 -1723073393
99.760 15 -1723073393
99.787 18 -1723073393
99.813 11 -1723073393
99.840 12 -1723073393
99.867 0 -1723073393
99.893 -11 -1723073393
99.920 -30 -1723073393
99.947 -31 -1723073393
99.973 -33 -1723073393
100.000 0 -1723073393
