0.000 24 -1723073393
0.027 26 -1723073393
0.053 28 -1723073393
0.080 28 -1723073393
0.107 31 -1723073393
0.133 34 -1723073393
0.160 37 -1723073393
0.187 30 -1723073393
0.213 20 -1723073393
0.240 14 -1723073393
0.267 14 -1723073393
0.293 18 -1723073393
0.320 20 -1723073393
0.347 18 -1723073393
0.373 18 -1723073393
0.400 19 -1723073393
0.427 15 -1723073393
0.453 9 -1723073393
0.480 6 -1723073393
0.507 4 -1723073393
0.533 7 -1723073393
0.560 10 -1723073393
0.587 10 -1723073393
0.613 12 -1723073393
0.640 12 -1723073393
0.667 8 -1723073393
0.693 4 -1723073393
0.720 2 -1723073393
0.747 1 -1723073393
0.773 1 -1723073393
0.800 0 -1723073393
0.827 0 -1723073393
0.853 0 -1723073393
0.880 0 -1723073393
0.907 2 -1723073393
0.933 5 -1723073393
0.960 4 -1723073393
0.987 1 -1723073393
1.013 -3 -1723073393
1.040 -6 -1723073393
1.067 -6 -1723073393
1.093 -9 -1723073393
1.120 -14 -1723073393
1.147 -16 -1723073393
1.173 -15 -1723073393
1.200 -11 -1723073393
1.227 -5 -1723073393
1.253 -5 -1723073393
1.280 -7 -1723073393
1.307 -7 -1723073393
1.333 -4 -1723073393
1.360 -2 -1723073393
1.387 -4 -1723073393
1.413 -6 -1723073393
1.440 -5 -1723073393
1.467 -5 -1723073393
1.493 -3 -1723073393
1.520 -3 -1723073393
1.547 -6 -1723073393
1.573 -3 -1723073393
1.600 -1 -1723073393
1.627 0 -1723073393
1.653 3 -1723073393
1.680 0 -1723073393
1.707 0 -1723073393
1.733 4 -1723073393
1.760 0 -1723073393
1.787 -3 -1723073393
1.813 -6 -1723073393
1.840 -11 -1723073393
1.867 -12 -1723073393
1.893 -11 -1723073393
1.920 -13 -1723073393
1.947 -12 -1723073393
1.973 -15 -1723073393
2.000 -20 -1723073393
2.027 -14 -1723073393
2.053 -8 -1723073393
2.080 -5 -1723073393
2.107 -1 -1723073393
2.133 -10 -1723073393
2.160 -15 -1723073393
2.187 -12 -1723073393
2.213 -17 -1723073393
2.240 -13 -1723073393
2.267 -11 -1723073393
2.293 -14 -1723073393
2.320 -13 -1723073393
2.347 -13 -1723073393
2.373 -12 -1723073393
2.400 -4 -1723073393
2.427 -3 -1723073393
2.453 -5 -1723073393
2.480 -7 -1723073393
2.507 -17 -1723073393
2.533 -19 -1723073393
2.560 -21 -1723073393
2.587 -23 -1723073393
2.613 -15 -1723073393
2.640 -17 -1723073393
2.667 -19 -1723073393
2.693 -9 -1723073393
2.720 -8 -1723073393
2.747 -4 -1723073393
2.773 0 -1723073393
2.800 -9 -1723073393
2.827 -9 -1723073393
2.853 -12 -1723073393
2.880 -22 -1723073393
2.907 -17 -1723073393
2.933 -22 -1723073393
2.960 -23 -1723073393
2.987 -12 -1723073393
3.013 -15 -1723073393
3.040 -15 -1723073393
3.067 -17 -1723073393
3.093 -32 -1723073393
3.120 -34 -1723073393
3.147 -34 -1723073393
3.173 -41 -1723073393
3.200 -35 -1723073393
3.227 -34 -1723073393
3.253 -34 -1723073393
3.280 -25 -1723073393
3.307 -29 -1723073393
3.333 -31 -1723073393
3.360 -27 -1723073393
3.387 -36 -1723073393
3.413 -34 -1723073393
3.440 -36 -1723073393
3.467 -46 -1723073393
3.493 -38 -1723073393
3.520 -37 -1723073393
3.547 -42 -1723073393
3.573 -28 -1723073393
3.600 -33 -1723073393
3.627 -37 -1723073393
3.653 -27 -1723073393
3.680 -35 -1723073393
3.707 -35 -1723073393
3.733 -32 -1723073393
3.760 -40 -1723073393
3.787 -32 -1723073393
3.813 -28 -1723073393
3.840 -34 -1723073393
3.867 -25 -1723073393
3.893 -25 -1723073393
3.920 -24 -1723073393
3.947 -12 -1723073393
3.973 -16 -1723073393
4.000 -15 -1723073393
4.027 -9 -1723073393
4.053 -20 -1723073393
4.080 -12 -1723073393
4.107 -2 -1723073393
4.133 -6 -1723073393
4.160 -3 -1723073393
4.187 -8 -1723073393
4.213 -15 -1723073393
4.240 -9 -1723073393
4.267 -21 -1723073393
4.293 -27 -1723073393
4.320 -19 -1723073393
4.347 -30 -1723073393
4.373 -26 -1723073393
4.400 -16 -1723073393
4.427 -23 -1723073393
4.453 -17 -1723073393
4.480 -16 -1723073393
4.507 -24 -1723073393
4.533 -15 -1723073393
4.560 -19 -1723073393
4.587 -22 -1723073393
4.613 -14 -1723073393
4.640 -21 -1723073393
4.667 -19 -1723073393
4.693 -13 -1723073393
4.720 -21 -1723073393
4.747 -13 -1723073393
4.773 -9 -1723073393
4.800 -13 -1723073393
4.827 -4 -1723073393
4.853 -12 -1723073393
4.880 -20 -1723073393
4.907 -13 -1723073393
4.933 -25 -1723073393
4.960 -28 -1723073393
4.987 -21 -1723073393
5.013 -31 -1723073393
5.040 -26 -1723073393
5.067 -22 -1723073393
5.093 -31 -1723073393
5.120 -22 -1723073393
5.147 -22 -1723073393
5.173 -25 -1723073393
5.200 -16 -1723073393
5.227 -22 -1723073393
5.253 -22 -1723073393
5.280 -17 -1723073393
5.307 -27 -1723073393
5.333 -18 -1723073393
5.360 -8 -1723073393
5.387 -13 -1723073393
5.413 -1 -1723073393
5.440 -3 -1723073393
5.467 -9 -1723073393
5.493 1 -1723073393
5.520 -2 -1723073393
5.547 -4 -1723073393
5.573 6 -1723073393
5.600 1 -1723073393
5.627 -2 -1723073393
5.653 -7 -1723073393
5.680 -23 -1723073393
5.707 -18 -1723073393
5.733 -18 -1723073393
5.760 -34 -1723073393
5.787 -33 -1723073393
5.813 -30 -1723073393
5.840 -29 -1723073393
5.867 -19 -1723073393
5.893 -26 -1723073393
5.920 -24 -1723073393
5.947 -7 -1723073393
5.973 -8 -1723073393
6.000 -3 -1723073393
6.027 2 -1723073393
6.053 -5 -1723073393
6.080 1 -1723073393
6.107 5 -1723073393
6.133 5 -1723073393
6.160 15 -1723073393
6.187 10 -1723073393
6.213 5 -1723073393
6.240 12 -1723073393
6.267 3 -1723073393
6.293 1 -1723073393
6.320 2 -1723073393
6.347 -9 -1723073393
6.373 -8 -1723073393
6.400 -12 -1723073393
6.427 -23 -1723073393
6.453 -17 -1723073393
6.480 -23 -1723073393
6.507 -33 -1723073393
6.533 -24 -1723073393
6.560 -25 -1723073393
6.587 -18 -1723073393
6.613 -5 -1723073393
6.640 -13 -1723073393
6.667 -15 -1723073393
6.693 -14 -1723073393
6.720 -19 -1723073393
6.747 -9 -1723073393
6.773 -8 -1723073393
6.800 -13 -1723073393
6.827 -9 -1723073393
6.853 -17 -1723073393
6.880 -25 -1723073393
6.907 -17 -1723073393
6.933 -20 -1723073393
6.960 -17 -1723073393
6.987 -8 -1723073393
7.013 -11 -1723073393
7.040 -8 -1723073393
7.067 -9 -1723073393
7.093 -19 -1723073393
7.120 -14 -1723073393
7.147 -19 -1723073393
7.173 -27 -1723073393
7.200 -18 -1723073393
7.227 -21 -1723073393
7.253 -23 -1723073393
7.280 -17 -1723073393
7.307 -29 -1723073393
7.333 -37 -1723073393
7.360 -35 -1723073393
7.387 -36 -1723073393
7.413 -32 -1723073393
7.440 -28 -1723073393
7.467 -31 -1723073393
7.493 -25 -1723073393
7.520 -23 -1723073393
7.547 -24 -1723073393
7.573 -20 -1723073393
7.600 -28 -1723073393
7.627 -29 -1723073393
7.653 -21 -1723073393
7.680 -23 -1723073393
7.707 -21 -1723073393
7.733 -24 -1723073393
7.760 -35 -1723073393
7.787 -31 -1723073393
7.813 -28 -1723073393
7.840 -32 -1723073393
7.867 -27 -1723073393
7.893 -29 -1723073393
7.920 -30 -1723073393
7.947 -24 -1723073393
7.973 -30 -1723073393
8.000 -28 -1723073393
8.027 -23 -1723073393
8.053 -31 -1723073393
8.080 -31 -1723073393
8.107 -27 -1723073393
8.133 -28 -1723073393
8.160 -22 -1723073393
8.187 -20 -1723073393
8.213 -23 -1723073393
8.240 -24 -1723073393
8.267 -29 -1723073393
8.293 -34 -1723073393
8.320 -32 -1723073393
8.347 -33 -1723073393
8.373 -32 -1723073393
8.400 -28 -1723073393
8.427 -29 -1723073393
8.453 -23 -1723073393
8.480 -15 -1723073393
8.507 -11 -1723073393
8.533 0 -1723073393
8.560 5 -1723073393
8.587 0 -1723073393
8.613 -3 -1723073393
8.640 -15 -1723073393
8.667 -16 -1723073393
8.693 -11 -1723073393
8.720 -13 -1723073393
8.747 -8 -1723073393
8.773 -3 -1723073393
8.800 -4 -1723073393
8.827 -7 -1723073393
8.853 -18 -1723073393
8.880 -25 -1723073393
8.907 -16 -1723073393
8.933 -12 -1723073393
8.960 -14 -1723073393
8.987 -14 -1723073393
9.013 -20 -1723073393
9.040 -19 -1723073393
9.067 -15 -1723073393
9.093 -19 -1723073393
9.120 -19 -1723073393
9.147 -19 -1723073393
9.173 -24 -1723073393
9.200 -21 -1723073393
9.227 -27 -1723073393
9.253 -32 -1723073393
9.280 -27 -1723073393
9.307 -22 -1723073393
9.333 -19 -1723073393
9.360 -18 -1723073393
9.387 -20 -1723073393
9.413 -17 -1723073393
9.440 -19 -1723073393
9.467 -27 -1723073393
9.493 -26 -1723073393
9.520 -25 -1723073393
9.547 -29 -1723073393
9.573 -26 -1723073393
9.600 -27 -1723073393
9.627 -31 -1723073393
9.653 -30 -1723073393
9.680 -34 -1723073393
9.707 -36 -1723073393
9.733 -34 -1723073393
9.760 -36 -1723073393
9.787 -31 -1723073393
9.813 -25 -1723073393
9.840 -23 -1723073393
9.867 -23 -1723073393
9.893 -23 -1723073393
9.920 -20 -1723073393
9.947 -14 -1723073393
9.973 -9 -1723073393
10.000 -8 -1723073393
10.027 -8 -1723073393
10.053 -6 -1723073393
10.080 -2 -1723073393
10.107 6 -1723073393
10.133 10 -1723073393
10.160 16 -1723073393
10.187 24 -1723073393
10.213 26 -1723073393
10.240 24 -1723073393
10.267 26 -1723073393
10.293 31 -1723073393
10.320 35 -1723073393
10.347 45 -1723073393
10.373 56 -1723073393
10.400 67 -1723073393
10.427 80 -1723073393
10.453 88 -1723073393
10.480 102 -1723073393
10.507 118 -1723073393
10.533 132 -1723073393
10.560 148 -1723073393
10.587 160 -1723073393
10.613 159 -1723073393
10.640 158 -1723073393
10.667 155 -1723073393
10.693 147 -1723073393
10.720 143 -1723073393
10.747 131 -1723073393
10.773 113 -1723073393
10.800 99 -1723073393
10.827 78 -1723073393
10.853 59 -1723073393
10.880 43 -1723073393
10.907 22 -1723073393
10.933 4 -1723073393
10.960 -17 -1723073393
10.987 -42 -1723073393
11.013 -56 -1723073393
11.040 -72 -1723073393
11.067 -88 -1723073393
11.093 -97 -1723073393
11.120 -106 -1723073393
11.147 -109 -1723073393
11.173 -107 -1723073393
11.200 -114 -1723073393
11.227 -118 -1723073393
11.253 -116 -1723073393
11.280 -125 -1723073393
11.307 -126 -1723073393
11.333 -122 -1723073393
11.360 -127 -1723073393
11.387 -121 -1723073393
11.413 -112 -1723073393
11.440 -109 -1723073393
11.467 -100 -1723073393
11.493 -93 -1723073393
11.520 -91 -1723073393
11.547 -86 -1723073393
11.573 -81 -1723073393
11.600 -76 -1723073393
11.627 -67 -1723073393
11.653 -61 -1723073393
11.680 -50 -1723073393
11.707 -41 -1723073393
11.733 -33 -1723073393
11.760 -15 -1723073393
11.787 4 -1723073393
11.813 25 -1723073393
11.840 54 -1723073393
11.867 76 -1723073393
11.893 100 -1723073393
11.920 135 -1723073393
11.947 163 -1723073393
11.973 188 -1723073393
12.000 218 -1723073393
12.027 241 -1723073393
12.053 269 -1723073393
12.080 301 -1723073393
12.107 322 -1723073393
12.133 342 -1723073393
12.160 362 -1723073393
12.187 374 -1723073393
12.213 382 -1723073393
12.240 377 -1723073393
12.267 362 -1723073393
12.293 347 -1723073393
12.320 327 -1723073393
12.347 299 -1723073393
12.373 274 -1723073393
12.400 242 -1723073393
12.427 208 -1723073393
12.453 173 -1723073393
12.480 130 -1723073393
12.507 93 -1723073393
12.533 62 -1723073393
12.560 31 -1723073393
12.587 8 -1723073393
12.613 -10 -1723073393
12.640 -32 -1723073393
12.667 -47 -1723073393
12.693 -68 -1723073393
12.720 -89 -1723073393
12.747 -102 -1723073393
12.773 -116 -1723073393
12.800 -126 -1723073393
12.827 -129 -1723073393
12.853 -136 -1723073393
12.880 -140 -1723073393
12.907 -143 -1723073393
12.933 -149 -1723073393
12.960 -151 -1723073393
12.987 -158 -1723073393
13.013 -169 -1723073393
13.040 -172 -1723073393
13.067 -177 -1723073393
13.093 -183 -1723073393
13.120 -180 -1723073393
13.147 -179 -1723073393
13.173 -175 -1723073393
13.200 -167 -1723073393
13.227 -161 -1723073393
13.253 -148 -1723073393
13.280 -130 -1723073393
13.307 -114 -1723073393
13.333 -91 -1723073393
13.360 -63 -1723073393
13.387 -37 -1723073393
13.413 -11 -1723073393
13.440 13 -1723073393
13.467 35 -1723073393
13.493 59 -1723073393
13.520 75 -1723073393
13.547 84 -1723073393
13.573 97 -1723073393
13.600 102 -1723073393
13.627 93 -1723073393
13.653 78 -1723073393
13.680 51 -1723073393
13.707 19 -1723073393
13.733 -14 -1723073393
13.760 -53 -1723073393
13.787 -93 -1723073393
13.813 -134 -1723073393
13.840 -178 -1723073393
13.867 -212 -1723073393
13.893 -242 -1723073393
13.920 -272 -1723073393
13.947 -294 -1723073393
13.973 -319 -1723073393
14.000 -337 -1723073393
14.027 -346 -1723073393
14.053 -361 -1723073393
14.080 -365 -1723073393
14.107 -362 -1723073393
14.133 -361 -1723073393
14.160 -352 -1723073393
14.187 -340 -1723073393
14.213 -337 -1723073393
14.240 -333 -1723073393
14.267 -332 -1723073393
14.293 -333 -1723073393
14.320 -328 -1723073393
14.347 -326 -1723073393
14.373 -327 -1723073393
14.400 -321 -1723073393
14.427 -326 -1723073393
14.453 -336 -1723073393
14.480 -341 -1723073393
14.507 -355 -1723073393
14.533 -371 -1723073393
14.560 -385 -1723073393
14.587 -404 -1723073393
14.613 -413 -1723073393
14.640 -416 -1723073393
14.667 -427 -1723073393
14.693 -432 -1723073393
14.720 -442 -1723073393
14.747 -454 -1723073393
14.773 -449 -1723073393
14.800 -444 -1723073393
14.827 -438 -1723073393
14.853 -424 -1723073393
14.880 -422 -1723073393
14.907 -417 -1723073393
14.933 -412 -1723073393
14.960 -417 -1723073393
14.987 -409 -1723073393
15.013 -392 -1723073393
15.040 -390 -1723073393
15.067 -388 -1723073393
15.093 -388 -1723073393
15.120 -392 -1723073393
15.147 -393 -1723073393
15.173 -399 -1723073393
15.200 -408 -1723073393
15.227 -412 -1723073393
15.253 -420 -1723073393
15.280 -426 -1723073393
15.307 -428 -1723073393
15.333 -440 -1723073393
15.360 -452 -1723073393
15.387 -460 -1723073393
15.413 -468 -1723073393
15.440 -475 -1723073393
15.467 -481 -1723073393
15.493 -490 -1723073393
15.520 -498 -1723073393
15.547 -511 -1723073393
15.573 -529 -1723073393
15.600 -541 -1723073393
15.627 -561 -1723073393
15.653 -587 -1723073393
15.680 -607 -1723073393
15.707 -632 -1723073393
15.733 -660 -1723073393
15.760 -686 -1723073393
15.787 -724 -1723073393
15.813 -758 -1723073393
15.840 -781 -1723073393
15.867 -810 -1723073393
15.893 -831 -1723073393
15.920 -855 -1723073393
15.947 -893 -1723073393
15.973 -927 -1723073393
16.000 -965 -1723073393
16.027 -1005 -1723073393
16.053 -1026 -1723073393
16.080 -1053 -1723073393
16.107 -1080 -1723073393
16.133 -1090 -1723073393
16.160 -1102 -1723073393
16.187 -1109 -1723073393
16.213 -1097 -1723073393
16.240 -1083 -1723073393
16.267 -1046 -1723073393
16.293 -975 -1723073393
16.320 -893 -1723073393
16.347 -772 -1723073393
16.373 -600 -1723073393
16.400 -391 -1723073393
16.427 -118 -1723073393
16.453 217 -1723073393
16.480 599 -1723073393
16.507 1053 -1723073393
16.533 1566 -1723073393
16.560 2134 -1723073393
16.587 2766 -1723073393
16.613 3434 -1723073393
16.640 4113 -1723073393
16.667 4781 -1723073393
16.693 5452 -1723073393
16.720 6062 -1723073393
16.747 6570 -1723073393
16.773 7014 -1723073393
16.800 7297 -1723073393
16.827 7422 -1723073393
16.853 7443 -1723073393
16.880 7250 -1723073393
16.907 6894 -1723073393
16.933 6437 -1723073393
16.960 5786 -1723073393
16.987 5025 -1723073393
17.013 4211 -1723073393
17.040 3286 -1723073393
17.067 2353 -1723073393
17.093 1417 -1723073393
17.120 463 -1723073393
17.147 -417 -1723073393
17.173 -1246 -1723073393
17.200 -2015 -1723073393
17.227 -2711 -1723073393
17.253 -3320 -1723073393
17.280 -3812 -1723073393
17.307 -4236 -1723073393
17.333 -4546 -1723073393
17.360 -4754 -1723073393
17.387 -4923 -1723073393
17.413 -4977 -1723073393
17.440 -4962 -1723073393
17.467 -4935 -1723073393
17.493 -4821 -1723073393
17.520 -4684 -1723073393
17.547 -4548 -1723073393
17.573 -4344 -1723073393
17.600 -4139 -1723073393
17.627 -3924 -1723073393
17.653 -3641 -1723073393
17.680 -3387 -1723073393
17.707 -3122 -1723073393
17.733 -2809 -1723073393
17.760 -2520 -1723073393
17.787 -2213 -1723073393
17.813 -1881 -1723073393
17.840 -1554 -1723073393
17.867 -1186 -1723073393
17.893 -761 -1723073393
17.920 -302 -1723073393
17.947 207 -1723073393
17.973 789 -1723073393
18.000 1440 -1723073393
18.027 2182 -1723073393
18.053 3043 -1723073393
18.080 3989 -1723073393
18.107 5037 -1723073393
18.133 6202 -1723073393
18.160 7464 -1723073393
18.187 8793 -1723073393
18.213 10189 -1723073393
18.240 11598 -1723073393
18.267 12931 -1723073393
18.293 14269 -1723073393
18.320 15459 -1723073393
18.347 16398 -1723073393
18.373 17244 -1723073393
18.400 17779 -1723073393
18.427 17980 -1723073393
18.453 18046 -1723073393
18.480 17708 -1723073393
18.507 17052 -1723073393
18.533 16282 -1723073393
18.560 15136 -1723073393
18.587 13796 -1723073393
18.613 12422 -1723073393
18.640 10815 -1723073393
18.667 9187 -1723073393
18.693 7580 -1723073393
18.720 5881 -1723073393
18.747 4331 -1723073393
18.773 2865 -1723073393
18.800 1455 -1723073393
18.827 195 -1723073393
18.853 -966 -1723073393
18.880 -1985 -1723073393
18.907 -2878 -1723073393
18.933 -3659 -1723073393
18.960 -4318 -1723073393
18.987 -4903 -1723073393
19.013 -5365 -1723073393
19.040 -5720 -1723073393
19.067 -6038 -1723073393
19.093 -6255 -1723073393
19.120 -6412 -1723073393
19.147 -6562 -1723073393
19.173 -6629 -1723073393
19.200 -6671 -1723073393
19.227 -6730 -1723073393
19.253 -6716 -1723073393
19.280 -6714 -1723073393
19.307 -6728 -1723073393
19.333 -6686 -1723073393
19.360 -6677 -1723073393
19.387 -6668 -1723073393
19.413 -6606 -1723073393
19.440 -6586 -1723073393
19.467 -6547 -1723073393
19.493 -6467 -1723073393
19.520 -6449 -1723073393
19.547 -6406 -1723073393
19.573 -6337 -1723073393
19.600 -6334 -1723073393
19.627 -6319 -1723073393
19.653 -6304 -1723073393
19.680 -6366 -1723073393
19.707 -6420 -1723073393
19.733 -6496 -1723073393
19.760 -6647 -1723073393
19.787 -6783 -1723073393
19.813 -6962 -1723073393
19.840 -7203 -1723073393
19.867 -7411 -1723073393
19.893 -7655 -1723073393
19.920 -7929 -1723073393
19.947 -8139 -1723073393
19.973 -8369 -1723073393
20.000 -8568 -1723073393
20.027 -8671 -1723073393
20.053 -8781 -1723073393
20.080 -8804 -1723073393
20.107 -8709 -1723073393
20.133 -8607 -1723073393
20.160 -8383 -1723073393
20.187 -8039 -1723073393
20.213 -7706 -1723073393
20.240 -7253 -1723073393
20.267 -6724 -1723073393
20.293 -6207 -1723073393
20.320 -5581 -1723073393
20.347 -4953 -1723073393
20.373 -4357 -1723073393
20.400 -3711 -1723073393
20.427 -3098 -1723073393
20.453 -2528 -1723073393
20.480 -1967 -1723073393
20.507 -1469 -1723073393
20.533 -1024 -1723073393
20.560 -610 -1723073393
20.587 -256 -1723073393
20.613 35 -1723073393
20.640 273 -1723073393
20.667 454 -1723073393
20.693 587 -1723073393
20.720 672 -1723073393
20.747 717 -1723073393
20.773 733 -1723073393
20.800 725 -1723073393
20.827 702 -1723073393
20.853 665 -1723073393
20.880 620 -1723073393
20.907 572 -1723073393
20.933 523 -1723073393
20.960 479 -1723073393
20.987 441 -1723073393
21.013 412 -1723073393
21.040 399 -1723073393
21.067 405 -1723073393
21.093 425 -1723073393
21.120 465 -1723073393
21.147 521 -1723073393
21.173 590 -1723073393
21.200 678 -1723073393
21.227 782 -1723073393
21.253 898 -1723073393
21.280 1023 -1723073393
21.307 1161 -1723073393
21.333 1314 -1723073393
21.360 1483 -1723073393
21.387 1663 -1723073393
21.413 1845 -1723073393
21.440 2044 -1723073393
21.467 2243 -1723073393
21.493 2437 -1723073393
21.520 2639 -1723073393
21.547 2813 -1723073393
21.573 2964 -1723073393
21.600 3111 -1723073393
21.627 3211 -1723073393
21.653 3274 -1723073393
21.680 3319 -1723073393
21.707 3300 -1723073393
21.733 3245 -1723073393
21.760 3168 -1723073393
21.787 3019 -1723073393
21.813 2852 -1723073393
21.840 2669 -1723073393
21.867 2434 -1723073393
21.893 2198 -1723073393
21.920 1954 -1723073393
21.947 1689 -1723073393
21.973 1451 -1723073393
22.000 1228 -1723073393
22.027 1013 -1723073393
22.053 837 -1723073393
22.080 683 -1723073393
22.107 560 -1723073393
22.133 482 -1723073393
22.160 433 -1723073393
22.187 413 -1723073393
22.213 424 -1723073393
22.240 456 -1723073393
22.267 503 -1723073393
22.293 559 -1723073393
22.320 617 -1723073393
22.347 667 -1723073393
22.373 705 -1723073393
22.400 727 -1723073393
22.427 735 -1723073393
22.453 730 -1723073393
22.480 709 -1723073393
22.507 689 -1723073393
22.533 669 -1723073393
22.560 647 -1723073393
22.587 638 -1723073393
22.613 641 -1723073393
22.640 648 -1723073393
22.667 666 -1723073393
22.693 698 -1723073393
22.720 740 -1723073393
22.747 791 -1723073393
22.773 843 -1723073393
22.800 899 -1723073393
22.827 960 -1723073393
22.853 1018 -1723073393
22.880 1068 -1723073393
22.907 1110 -1723073393
22.933 1135 -1723073393
22.960 1140 -1723073393
22.987 1130 -1723073393
23.013 1092 -1723073393
23.040 1035 -1723073393
23.067 962 -1723073393
23.093 863 -1723073393
23.120 753 -1723073393
23.147 649 -1723073393
23.173 540 -1723073393
23.200 430 -1723073393
23.227 327 -1723073393
23.253 233 -1723073393
23.280 155 -1723073393
23.307 98 -1723073393
23.333 57 -1723073393
23.360 31 -1723073393
23.387 25 -1723073393
23.413 42 -1723073393
23.440 73 -1723073393
23.467 114 -1723073393
23.493 164 -1723073393
23.520 213 -1723073393
23.547 265 -1723073393
23.573 313 -1723073393
23.600 346 -1723073393
23.627 371 -1723073393
23.653 384 -1723073393
23.680 390 -1723073393
23.707 393 -1723073393
23.733 388 -1723073393
23.760 380 -1723073393
23.787 371 -1723073393
23.813 359 -1723073393
23.840 351 -1723073393
23.867 347 -1723073393
23.893 342 -1723073393
23.920 343 -1723073393
23.947 347 -1723073393
23.973 358 -1723073393
24.000 374 -1723073393
24.027 399 -1723073393
24.053 430 -1723073393
24.080 466 -1723073393
24.107 507 -1723073393
24.133 551 -1723073393
24.160 595 -1723073393
24.187 639 -1723073393
24.213 683 -1723073393
24.240 723 -1723073393
24.267 756 -1723073393
24.293 786 -1723073393
24.320 818 -1723073393
24.347 846 -1723073393
24.373 873 -1723073393
24.400 901 -1723073393
24.427 920 -1723073393
24.453 932 -1723073393
24.480 936 -1723073393
24.507 930 -1723073393
24.533 925 -1723073393
24.560 907 -1723073393
24.587 873 -1723073393
24.613 843 -1723073393
24.640 799 -1723073393
24.667 746 -1723073393
24.693 695 -1723073393
24.720 635 -1723073393
24.747 580 -1723073393
24.773 534 -1723073393
24.800 488 -1723073393
24.827 452 -1723073393
24.853 431 -1723073393
24.880 416 -1723073393
24.907 407 -1723073393
24.933 398 -1723073393
24.960 386 -1723073393
24.987 375 -1723073393
25.013 363 -1723073393
25.040 347 -1723073393
25.067 328 -1723073393
25.093 309 -1723073393
25.120 286 -1723073393
25.147 257 -1723073393
25.173 232 -1723073393
25.200 208 -1723073393
25.227 178 -1723073393
25.253 144 -1723073393
25.280 117 -1723073393
25.307 91 -1723073393
25.333 60 -1723073393
25.360 33 -1723073393
25.387 6 -1723073393
25.413 -23 -1723073393
25.440 -53 -1723073393
25.467 -88 -1723073393
25.493 -122 -1723073393
25.520 -151 -1723073393
25.547 -176 -1723073393
25.573 -194 -1723073393
25.600 -204 -1723073393
25.627 -212 -1723073393
25.653 -209 -1723073393
25.680 -195 -1723073393
25.707 -182 -1723073393
25.733 -160 -1723073393
25.760 -133 -1723073393
25.787 -103 -1723073393
25.813 -64 -1723073393
25.840 -28 -1723073393
25.867 -1 -1723073393
25.893 21 -1723073393
25.920 37 -1723073393
25.947 43 -1723073393
25.973 50 -1723073393
26.000 53 -1723073393
26.027 51 -1723073393
26.053 53 -1723073393
26.080 47 -1723073393
26.107 34 -1723073393
26.133 23 -1723073393
26.160 10 -1723073393
26.187 0 -1723073393
26.213 1 -1723073393
26.240 7 -1723073393
26.267 13 -1723073393
26.293 31 -1723073393
26.320 52 -1723073393
26.347 68 -1723073393
26.373 84 -1723073393
26.400 93 -1723073393
26.427 96 -1723073393
26.453 105 -1723073393
26.480 111 -1723073393
26.507 109 -1723073393
26.533 106 -1723073393
26.560 90 -1723073393
26.587 63 -1723073393
26.613 31 -1723073393
26.640 -8 -1723073393
26.667 -51 -1723073393
26.693 -93 -1723073393
26.720 -140 -1723073393
26.747 -184 -1723073393
26.773 -218 -1723073393
26.800 -245 -1723073393
26.827 -260 -1723073393
26.853 -264 -1723073393
26.880 -267 -1723073393
26.907 -256 -1723073393
26.933 -231 -1723073393
26.960 -205 -1723073393
26.987 -168 -1723073393
27.013 -120 -1723073393
27.040 -75 -1723073393
27.067 -30 -1723073393
27.093 10 -1723073393
27.120 41 -1723073393
27.147 71 -1723073393
27.173 94 -1723073393
27.200 99 -1723073393
27.227 98 -1723073393
27.253 87 -1723073393
27.280 61 -1723073393
27.307 29 -1723073393
27.333 -6 -1723073393
27.360 -50 -1723073393
27.387 -90 -1723073393
27.413 -128 -1723073393
27.440 -169 -1723073393
27.467 -204 -1723073393
27.493 -235 -1723073393
27.520 -273 -1723073393
27.547 -297 -1723073393
27.573 -310 -1723073393
27.600 -320 -1723073393
27.627 -314 -1723073393
27.653 -292 -1723073393
27.680 -269 -1723073393
27.707 -232 -1723073393
27.733 -186 -1723073393
27.760 -139 -1723073393
27.787 -81 -1723073393
27.813 -22 -1723073393
27.840 29 -1723073393
27.867 84 -1723073393
27.893 138 -1723073393
27.920 185 -1723073393
27.947 225 -1723073393
27.973 259 -1723073393
28.000 284 -1723073393
28.027 306 -1723073393
28.053 330 -1723073393
28.080 343 -1723073393
28.107 349 -1723073393
28.133 359 -1723073393
28.160 369 -1723073393
28.187 375 -1723073393
28.213 385 -1723073393
28.240 390 -1723073393
28.267 393 -1723073393
28.293 398 -1723073393
28.320 396 -1723073393
28.347 387 -1723073393
28.373 376 -1723073393
28.400 362 -1723073393
28.427 343 -1723073393
28.453 318 -1723073393
28.480 291 -1723073393
28.507 259 -1723073393
28.533 223 -1723073393
28.560 183 -1723073393
28.587 147 -1723073393
28.613 115 -1723073393
28.640 85 -1723073393
28.667 55 -1723073393
28.693 20 -1723073393
28.720 -12 -1723073393
28.747 -32 -1723073393
28.773 -57 -1723073393
28.800 -84 -1723073393
28.827 -98 -1723073393
28.853 -111 -1723073393
28.880 -126 -1723073393
28.907 -132 -1723073393
28.933 -133 -1723073393
28.960 -130 -1723073393
28.987 -114 -1723073393
29.013 -92 -1723073393
29.040 -66 -1723073393
29.067 -33 -1723073393
29.093 -1 -1723073393
29.120 30 -1723073393
29.147 62 -1723073393
29.173 80 -1723073393
29.200 93 -1723073393
29.227 104 -1723073393
29.253 102 -1723073393
29.280 87 -1723073393
29.307 75 -1723073393
29.333 59 -1723073393
29.360 38 -1723073393
29.387 20 -1723073393
29.413 -1 -1723073393
29.440 -25 -1723073393
29.467 -40 -1723073393
29.493 -60 -1723073393
29.520 -84 -1723073393
29.547 -95 -1723073393
29.573 -100 -1723073393
29.600 -102 -1723073393
29.627 -98 -1723073393
29.653 -94 -1723073393
29.680 -80 -1723073393
29.707 -51 -1723073393
29.733 -21 -1723073393
29.760 13 -1723073393
29.787 61 -1723073393
29.813 107 -1723073393
29.840 155 -1723073393
29.867 211 -1723073393
29.893 261 -1723073393
29.920 302 -1723073393
29.947 340 -1723073393
29.973 373 -1723073393
30.000 395 -1723073393
30.027 406 -1723073393
30.053 414 -1723073393
30.080 414 -1723073393
30.107 407 -1723073393
30.133 397 -1723073393
30.160 373 -1723073393
30.187 341 -1723073393
30.213 306 -1723073393
30.240 259 -1723073393
30.267 204 -1723073393
30.293 147 -1723073393
30.320 85 -1723073393
30.347 30 -1723073393
30.373 -19 -1723073393
30.400 -67 -1723073393
30.427 -108 -1723073393
30.453 -146 -1723073393
30.480 -178 -1723073393
30.507 -197 -1723073393
30.533 -209 -1723073393
30.560 -206 -1723073393
30.587 -180 -1723073393
30.613 -152 -1723073393
30.640 -116 -1723073393
30.667 -61 -1723073393
30.693 -8 -1723073393
30.720 45 -1723073393
30.747 106 -1723073393
30.773 160 -1723073393
30.800 207 -1723073393
30.827 252 -1723073393
30.853 285 -1723073393
30.880 305 -1723073393
30.907 315 -1723073393
30.933 312 -1723073393
30.960 293 -1723073393
30.987 263 -1723073393
31.013 220 -1723073393
31.040 162 -1723073393
31.067 96 -1723073393
31.093 32 -1723073393
31.120 -36 -1723073393
31.147 -100 -1723073393
31.173 -160 -1723073393
31.200 -219 -1723073393
31.227 -266 -1723073393
31.253 -301 -1723073393
31.280 -320 -1723073393
31.307 -320 -1723073393
31.333 -310 -1723073393
31.360 -291 -1723073393
31.387 -252 -1723073393
31.413 -213 -1723073393
31.440 -164 -1723073393
31.467 -101 -1723073393
31.493 -45 -1723073393
31.520 1 -1723073393
31.547 47 -1723073393
31.573 82 -1723073393
31.600 114 -1723073393
31.627 146 -1723073393
31.653 174 -1723073393
31.680 195 -1723073393
31.707 212 -1723073393
31.733 227 -1723073393
31.760 241 -1723073393
31.787 259 -1723073393
31.813 278 -1723073393
31.840 292 -1723073393
31.867 308 -1723073393
31.893 322 -1723073393
31.920 328 -1723073393
31.947 337 -1723073393
31.973 349 -1723073393
32.000 354 -1723073393
32.027 349 -1723073393
32.053 333 -1723073393
32.080 304 -1723073393
32.107 260 -1723073393
32.133 211 -1723073393
32.160 156 -1723073393
32.187 93 -1723073393
32.213 31 -1723073393
32.240 -25 -1723073393
32.267 -77 -1723073393
32.293 -120 -1723073393
32.320 -151 -1723073393
32.347 -163 -1723073393
32.373 -170 -1723073393
32.400 -167 -1723073393
32.427 -141 -1723073393
32.453 -104 -1723073393
32.480 -61 -1723073393
32.507 -7 -1723073393
32.533 43 -1723073393
32.560 97 -1723073393
32.587 162 -1723073393
32.613 219 -1723073393
32.640 259 -1723073393
32.667 282 -1723073393
32.693 289 -1723073393
32.720 278 -1723073393
32.747 253 -1723073393
32.773 215 -1723073393
32.800 163 -1723073393
32.827 97 -1723073393
32.853 28 -1723073393
32.880 -45 -1723073393
32.907 -120 -1723073393
32.933 -187 -1723073393
32.960 -246 -1723073393
32.987 -288 -1723073393
33.013 -311 -1723073393
33.040 -326 -1723073393
33.067 -320 -1723073393
33.093 -297 -1723073393
33.120 -266 -1723073393
33.147 -213 -1723073393
33.173 -150 -1723073393
33.200 -92 -1723073393
33.227 -22 -1723073393
33.253 59 -1723073393
33.280 125 -1723073393
33.307 192 -1723073393
33.333 259 -1723073393
33.360 318 -1723073393
33.387 371 -1723073393
33.413 421 -1723073393
33.440 469 -1723073393
33.467 515 -1723073393
33.493 558 -1723073393
33.520 596 -1723073393
33.547 621 -1723073393
33.573 640 -1723073393
33.600 658 -1723073393
33.627 663 -1723073393
33.653 654 -1723073393
33.680 639 -1723073393
33.707 605 -1723073393
33.733 554 -1723073393
33.760 499 -1723073393
33.787 433 -1723073393
33.813 360 -1723073393
33.840 287 -1723073393
33.867 210 -1723073393
33.893 130 -1723073393
33.920 59 -1723073393
33.947 -2 -1723073393
33.973 -58 -1723073393
34.000 -105 -1723073393
34.027 -140 -1723073393
34.053 -159 -1723073393
34.080 -162 -1723073393
34.107 -152 -1723073393
34.133 -115 -1723073393
34.160 -60 -1723073393
34.187 -2 -1723073393
34.213 65 -1723073393
34.240 139 -1723073393
34.267 206 -1723073393
34.293 277 -1723073393
34.320 345 -1723073393
34.347 393 -1723073393
34.373 427 -1723073393
34.400 444 -1723073393
34.427 440 -1723073393
34.453 415 -1723073393
34.480 379 -1723073393
34.507 335 -1723073393
34.533 276 -1723073393
34.560 207 -1723073393
34.587 133 -1723073393
34.613 54 -1723073393
34.640 -22 -1723073393
34.667 -91 -1723073393
34.693 -149 -1723073393
34.720 -192 -1723073393
34.747 -224 -1723073393
34.773 -238 -1723073393
34.800 -234 -1723073393
34.827 -222 -1723073393
34.853 -193 -1723073393
34.880 -149 -1723073393
34.907 -101 -1723073393
34.933 -46 -1723073393
34.960 21 -1723073393
34.987 82 -1723073393
35.013 139 -1723073393
35.040 202 -1723073393
35.067 257 -1723073393
35.093 302 -1723073393
35.120 346 -1723073393
35.147 384 -1723073393
35.173 410 -1723073393
35.200 429 -1723073393
35.227 446 -1723073393
35.253 452 -1723073393
35.280 445 -1723073393
35.307 436 -1723073393
35.333 420 -1723073393
35.360 397 -1723073393
35.387 372 -1723073393
35.413 342 -1723073393
35.440 311 -1723073393
35.467 284 -1723073393
35.493 258 -1723073393
35.520 228 -1723073393
35.547 209 -1723073393
35.573 193 -1723073393
35.600 177 -1723073393
35.627 165 -1723073393
35.653 147 -1723073393
35.680 131 -1723073393
35.707 123 -1723073393
35.733 110 -1723073393
35.760 92 -1723073393
35.787 76 -1723073393
35.813 59 -1723073393
35.840 47 -1723073393
35.867 50 -1723073393
35.893 55 -1723073393
35.920 64 -1723073393
35.947 91 -1723073393
35.973 123 -1723073393
36.000 155 -1723073393
36.027 200 -1723073393
36.053 251 -1723073393
36.080 299 -1723073393
36.107 353 -1723073393
36.133 405 -1723073393
36.160 445 -1723073393
36.187 481 -1723073393
36.213 510 -1723073393
36.240 515 -1723073393
36.267 500 -1723073393
36.293 480 -1723073393
36.320 443 -1723073393
36.347 387 -1723073393
36.373 328 -1723073393
36.400 264 -1723073393
36.427 188 -1723073393
36.453 108 -1723073393
36.480 37 -1723073393
36.507 -29 -1723073393
36.533 -83 -1723073393
36.560 -124 -1723073393
36.587 -153 -1723073393
36.613 -163 -1723073393
36.640 -162 -1723073393
36.667 -149 -1723073393
36.693 -116 -1723073393
36.720 -80 -1723073393
36.747 -39 -1723073393
36.773 18 -1723073393
36.800 73 -1723073393
36.827 126 -1723073393
36.853 190 -1723073393
36.880 250 -1723073393
36.907 300 -1723073393
36.933 344 -1723073393
36.960 382 -1723073393
36.987 411 -1723073393
37.013 434 -1723073393
37.040 453 -1723073393
37.067 462 -1723073393
37.093 466 -1723073393
37.120 468 -1723073393
37.147 464 -1723073393
37.173 454 -1723073393
37.200 447 -1723073393
37.227 437 -1723073393
37.253 424 -1723073393
37.280 414 -1723073393
37.307 403 -1723073393
37.333 387 -1723073393
37.360 370 -1723073393
37.387 352 -1723073393
37.413 329 -1723073393
37.440 307 -1723073393
37.467 284 -1723073393
37.493 259 -1723073393
37.520 237 -1723073393
37.547 216 -1723073393
37.573 192 -1723073393
37.600 173 -1723073393
37.627 161 -1723073393
37.653 151 -1723073393
37.680 152 -1723073393
37.707 166 -1723073393
37.733 182 -1723073393
37.760 201 -1723073393
37.787 227 -1723073393
37.813 251 -1723073393
37.840 269 -1723073393
37.867 287 -1723073393
37.893 301 -1723073393
37.920 304 -1723073393
37.947 300 -1723073393
37.973 287 -1723073393
38.000 260 -1723073393
38.027 223 -1723073393
38.053 177 -1723073393
38.080 117 -1723073393
38.107 54 -1723073393
38.133 -5 -1723073393
38.160 -66 -1723073393
38.187 -120 -1723073393
38.213 -164 -1723073393
38.240 -200 -1723073393
38.267 -220 -1723073393
38.293 -228 -1723073393
38.320 -224 -1723073393
38.347 -200 -1723073393
38.373 -163 -1723073393
38.400 -127 -1723073393
38.427 -80 -1723073393
38.453 -25 -1723073393
38.480 21 -1723073393
38.507 72 -1723073393
38.533 125 -1723073393
38.560 162 -1723073393
38.587 191 -1723073393
38.613 221 -1723073393
38.640 245 -1723073393
38.667 260 -1723073393
38.693 272 -1723073393
38.720 279 -1723073393
38.747 277 -1723073393
38.773 273 -1723073393
38.800 273 -1723073393
38.827 272 -1723073393
38.853 269 -1723073393
38.880 267 -1723073393
38.907 265 -1723073393
38.933 265 -1723073393
38.960 267 -1723073393
38.987 267 -1723073393
39.013 274 -1723073393
39.040 287 -1723073393
39.067 301 -1723073393
39.093 312 -1723073393
39.120 319 -1723073393
39.147 316 -1723073393
39.173 308 -1723073393
39.200 303 -1723073393
39.227 294 -1723073393
39.253 283 -1723073393
39.280 273 -1723073393
39.307 259 -1723073393
39.333 242 -1723073393
39.360 225 -1723073393
39.387 208 -1723073393
39.413 188 -1723073393
39.440 170 -1723073393
39.467 156 -1723073393
39.493 145 -1723073393
39.520 141 -1723073393
39.547 139 -1723073393
39.573 135 -1723073393
39.600 135 -1723073393
39.627 136 -1723073393
39.653 130 -1723073393
39.680 127 -1723073393
39.707 128 -1723073393
39.733 125 -1723073393
39.760 125 -1723073393
39.787 129 -1723073393
39.813 129 -1723073393
39.840 128 -1723073393
39.867 130 -1723073393
39.893 126 -1723073393
39.920 117 -1723073393
39.947 105 -1723073393
39.973 90 -1723073393
40.000 77 -1723073393
40.027 68 -1723073393
40.053 63 -1723073393
40.080 62 -1723073393
40.107 69 -1723073393
40.133 80 -1723073393
40.160 90 -1723073393
40.187 106 -1723073393
40.213 125 -1723073393
40.240 141 -1723073393
40.267 156 -1723073393
40.293 170 -1723073393
40.320 182 -1723073393
40.347 194 -1723073393
40.373 207 -1723073393
40.400 218 -1723073393
40.427 223 -1723073393
40.453 231 -1723073393
40.480 234 -1723073393
40.507 235 -1723073393
40.533 235 -1723073393
40.560 236 -1723073393
40.587 232 -1723073393
40.613 227 -1723073393
40.640 223 -1723073393
40.667 220 -1723073393
40.693 219 -1723073393
40.720 209 -1723073393
40.747 189 -1723073393
40.773 169 -1723073393
40.800 156 -1723073393
40.827 144 -1723073393
40.853 137 -1723073393
40.880 133 -1723073393
40.907 124 -1723073393
40.933 117 -1723073393
40.960 116 -1723073393
40.987 111 -1723073393
41.013 106 -1723073393
41.040 107 -1723073393
41.067 106 -1723073393
41.093 106 -1723073393
41.120 114 -1723073393
41.147 123 -1723073393
41.173 131 -1723073393
41.200 143 -1723073393
41.227 154 -1723073393
41.253 159 -1723073393
41.280 162 -1723073393
41.307 168 -1723073393
41.333 174 -1723073393
41.360 177 -1723073393
41.387 177 -1723073393
41.413 169 -1723073393
41.440 157 -1723073393
41.467 144 -1723073393
41.493 124 -1723073393
41.520 100 -1723073393
41.547 76 -1723073393
41.573 48 -1723073393
41.600 13 -1723073393
41.627 -21 -1723073393
41.653 -56 -1723073393
41.680 -90 -1723073393
41.707 -117 -1723073393
41.733 -138 -1723073393
41.760 -159 -1723073393
41.787 -170 -1723073393
41.813 -173 -1723073393
41.840 -172 -1723073393
41.867 -161 -1723073393
41.893 -138 -1723073393
41.920 -114 -1723073393
41.947 -83 -1723073393
41.973 -40 -1723073393
42.000 -2 -1723073393
42.027 27 -1723073393
42.053 59 -1723073393
42.080 79 -1723073393
42.107 85 -1723073393
42.133 88 -1723073393
42.160 84 -1723073393
42.187 67 -1723073393
42.213 46 -1723073393
42.240 21 -1723073393
42.267 -9 -1723073393
42.293 -37 -1723073393
42.320 -55 -1723073393
42.347 -72 -1723073393
42.373 -85 -1723073393
42.400 -86 -1723073393
42.427 -85 -1723073393
42.453 -80 -1723073393
42.480 -54 -1723073393
42.507 -22 -1723073393
42.533 9 -1723073393
42.560 50 -1723073393
42.587 91 -1723073393
42.613 123 -1723073393
42.640 158 -1723073393
42.667 193 -1723073393
42.693 213 -1723073393
42.720 226 -1723073393
42.747 239 -1723073393
42.773 245 -1723073393
42.800 245 -1723073393
42.827 244 -1723073393
42.853 236 -1723073393
42.880 223 -1723073393
42.907 207 -1723073393
42.933 187 -1723073393
42.960 163 -1723073393
42.987 140 -1723073393
43.013 119 -1723073393
43.040 95 -1723073393
43.067 71 -1723073393
43.093 51 -1723073393
43.120 30 -1723073393
43.147 15 -1723073393
43.173 -1 -1723073393
43.200 -29 -1723073393
43.227 -55 -1723073393
43.253 -73 -1723073393
43.280 -94 -1723073393
43.307 -116 -1723073393
43.333 -131 -1723073393
43.360 -150 -1723073393
43.387 -175 -1723073393
43.413 -185 -1723073393
43.440 -191 -1723073393
43.467 -199 -1723073393
43.493 -195 -1723073393
43.520 -183 -1723073393
43.547 -176 -1723073393
43.573 -158 -1723073393
43.600 -124 -1723073393
43.627 -99 -1723073393
43.653 -76 -1723073393
43.680 -44 -1723073393
43.707 -22 -1723073393
43.733 -11 -1723073393
43.760 3 -1723073393
43.787 10 -1723073393
43.813 6 -1723073393
43.840 4 -1723073393
43.867 0 -1723073393
43.893 -12 -1723073393
43.920 -20 -1723073393
43.947 -25 -1723073393
43.973 -39 -1723073393
44.000 -47 -1723073393
44.027 -45 -1723073393
44.053 -53 -1723073393
44.080 -55 -1723073393
44.107 -41 -1723073393
44.133 -31 -1723073393
44.160 -22 -1723073393
44.187 5 -1723073393
44.213 32 -1723073393
44.240 51 -1723073393
44.267 75 -1723073393
44.293 99 -1723073393
44.320 117 -1723073393
44.347 139 -1723073393
44.373 163 -1723073393
44.400 176 -1723073393
44.427 186 -1723073393
44.453 197 -1723073393
44.480 199 -1723073393
44.507 199 -1723073393
44.533 200 -1723073393
44.560 192 -1723073393
44.587 182 -1723073393
44.613 177 -1723073393
44.640 167 -1723073393
44.667 153 -1723073393
44.693 142 -1723073393
44.720 131 -1723073393
44.747 119 -1723073393
44.773 112 -1723073393
44.800 104 -1723073393
44.827 87 -1723073393
44.853 70 -1723073393
44.880 60 -1723073393
44.907 43 -1723073393
44.933 20 -1723073393
44.960 2 -1723073393
44.987 -19 -1723073393
45.013 -42 -1723073393
45.040 -58 -1723073393
45.067 -80 -1723073393
45.093 -110 -1723073393
45.120 -125 -1723073393
45.147 -129 -1723073393
45.173 -139 -1723073393
45.200 -135 -1723073393
45.227 -119 -1723073393
45.253 -109 -1723073393
45.280 -87 -1723073393
45.307 -47 -1723073393
45.333 -20 -1723073393
45.360 7 -1723073393
45.387 54 -1723073393
45.413 93 -1723073393
45.440 120 -1723073393
45.467 153 -1723073393
45.493 178 -1723073393
45.520 189 -1723073393
45.547 199 -1723073393
45.573 199 -1723073393
45.600 179 -1723073393
45.627 148 -1723073393
45.653 115 -1723073393
45.680 75 -1723073393
45.707 36 -1723073393
45.733 3 -1723073393
45.760 -33 -1723073393
45.787 -68 -1723073393
45.813 -91 -1723073393
45.840 -114 -1723073393
45.867 -139 -1723073393
45.893 -147 -1723073393
45.920 -146 -1723073393
45.947 -146 -1723073393
45.973 -127 -1723073393
46.000 -99 -1723073393
46.027 -81 -1723073393
46.053 -49 -1723073393
46.080 -7 -1723073393
46.107 22 -1723073393
46.133 59 -1723073393
46.160 107 -1723073393
46.187 141 -1723073393
46.213 172 -1723073393
46.240 218 -1723073393
46.267 258 -1723073393
46.293 286 -1723073393
46.320 316 -1723073393
46.347 337 -1723073393
46.373 347 -1723073393
46.400 354 -1723073393
46.427 356 -1723073393
46.453 345 -1723073393
46.480 330 -1723073393
46.507 312 -1723073393
46.533 285 -1723073393
46.560 257 -1723073393
46.587 229 -1723073393
46.613 194 -1723073393
46.640 156 -1723073393
46.667 125 -1723073393
46.693 98 -1723073393
46.720 72 -1723073393
46.747 53 -1723073393
46.773 42 -1723073393
46.800 34 -1723073393
46.827 36 -1723073393
46.853 45 -1723073393
46.880 53 -1723073393
46.907 70 -1723073393
46.933 96 -1723073393
46.960 115 -1723073393
46.987 134 -1723073393
47.013 161 -1723073393
47.040 187 -1723073393
47.067 212 -1723073393
47.093 237 -1723073393
47.120 254 -1723073393
47.147 261 -1723073393
47.173 267 -1723073393
47.200 273 -1723073393
47.227 274 -1723073393
47.253 272 -1723073393
47.280 265 -1723073393
47.307 252 -1723073393
47.333 239 -1723073393
47.360 225 -1723073393
47.387 207 -1723073393
47.413 189 -1723073393
47.440 176 -1723073393
47.467 166 -1723073393
47.493 158 -1723073393
47.520 155 -1723073393
47.547 156 -1723073393
47.573 152 -1723073393
47.600 152 -1723073393
47.627 162 -1723073393
47.653 171 -1723073393
47.680 184 -1723073393
47.707 207 -1723073393
47.733 231 -1723073393
47.760 257 -1723073393
47.787 290 -1723073393
47.813 323 -1723073393
47.840 351 -1723073393
47.867 379 -1723073393
47.893 407 -1723073393
47.920 433 -1723073393
47.947 456 -1723073393
47.973 480 -1723073393
48.000 504 -1723073393
48.027 525 -1723073393
48.053 550 -1723073393
48.080 578 -1723073393
48.107 599 -1723073393
48.133 614 -1723073393
48.160 624 -1723073393
48.187 624 -1723073393
48.213 616 -1723073393
48.240 610 -1723073393
48.267 599 -1723073393
48.293 573 -1723073393
48.320 544 -1723073393
48.347 516 -1723073393
48.373 483 -1723073393
48.400 447 -1723073393
48.427 416 -1723073393
48.453 384 -1723073393
48.480 351 -1723073393
48.507 322 -1723073393
48.533 298 -1723073393
48.560 274 -1723073393
48.587 249 -1723073393
48.613 225 -1723073393
48.640 207 -1723073393
48.667 194 -1723073393
48.693 181 -1723073393
48.720 173 -1723073393
48.747 170 -1723073393
48.773 166 -1723073393
48.800 166 -1723073393
48.827 171 -1723073393
48.853 173 -1723073393
48.880 176 -1723073393
48.907 185 -1723073393
48.933 191 -1723073393
48.960 198 -1723073393
48.987 209 -1723073393
49.013 214 -1723073393
49.040 214 -1723073393
49.067 217 -1723073393
49.093 219 -1723073393
49.120 215 -1723073393
49.147 210 -1723073393
49.173 205 -1723073393
49.200 197 -1723073393
49.227 185 -1723073393
49.253 171 -1723073393
49.280 156 -1723073393
49.307 144 -1723073393
49.333 132 -1723073393
49.360 116 -1723073393
49.387 103 -1723073393
49.413 102 -1723073393
49.440 102 -1723073393
49.467 98 -1723073393
49.493 98 -1723073393
49.520 105 -1723073393
49.547 109 -1723073393
49.573 118 -1723073393
49.600 133 -1723073393
49.627 141 -1723073393
49.653 150 -1723073393
49.680 169 -1723073393
49.707 185 -1723073393
49.733 198 -1723073393
49.760 214 -1723073393
49.787 227 -1723073393
49.813 233 -1723073393
49.840 236 -1723073393
49.867 236 -1723073393
49.893 228 -1723073393
49.920 213 -1723073393
49.947 195 -1723073393
49.973 166 -1723073393
50.000 130 -1723073393
50.027 91 -1723073393
50.053 48 -1723073393
50.080 7 -1723073393
50.107 -25 -1723073393
50.133 -55 -1723073393
50.160 -84 -1723073393
50.187 -104 -1723073393
50.213 -117 -1723073393
50.240 -129 -1723073393
50.267 -133 -1723073393
50.293 -128 -1723073393
50.320 -129 -1723073393
50.347 -130 -1723073393
50.373 -120 -1723073393
50.400 -114 -1723073393
50.427 -113 -1723073393
50.453 -101 -1723073393
50.480 -90 -1723073393
50.507 -85 -1723073393
50.533 -70 -1723073393
50.560 -51 -1723073393
50.587 -41 -1723073393
50.613 -30 -1723073393
50.640 -13 -1723073393
50.667 -6 -1723073393
50.693 0 -1723073393
50.720 8 -1723073393
50.747 5 -1723073393
50.773 -4 -1723073393
50.800 -2 -1723073393
50.827 -1 -1723073393
50.853 -8 -1723073393
50.880 -8 -1723073393
50.907 -2 -1723073393
50.933 -5 -1723073393
50.960 -7 -1723073393
50.987 -3 -1723073393
51.013 -4 -1723073393
51.040 -2 -1723073393
51.067 8 -1723073393
51.093 19 -1723073393
51.120 28 -1723073393
51.147 45 -1723073393
51.173 69 -1723073393
51.200 89 -1723073393
51.227 118 -1723073393
51.253 155 -1723073393
51.280 184 -1723073393
51.307 208 -1723073393
51.333 234 -1723073393
51.360 252 -1723073393
51.387 259 -1723073393
51.413 270 -1723073393
51.440 280 -1723073393
51.467 282 -1723073393
51.493 283 -1723073393
51.520 286 -1723073393
51.547 283 -1723073393
51.573 278 -1723073393
51.600 280 -1723073393
51.627 285 -1723073393
51.653 289 -1723073393
51.680 302 -1723073393
51.707 320 -1723073393
51.733 337 -1723073393
51.760 353 -1723073393
51.787 371 -1723073393
51.813 384 -1723073393
51.840 392 -1723073393
51.867 400 -1723073393
51.893 403 -1723073393
51.920 402 -1723073393
51.947 402 -1723073393
51.973 394 -1723073393
52.000 373 -1723073393
52.027 346 -1723073393
52.053 322 -1723073393
52.080 296 -1723073393
52.107 264 -1723073393
52.133 232 -1723073393
52.160 201 -1723073393
52.187 169 -1723073393
52.213 143 -1723073393
52.240 119 -1723073393
52.267 97 -1723073393
52.293 82 -1723073393
52.320 74 -1723073393
52.347 69 -1723073393
52.373 68 -1723073393
52.400 65 -1723073393
52.427 58 -1723073393
52.453 53 -1723073393
52.480 52 -1723073393
52.507 50 -1723073393
52.533 52 -1723073393
52.560 55 -1723073393
52.587 53 -1723073393
52.613 50 -1723073393
52.640 51 -1723073393
52.667 49 -1723073393
52.693 43 -1723073393
52.720 37 -1723073393
52.747 26 -1723073393
52.773 11 -1723073393
52.800 3 -1723073393
52.827 -3 -1723073393
52.853 -14 -1723073393
52.880 -19 -1723073393
52.907 -22 -1723073393
52.933 -32 -1723073393
52.960 -39 -1723073393
52.987 -36 -1723073393
53.013 -33 -1723073393
53.040 -30 -1723073393
53.067 -16 -1723073393
53.093 -1 -1723073393
53.120 10 -1723073393
53.147 31 -1723073393
53.173 58 -1723073393
53.200 78 -1723073393
53.227 101 -1723073393
53.253 131 -1723073393
53.280 153 -1723073393
53.307 167 -1723073393
53.333 186 -1723073393
53.360 207 -1723073393
53.387 222 -1723073393
53.413 240 -1723073393
53.440 258 -1723073393
53.467 262 -1723073393
53.493 260 -1723073393
53.520 264 -1723073393
53.547 264 -1723073393
53.573 259 -1723073393
53.600 256 -1723073393
53.627 252 -1723073393
53.653 242 -1723073393
53.680 231 -1723073393
53.707 221 -1723073393
53.733 208 -1723073393
53.760 195 -1723073393
53.787 185 -1723073393
53.813 173 -1723073393
53.840 157 -1723073393
53.867 144 -1723073393
53.893 128 -1723073393
53.920 113 -1723073393
53.947 106 -1723073393
53.973 101 -1723073393
54.000 92 -1723073393
54.027 90 -1723073393
54.053 92 -1723073393
54.080 89 -1723073393
54.107 88 -1723073393
54.133 92 -1723073393
54.160 87 -1723073393
54.187 80 -1723073393
54.213 81 -1723073393
54.240 83 -1723073393
54.267 83 -1723073393
54.293 89 -1723073393
54.320 97 -1723073393
54.347 99 -1723073393
54.373 104 -1723073393
54.400 110 -1723073393
54.427 109 -1723073393
54.453 109 -1723073393
54.480 113 -1723073393
54.507 113 -1723073393
54.533 113 -1723073393
54.560 121 -1723073393
54.587 129 -1723073393
54.613 133 -1723073393
54.640 141 -1723073393
54.667 150 -1723073393
54.693 157 -1723073393
54.720 169 -1723073393
54.747 187 -1723073393
54.773 204 -1723073393
54.800 218 -1723073393
54.827 234 -1723073393
54.853 249 -1723073393
54.880 259 -1723073393
54.907 273 -1723073393
54.933 291 -1723073393
54.960 304 -1723073393
54.987 311 -1723073393
55.013 317 -1723073393
55.040 322 -1723073393
55.067 323 -1723073393
55.093 325 -1723073393
55.120 329 -1723073393
55.147 332 -1723073393
55.173 334 -1723073393
55.200 340 -1723073393
55.227 347 -1723073393
55.253 355 -1723073393
55.280 368 -1723073393
55.307 386 -1723073393
55.333 405 -1723073393
55.360 428 -1723073393
55.387 451 -1723073393
55.413 468 -1723073393
55.440 480 -1723073393
55.467 496 -1723073393
55.493 512 -1723073393
55.520 519 -1723073393
55.547 519 -1723073393
55.573 509 -1723073393
55.600 489 -1723073393
55.627 471 -1723073393
55.653 450 -1723073393
55.680 420 -1723073393
55.707 387 -1723073393
55.733 353 -1723073393
55.760 318 -1723073393
55.787 283 -1723073393
55.813 257 -1723073393
55.840 232 -1723073393
55.867 208 -1723073393
55.893 191 -1723073393
55.920 175 -1723073393
55.947 158 -1723073393
55.973 146 -1723073393
56.000 134 -1723073393
56.027 120 -1723073393
56.053 109 -1723073393
56.080 100 -1723073393
56.107 85 -1723073393
56.133 74 -1723073393
56.160 66 -1723073393
56.187 51 -1723073393
56.213 34 -1723073393
56.240 18 -1723073393
56.267 -3 -1723073393
56.293 -24 -1723073393
56.320 -39 -1723073393
56.347 -59 -1723073393
56.373 -83 -1723073393
56.400 -100 -1723073393
56.427 -114 -1723073393
56.453 -129 -1723073393
56.480 -135 -1723073393
56.507 -135 -1723073393
56.533 -137 -1723073393
56.560 -133 -1723073393
56.587 -120 -1723073393
56.613 -111 -1723073393
56.640 -104 -1723073393
56.667 -89 -1723073393
56.693 -74 -1723073393
56.720 -67 -1723073393
56.747 -52 -1723073393
56.773 -30 -1723073393
56.800 -14 -1723073393
56.827 0 -1723073393
56.853 19 -1723073393
56.880 31 -1723073393
56.907 41 -1723073393
56.933 64 -1723073393
56.960 91 -1723073393
56.987 111 -1723073393
57.013 135 -1723073393
57.040 163 -1723073393
57.067 182 -1723073393
57.093 199 -1723073393
57.120 224 -1723073393
57.147 244 -1723073393
57.173 257 -1723073393
57.200 275 -1723073393
57.227 295 -1723073393
57.253 315 -1723073393
57.280 334 -1723073393
57.307 356 -1723073393
57.333 374 -1723073393
57.360 392 -1723073393
57.387 416 -1723073393
57.413 441 -1723073393
57.440 464 -1723073393
57.467 486 -1723073393
57.493 510 -1723073393
57.520 534 -1723073393
57.547 556 -1723073393
57.573 579 -1723073393
57.600 599 -1723073393
57.627 609 -1723073393
57.653 618 -1723073393
57.680 625 -1723073393
57.707 624 -1723073393
57.733 614 -1723073393
57.760 605 -1723073393
57.787 595 -1723073393
57.813 574 -1723073393
57.840 554 -1723073393
57.867 541 -1723073393
57.893 527 -1723073393
57.920 512 -1723073393
57.947 503 -1723073393
57.973 498 -1723073393
58.000 493 -1723073393
58.027 492 -1723073393
58.053 498 -1723073393
58.080 509 -1723073393
58.107 532 -1723073393
58.133 559 -1723073393
58.160 583 -1723073393
58.187 608 -1723073393
58.213 637 -1723073393
58.240 664 -1723073393
58.267 685 -1723073393
58.293 705 -1723073393
58.320 721 -1723073393
58.347 727 -1723073393
58.373 731 -1723073393
58.400 733 -1723073393
58.427 723 -1723073393
58.453 710 -1723073393
58.480 700 -1723073393
58.507 689 -1723073393
58.533 672 -1723073393
58.560 661 -1723073393
58.587 655 -1723073393
58.613 642 -1723073393
58.640 630 -1723073393
58.667 624 -1723073393
58.693 615 -1723073393
58.720 601 -1723073393
58.747 586 -1723073393
58.773 566 -1723073393
58.800 540 -1723073393
58.827 521 -1723073393
58.853 506 -1723073393
58.880 483 -1723073393
58.907 460 -1723073393
58.933 445 -1723073393
58.960 429 -1723073393
58.987 411 -1723073393
59.013 395 -1723073393
59.040 382 -1723073393
59.067 372 -1723073393
59.093 367 -1723073393
59.120 362 -1723073393
59.147 355 -1723073393
59.173 348 -1723073393
59.200 340 -1723073393
59.227 329 -1723073393
59.253 314 -1723073393
59.280 293 -1723073393
59.307 260 -1723073393
59.333 228 -1723073393
59.360 200 -1723073393
59.387 167 -1723073393
59.413 133 -1723073393
59.440 101 -1723073393
59.467 64 -1723073393
59.493 28 -1723073393
59.520 0 -1723073393
59.547 -29 -1723073393
59.573 -64 -1723073393
59.600 -87 -1723073393
59.627 -107 -1723073393
59.653 -133 -1723073393
59.680 -146 -1723073393
59.707 -148 -1723073393
59.733 -154 -1723073393
59.760 -157 -1723073393
59.787 -146 -1723073393
59.813 -137 -1723073393
59.840 -130 -1723073393
59.867 -108 -1723073393
59.893 -83 -1723073393
59.920 -70 -1723073393
59.947 -51 -1723073393
59.973 -31 -1723073393
60.000 -24 -1723073393
60.027 -16 -1723073393
60.053 0 -1723073393
60.080 9 -1723073393
60.107 9 -1723073393
60.133 13 -1723073393
60.160 15 -1723073393
60.187 6 -1723073393
60.213 0 -1723073393
60.240 -4 -1723073393
60.267 -17 -1723073393
60.293 -29 -1723073393
60.320 -38 -1723073393
60.347 -56 -1723073393
60.373 -77 -1723073393
60.400 -88 -1723073393
60.427 -98 -1723073393
60.453 -120 -1723073393
60.480 -135 -1723073393
60.507 -142 -1723073393
60.533 -155 -1723073393
60.560 -174 -1723073393
60.587 -189 -1723073393
60.613 -204 -1723073393
60.640 -218 -1723073393
60.667 -219 -1723073393
60.693 -215 -1723073393
60.720 -213 -1723073393
60.747 -201 -1723073393
60.773 -181 -1723073393
60.800 -167 -1723073393
60.827 -151 -1723073393
60.853 -125 -1723073393
60.880 -105 -1723073393
60.907 -92 -1723073393
60.933 -69 -1723073393
60.960 -47 -1723073393
60.987 -38 -1723073393
61.013 -27 -1723073393
61.040 -14 -1723073393
61.067 -16 -1723073393
61.093 -26 -1723073393
61.120 -33 -1723073393
61.147 -41 -1723073393
61.173 -54 -1723073393
61.200 -63 -1723073393
61.227 -78 -1723073393
61.253 -105 -1723073393
61.280 -129 -1723073393
61.307 -149 -1723073393
61.333 -176 -1723073393
61.360 -204 -1723073393
61.387 -224 -1723073393
61.413 -248 -1723073393
61.440 -271 -1723073393
61.467 -275 -1723073393
61.493 -269 -1723073393
61.520 -268 -1723073393
61.547 -255 -1723073393
61.573 -228 -1723073393
61.600 -205 -1723073393
61.627 -182 -1723073393
61.653 -142 -1723073393
61.680 -108 -1723073393
61.707 -86 -1723073393
61.733 -54 -1723073393
61.760 -19 -1723073393
61.787 0 -1723073393
61.813 14 -1723073393
61.840 33 -1723073393
61.867 40 -1723073393
61.893 35 -1723073393
61.920 29 -1723073393
61.947 15 -1723073393
61.973 -11 -1723073393
62.000 -40 -1723073393
62.027 -71 -1723073393
62.053 -106 -1723073393
62.080 -138 -1723073393
62.107 -161 -1723073393
62.133 -189 -1723073393
62.160 -218 -1723073393
62.187 -234 -1723073393
62.213 -247 -1723073393
62.240 -263 -1723073393
62.267 -263 -1723073393
62.293 -255 -1723073393
62.320 -254 -1723073393
62.347 -245 -1723073393
62.373 -221 -1723073393
62.400 -198 -1723073393
62.427 -178 -1723073393
62.453 -144 -1723073393
62.480 -110 -1723073393
62.507 -86 -1723073393
62.533 -55 -1723073393
62.560 -25 -1723073393
62.587 -10 -1723073393
62.613 0 -1723073393
62.640 19 -1723073393
62.667 33 -1723073393
62.693 32 -1723073393
62.720 28 -1723073393
62.747 18 -1723073393
62.773 -9 -1723073393
62.800 -36 -1723073393
62.827 -60 -1723073393
62.853 -97 -1723073393
62.880 -138 -1723073393
62.907 -171 -1723073393
62.933 -207 -1723073393
62.960 -247 -1723073393
62.987 -276 -1723073393
63.013 -301 -1723073393
63.040 -330 -1723073393
63.067 -350 -1723073393
63.093 -361 -1723073393
63.120 -378 -1723073393
63.147 -389 -1723073393
63.173 -384 -1723073393
63.200 -384 -1723073393
63.227 -389 -1723073393
63.253 -372 -1723073393
63.280 -347 -1723073393
63.307 -335 -1723073393
63.333 -315 -1723073393
63.360 -278 -1723073393
63.387 -252 -1723073393
63.413 -236 -1723073393
63.440 -205 -1723073393
63.467 -173 -1723073393
63.493 -153 -1723073393
63.520 -125 -1723073393
63.547 -98 -1723073393
63.573 -83 -1723073393
63.600 -71 -1723073393
63.627 -56 -1723073393
63.653 -52 -1723073393
63.680 -55 -1723073393
63.707 -54 -1723073393
63.733 -59 -1723073393
63.760 -71 -1723073393
63.787 -75 -1723073393
63.813 -78 -1723073393
63.840 -90 -1723073393
63.867 -99 -1723073393
63.893 -97 -1723073393
63.920 -100 -1723073393
63.947 -107 -1723073393
63.973 -102 -1723073393
64.000 -94 -1723073393
64.027 -91 -1723073393
64.053 -80 -1723073393
64.080 -62 -1723073393
64.107 -48 -1723073393
64.133 -35 -1723073393
64.160 -15 -1723073393
64.187 2 -1723073393
64.213 13 -1723073393
64.240 31 -1723073393
64.267 47 -1723073393
64.293 53 -1723073393
64.320 61 -1723073393
64.347 75 -1723073393
64.373 81 -1723073393
64.400 80 -1723073393
64.427 85 -1723073393
64.453 89 -1723073393
64.480 90 -1723073393
64.507 96 -1723073393
64.533 100 -1723073393
64.560 95 -1723073393
64.587 89 -1723073393
64.613 85 -1723073393
64.640 76 -1723073393
64.667 64 -1723073393
64.693 58 -1723073393
64.720 49 -1723073393
64.747 34 -1723073393
64.773 25 -1723073393
64.800 17 -1723073393
64.827 3 -1723073393
64.853 -9 -1723073393
64.880 -12 -1723073393
64.907 -14 -1723073393
64.933 -15 -1723073393
64.960 -3 -1723073393
64.987 8 -1723073393
65.013 13 -1723073393
65.040 29 -1723073393
65.067 56 -1723073393
65.093 79 -1723073393
65.120 103 -1723073393
65.147 136 -1723073393
65.173 167 -1723073393
65.200 197 -1723073393
65.227 232 -1723073393
65.253 266 -1723073393
65.280 293 -1723073393
65.307 318 -1723073393
65.333 339 -1723073393
65.360 354 -1723073393
65.387 359 -1723073393
65.413 359 -1723073393
65.440 355 -1723073393
65.467 347 -1723073393
65.493 337 -1723073393
65.520 326 -1723073393
65.547 314 -1723073393
65.573 299 -1723073393
65.600 285 -1723073393
65.627 269 -1723073393
65.653 253 -1723073393
65.680 242 -1723073393
65.707 233 -1723073393
65.733 225 -1723073393
65.760 216 -1723073393
65.787 213 -1723073393
65.813 212 -1723073393
65.840 216 -1723073393
65.867 220 -1723073393
65.893 223 -1723073393
65.920 227 -1723073393
65.947 233 -1723073393
65.973 238 -1723073393
66.000 239 -1723073393
66.027 243 -1723073393
66.053 248 -1723073393
66.080 250 -1723073393
66.107 251 -1723073393
66.133 251 -1723073393
66.160 247 -1723073393
66.187 243 -1723073393
66.213 243 -1723073393
66.240 246 -1723073393
66.267 244 -1723073393
66.293 239 -1723073393
66.320 235 -1723073393
66.347 229 -1723073393
66.373 223 -1723073393
66.400 224 -1723073393
66.427 226 -1723073393
66.453 223 -1723073393
66.480 220 -1723073393
66.507 221 -1723073393
66.533 222 -1723073393
66.560 226 -1723073393
66.587 235 -1723073393
66.613 243 -1723073393
66.640 251 -1723073393
66.667 268 -1723073393
66.693 289 -1723073393
66.720 306 -1723073393
66.747 323 -1723073393
66.773 342 -1723073393
66.800 355 -1723073393
66.827 365 -1723073393
66.853 378 -1723073393
66.880 389 -1723073393
66.907 398 -1723073393
66.933 407 -1723073393
66.960 418 -1723073393
66.987 426 -1723073393
67.013 433 -1723073393
67.040 441 -1723073393
67.067 450 -1723073393
67.093 459 -1723073393
67.120 468 -1723073393
67.147 473 -1723073393
67.173 469 -1723073393
67.200 462 -1723073393
67.227 459 -1723073393
67.253 456 -1723073393
67.280 451 -1723073393
67.307 447 -1723073393
67.333 447 -1723073393
67.360 447 -1723073393
67.387 444 -1723073393
67.413 444 -1723073393
67.440 446 -1723073393
67.467 449 -1723073393
67.493 453 -1723073393
67.520 455 -1723073393
67.547 455 -1723073393
67.573 452 -1723073393
67.600 445 -1723073393
67.627 430 -1723073393
67.653 409 -1723073393
67.680 385 -1723073393
67.707 357 -1723073393
67.733 326 -1723073393
67.760 298 -1723073393
67.787 271 -1723073393
67.813 244 -1723073393
67.840 220 -1723073393
67.867 204 -1723073393
67.893 195 -1723073393
67.920 188 -1723073393
67.947 183 -1723073393
67.973 177 -1723073393
68.000 172 -1723073393
68.027 176 -1723073393
68.053 183 -1723073393
68.080 191 -1723073393
68.107 204 -1723073393
68.133 220 -1723073393
68.160 232 -1723073393
68.187 244 -1723073393
68.213 255 -1723073393
68.240 261 -1723073393
68.267 265 -1723073393
68.293 270 -1723073393
68.320 274 -1723073393
68.347 276 -1723073393
68.373 277 -1723073393
68.400 277 -1723073393
68.427 279 -1723073393
68.453 279 -1723073393
68.480 276 -1723073393
68.507 276 -1723073393
68.533 277 -1723073393
68.560 275 -1723073393
68.587 273 -1723073393
68.613 272 -1723073393
68.640 271 -1723073393
68.667 273 -1723073393
68.693 278 -1723073393
68.720 285 -1723073393
68.747 289 -1723073393
68.773 294 -1723073393
68.800 303 -1723073393
68.827 312 -1723073393
68.853 320 -1723073393
68.880 329 -1723073393
68.907 336 -1723073393
68.933 344 -1723073393
68.960 355 -1723073393
68.987 365 -1723073393
69.013 374 -1723073393
69.040 382 -1723073393
69.067 387 -1723073393
69.093 385 -1723073393
69.120 387 -1723073393
69.147 389 -1723073393
69.173 384 -1723073393
69.200 379 -1723073393
69.227 374 -1723073393
69.253 369 -1723073393
69.280 361 -1723073393
69.307 353 -1723073393
69.333 349 -1723073393
69.360 342 -1723073393
69.387 332 -1723073393
69.413 323 -1723073393
69.440 310 -1723073393
69.467 294 -1723073393
69.493 281 -1723073393
69.520 268 -1723073393
69.547 252 -1723073393
69.573 239 -1723073393
69.600 233 -1723073393
69.627 228 -1723073393
69.653 221 -1723073393
69.680 213 -1723073393
69.707 207 -1723073393
69.733 204 -1723073393
69.760 205 -1723073393
69.787 206 -1723073393
69.813 210 -1723073393
69.840 220 -1723073393
69.867 231 -1723073393
69.893 241 -1723073393
69.920 252 -1723073393
69.947 260 -1723073393
69.973 268 -1723073393
70.000 277 -1723073393
70.027 286 -1723073393
70.053 286 -1723073393
70.080 283 -1723073393
70.107 283 -1723073393
70.133 283 -1723073393
70.160 279 -1723073393
70.187 276 -1723073393
70.213 275 -1723073393
70.240 270 -1723073393
70.267 261 -1723073393
70.293 254 -1723073393
70.320 250 -1723073393
70.347 248 -1723073393
70.373 246 -1723073393
70.400 247 -1723073393
70.427 254 -1723073393
70.453 259 -1723073393
70.480 264 -1723073393
70.507 273 -1723073393
70.533 285 -1723073393
70.560 296 -1723073393
70.587 311 -1723073393
70.613 324 -1723073393
70.640 334 -1723073393
70.667 345 -1723073393
70.693 355 -1723073393
70.720 365 -1723073393
70.747 378 -1723073393
70.773 389 -1723073393
70.800 396 -1723073393
70.827 400 -1723073393
70.853 407 -1723073393
70.880 416 -1723073393
70.907 424 -1723073393
70.933 432 -1723073393
70.960 437 -1723073393
70.987 438 -1723073393
71.013 437 -1723073393
71.040 436 -1723073393
71.067 431 -1723073393
71.093 422 -1723073393
71.120 408 -1723073393
71.147 392 -1723073393
71.173 373 -1723073393
71.200 353 -1723073393
71.227 330 -1723073393
71.253 303 -1723073393
71.280 278 -1723073393
71.307 256 -1723073393
71.333 238 -1723073393
71.360 220 -1723073393
71.387 199 -1723073393
71.413 183 -1723073393
71.440 172 -1723073393
71.467 164 -1723073393
71.493 161 -1723073393
71.520 167 -1723073393
71.547 175 -1723073393
71.573 180 -1723073393
71.600 188 -1723073393
71.627 205 -1723073393
71.653 224 -1723073393
71.680 241 -1723073393
71.707 260 -1723073393
71.733 277 -1723073393
71.760 285 -1723073393
71.787 293 -1723073393
71.813 301 -1723073393
71.840 305 -1723073393
71.867 308 -1723073393
71.893 312 -1723073393
71.920 312 -1723073393
71.947 314 -1723073393
71.973 320 -1723073393
72.000 325 -1723073393
72.027 322 -1723073393
72.053 316 -1723073393
72.080 308 -1723073393
72.107 302 -1723073393
72.133 300 -1723073393
72.160 294 -1723073393
72.187 283 -1723073393
72.213 270 -1723073393
72.240 258 -1723073393
72.267 246 -1723073393
72.293 235 -1723073393
72.320 224 -1723073393
72.347 215 -1723073393
72.373 207 -1723073393
72.400 202 -1723073393
72.427 202 -1723073393
72.453 202 -1723073393
72.480 201 -1723073393
72.507 198 -1723073393
72.533 189 -1723073393
72.560 181 -1723073393
72.587 179 -1723073393
72.613 179 -1723073393
72.640 179 -1723073393
72.667 181 -1723073393
72.693 186 -1723073393
72.720 187 -1723073393
72.747 187 -1723073393
72.773 188 -1723073393
72.800 194 -1723073393
72.827 198 -1723073393
72.853 201 -1723073393
72.880 207 -1723073393
72.907 214 -1723073393
72.933 223 -1723073393
72.960 236 -1723073393
72.987 247 -1723073393
73.013 253 -1723073393
73.040 260 -1723073393
73.067 270 -1723073393
73.093 279 -1723073393
73.120 286 -1723073393
73.147 291 -1723073393
73.173 294 -1723073393
73.200 294 -1723073393
73.227 294 -1723073393
73.253 297 -1723073393
73.280 298 -1723073393
73.307 297 -1723073393
73.333 299 -1723073393
73.360 301 -1723073393
73.387 301 -1723073393
73.413 306 -1723073393
73.440 312 -1723073393
73.467 314 -1723073393
73.493 318 -1723073393
73.520 324 -1723073393
73.547 325 -1723073393
73.573 323 -1723073393
73.600 320 -1723073393
73.627 316 -1723073393
73.653 308 -1723073393
73.680 300 -1723073393
73.707 293 -1723073393
73.733 283 -1723073393
73.760 271 -1723073393
73.787 259 -1723073393
73.813 241 -1723073393
73.840 219 -1723073393
73.867 198 -1723073393
73.893 179 -1723073393
73.920 159 -1723073393
73.947 141 -1723073393
73.973 122 -1723073393
74.000 101 -1723073393
74.027 88 -1723073393
74.053 83 -1723073393
74.080 80 -1723073393
74.107 82 -1723073393
74.133 93 -1723073393
74.160 104 -1723073393
74.187 112 -1723073393
74.213 125 -1723073393
74.240 139 -1723073393
74.267 150 -1723073393
74.293 168 -1723073393
74.320 187 -1723073393
74.347 202 -1723073393
74.373 220 -1723073393
74.400 239 -1723073393
74.427 253 -1723073393
74.453 264 -1723073393
74.480 274 -1723073393
74.507 280 -1723073393
74.533 284 -1723073393
74.560 288 -1723073393
74.587 293 -1723073393
74.613 295 -1723073393
74.640 296 -1723073393
74.667 297 -1723073393
74.693 298 -1723073393
74.720 297 -1723073393
74.747 300 -1723073393
74.773 304 -1723073393
74.800 306 -1723073393
74.827 309 -1723073393
74.853 312 -1723073393
74.880 313 -1723073393
74.907 312 -1723073393
74.933 308 -1723073393
74.960 299 -1723073393
74.987 288 -1723073393
75.013 279 -1723073393
75.040 270 -1723073393
75.067 259 -1723073393
75.093 250 -1723073393
75.120 247 -1723073393
75.147 245 -1723073393
75.173 249 -1723073393
75.200 259 -1723073393
75.227 269 -1723073393
75.253 281 -1723073393
75.280 296 -1723073393
75.307 310 -1723073393
75.333 321 -1723073393
75.360 328 -1723073393
75.387 331 -1723073393
75.413 326 -1723073393
75.440 320 -1723073393
75.467 316 -1723073393
75.493 311 -1723073393
75.520 301 -1723073393
75.547 287 -1723073393
75.573 268 -1723073393
75.600 246 -1723073393
75.627 228 -1723073393
75.653 213 -1723073393
75.680 196 -1723073393
75.707 183 -1723073393
75.733 177 -1723073393
75.760 170 -1723073393
75.787 166 -1723073393
75.813 171 -1723073393
75.840 178 -1723073393
75.867 184 -1723073393
75.893 194 -1723073393
75.920 204 -1723073393
75.947 208 -1723073393
75.973 216 -1723073393
76.000 233 -1723073393
76.027 247 -1723073393
76.053 258 -1723073393
76.080 276 -1723073393
76.107 291 -1723073393
76.133 295 -1723073393
76.160 301 -1723073393
76.187 311 -1723073393
76.213 318 -1723073393
76.240 326 -1723073393
76.267 336 -1723073393
76.293 345 -1723073393
76.320 355 -1723073393
76.347 368 -1723073393
76.373 378 -1723073393
76.400 379 -1723073393
76.427 382 -1723073393
76.453 389 -1723073393
76.480 392 -1723073393
76.507 395 -1723073393
76.533 402 -1723073393
76.560 400 -1723073393
76.587 392 -1723073393
76.613 386 -1723073393
76.640 380 -1723073393
76.667 368 -1723073393
76.693 356 -1723073393
76.720 348 -1723073393
76.747 343 -1723073393
76.773 338 -1723073393
76.800 331 -1723073393
76.827 322 -1723073393
76.853 318 -1723073393
76.880 315 -1723073393
76.907 308 -1723073393
76.933 302 -1723073393
76.960 304 -1723073393
76.987 308 -1723073393
77.013 316 -1723073393
77.040 328 -1723073393
77.067 341 -1723073393
77.093 350 -1723073393
77.120 357 -1723073393
77.147 370 -1723073393
77.173 382 -1723073393
77.200 393 -1723073393
77.227 405 -1723073393
77.253 417 -1723073393
77.280 423 -1723073393
77.307 428 -1723073393
77.333 431 -1723073393
77.360 427 -1723073393
77.387 420 -1723073393
77.413 412 -1723073393
77.440 401 -1723073393
77.467 385 -1723073393
77.493 363 -1723073393
77.520 340 -1723073393
77.547 319 -1723073393
77.573 291 -1723073393
77.600 261 -1723073393
77.627 236 -1723073393
77.653 218 -1723073393
77.680 203 -1723073393
77.707 190 -1723073393
77.733 182 -1723073393
77.760 177 -1723073393
77.787 170 -1723073393
77.813 164 -1723073393
77.840 164 -1723073393
77.867 165 -1723073393
77.893 164 -1723073393
77.920 173 -1723073393
77.947 187 -1723073393
77.973 195 -1723073393
78.000 208 -1723073393
78.027 225 -1723073393
78.053 237 -1723073393
78.080 247 -1723073393
78.107 263 -1723073393
78.133 275 -1723073393
78.160 280 -1723073393
78.187 289 -1723073393
78.213 296 -1723073393
78.240 291 -1723073393
78.267 284 -1723073393
78.293 280 -1723073393
78.320 272 -1723073393
78.347 261 -1723073393
78.373 250 -1723073393
78.400 233 -1723073393
78.427 216 -1723073393
78.453 203 -1723073393
78.480 190 -1723073393
78.507 179 -1723073393
78.533 174 -1723073393
78.560 171 -1723073393
78.587 166 -1723073393
78.613 164 -1723073393
78.640 163 -1723073393
78.667 159 -1723073393
78.693 159 -1723073393
78.720 170 -1723073393
78.747 181 -1723073393
78.773 189 -1723073393
78.800 203 -1723073393
78.827 216 -1723073393
78.853 220 -1723073393
78.880 223 -1723073393
78.907 231 -1723073393
78.933 234 -1723073393
78.960 240 -1723073393
78.987 246 -1723073393
79.013 246 -1723073393
79.040 241 -1723073393
79.067 235 -1723073393
79.093 222 -1723073393
79.120 203 -1723073393
79.147 192 -1723073393
79.173 183 -1723073393
79.200 167 -1723073393
79.227 153 -1723073393
79.253 140 -1723073393
79.280 121 -1723073393
79.307 104 -1723073393
79.333 90 -1723073393
79.360 73 -1723073393
79.387 57 -1723073393
79.413 56 -1723073393
79.440 58 -1723073393
79.467 56 -1723073393
79.493 63 -1723073393
79.520 73 -1723073393
79.547 78 -1723073393
79.573 92 -1723073393
79.600 109 -1723073393
79.627 119 -1723073393
79.653 131 -1723073393
79.680 153 -1723073393
79.707 172 -1723073393
79.733 190 -1723073393
79.760 217 -1723073393
79.787 244 -1723073393
79.813 262 -1723073393
79.840 283 -1723073393
79.867 304 -1723073393
79.893 317 -1723073393
79.920 329 -1723073393
79.947 341 -1723073393
79.973 348 -1723073393
80.000 353 -1723073393
80.027 360 -1723073393
80.053 361 -1723073393
80.080 355 -1723073393
80.107 350 -1723073393
80.133 347 -1723073393
80.160 342 -1723073393
80.187 335 -1723073393
80.213 326 -1723073393
80.240 312 -1723073393
80.267 300 -1723073393
80.293 296 -1723073393
80.320 289 -1723073393
80.347 278 -1723073393
80.373 270 -1723073393
80.400 263 -1723073393
80.427 254 -1723073393
80.453 250 -1723073393
80.480 245 -1723073393
80.507 237 -1723073393
80.533 235 -1723073393
80.560 238 -1723073393
80.587 235 -1723073393
80.613 230 -1723073393
80.640 235 -1723073393
80.667 236 -1723073393
80.693 235 -1723073393
80.720 239 -1723073393
80.747 243 -1723073393
80.773 243 -1723073393
80.800 247 -1723073393
80.827 253 -1723073393
80.853 254 -1723073393
80.880 255 -1723073393
80.907 254 -1723073393
80.933 249 -1723073393
80.960 244 -1723073393
80.987 240 -1723073393
81.013 233 -1723073393
81.040 224 -1723073393
81.067 216 -1723073393
81.093 204 -1723073393
81.120 191 -1723073393
81.147 179 -1723073393
81.173 167 -1723073393
81.200 155 -1723073393
81.227 145 -1723073393
81.253 139 -1723073393
81.280 132 -1723073393
81.307 129 -1723073393
81.333 134 -1723073393
81.360 138 -1723073393
81.387 148 -1723073393
81.413 165 -1723073393
81.440 183 -1723073393
81.467 205 -1723073393
81.493 231 -1723073393
81.520 252 -1723073393
81.547 270 -1723073393
81.573 291 -1723073393
81.600 307 -1723073393
81.627 316 -1723073393
81.653 330 -1723073393
81.680 342 -1723073393
81.707 346 -1723073393
81.733 349 -1723073393
81.760 348 -1723073393
81.787 341 -1723073393
81.813 328 -1723073393
81.840 314 -1723073393
81.867 302 -1723073393
81.893 290 -1723073393
81.920 279 -1723073393
81.947 269 -1723073393
81.973 257 -1723073393
82.000 244 -1723073393
82.027 234 -1723073393
82.053 229 -1723073393
82.080 231 -1723073393
82.107 235 -1723073393
82.133 238 -1723073393
82.160 241 -1723073393
82.187 248 -1723073393
82.213 255 -1723073393
82.240 261 -1723073393
82.267 266 -1723073393
82.293 272 -1723073393
82.320 281 -1723073393
82.347 295 -1723073393
82.373 307 -1723073393
82.400 316 -1723073393
82.427 323 -1723073393
82.453 327 -1723073393
82.480 328 -1723073393
82.507 330 -1723073393
82.533 331 -1723073393
82.560 328 -1723073393
82.587 324 -1723073393
82.613 317 -1723073393
82.640 306 -1723073393
82.667 298 -1723073393
82.693 292 -1723073393
82.720 282 -1723073393
82.747 271 -1723073393
82.773 257 -1723073393
82.800 237 -1723073393
82.827 223 -1723073393
82.853 214 -1723073393
82.880 204 -1723073393
82.907 193 -1723073393
82.933 189 -1723073393
82.960 184 -1723073393
82.987 175 -1723073393
83.013 171 -1723073393
83.040 173 -1723073393
83.067 174 -1723073393
83.093 180 -1723073393
83.120 185 -1723073393
83.147 186 -1723073393
83.173 187 -1723073393
83.200 187 -1723073393
83.227 184 -1723073393
83.253 182 -1723073393
83.280 183 -1723073393
83.307 185 -1723073393
83.333 190 -1723073393
83.360 202 -1723073393
83.387 207 -1723073393
83.413 207 -1723073393
83.440 210 -1723073393
83.467 213 -1723073393
83.493 214 -1723073393
83.520 219 -1723073393
83.547 223 -1723073393
83.573 223 -1723073393
83.600 226 -1723073393
83.627 233 -1723073393
83.653 240 -1723073393
83.680 251 -1723073393
83.707 265 -1723073393
83.733 268 -1723073393
83.760 268 -1723073393
83.787 276 -1723073393
83.813 285 -1723073393
83.840 288 -1723073393
83.867 292 -1723073393
83.893 294 -1723073393
83.920 290 -1723073393
83.947 285 -1723073393
83.973 281 -1723073393
84.000 273 -1723073393
84.027 268 -1723073393
84.053 265 -1723073393
84.080 258 -1723073393
84.107 252 -1723073393
84.133 247 -1723073393
84.160 237 -1723073393
84.187 229 -1723073393
84.213 227 -1723073393
84.240 225 -1723073393
84.267 223 -1723073393
84.293 225 -1723073393
84.320 221 -1723073393
84.347 214 -1723073393
84.373 215 -1723073393
84.400 214 -1723073393
84.427 211 -1723073393
84.453 213 -1723073393
84.480 212 -1723073393
84.507 205 -1723073393
84.533 203 -1723073393
84.560 204 -1723073393
84.587 199 -1723073393
84.613 194 -1723073393
84.640 190 -1723073393
84.667 178 -1723073393
84.693 169 -1723073393
84.720 166 -1723073393
84.747 159 -1723073393
84.773 156 -1723073393
84.800 157 -1723073393
84.827 154 -1723073393
84.853 154 -1723073393
84.880 159 -1723073393
84.907 162 -1723073393
84.933 167 -1723073393
84.960 174 -1723073393
84.987 179 -1723073393
85.013 182 -1723073393
85.040 190 -1723073393
85.067 200 -1723073393
85.093 209 -1723073393
85.120 218 -1723073393
85.147 223 -1723073393
85.173 228 -1723073393
85.200 234 -1723073393
85.227 236 -1723073393
85.253 239 -1723073393
85.280 243 -1723073393
85.307 245 -1723073393
85.333 248 -1723073393
85.360 258 -1723073393
85.387 269 -1723073393
85.413 271 -1723073393
85.440 273 -1723073393
85.467 279 -1723073393
85.493 281 -1723073393
85.520 282 -1723073393
85.547 282 -1723073393
85.573 278 -1723073393
85.600 274 -1723073393
85.627 269 -1723073393
85.653 262 -1723073393
85.680 259 -1723073393
85.707 260 -1723073393
85.733 256 -1723073393
85.760 252 -1723073393
85.787 247 -1723073393
85.813 240 -1723073393
85.840 233 -1723073393
85.867 225 -1723073393
85.893 218 -1723073393
85.920 213 -1723073393
85.947 208 -1723073393
85.973 201 -1723073393
86.000 197 -1723073393
86.027 196 -1723073393
86.053 195 -1723073393
86.080 195 -1723073393
86.107 195 -1723073393
86.133 195 -1723073393
86.160 195 -1723073393
86.187 194 -1723073393
86.213 193 -1723073393
86.240 189 -1723073393
86.267 188 -1723073393
86.293 192 -1723073393
86.320 193 -1723073393
86.347 192 -1723073393
86.373 191 -1723073393
86.400 188 -1723073393
86.427 186 -1723073393
86.453 184 -1723073393
86.480 177 -1723073393
86.507 176 -1723073393
86.533 182 -1723073393
86.560 186 -1723073393
86.587 192 -1723073393
86.613 208 -1723073393
86.640 221 -1723073393
86.667 229 -1723073393
86.693 239 -1723073393
86.720 241 -1723073393
86.747 239 -1723073393
86.773 238 -1723073393
86.800 232 -1723073393
86.827 226 -1723073393
86.853 221 -1723073393
86.880 214 -1723073393
86.907 205 -1723073393
86.933 201 -1723073393
86.960 197 -1723073393
86.987 195 -1723073393
87.013 193 -1723073393
87.040 186 -1723073393
87.067 183 -1723073393
87.093 194 -1723073393
87.120 203 -1723073393
87.147 211 -1723073393
87.173 219 -1723073393
87.200 221 -1723073393
87.227 224 -1723073393
87.253 232 -1723073393
87.280 233 -1723073393
87.307 233 -1723073393
87.333 239 -1723073393
87.360 245 -1723073393
87.387 252 -1723073393
87.413 261 -1723073393
87.440 267 -1723073393
87.467 270 -1723073393
87.493 276 -1723073393
87.520 279 -1723073393
87.547 274 -1723073393
87.573 269 -1723073393
87.600 259 -1723073393
87.627 250 -1723073393
87.653 247 -1723073393
87.680 239 -1723073393
87.707 231 -1723073393
87.733 229 -1723073393
87.760 224 -1723073393
87.787 220 -1723073393
87.813 219 -1723073393
87.840 216 -1723073393
87.867 214 -1723073393
87.893 215 -1723073393
87.920 211 -1723073393
87.947 209 -1723073393
87.973 212 -1723073393
88.000 212 -1723073393
88.027 212 -1723073393
88.053 213 -1723073393
88.080 212 -1723073393
88.107 212 -1723073393
88.133 210 -1723073393
88.160 206 -1723073393
88.187 202 -1723073393
88.213 203 -1723073393
88.240 195 -1723073393
88.267 185 -1723073393
88.293 180 -1723073393
88.320 170 -1723073393
88.347 156 -1723073393
88.373 149 -1723073393
88.400 144 -1723073393
88.427 135 -1723073393
88.453 126 -1723073393
88.480 113 -1723073393
88.507 100 -1723073393
88.533 88 -1723073393
88.560 75 -1723073393
88.587 68 -1723073393
88.613 69 -1723073393
88.640 71 -1723073393
88.667 77 -1723073393
88.693 90 -1723073393
88.720 99 -1723073393
88.747 105 -1723073393
88.773 113 -1723073393
88.800 120 -1723073393
88.827 125 -1723073393
88.853 132 -1723073393
88.880 137 -1723073393
88.907 142 -1723073393
88.933 152 -1723073393
88.960 160 -1723073393
88.987 166 -1723073393
89.013 175 -1723073393
89.040 177 -1723073393
89.067 178 -1723073393
89.093 188 -1723073393
89.120 196 -1723073393
89.147 199 -1723073393
89.173 205 -1723073393
89.200 207 -1723073393
89.227 205 -1723073393
89.253 204 -1723073393
89.280 200 -1723073393
89.307 200 -1723073393
89.333 206 -1723073393
89.360 204 -1723073393
89.387 200 -1723073393
89.413 195 -1723073393
89.440 185 -1723073393
89.467 174 -1723073393
89.493 168 -1723073393
89.520 161 -1723073393
89.547 153 -1723073393
89.573 153 -1723073393
89.600 152 -1723073393
89.627 152 -1723073393
89.653 152 -1723073393
89.680 146 -1723073393
89.707 141 -1723073393
89.733 141 -1723073393
89.760 139 -1723073393
89.787 135 -1723073393
89.813 134 -1723073393
89.840 135 -1723073393
89.867 139 -1723073393
89.893 142 -1723073393
89.920 144 -1723073393
89.947 150 -1723073393
89.973 155 -1723073393
90.000 159 -1723073393
90.027 165 -1723073393
90.053 174 -1723073393
90.080 181 -1723073393
90.107 183 -1723073393
90.133 178 -1723073393
90.160 173 -1723073393
90.187 169 -1723073393
90.213 164 -1723073393
90.240 159 -1723073393
90.267 158 -1723073393
90.293 160 -1723073393
90.320 166 -1723073393
90.347 173 -1723073393
90.373 180 -1723073393
90.400 184 -1723073393
90.427 180 -1723073393
90.453 181 -1723073393
90.480 190 -1723073393
90.507 196 -1723073393
90.533 199 -1723073393
90.560 203 -1723073393
90.587 208 -1723073393
90.613 215 -1723073393
90.640 231 -1723073393
90.667 249 -1723073393
90.693 268 -1723073393
90.720 289 -1723073393
90.747 307 -1723073393
90.773 323 -1723073393
90.800 337 -1723073393
90.827 349 -1723073393
90.853 363 -1723073393
90.880 376 -1723073393
90.907 384 -1723073393
90.933 390 -1723073393
90.960 394 -1723073393
90.987 398 -1723073393
91.013 406 -1723073393
91.040 410 -1723073393
91.067 408 -1723073393
91.093 403 -1723073393
91.120 392 -1723073393
91.147 378 -1723073393
91.173 365 -1723073393
91.200 351 -1723073393
91.227 337 -1723073393
91.253 324 -1723073393
91.280 315 -1723073393
91.307 306 -1723073393
91.333 292 -1723073393
91.360 286 -1723073393
91.387 286 -1723073393
91.413 285 -1723073393
91.440 282 -1723073393
91.467 283 -1723073393
91.493 292 -1723073393
91.520 302 -1723073393
91.547 305 -1723073393
91.573 309 -1723073393
91.600 319 -1723073393
91.627 325 -1723073393
91.653 331 -1723073393
91.680 343 -1723073393
91.707 349 -1723073393
91.733 351 -1723073393
91.760 359 -1723073393
91.787 367 -1723073393
91.813 370 -1723073393
91.840 378 -1723073393
91.867 380 -1723073393
91.893 374 -1723073393
91.920 372 -1723073393
91.947 371 -1723073393
91.973 366 -1723073393
92.000 357 -1723073393
92.027 339 -1723073393
92.053 321 -1723073393
92.080 312 -1723073393
92.107 307 -1723073393
92.133 303 -1723073393
92.160 301 -1723073393
92.187 297 -1723073393
92.213 291 -1723073393
92.240 288 -1723073393
92.267 285 -1723073393
92.293 286 -1723073393
92.320 284 -1723073393
92.347 284 -1723073393
92.373 294 -1723073393
92.400 299 -1723073393
92.427 305 -1723073393
92.453 318 -1723073393
92.480 327 -1723073393
92.507 335 -1723073393
92.533 345 -1723073393
92.560 348 -1723073393
92.587 353 -1723073393
92.613 361 -1723073393
92.640 364 -1723073393
92.667 370 -1723073393
92.693 368 -1723073393
92.720 369 -1723073393
92.747 377 -1723073393
92.773 375 -1723073393
92.800 375 -1723073393
92.827 377 -1723073393
92.853 373 -1723073393
92.880 378 -1723073393
92.907 383 -1723073393
92.933 381 -1723073393
92.960 383 -1723073393
92.987 377 -1723073393
93.013 366 -1723073393
93.040 363 -1723073393
93.067 357 -1723073393
93.093 352 -1723073393
93.120 348 -1723073393
93.147 345 -1723073393
93.173 349 -1723073393
93.200 344 -1723073393
93.227 336 -1723073393
93.253 336 -1723073393
93.280 333 -1723073393
93.307 336 -1723073393
93.333 340 -1723073393
93.360 340 -1723073393
93.387 345 -1723073393
93.413 348 -1723073393
93.440 352 -1723073393
93.467 362 -1723073393
93.493 369 -1723073393
93.520 380 -1723073393
93.547 390 -1723073393
93.573 390 -1723073393
93.600 393 -1723073393
93.627 395 -1723073393
93.653 397 -1723073393
93.680 394 -1723073393
93.707 379 -1723073393
93.733 366 -1723073393
93.760 360 -1723073393
93.787 344 -1723073393
93.813 333 -1723073393
93.840 321 -1723073393
93.867 308 -1723073393
93.893 305 -1723073393
93.920 298 -1723073393
93.947 291 -1723073393
93.973 287 -1723073393
94.000 280 -1723073393
94.027 280 -1723073393
94.053 275 -1723073393
94.080 270 -1723073393
94.107 269 -1723073393
94.133 275 -1723073393
94.160 282 -1723073393
94.187 290 -1723073393
94.213 301 -1723073393
94.240 318 -1723073393
94.267 332 -1723073393
94.293 343 -1723073393
94.320 356 -1723073393
94.347 362 -1723073393
94.373 368 -1723073393
94.400 375 -1723073393
94.427 376 -1723073393
94.453 379 -1723073393
94.480 382 -1723073393
94.507 387 -1723073393
94.533 395 -1723073393
94.560 391 -1723073393
94.587 389 -1723073393
94.613 383 -1723073393
94.640 371 -1723073393
94.667 368 -1723073393
94.693 357 -1723073393
94.720 346 -1723073393
94.747 339 -1723073393
94.773 326 -1723073393
94.800 322 -1723073393
94.827 313 -1723073393
94.853 301 -1723073393
94.880 290 -1723073393
94.907 273 -1723073393
94.933 262 -1723073393
94.960 254 -1723073393
94.987 248 -1723073393
95.013 250 -1723073393
95.040 247 -1723073393
95.067 248 -1723073393
95.093 250 -1723073393
95.120 250 -1723073393
95.147 255 -1723073393
95.173 258 -1723073393
95.200 261 -1723073393
95.227 257 -1723073393
95.253 251 -1723073393
95.280 249 -1723073393
95.307 243 -1723073393
95.333 235 -1723073393
95.360 231 -1723073393
95.387 226 -1723073393
95.413 220 -1723073393
95.440 206 -1723073393
95.467 189 -1723073393
95.493 181 -1723073393
95.520 167 -1723073393
95.547 155 -1723073393
95.573 145 -1723073393
95.600 136 -1723073393
95.627 129 -1723073393
95.653 130 -1723073393
95.680 129 -1723073393
95.707 133 -1723073393
95.733 132 -1723073393
95.760 127 -1723073393
95.787 130 -1723073393
95.813 133 -1723073393
95.840 139 -1723073393
95.867 147 -1723073393
95.893 152 -1723073393
95.920 161 -1723073393
95.947 166 -1723073393
95.973 171 -1723073393
96.000 181 -1723073393
96.027 185 -1723073393
96.053 189 -1723073393
96.080 191 -1723073393
96.107 194 -1723073393
96.133 190 -1723073393
96.160 185 -1723073393
96.187 177 -1723073393
96.213 169 -1723073393
96.240 167 -1723073393
96.267 168 -1723073393
96.293 164 -1723073393
96.320 159 -1723073393
96.347 152 -1723073393
96.373 150 -1723073393
96.400 142 -1723073393
96.427 131 -1723073393
96.453 124 -1723073393
96.480 118 -1723073393
96.507 115 -1723073393
96.533 107 -1723073393
96.560 101 -1723073393
96.587 100 -1723073393
96.613 102 -1723073393
96.640 105 -1723073393
96.667 106 -1723073393
96.693 109 -1723073393
96.720 111 -1723073393
96.747 109 -1723073393
96.773 107 -1723073393
96.800 100 -1723073393
96.827 94 -1723073393
96.853 86 -1723073393
96.880 82 -1723073393
96.907 80 -1723073393
96.933 76 -1723073393
96.960 79 -1723073393
96.987 87 -1723073393
97.013 87 -1723073393
97.040 86 -1723073393
97.067 80 -1723073393
97.093 76 -1723073393
97.120 75 -1723073393
97.147 81 -1723073393
97.173 93 -1723073393
97.200 100 -1723073393
97.227 103 -1723073393
97.253 98 -1723073393
97.280 100 -1723073393
97.307 93 -1723073393
97.333 85 -1723073393
97.360 71 -1723073393
97.387 57 -1723073393
97.413 49 -1723073393
97.440 45 -1723073393
97.467 44 -1723073393
97.493 35 -1723073393
97.520 35 -1723073393
97.547 37 -1723073393
97.573 37 -1723073393
97.600 39 -1723073393
97.627 32 -1723073393
97.653 33 -1723073393
97.680 35 -1723073393
97.707 43 -1723073393
97.733 41 -1723073393
97.760 42 -1723073393
97.787 52 -1723073393
97.813 59 -1723073393
97.840 73 -1723073393
97.867 75 -1723073393
97.893 78 -1723073393
97.920 72 -1723073393
97.947 82 -1723073393
97.973 86 -1723073393
98.000 88 -1723073393
98.027 95 -1723073393
98.053 93 -1723073393
98.080 97 -1723073393
98.107 95 -1723073393
98.133 96 -1723073393
98.160 87 -1723073393
98.187 87 -1723073393
98.213 88 -1723073393
98.240 86 -1723073393
98.267 83 -1723073393
98.293 73 -1723073393
98.320 71 -1723073393
98.347 63 -1723073393
98.373 63 -1723073393
98.400 51 -1723073393
98.427 45 -1723073393
98.453 50 -1723073393
98.480 51 -1723073393
98.507 48 -1723073393
98.533 37 -1723073393
98.560 35 -1723073393
98.587 20 -1723073393
98.613 16 -1723073393
98.640 -2 -1723073393
98.667 0 -1723073393
98.693 0 -1723073393
98.720 3 -1723073393
98.747 8 -1723073393
98.773 19 -1723073393
98.800 32 -1723073393
98.827 34 -1723073393
98.853 37 -1723073393
98.880 29 -1723073393
98.907 25 -1723073393
98.933 6 -1723073393
98.960 -1 -1723073393
98.987 -18 -1723073393
99.013 -19 -1723073393
99.040 -32 -1723073393
99.067 -37 -1723073393
99.093 -50 -1723073393
99.120 -55 -1723073393
99.147 -59 -1723073393
99.173 -66 -1723073393
99.200 -68 -1723073393
99.227 -74 -1723073393
99.253 -68 -1723073393
99.280 -73 -1723073393
99.307 -58 -1723073393
99.333 -61 -1723073393
99.360 -50 -1723073393
99.387 -55 -1723073393
99.413 -42 -1723073393
99.440 -49 -1723073393
99.467 -39 -1723073393
99.493 -44 -1723073393
99.520 -31 -1723073393
99.547 -34 -1723073393
99.573 -21 -1723073393
99.600 -23 -1723073393
99.627 -11 -1723073393
99.653 -8 -1723073393
99.680 6 -1723073393
99.707 8 -1723073393
99.733 15 -1723073393
99.760 18 -1723073393
99.787 34 -1723073393
99.813 44 -1723073393
99.840 64 -1723073393
99.867 75 -1723073393
99.893 84 -1723073393
99.920 88 -1723073393
99.947 103 -1723073393
99.973 104 -1723073393
100.000 0 -1723073393
