0.000 12 -1723073393
0.027 12 -1723073393
0.053 21 -1723073393
0.080 20 -1723073393
0.107 16 -1723073393
0.133 14 -1723073393
0.160 13 -1723073393
0.187 19 -1723073393
0.213 24 -1723073393
0.240 28 -1723073393
0.267 30 -1723073393
0.293 29 -1723073393
0.320 26 -1723073393
0.347 24 -1723073393
0.373 18 -1723073393
0.400 16 -1723073393
0.427 13 -1723073393
0.453 6 -1723073393
0.480 9 -1723073393
0.507 10 -1723073393
0.533 12 -1723073393
0.560 15 -1723073393
0.587 10 -1723073393
0.613 6 -1723073393
0.640 4 -1723073393
0.667 0 -1723073393
0.693 3 -1723073393
0.720 6 -1723073393
0.747 5 -1723073393
0.773 11 -1723073393
0.800 11 -1723073393
0.827 12 -1723073393
0.853 14 -1723073393
0.880 8 -1723073393
0.907 6 -1723073393
0.933 2 -1723073393
0.960 -2 -1723073393
0.987 0 -1723073393
1.013 -1 -1723073393
1.040 -1 -1723073393
1.067 9 -1723073393
1.093 9 -1723073393
1.120 8 -1723073393
1.147 11 -1723073393
1.173 6 -1723073393
1.200 6 -1723073393
1.227 10 -1723073393
1.253 9 -1723073393
1.280 8 -1723073393
1.307 0 -1723073393
1.333 -5 -1723073393
1.360 0 -1723073393
1.387 0 -1723073393
1.413 0 -1723073393
1.440 -2 -1723073393
1.467 -9 -1723073393
1.493 -8 -1723073393
1.520 -6 -1723073393
1.547 -10 -1723073393
1.573 -10 -1723073393
1.600 -16 -1723073393
1.627 -18 -1723073393
1.653 -16 -1723073393
1.680 -22 -1723073393
1.707 -19 -1723073393
1.733 -15 -1723073393
1.760 -17 -1723073393
1.787 -11 -1723073393
1.813 -8 -1723073393
1.840 -2 -1723073393
1.867 7 -1723073393
1.893 4 -1723073393
1.920 -1 -1723073393
1.947 -10 -1723073393
1.973 -18 -1723073393
2.000 -11 -1723073393
2.027 -9 -1723073393
2.053 -14 -1723073393
2.080 -14 -1723073393
2.107 -17 -1723073393
2.133 -18 -1723073393
2.160 -18 -1723073393
2.187 -24 -1723073393
2.213 -18 -1723073393
2.240 -18 -1723073393
2.267 -22 -1723073393
2.293 -14 -1723073393
2.320 -13 -1723073393
2.347 -12 -1723073393
2.373 -9 -1723073393
2.400 -17 -1723073393
2.427 -15 -1723073393
2.453 -12 -1723073393
2.480 -19 -1723073393
2.507 -15 -1723073393
2.533 -16 -1723073393
2.560 -19 -1723073393
2.587 -14 -1723073393
2.613 -19 -1723073393
2.640 -23 -1723073393
2.667 -22 -1723073393
2.693 -28 -1723073393
2.720 -26 -1723073393
2.747 -28 -1723073393
2.773 -31 -1723073393
2.800 -25 -1723073393
2.827 -28 -1723073393
2.853 -29 -1723073393
2.880 -21 -1723073393
2.907 -24 -1723073393
2.933 -20 -1723073393
2.960 -17 -1723073393
2.987 -24 -1723073393
3.013 -17 -1723073393
3.040 -12 -1723073393
3.067 -12 -1723073393
3.093 -4 -1723073393
3.120 -3 -1723073393
3.147 -1 -1723073393
3.173 0 -1723073393
3.200 -13 -1723073393
3.227 -19 -1723073393
3.253 -22 -1723073393
3.280 -28 -1723073393
3.307 -25 -1723073393
3.333 -23 -1723073393
3.360 -20 -1723073393
3.387 -12 -1723073393
3.413 -20 -1723073393
3.440 -25 -1723073393
3.467 -27 -1723073393
3.493 -38 -1723073393
3.520 -35 -1723073393
3.547 -32 -1723073393
3.573 -36 -1723073393
3.600 -31 -1723073393
3.627 -35 -1723073393
3.653 -39 -1723073393
3.680 -34 -1723073393
3.707 -39 -1723073393
3.733 -35 -1723073393
3.760 -28 -1723073393
3.787 -33 -1723073393
3.813 -30 -1723073393
3.840 -34 -1723073393
3.867 -42 -1723073393
3.893 -36 -1723073393
3.920 -40 -1723073393
3.947 -40 -1723073393
3.973 -30 -1723073393
4.000 -33 -1723073393
4.027 -28 -1723073393
4.053 -21 -1723073393
4.080 -25 -1723073393
4.107 -25 -1723073393
4.133 -33 -1723073393
4.160 -41 -1723073393
4.187 -29 -1723073393
4.213 -32 -1723073393
4.240 -37 -1723073393
4.267 -28 -1723073393
4.293 -33 -1723073393
4.320 -36 -1723073393
4.347 -33 -1723073393
4.373 -39 -1723073393
4.400 -35 -1723073393
4.427 -35 -1723073393
4.453 -39 -1723073393
4.480 -33 -1723073393
4.507 -36 -1723073393
4.533 -35 -1723073393
4.560 -22 -1723073393
4.587 -21 -1723073393
4.613 -14 -1723073393
4.640 -7 -1723073393
4.667 -11 -1723073393
4.693 -8 -1723073393
4.720 -14 -1723073393
4.747 -21 -1723073393
4.773 -16 -1723073393
4.800 -19 -1723073393
4.827 -17 -1723073393
4.853 -14 -1723073393
4.880 -21 -1723073393
4.907 -19 -1723073393
4.933 -17 -1723073393
4.960 -20 -1723073393
4.987 -13 -1723073393
5.013 -15 -1723073393
5.040 -16 -1723073393
5.067 -12 -1723073393
5.093 -22 -1723073393
5.120 -24 -1723073393
5.147 -18 -1723073393
5.173 -20 -1723073393
5.200 -15 -1723073393
5.227 -13 -1723073393
5.253 -15 -1723073393
5.280 -4 -1723073393
5.307 -1 -1723073393
5.333 0 -1723073393
5.360 7 -1723073393
5.387 3 -1723073393
5.413 2 -1723073393
5.440 1 -1723073393
5.467 -5 -1723073393
5.493 -4 -1723073393
5.520 -6 -1723073393
5.547 -11 -1723073393
5.573 -8 -1723073393
5.600 -15 -1723073393
5.627 -22 -1723073393
5.653 -24 -1723073393
5.680 -32 -1723073393
5.707 -27 -1723073393
5.733 -19 -1723073393
5.760 -12 -1723073393
5.787 -4 -1723073393
5.813 -7 -1723073393
5.840 -12 -1723073393
5.867 -5 -1723073393
5.893 -7 -1723073393
5.920 -8 -1723073393
5.947 -8 -1723073393
5.973 -17 -1723073393
6.000 -14 -1723073393
6.027 -7 -1723073393
6.053 -8 -1723073393
6.080 -3 -1723073393
6.107 0 -1723073393
6.133 0 -1723073393
6.160 3 -1723073393
6.187 -3 -1723073393
6.213 -5 -1723073393
6.240 -4 -1723073393
6.267 -14 -1723073393
6.293 -15 -1723073393
6.320 -13 -1723073393
6.347 -22 -1723073393
6.373 -18 -1723073393
6.400 -15 -1723073393
6.427 -18 -1723073393
6.453 -13 -1723073393
6.480 -14 -1723073393
6.507 -15 -1723073393
6.533 -12 -1723073393
6.560 -16 -1723073393
6.587 -12 -1723073393
6.613 -7 -1723073393
6.640 -12 -1723073393
6.667 -9 -1723073393
6.693 -8 -1723073393
6.720 -11 -1723073393
6.747 -7 -1723073393
6.773 -11 -1723073393
6.800 -12 -1723073393
6.827 -4 -1723073393
6.853 -5 -1723073393
6.880 -6 -1723073393
6.907 -6 -1723073393
6.933 -13 -1723073393
6.960 -8 -1723073393
6.987 -6 -1723073393
7.013 -6 -1723073393
7.040 5 -1723073393
7.067 6 -1723073393
7.093 0 -1723073393
7.120 -3 -1723073393
7.147 -18 -1723073393
7.173 -23 -1723073393
7.200 -21 -1723073393
7.227 -25 -1723073393
7.253 -17 -1723073393
7.280 -12 -1723073393
7.307 -14 -1723073393
7.333 -9 -1723073393
7.360 -14 -1723073393
7.387 -14 -1723073393
7.413 -11 -1723073393
7.440 -16 -1723073393
7.467 -15 -1723073393
7.493 -17 -1723073393
7.520 -26 -1723073393
7.547 -25 -1723073393
7.573 -27 -1723073393
7.600 -27 -1723073393
7.627 -17 -1723073393
7.653 -19 -1723073393
7.680 -19 -1723073393
7.707 -14 -1723073393
7.733 -20 -1723073393
7.760 -21 -1723073393
7.787 -25 -1723073393
7.813 -27 -1723073393
7.840 -19 -1723073393
7.867 -20 -1723073393
7.893 -20 -1723073393
7.920 -17 -1723073393
7.947 -29 -1723073393
7.973 -31 -1723073393
8.000 -24 -1723073393
8.027 -25 -1723073393
8.053 -22 -1723073393
8.080 -25 -1723073393
8.107 -34 -1723073393
8.133 -30 -1723073393
8.160 -27 -1723073393
8.187 -25 -1723073393
8.213 -18 -1723073393
8.240 -21 -1723073393
8.267 -19 -1723073393
8.293 -18 -1723073393
8.320 -29 -1723073393
8.347 -28 -1723073393
8.373 -33 -1723073393
8.400 -42 -1723073393
8.427 -38 -1723073393
8.453 -41 -1723073393
8.480 -42 -1723073393
8.507 -29 -1723073393
8.533 -29 -1723073393
8.560 -28 -1723073393
8.587 -27 -1723073393
8.613 -35 -1723073393
8.640 -31 -1723073393
8.667 -27 -1723073393
8.693 -25 -1723073393
8.720 -15 -1723073393
8.747 -16 -1723073393
8.773 -19 -1723073393
8.800 -11 -1723073393
8.827 -14 -1723073393
8.853 -12 -1723073393
8.880 -5 -1723073393
8.907 -7 -1723073393
8.933 -3 -1723073393
8.960 -3 -1723073393
8.987 -7 -1723073393
9.013 4 -1723073393
9.040 5 -1723073393
9.067 -3 -1723073393
9.093 0 -1723073393
9.120 -7 -1723073393
9.147 -14 -1723073393
9.173 -11 -1723073393
9.200 -19 -1723073393
9.227 -23 -1723073393
9.253 -25 -1723073393
9.280 -34 -1723073393
9.307 -31 -1723073393
9.333 -29 -1723073393
9.360 -31 -1723073393
9.387 -25 -1723073393
9.413 -27 -1723073393
9.440 -31 -1723073393
9.467 -27 -1723073393
9.493 -31 -1723073393
9.520 -31 -1723073393
9.547 -31 -1723073393
9.573 -39 -1723073393
9.600 -35 -1723073393
9.627 -32 -1723073393
9.653 -36 -1723073393
9.680 -31 -1723073393
9.707 -35 -1723073393
9.733 -37 -1723073393
9.760 -31 -1723073393
9.787 -32 -1723073393
9.813 -30 -1723073393
9.840 -24 -1723073393
9.867 -26 -1723073393
9.893 -26 -1723073393
9.920 -31 -1723073393
9.947 -37 -1723073393
9.973 -33 -1723073393
10.000 -33 -1723073393
10.027 -36 -1723073393
10.053 -29 -1723073393
10.080 -28 -1723073393
10.107 -29 -1723073393
10.133 -24 -1723073393
10.160 -27 -1723073393
10.187 -24 -1723073393
10.213 -23 -1723073393
10.240 -27 -1723073393
10.267 -19 -1723073393
10.293 -10 -1723073393
10.320 -9 -1723073393
10.347 0 -1723073393
10.373 5 -1723073393
10.400 9 -1723073393
10.427 21 -1723073393
10.453 28 -1723073393
10.480 37 -1723073393
10.507 53 -1723073393
10.533 66 -1723073393
10.560 88 -1723073393
10.587 109 -1723073393
10.613 120 -1723073393
10.640 134 -1723073393
10.667 139 -1723073393
10.693 145 -1723073393
10.720 162 -1723073393
10.747 171 -1723073393
10.773 181 -1723073393
10.800 194 -1723073393
10.827 194 -1723073393
10.853 191 -1723073393
10.880 185 -1723073393
10.907 170 -1723073393
10.933 158 -1723073393
10.960 136 -1723073393
10.987 109 -1723073393
11.013 90 -1723073393
11.040 64 -1723073393
11.067 37 -1723073393
11.093 17 -1723073393
11.120 -8 -1723073393
11.147 -20 -1723073393
11.173 -27 -1723073393
11.200 -45 -1723073393
11.227 -53 -1723073393
11.253 -65 -1723073393
11.280 -87 -1723073393
11.307 -92 -1723073393
11.333 -93 -1723073393
11.360 -96 -1723073393
11.387 -88 -1723073393
11.413 -92 -1723073393
11.440 -101 -1723073393
11.467 -100 -1723073393
11.493 -106 -1723073393
11.520 -109 -1723073393
11.547 -110 -1723073393
11.573 -126 -1723073393
11.600 -127 -1723073393
11.627 -120 -1723073393
11.653 -121 -1723073393
11.680 -114 -1723073393
11.707 -115 -1723073393
11.733 -119 -1723073393
11.760 -111 -1723073393
11.787 -106 -1723073393
11.813 -93 -1723073393
11.840 -75 -1723073393
11.867 -69 -1723073393
11.893 -55 -1723073393
11.920 -38 -1723073393
11.947 -24 -1723073393
11.973 -2 -1723073393
12.000 14 -1723073393
12.027 29 -1723073393
12.053 55 -1723073393
12.080 71 -1723073393
12.107 84 -1723073393
12.133 100 -1723073393
12.160 105 -1723073393
12.187 115 -1723073393
12.213 124 -1723073393
12.240 124 -1723073393
12.267 129 -1723073393
12.293 134 -1723073393
12.320 137 -1723073393
12.347 147 -1723073393
12.373 155 -1723073393
12.400 162 -1723073393
12.427 176 -1723073393
12.453 185 -1723073393
12.480 198 -1723073393
12.507 208 -1723073393
12.533 209 -1723073393
12.560 223 -1723073393
12.587 237 -1723073393
12.613 246 -1723073393
12.640 261 -1723073393
12.667 268 -1723073393
12.693 267 -1723073393
12.720 264 -1723073393
12.747 249 -1723073393
12.773 232 -1723073393
12.800 215 -1723073393
12.827 182 -1723073393
12.853 149 -1723073393
12.880 117 -1723073393
12.907 80 -1723073393
12.933 48 -1723073393
12.960 14 -1723073393
12.987 -22 -1723073393
13.013 -45 -1723073393
13.040 -68 -1723073393
13.067 -93 -1723073393
13.093 -114 -1723073393
13.120 -136 -1723073393
13.147 -155 -1723073393
13.173 -164 -1723073393
13.200 -178 -1723073393
13.227 -192 -1723073393
13.253 -193 -1723073393
13.280 -195 -1723073393
13.307 -190 -1723073393
13.333 -183 -1723073393
13.360 -182 -1723073393
13.387 -169 -1723073393
13.413 -154 -1723073393
13.440 -140 -1723073393
13.467 -120 -1723073393
13.493 -107 -1723073393
13.520 -98 -1723073393
13.547 -85 -1723073393
13.573 -84 -1723073393
13.600 -81 -1723073393
13.627 -69 -1723073393
13.653 -58 -1723073393
13.680 -47 -1723073393
13.707 -38 -1723073393
13.733 -32 -1723073393
13.760 -12 -1723073393
13.787 7 -1723073393
13.813 18 -1723073393
13.840 36 -1723073393
13.867 52 -1723073393
13.893 65 -1723073393
13.920 84 -1723073393
13.947 92 -1723073393
13.973 98 -1723073393
14.000 102 -1723073393
14.027 91 -1723073393
14.053 80 -1723073393
14.080 60 -1723073393
14.107 34 -1723073393
14.133 9 -1723073393
14.160 -21 -1723073393
14.187 -57 -1723073393
14.213 -80 -1723073393
14.240 -110 -1723073393
14.267 -149 -1723073393
14.293 -184 -1723073393
14.320 -228 -1723073393
14.347 -273 -1723073393
14.373 -309 -1723073393
14.400 -342 -1723073393
14.427 -361 -1723073393
14.453 -373 -1723073393
14.480 -390 -1723073393
14.507 -395 -1723073393
14.533 -398 -1723073393
14.560 -404 -1723073393
14.587 -396 -1723073393
14.613 -393 -1723073393
14.640 -394 -1723073393
14.667 -381 -1723073393
14.693 -373 -1723073393
14.720 -368 -1723073393
14.747 -359 -1723073393
14.773 -360 -1723073393
14.800 -357 -1723073393
14.827 -350 -1723073393
14.853 -354 -1723073393
14.880 -355 -1723073393
14.907 -361 -1723073393
14.933 -377 -1723073393
14.960 -387 -1723073393
14.987 -399 -1723073393
15.013 -413 -1723073393
15.040 -422 -1723073393
15.067 -429 -1723073393
15.093 -431 -1723073393
15.120 -425 -1723073393
15.147 -426 -1723073393
15.173 -428 -1723073393
15.200 -423 -1723073393
15.227 -421 -1723073393
15.253 -410 -1723073393
15.280 -399 -1723073393
15.307 -393 -1723073393
15.333 -378 -1723073393
15.360 -373 -1723073393
15.387 -378 -1723073393
15.413 -375 -1723073393
15.440 -376 -1723073393
15.467 -383 -1723073393
15.493 -387 -1723073393
15.520 -401 -1723073393
15.547 -419 -1723073393
15.573 -439 -1723073393
15.600 -471 -1723073393
15.627 -498 -1723073393
15.653 -520 -1723073393
15.680 -547 -1723073393
15.707 -568 -1723073393
15.733 -589 -1723073393
15.760 -617 -1723073393
15.787 -645 -1723073393
15.813 -680 -1723073393
15.840 -717 -1723073393
15.867 -746 -1723073393
15.893 -773 -1723073393
15.920 -795 -1723073393
15.947 -811 -1723073393
15.973 -836 -1723073393
16.000 -857 -1723073393
16.027 -872 -1723073393
16.053 -895 -1723073393
16.080 -915 -1723073393
16.107 -938 -1723073393
16.133 -974 -1723073393
16.160 -1003 -1723073393
16.187 -1031 -1723073393
16.213 -1061 -1723073393
16.240 -1080 -1723073393
16.267 -1101 -1723073393
16.293 -1123 -1723073393
16.320 -1128 -1723073393
16.347 -1130 -1723073393
16.373 -1128 -1723073393
16.400 -1100 -1723073393
16.427 -1054 -1723073393
16.453 -985 -1723073393
16.480 -874 -1723073393
16.507 -735 -1723073393
16.533 -549 -1723073393
16.560 -306 -1723073393
16.587 -7 -1723073393
16.613 352 -1723073393
16.640 768 -1723073393
16.667 1243 -1723073393
16.693 1786 -1723073393
16.720 2397 -1723073393
16.747 3049 -1723073393
16.773 3734 -1723073393
16.800 4436 -1723073393
16.827 5142 -1723073393
16.853 5808 -1723073393
16.880 6398 -1723073393
16.907 6912 -1723073393
16.933 7295 -1723073393
16.960 7558 -1723073393
16.987 7677 -1723073393
17.013 7599 -1723073393
17.040 7381 -1723073393
17.067 6994 -1723073393
17.093 6442 -1723073393
17.120 5786 -1723073393
17.147 5007 -1723073393
17.173 4144 -1723073393
17.200 3248 -1723073393
17.227 2301 -1723073393
17.253 1346 -1723073393
17.280 450 -1723073393
17.307 -403 -1723073393
17.333 -1201 -1723073393
17.360 -1922 -1723073393
17.387 -2570 -1723073393
17.413 -3117 -1723073393
17.440 -3569 -1723073393
17.467 -3932 -1723073393
17.493 -4219 -1723073393
17.520 -4424 -1723073393
17.547 -4549 -1723073393
17.573 -4630 -1723073393
17.600 -4655 -1723073393
17.627 -4640 -1723073393
17.653 -4622 -1723073393
17.680 -4564 -1723073393
17.707 -4498 -1723073393
17.733 -4448 -1723073393
17.760 -4369 -1723073393
17.787 -4292 -1723073393
17.813 -4231 -1723073393
17.840 -4150 -1723073393
17.867 -4066 -1723073393
17.893 -3978 -1723073393
17.920 -3867 -1723073393
17.947 -3757 -1723073393
17.973 -3630 -1723073393
18.000 -3468 -1723073393
18.027 -3282 -1723073393
18.053 -3053 -1723073393
18.080 -2790 -1723073393
18.107 -2502 -1723073393
18.133 -2167 -1723073393
18.160 -1803 -1723073393
18.187 -1409 -1723073393
18.213 -977 -1723073393
18.240 -520 -1723073393
18.267 -28 -1723073393
18.293 504 -1723073393
18.320 1077 -1723073393
18.347 1688 -1723073393
18.373 2348 -1723073393
18.400 3073 -1723073393
18.427 3877 -1723073393
18.453 4756 -1723073393
18.480 5698 -1723073393
18.507 6719 -1723073393
18.533 7802 -1723073393
18.560 8960 -1723073393
18.587 10173 -1723073393
18.613 11369 -1723073393
18.640 12573 -1723073393
18.667 13728 -1723073393
18.693 14778 -1723073393
18.720 15759 -1723073393
18.747 16520 -1723073393
18.773 17055 -1723073393
18.800 17427 -1723073393
18.827 17499 -1723073393
18.853 17297 -1723073393
18.880 16891 -1723073393
18.907 16195 -1723073393
18.933 15259 -1723073393
18.960 14150 -1723073393
18.987 12808 -1723073393
19.013 11363 -1723073393
19.040 9847 -1723073393
19.067 8256 -1723073393
19.093 6649 -1723073393
19.120 5022 -1723073393
19.147 3478 -1723073393
19.173 2026 -1723073393
19.200 644 -1723073393
19.227 -610 -1723073393
19.253 -1750 -1723073393
19.280 -2756 -1723073393
19.307 -3614 -1723073393
19.333 -4365 -1723073393
19.360 -4988 -1723073393
19.387 -5483 -1723073393
19.413 -5865 -1723073393
19.440 -6146 -1723073393
19.467 -6337 -1723073393
19.493 -6465 -1723073393
19.520 -6527 -1723073393
19.547 -6535 -1723073393
19.573 -6505 -1723073393
19.600 -6444 -1723073393
19.627 -6362 -1723073393
19.653 -6271 -1723073393
19.680 -6183 -1723073393
19.707 -6094 -1723073393
19.733 -6003 -1723073393
19.760 -5915 -1723073393
19.787 -5830 -1723073393
19.813 -5743 -1723073393
19.840 -5660 -1723073393
19.867 -5570 -1723073393
19.893 -5463 -1723073393
19.920 -5343 -1723073393
19.947 -5219 -1723073393
19.973 -5076 -1723073393
20.000 -4924 -1723073393
20.027 -4775 -1723073393
20.053 -4615 -1723073393
20.080 -4457 -1723073393
20.107 -4316 -1723073393
20.133 -4196 -1723073393
20.160 -4101 -1723073393
20.187 -4053 -1723073393
20.213 -4063 -1723073393
20.240 -4133 -1723073393
20.267 -4270 -1723073393
20.293 -4481 -1723073393
20.320 -4759 -1723073393
20.347 -5094 -1723073393
20.373 -5481 -1723073393
20.400 -5908 -1723073393
20.427 -6360 -1723073393
20.453 -6823 -1723073393
20.480 -7263 -1723073393
20.507 -7664 -1723073393
20.533 -8014 -1723073393
20.560 -8304 -1723073393
20.587 -8518 -1723073393
20.613 -8621 -1723073393
20.640 -8621 -1723073393
20.667 -8522 -1723073393
20.693 -8299 -1723073393
20.720 -7989 -1723073393
20.747 -7601 -1723073393
20.773 -7112 -1723073393
20.800 -6572 -1723073393
20.827 -6006 -1723073393
20.853 -5389 -1723073393
20.880 -4777 -1723073393
20.907 -4201 -1723073393
20.933 -3625 -1723073393
20.960 -3080 -1723073393
20.987 -2584 -1723073393
21.013 -2124 -1723073393
21.040 -1710 -1723073393
21.067 -1354 -1723073393
21.093 -1026 -1723073393
21.120 -732 -1723073393
21.147 -497 -1723073393
21.173 -287 -1723073393
21.200 -104 -1723073393
21.227 47 -1723073393
21.253 183 -1723073393
21.280 301 -1723073393
21.307 401 -1723073393
21.333 500 -1723073393
21.360 583 -1723073393
21.387 654 -1723073393
21.413 716 -1723073393
21.440 764 -1723073393
21.467 807 -1723073393
21.493 852 -1723073393
21.520 891 -1723073393
21.547 924 -1723073393
21.573 954 -1723073393
21.600 976 -1723073393
21.627 996 -1723073393
21.653 1016 -1723073393
21.680 1031 -1723073393
21.707 1045 -1723073393
21.733 1055 -1723073393
21.760 1060 -1723073393
21.787 1066 -1723073393
21.813 1080 -1723073393
21.840 1098 -1723073393
21.867 1121 -1723073393
21.893 1150 -1723073393
21.920 1185 -1723073393
21.947 1224 -1723073393
21.973 1270 -1723073393
22.000 1317 -1723073393
22.027 1365 -1723073393
22.053 1418 -1723073393
22.080 1475 -1723073393
22.107 1536 -1723073393
22.133 1600 -1723073393
22.160 1657 -1723073393
22.187 1709 -1723073393
22.213 1758 -1723073393
22.240 1802 -1723073393
22.267 1852 -1723073393
22.293 1911 -1723073393
22.320 1972 -1723073393
22.347 2043 -1723073393
22.373 2129 -1723073393
22.400 2212 -1723073393
22.427 2296 -1723073393
22.453 2381 -1723073393
22.480 2450 -1723073393
22.507 2517 -1723073393
22.533 2579 -1723073393
22.560 2613 -1723073393
22.587 2632 -1723073393
22.613 2633 -1723073393
22.640 2597 -1723073393
22.667 2544 -1723073393
22.693 2477 -1723073393
22.720 2374 -1723073393
22.747 2257 -1723073393
22.773 2124 -1723073393
22.800 1962 -1723073393
22.827 1795 -1723073393
22.853 1621 -1723073393
22.880 1445 -1723073393
22.907 1286 -1723073393
22.933 1142 -1723073393
22.960 1017 -1723073393
22.987 918 -1723073393
23.013 842 -1723073393
23.040 788 -1723073393
23.067 759 -1723073393
23.093 751 -1723073393
23.120 762 -1723073393
23.147 786 -1723073393
23.173 809 -1723073393
23.200 840 -1723073393
23.227 876 -1723073393
23.253 904 -1723073393
23.280 932 -1723073393
23.307 961 -1723073393
23.333 979 -1723073393
23.360 996 -1723073393
23.387 1019 -1723073393
23.413 1036 -1723073393
23.440 1053 -1723073393
23.467 1066 -1723073393
23.493 1065 -1723073393
23.520 1059 -1723073393
23.547 1049 -1723073393
23.573 1024 -1723073393
23.600 994 -1723073393
23.627 959 -1723073393
23.653 912 -1723073393
23.680 866 -1723073393
23.707 822 -1723073393
23.733 770 -1723073393
23.760 721 -1723073393
23.787 672 -1723073393
23.813 618 -1723073393
23.840 565 -1723073393
23.867 509 -1723073393
23.893 444 -1723073393
23.920 381 -1723073393
23.947 320 -1723073393
23.973 257 -1723073393
24.000 189 -1723073393
24.027 120 -1723073393
24.053 53 -1723073393
24.080 -10 -1723073393
24.107 -71 -1723073393
24.133 -116 -1723073393
24.160 -151 -1723073393
24.187 -170 -1723073393
24.213 -173 -1723073393
24.240 -167 -1723073393
24.267 -146 -1723073393
24.293 -107 -1723073393
24.320 -66 -1723073393
24.347 -19 -1723073393
24.373 35 -1723073393
24.400 82 -1723073393
24.427 124 -1723073393
24.453 173 -1723073393
24.480 215 -1723073393
24.507 254 -1723073393
24.533 299 -1723073393
24.560 345 -1723073393
24.587 393 -1723073393
24.613 450 -1723073393
24.640 504 -1723073393
24.667 554 -1723073393
24.693 610 -1723073393
24.720 664 -1723073393
24.747 713 -1723073393
24.773 763 -1723073393
24.800 812 -1723073393
24.827 849 -1723073393
24.853 879 -1723073393
24.880 901 -1723073393
24.907 909 -1723073393
24.933 912 -1723073393
24.960 902 -1723073393
24.987 874 -1723073393
25.013 835 -1723073393
25.040 786 -1723073393
25.067 719 -1723073393
25.093 641 -1723073393
25.120 556 -1723073393
25.147 466 -1723073393
25.173 378 -1723073393
25.200 289 -1723073393
25.227 200 -1723073393
25.253 122 -1723073393
25.280 60 -1723073393
25.307 17 -1723073393
25.333 -15 -1723073393
25.360 -39 -1723073393
25.387 -42 -1723073393
25.413 -35 -1723073393
25.440 -25 -1723073393
25.467 -4 -1723073393
25.493 17 -1723073393
25.520 35 -1723073393
25.547 60 -1723073393
25.573 83 -1723073393
25.600 99 -1723073393
25.627 115 -1723073393
25.653 123 -1723073393
25.680 122 -1723073393
25.707 117 -1723073393
25.733 104 -1723073393
25.760 82 -1723073393
25.787 54 -1723073393
25.813 21 -1723073393
25.840 -13 -1723073393
25.867 -49 -1723073393
25.893 -88 -1723073393
25.920 -123 -1723073393
25.947 -145 -1723073393
25.973 -158 -1723073393
26.000 -157 -1723073393
26.027 -145 -1723073393
26.053 -126 -1723073393
26.080 -99 -1723073393
26.107 -54 -1723073393
26.133 -5 -1723073393
26.160 44 -1723073393
26.187 102 -1723073393
26.213 155 -1723073393
26.240 202 -1723073393
26.267 251 -1723073393
26.293 291 -1723073393
26.320 324 -1723073393
26.347 354 -1723073393
26.373 376 -1723073393
26.400 385 -1723073393
26.427 383 -1723073393
26.453 366 -1723073393
26.480 337 -1723073393
26.507 306 -1723073393
26.533 269 -1723073393
26.560 224 -1723073393
26.587 175 -1723073393
26.613 128 -1723073393
26.640 84 -1723073393
26.667 44 -1723073393
26.693 4 -1723073393
26.720 -29 -1723073393
26.747 -51 -1723073393
26.773 -71 -1723073393
26.800 -77 -1723073393
26.827 -72 -1723073393
26.853 -72 -1723073393
26.880 -74 -1723073393
26.907 -77 -1723073393
26.933 -85 -1723073393
26.960 -90 -1723073393
26.987 -97 -1723073393
27.013 -113 -1723073393
27.040 -132 -1723073393
27.067 -151 -1723073393
27.093 -171 -1723073393
27.120 -186 -1723073393
27.147 -195 -1723073393
27.173 -202 -1723073393
27.200 -197 -1723073393
27.227 -182 -1723073393
27.253 -171 -1723073393
27.280 -153 -1723073393
27.307 -131 -1723073393
27.333 -118 -1723073393
27.360 -100 -1723073393
27.387 -77 -1723073393
27.413 -65 -1723073393
27.440 -57 -1723073393
27.467 -47 -1723073393
27.493 -45 -1723073393
27.520 -39 -1723073393
27.547 -33 -1723073393
27.573 -32 -1723073393
27.600 -36 -1723073393
27.627 -43 -1723073393
27.653 -60 -1723073393
27.680 -79 -1723073393
27.707 -94 -1723073393
27.733 -116 -1723073393
27.760 -139 -1723073393
27.787 -162 -1723073393
27.813 -187 -1723073393
27.840 -204 -1723073393
27.867 -214 -1723073393
27.893 -231 -1723073393
27.920 -242 -1723073393
27.947 -245 -1723073393
27.973 -251 -1723073393
28.000 -249 -1723073393
28.027 -239 -1723073393
28.053 -223 -1723073393
28.080 -194 -1723073393
28.107 -158 -1723073393
28.133 -121 -1723073393
28.160 -72 -1723073393
28.187 -17 -1723073393
28.213 25 -1723073393
28.240 69 -1723073393
28.267 124 -1723073393
28.293 173 -1723073393
28.320 215 -1723073393
28.347 260 -1723073393
28.373 303 -1723073393
28.400 337 -1723073393
28.427 369 -1723073393
28.453 394 -1723073393
28.480 408 -1723073393
28.507 423 -1723073393
28.533 432 -1723073393
28.560 425 -1723073393
28.587 419 -1723073393
28.613 413 -1723073393
28.640 388 -1723073393
28.667 354 -1723073393
28.693 323 -1723073393
28.720 286 -1723073393
28.747 243 -1723073393
28.773 203 -1723073393
28.800 158 -1723073393
28.827 112 -1723073393
28.853 72 -1723073393
28.880 37 -1723073393
28.907 4 -1723073393
28.933 -25 -1723073393
28.960 -49 -1723073393
28.987 -60 -1723073393
29.013 -65 -1723073393
29.040 -61 -1723073393
29.067 -47 -1723073393
29.093 -30 -1723073393
29.120 -5 -1723073393
29.147 22 -1723073393
29.173 45 -1723073393
29.200 64 -1723073393
29.227 85 -1723073393
29.253 103 -1723073393
29.280 113 -1723073393
29.307 126 -1723073393
29.333 129 -1723073393
29.360 122 -1723073393
29.387 112 -1723073393
29.413 97 -1723073393
29.440 75 -1723073393
29.467 50 -1723073393
29.493 22 -1723073393
29.520 -9 -1723073393
29.547 -40 -1723073393
29.573 -64 -1723073393
29.600 -88 -1723073393
29.627 -106 -1723073393
29.653 -123 -1723073393
29.680 -139 -1723073393
29.707 -142 -1723073393
29.733 -143 -1723073393
29.760 -139 -1723073393
29.787 -122 -1723073393
29.813 -100 -1723073393
29.840 -69 -1723073393
29.867 -27 -1723073393
29.893 16 -1723073393
29.920 59 -1723073393
29.947 101 -1723073393
29.973 140 -1723073393
30.000 173 -1723073393
30.027 205 -1723073393
30.053 234 -1723073393
30.080 250 -1723073393
30.107 262 -1723073393
30.133 275 -1723073393
30.160 283 -1723073393
30.187 289 -1723073393
30.213 298 -1723073393
30.240 306 -1723073393
30.267 314 -1723073393
30.293 324 -1723073393
30.320 326 -1723073393
30.347 323 -1723073393
30.373 320 -1723073393
30.400 314 -1723073393
30.427 305 -1723073393
30.453 298 -1723073393
30.480 286 -1723073393
30.507 271 -1723073393
30.533 253 -1723073393
30.560 226 -1723073393
30.587 186 -1723073393
30.613 143 -1723073393
30.640 99 -1723073393
30.667 50 -1723073393
30.693 -3 -1723073393
30.720 -57 -1723073393
30.747 -106 -1723073393
30.773 -148 -1723073393
30.800 -181 -1723073393
30.827 -198 -1723073393
30.853 -206 -1723073393
30.880 -205 -1723073393
30.907 -187 -1723073393
30.933 -158 -1723073393
30.960 -125 -1723073393
30.987 -72 -1723073393
31.013 -9 -1723073393
31.040 51 -1723073393
31.067 112 -1723073393
31.093 169 -1723073393
31.120 218 -1723073393
31.147 258 -1723073393
31.173 287 -1723073393
31.200 302 -1723073393
31.227 298 -1723073393
31.253 280 -1723073393
31.280 252 -1723073393
31.307 202 -1723073393
31.333 139 -1723073393
31.360 77 -1723073393
31.387 11 -1723073393
31.413 -58 -1723073393
31.440 -123 -1723073393
31.467 -177 -1723073393
31.493 -222 -1723073393
31.520 -262 -1723073393
31.547 -286 -1723073393
31.573 -288 -1723073393
31.600 -283 -1723073393
31.627 -262 -1723073393
31.653 -225 -1723073393
31.680 -187 -1723073393
31.707 -140 -1723073393
31.733 -80 -1723073393
31.760 -26 -1723073393
31.787 24 -1723073393
31.813 83 -1723073393
31.840 136 -1723073393
31.867 187 -1723073393
31.893 231 -1723073393
31.920 261 -1723073393
31.947 276 -1723073393
31.973 289 -1723073393
32.000 302 -1723073393
32.027 312 -1723073393
32.053 316 -1723073393
32.080 318 -1723073393
32.107 313 -1723073393
32.133 303 -1723073393
32.160 293 -1723073393
32.187 282 -1723073393
32.213 268 -1723073393
32.240 256 -1723073393
32.267 240 -1723073393
32.293 217 -1723073393
32.320 190 -1723073393
32.347 159 -1723073393
32.373 119 -1723073393
32.400 74 -1723073393
32.427 30 -1723073393
32.453 -15 -1723073393
32.480 -58 -1723073393
32.507 -89 -1723073393
32.533 -109 -1723073393
32.560 -123 -1723073393
32.587 -132 -1723073393
32.613 -124 -1723073393
32.640 -101 -1723073393
32.667 -74 -1723073393
32.693 -33 -1723073393
32.720 19 -1723073393
32.747 67 -1723073393
32.773 119 -1723073393
32.800 174 -1723073393
32.827 225 -1723073393
32.853 270 -1723073393
32.880 306 -1723073393
32.907 326 -1723073393
32.933 327 -1723073393
32.960 311 -1723073393
32.987 284 -1723073393
33.013 236 -1723073393
33.040 174 -1723073393
33.067 104 -1723073393
33.093 18 -1723073393
33.120 -83 -1723073393
33.147 -176 -1723073393
33.173 -256 -1723073393
33.200 -326 -1723073393
33.227 -384 -1723073393
33.253 -420 -1723073393
33.280 -429 -1723073393
33.307 -424 -1723073393
33.333 -397 -1723073393
33.360 -340 -1723073393
33.387 -277 -1723073393
33.413 -206 -1723073393
33.440 -113 -1723073393
33.467 -19 -1723073393
33.493 63 -1723073393
33.520 152 -1723073393
33.547 233 -1723073393
33.573 299 -1723073393
33.600 361 -1723073393
33.627 415 -1723073393
33.653 454 -1723073393
33.680 480 -1723073393
33.707 498 -1723073393
33.733 508 -1723073393
33.760 507 -1723073393
33.787 505 -1723073393
33.813 508 -1723073393
33.840 499 -1723073393
33.867 488 -1723073393
33.893 483 -1723073393
33.920 477 -1723073393
33.947 472 -1723073393
33.973 463 -1723073393
34.000 447 -1723073393
34.027 429 -1723073393
34.053 411 -1723073393
34.080 385 -1723073393
34.107 346 -1723073393
34.133 305 -1723073393
34.160 257 -1723073393
34.187 201 -1723073393
34.213 145 -1723073393
34.240 91 -1723073393
34.267 41 -1723073393
34.293 0 -1723073393
34.320 -30 -1723073393
34.347 -49 -1723073393
34.373 -61 -1723073393
34.400 -62 -1723073393
34.427 -46 -1723073393
34.453 -16 -1723073393
34.480 22 -1723073393
34.507 71 -1723073393
34.533 119 -1723073393
34.560 169 -1723073393
34.587 232 -1723073393
34.613 294 -1723073393
34.640 347 -1723073393
34.667 392 -1723073393
34.693 429 -1723073393
34.720 449 -1723073393
34.747 450 -1723073393
34.773 431 -1723073393
34.800 394 -1723073393
34.827 335 -1723073393
34.853 264 -1723073393
34.880 184 -1723073393
34.907 94 -1723073393
34.933 3 -1723073393
34.960 -76 -1723073393
34.987 -150 -1723073393
35.013 -210 -1723073393
35.040 -256 -1723073393
35.067 -276 -1723073393
35.093 -281 -1723073393
35.120 -280 -1723073393
35.147 -251 -1723073393
35.173 -200 -1723073393
35.200 -150 -1723073393
35.227 -81 -1723073393
35.253 6 -1723073393
35.280 80 -1723073393
35.307 156 -1723073393
35.333 242 -1723073393
35.360 315 -1723073393
35.387 372 -1723073393
35.413 420 -1723073393
35.440 459 -1723073393
35.467 485 -1723073393
35.493 503 -1723073393
35.520 517 -1723073393
35.547 516 -1723073393
35.573 504 -1723073393
35.600 493 -1723073393
35.627 476 -1723073393
35.653 446 -1723073393
35.680 417 -1723073393
35.707 385 -1723073393
35.733 342 -1723073393
35.760 295 -1723073393
35.787 250 -1723073393
35.813 202 -1723073393
35.840 156 -1723073393
35.867 118 -1723073393
35.893 85 -1723073393
35.920 53 -1723073393
35.947 25 -1723073393
35.973 5 -1723073393
36.000 -4 -1723073393
36.027 -12 -1723073393
36.053 -9 -1723073393
36.080 0 -1723073393
36.107 6 -1723073393
36.133 25 -1723073393
36.160 52 -1723073393
36.187 77 -1723073393
36.213 111 -1723073393
36.240 154 -1723073393
36.267 189 -1723073393
36.293 225 -1723073393
36.320 267 -1723073393
36.347 303 -1723073393
36.373 340 -1723073393
36.400 378 -1723073393
36.427 407 -1723073393
36.453 425 -1723073393
36.480 432 -1723073393
36.507 426 -1723073393
36.533 409 -1723073393
36.560 379 -1723073393
36.587 343 -1723073393
36.613 300 -1723073393
36.640 243 -1723073393
36.667 182 -1723073393
36.693 120 -1723073393
36.720 56 -1723073393
36.747 -5 -1723073393
36.773 -54 -1723073393
36.800 -87 -1723073393
36.827 -115 -1723073393
36.853 -128 -1723073393
36.880 -117 -1723073393
36.907 -96 -1723073393
36.933 -67 -1723073393
36.960 -18 -1723073393
36.987 36 -1723073393
37.013 81 -1723073393
37.040 133 -1723073393
37.067 192 -1723073393
37.093 244 -1723073393
37.120 290 -1723073393
37.147 331 -1723073393
37.173 363 -1723073393
37.200 384 -1723073393
37.227 397 -1723073393
37.253 405 -1723073393
37.280 404 -1723073393
37.307 399 -1723073393
37.333 393 -1723073393
37.360 380 -1723073393
37.387 361 -1723073393
37.413 347 -1723073393
37.440 338 -1723073393
37.467 330 -1723073393
37.493 332 -1723073393
37.520 338 -1723073393
37.547 343 -1723073393
37.573 351 -1723073393
37.600 358 -1723073393
37.627 364 -1723073393
37.653 371 -1723073393
37.680 376 -1723073393
37.707 373 -1723073393
37.733 365 -1723073393
37.760 357 -1723073393
37.787 341 -1723073393
37.813 322 -1723073393
37.840 305 -1723073393
37.867 284 -1723073393
37.893 259 -1723073393
37.920 242 -1723073393
37.947 232 -1723073393
37.973 225 -1723073393
38.000 221 -1723073393
38.027 224 -1723073393
38.053 227 -1723073393
38.080 234 -1723073393
38.107 245 -1723073393
38.133 255 -1723073393
38.160 261 -1723073393
38.187 266 -1723073393
38.213 271 -1723073393
38.240 275 -1723073393
38.267 273 -1723073393
38.293 262 -1723073393
38.320 240 -1723073393
38.347 208 -1723073393
38.373 166 -1723073393
38.400 112 -1723073393
38.427 55 -1723073393
38.453 1 -1723073393
38.480 -53 -1723073393
38.507 -105 -1723073393
38.533 -144 -1723073393
38.560 -174 -1723073393
38.587 -200 -1723073393
38.613 -210 -1723073393
38.640 -205 -1723073393
38.667 -197 -1723073393
38.693 -171 -1723073393
38.720 -125 -1723073393
38.747 -81 -1723073393
38.773 -29 -1723073393
38.800 31 -1723073393
38.827 79 -1723073393
38.853 118 -1723073393
38.880 169 -1723073393
38.907 213 -1723073393
38.933 244 -1723073393
38.960 274 -1723073393
38.987 294 -1723073393
39.013 299 -1723073393
39.040 297 -1723073393
39.067 295 -1723073393
39.093 294 -1723073393
39.120 289 -1723073393
39.147 280 -1723073393
39.173 274 -1723073393
39.200 268 -1723073393
39.227 261 -1723073393
39.253 258 -1723073393
39.280 258 -1723073393
39.307 256 -1723073393
39.333 254 -1723073393
39.360 252 -1723073393
39.387 246 -1723073393
39.413 237 -1723073393
39.440 230 -1723073393
39.467 221 -1723073393
39.493 211 -1723073393
39.520 203 -1723073393
39.547 193 -1723073393
39.573 179 -1723073393
39.600 170 -1723073393
39.627 172 -1723073393
39.653 176 -1723073393
39.680 181 -1723073393
39.707 186 -1723073393
39.733 184 -1723073393
39.760 181 -1723073393
39.787 181 -1723073393
39.813 183 -1723073393
39.840 182 -1723073393
39.867 180 -1723073393
39.893 179 -1723073393
39.920 171 -1723073393
39.947 163 -1723073393
39.973 153 -1723073393
40.000 139 -1723073393
40.027 124 -1723073393
40.053 102 -1723073393
40.080 76 -1723073393
40.107 55 -1723073393
40.133 38 -1723073393
40.160 18 -1723073393
40.187 0 -1723073393
40.213 -14 -1723073393
40.240 -26 -1723073393
40.267 -30 -1723073393
40.293 -17 -1723073393
40.320 -6 -1723073393
40.347 4 -1723073393
40.373 31 -1723073393
40.400 66 -1723073393
40.427 99 -1723073393
40.453 135 -1723073393
40.480 169 -1723073393
40.507 197 -1723073393
40.533 223 -1723073393
40.560 247 -1723073393
40.587 267 -1723073393
40.613 287 -1723073393
40.640 303 -1723073393
40.667 305 -1723073393
40.693 297 -1723073393
40.720 284 -1723073393
40.747 266 -1723073393
40.773 247 -1723073393
40.800 228 -1723073393
40.827 209 -1723073393
40.853 195 -1723073393
40.880 183 -1723073393
40.907 167 -1723073393
40.933 151 -1723073393
40.960 140 -1723073393
40.987 137 -1723073393
41.013 141 -1723073393
41.040 154 -1723073393
41.067 172 -1723073393
41.093 183 -1723073393
41.120 192 -1723073393
41.147 204 -1723073393
41.173 212 -1723073393
41.200 214 -1723073393
41.227 213 -1723073393
41.253 207 -1723073393
41.280 198 -1723073393
41.307 193 -1723073393
41.333 184 -1723073393
41.360 167 -1723073393
41.387 153 -1723073393
41.413 141 -1723073393
41.440 126 -1723073393
41.467 114 -1723073393
41.493 110 -1723073393
41.520 99 -1723073393
41.547 88 -1723073393
41.573 84 -1723073393
41.600 82 -1723073393
41.627 84 -1723073393
41.653 90 -1723073393
41.680 91 -1723073393
41.707 87 -1723073393
41.733 87 -1723073393
41.760 88 -1723073393
41.787 83 -1723073393
41.813 76 -1723073393
41.840 66 -1723073393
41.867 46 -1723073393
41.893 28 -1723073393
41.920 9 -1723073393
41.947 -14 -1723073393
41.973 -35 -1723073393
42.000 -50 -1723073393
42.027 -71 -1723073393
42.053 -87 -1723073393
42.080 -95 -1723073393
42.107 -106 -1723073393
42.133 -106 -1723073393
42.160 -92 -1723073393
42.187 -81 -1723073393
42.213 -72 -1723073393
42.240 -48 -1723073393
42.267 -29 -1723073393
42.293 -16 -1723073393
42.320 5 -1723073393
42.347 27 -1723073393
42.373 39 -1723073393
42.400 50 -1723073393
42.427 52 -1723073393
42.453 40 -1723073393
42.480 28 -1723073393
42.507 18 -1723073393
42.533 2 -1723073393
42.560 -9 -1723073393
42.587 -15 -1723073393
42.613 -25 -1723073393
42.640 -27 -1723073393
42.667 -23 -1723073393
42.693 -25 -1723073393
42.720 -23 -1723073393
42.747 -5 -1723073393
42.773 11 -1723073393
42.800 30 -1723073393
42.827 58 -1723073393
42.853 78 -1723073393
42.880 90 -1723073393
42.907 111 -1723073393
42.933 129 -1723073393
42.960 142 -1723073393
42.987 158 -1723073393
43.013 176 -1723073393
43.040 188 -1723073393
43.067 195 -1723073393
43.093 200 -1723073393
43.120 203 -1723073393
43.147 197 -1723073393
43.173 187 -1723073393
43.200 176 -1723073393
43.227 162 -1723073393
43.253 143 -1723073393
43.280 121 -1723073393
43.307 102 -1723073393
43.333 85 -1723073393
43.360 69 -1723073393
43.387 55 -1723073393
43.413 47 -1723073393
43.440 38 -1723073393
43.467 19 -1723073393
43.493 -1 -1723073393
43.520 -21 -1723073393
43.547 -46 -1723073393
43.573 -66 -1723073393
43.600 -83 -1723073393
43.627 -113 -1723073393
43.653 -140 -1723073393
43.680 -158 -1723073393
43.707 -181 -1723073393
43.733 -199 -1723073393
43.760 -196 -1723073393
43.787 -192 -1723073393
43.813 -193 -1723073393
43.840 -177 -1723073393
43.867 -158 -1723073393
43.893 -142 -1723073393
43.920 -108 -1723073393
43.947 -65 -1723073393
43.973 -35 -1723073393
44.000 -4 -1723073393
44.027 27 -1723073393
44.053 44 -1723073393
44.080 54 -1723073393
44.107 62 -1723073393
44.133 55 -1723073393
44.160 34 -1723073393
44.187 14 -1723073393
44.213 -12 -1723073393
44.240 -46 -1723073393
44.267 -73 -1723073393
44.293 -98 -1723073393
44.320 -128 -1723073393
44.347 -143 -1723073393
44.373 -146 -1723073393
44.400 -149 -1723073393
44.427 -133 -1723073393
44.453 -99 -1723073393
44.480 -74 -1723073393
44.507 -41 -1723073393
44.533 10 -1723073393
44.560 56 -1723073393
44.587 96 -1723073393
44.613 142 -1723073393
44.640 178 -1723073393
44.667 205 -1723073393
44.693 235 -1723073393
44.720 264 -1723073393
44.747 285 -1723073393
44.773 297 -1723073393
44.800 302 -1723073393
44.827 301 -1723073393
44.853 289 -1723073393
44.880 273 -1723073393
44.907 254 -1723073393
44.933 225 -1723073393
44.960 193 -1723073393
44.987 162 -1723073393
45.013 130 -1723073393
45.040 97 -1723073393
45.067 60 -1723073393
45.093 22 -1723073393
45.120 -8 -1723073393
45.147 -35 -1723073393
45.173 -61 -1723073393
45.200 -81 -1723073393
45.227 -99 -1723073393
45.253 -121 -1723073393
45.280 -129 -1723073393
45.307 -122 -1723073393
45.333 -120 -1723073393
45.360 -113 -1723073393
45.387 -95 -1723073393
45.413 -83 -1723073393
45.440 -75 -1723073393
45.467 -52 -1723073393
45.493 -34 -1723073393
45.520 -21 -1723073393
45.547 0 -1723073393
45.573 22 -1723073393
45.600 38 -1723073393
45.627 58 -1723073393
45.653 82 -1723073393
45.680 101 -1723073393
45.707 117 -1723073393
45.733 130 -1723073393
45.760 139 -1723073393
45.787 145 -1723073393
45.813 150 -1723073393
45.840 150 -1723073393
45.867 141 -1723073393
45.893 126 -1723073393
45.920 105 -1723073393
45.947 83 -1723073393
45.973 57 -1723073393
46.000 28 -1723073393
46.027 1 -1723073393
46.053 -21 -1723073393
46.080 -41 -1723073393
46.107 -62 -1723073393
46.133 -74 -1723073393
46.160 -74 -1723073393
46.187 -78 -1723073393
46.213 -75 -1723073393
46.240 -58 -1723073393
46.267 -41 -1723073393
46.293 -25 -1723073393
46.320 4 -1723073393
46.347 29 -1723073393
46.373 48 -1723073393
46.400 80 -1723073393
46.427 117 -1723073393
46.453 142 -1723073393
46.480 163 -1723073393
46.507 183 -1723073393
46.533 197 -1723073393
46.560 211 -1723073393
46.587 229 -1723073393
46.613 248 -1723073393
46.640 266 -1723073393
46.667 281 -1723073393
46.693 293 -1723073393
46.720 300 -1723073393
46.747 301 -1723073393
46.773 296 -1723073393
46.800 284 -1723073393
46.827 266 -1723073393
46.853 244 -1723073393
46.880 219 -1723073393
46.907 189 -1723073393
46.933 156 -1723073393
46.960 126 -1723073393
46.987 94 -1723073393
47.013 67 -1723073393
47.040 45 -1723073393
47.067 28 -1723073393
47.093 22 -1723073393
47.120 16 -1723073393
47.147 9 -1723073393
47.173 18 -1723073393
47.200 39 -1723073393
47.227 55 -1723073393
47.253 74 -1723073393
47.280 102 -1723073393
47.307 121 -1723073393
47.333 137 -1723073393
47.360 163 -1723073393
47.387 189 -1723073393
47.413 207 -1723073393
47.440 225 -1723073393
47.467 241 -1723073393
47.493 251 -1723073393
47.520 258 -1723073393
47.547 264 -1723073393
47.573 267 -1723073393
47.600 261 -1723073393
47.627 251 -1723073393
47.653 238 -1723073393
47.680 222 -1723073393
47.707 205 -1723073393
47.733 184 -1723073393
47.760 160 -1723073393
47.787 138 -1723073393
47.813 119 -1723073393
47.840 103 -1723073393
47.867 95 -1723073393
47.893 93 -1723073393
47.920 93 -1723073393
47.947 103 -1723073393
47.973 124 -1723073393
48.000 140 -1723073393
48.027 161 -1723073393
48.053 194 -1723073393
48.080 228 -1723073393
48.107 263 -1723073393
48.133 305 -1723073393
48.160 347 -1723073393
48.187 384 -1723073393
48.213 418 -1723073393
48.240 453 -1723073393
48.267 487 -1723073393
48.293 515 -1723073393
48.320 540 -1723073393
48.347 564 -1723073393
48.373 576 -1723073393
48.400 577 -1723073393
48.427 581 -1723073393
48.453 584 -1723073393
48.480 572 -1723073393
48.507 564 -1723073393
48.533 560 -1723073393
48.560 540 -1723073393
48.587 517 -1723073393
48.613 496 -1723073393
48.640 463 -1723073393
48.667 423 -1723073393
48.693 392 -1723073393
48.720 357 -1723073393
48.747 318 -1723073393
48.773 285 -1723073393
48.800 261 -1723073393
48.827 246 -1723073393
48.853 240 -1723073393
48.880 241 -1723073393
48.907 249 -1723073393
48.933 261 -1723073393
48.960 270 -1723073393
48.987 280 -1723073393
49.013 295 -1723073393
49.040 305 -1723073393
49.067 310 -1723073393
49.093 320 -1723073393
49.120 329 -1723073393
49.147 326 -1723073393
49.173 314 -1723073393
49.200 300 -1723073393
49.227 285 -1723073393
49.253 266 -1723073393
49.280 247 -1723073393
49.307 231 -1723073393
49.333 217 -1723073393
49.360 208 -1723073393
49.387 199 -1723073393
49.413 191 -1723073393
49.440 186 -1723073393
49.467 182 -1723073393
49.493 175 -1723073393
49.520 174 -1723073393
49.547 177 -1723073393
49.573 180 -1723073393
49.600 184 -1723073393
49.627 187 -1723073393
49.653 186 -1723073393
49.680 189 -1723073393
49.707 195 -1723073393
49.733 197 -1723073393
49.760 202 -1723073393
49.787 212 -1723073393
49.813 220 -1723073393
49.840 230 -1723073393
49.867 246 -1723073393
49.893 262 -1723073393
49.920 276 -1723073393
49.947 289 -1723073393
49.973 294 -1723073393
50.000 297 -1723073393
50.027 295 -1723073393
50.053 284 -1723073393
50.080 268 -1723073393
50.107 253 -1723073393
50.133 236 -1723073393
50.160 218 -1723073393
50.187 205 -1723073393
50.213 193 -1723073393
50.240 180 -1723073393
50.267 167 -1723073393
50.293 152 -1723073393
50.320 130 -1723073393
50.347 103 -1723073393
50.373 81 -1723073393
50.400 59 -1723073393
50.427 30 -1723073393
50.453 3 -1723073393
50.480 -17 -1723073393
50.507 -43 -1723073393
50.533 -74 -1723073393
50.560 -97 -1723073393
50.587 -117 -1723073393
50.613 -141 -1723073393
50.640 -155 -1723073393
50.667 -168 -1723073393
50.693 -191 -1723073393
50.720 -197 -1723073393
50.747 -188 -1723073393
50.773 -188 -1723073393
50.800 -182 -1723073393
50.827 -159 -1723073393
50.853 -142 -1723073393
50.880 -136 -1723073393
50.907 -115 -1723073393
50.933 -96 -1723073393
50.960 -89 -1723073393
50.987 -74 -1723073393
51.013 -54 -1723073393
51.040 -46 -1723073393
51.067 -40 -1723073393
51.093 -29 -1723073393
51.120 -29 -1723073393
51.147 -33 -1723073393
51.173 -25 -1723073393
51.200 -24 -1723073393
51.227 -31 -1723073393
51.253 -27 -1723073393
51.280 -24 -1723073393
51.307 -31 -1723073393
51.333 -33 -1723073393
51.360 -27 -1723073393
51.387 -27 -1723073393
51.413 -24 -1723073393
51.440 -9 -1723073393
51.467 0 -1723073393
51.493 6 -1723073393
51.520 28 -1723073393
51.547 52 -1723073393
51.573 71 -1723073393
51.600 101 -1723073393
51.627 143 -1723073393
51.653 175 -1723073393
51.680 204 -1723073393
51.707 238 -1723073393
51.733 263 -1723073393
51.760 283 -1723073393
51.787 301 -1723073393
51.813 312 -1723073393
51.840 315 -1723073393
51.867 316 -1723073393
51.893 317 -1723073393
51.920 316 -1723073393
51.947 314 -1723073393
51.973 309 -1723073393
52.000 305 -1723073393
52.027 304 -1723073393
52.053 298 -1723073393
52.080 292 -1723073393
52.107 291 -1723073393
52.133 291 -1723073393
52.160 293 -1723073393
52.187 299 -1723073393
52.213 304 -1723073393
52.240 303 -1723073393
52.267 299 -1723073393
52.293 294 -1723073393
52.320 284 -1723073393
52.347 270 -1723073393
52.373 258 -1723073393
52.400 245 -1723073393
52.427 231 -1723073393
52.453 215 -1723073393
52.480 202 -1723073393
52.507 187 -1723073393
52.533 174 -1723073393
52.560 167 -1723073393
52.587 160 -1723073393
52.613 153 -1723073393
52.640 149 -1723073393
52.667 149 -1723073393
52.693 149 -1723073393
52.720 151 -1723073393
52.747 153 -1723073393
52.773 154 -1723073393
52.800 152 -1723073393
52.827 149 -1723073393
52.853 141 -1723073393
52.880 127 -1723073393
52.907 112 -1723073393
52.933 93 -1723073393
52.960 73 -1723073393
52.987 61 -1723073393
53.013 56 -1723073393
53.040 49 -1723073393
53.067 40 -1723073393
53.093 38 -1723073393
53.120 38 -1723073393
53.147 34 -1723073393
53.173 35 -1723073393
53.200 42 -1723073393
53.227 45 -1723073393
53.253 47 -1723073393
53.280 58 -1723073393
53.307 68 -1723073393
53.333 72 -1723073393
53.360 81 -1723073393
53.387 93 -1723073393
53.413 104 -1723073393
53.440 119 -1723073393
53.467 133 -1723073393
53.493 143 -1723073393
53.520 153 -1723073393
53.547 164 -1723073393
53.573 170 -1723073393
53.600 175 -1723073393
53.627 185 -1723073393
53.653 201 -1723073393
53.680 217 -1723073393
53.707 230 -1723073393
53.733 241 -1723073393
53.760 253 -1723073393
53.787 264 -1723073393
53.813 270 -1723073393
53.840 271 -1723073393
53.867 272 -1723073393
53.893 274 -1723073393
53.920 279 -1723073393
53.947 280 -1723073393
53.973 274 -1723073393
54.000 267 -1723073393
54.027 256 -1723073393
54.053 243 -1723073393
54.080 224 -1723073393
54.107 201 -1723073393
54.133 173 -1723073393
54.160 140 -1723073393
54.187 107 -1723073393
54.213 80 -1723073393
54.240 55 -1723073393
54.267 28 -1723073393
54.293 0 -1723073393
54.320 -18 -1723073393
54.347 -28 -1723073393
54.373 -41 -1723073393
54.400 -49 -1723073393
54.427 -44 -1723073393
54.453 -41 -1723073393
54.480 -42 -1723073393
54.507 -28 -1723073393
54.533 -12 -1723073393
54.560 -9 -1723073393
54.587 -2 -1723073393
54.613 15 -1723073393
54.640 25 -1723073393
54.667 30 -1723073393
54.693 40 -1723073393
54.720 47 -1723073393
54.747 49 -1723073393
54.773 54 -1723073393
54.800 60 -1723073393
54.827 62 -1723073393
54.853 65 -1723073393
54.880 68 -1723073393
54.907 72 -1723073393
54.933 82 -1723073393
54.960 90 -1723073393
54.987 91 -1723073393
55.013 95 -1723073393
55.040 107 -1723073393
55.067 117 -1723073393
55.093 124 -1723073393
55.120 138 -1723073393
55.147 159 -1723073393
55.173 179 -1723073393
55.200 204 -1723073393
55.227 233 -1723073393
55.253 259 -1723073393
55.280 282 -1723073393
55.307 305 -1723073393
55.333 325 -1723073393
55.360 340 -1723073393
55.387 355 -1723073393
55.413 370 -1723073393
55.440 386 -1723073393
55.467 399 -1723073393
55.493 408 -1723073393
55.520 416 -1723073393
55.547 425 -1723073393
55.573 428 -1723073393
55.600 428 -1723073393
55.627 433 -1723073393
55.653 439 -1723073393
55.680 445 -1723073393
55.707 459 -1723073393
55.733 474 -1723073393
55.760 480 -1723073393
55.787 487 -1723073393
55.813 496 -1723073393
55.840 493 -1723073393
55.867 487 -1723073393
55.893 486 -1723073393
55.920 480 -1723073393
55.947 472 -1723073393
55.973 467 -1723073393
56.000 457 -1723073393
56.027 443 -1723073393
56.053 433 -1723073393
56.080 423 -1723073393
56.107 407 -1723073393
56.133 389 -1723073393
56.160 369 -1723073393
56.187 340 -1723073393
56.213 310 -1723073393
56.240 286 -1723073393
56.267 264 -1723073393
56.293 238 -1723073393
56.320 213 -1723073393
56.347 192 -1723073393
56.373 169 -1723073393
56.400 146 -1723073393
56.427 122 -1723073393
56.453 98 -1723073393
56.480 75 -1723073393
56.507 55 -1723073393
56.533 43 -1723073393
56.560 37 -1723073393
56.587 31 -1723073393
56.613 27 -1723073393
56.640 26 -1723073393
56.667 20 -1723073393
56.693 6 -1723073393
56.720 0 -1723073393
56.747 1 -1723073393
56.773 -6 -1723073393
56.800 -15 -1723073393
56.827 -16 -1723073393
56.853 -19 -1723073393
56.880 -26 -1723073393
56.907 -26 -1723073393
56.933 -27 -1723073393
56.960 -35 -1723073393
56.987 -40 -1723073393
57.013 -41 -1723073393
57.040 -52 -1723073393
57.067 -61 -1723073393
57.093 -62 -1723073393
57.120 -63 -1723073393
57.147 -61 -1723073393
57.173 -46 -1723073393
57.200 -31 -1723073393
57.227 -17 -1723073393
57.253 8 -1723073393
57.280 36 -1723073393
57.307 58 -1723073393
57.333 80 -1723073393
57.360 106 -1723073393
57.387 128 -1723073393
57.413 145 -1723073393
57.440 166 -1723073393
57.467 187 -1723073393
57.493 203 -1723073393
57.520 217 -1723073393
57.547 237 -1723073393
57.573 256 -1723073393
57.600 273 -1723073393
57.627 293 -1723073393
57.653 316 -1723073393
57.680 331 -1723073393
57.707 341 -1723073393
57.733 356 -1723073393
57.760 368 -1723073393
57.787 373 -1723073393
57.813 379 -1723073393
57.840 389 -1723073393
57.867 393 -1723073393
57.893 395 -1723073393
57.920 406 -1723073393
57.947 417 -1723073393
57.973 419 -1723073393
58.000 421 -1723073393
58.027 427 -1723073393
58.053 428 -1723073393
58.080 430 -1723073393
58.107 439 -1723073393
58.133 442 -1723073393
58.160 439 -1723073393
58.187 439 -1723073393
58.213 441 -1723073393
58.240 438 -1723073393
58.267 442 -1723073393
58.293 452 -1723073393
58.320 461 -1723073393
58.347 474 -1723073393
58.373 491 -1723073393
58.400 503 -1723073393
58.427 517 -1723073393
58.453 545 -1723073393
58.480 573 -1723073393
58.507 589 -1723073393
58.533 611 -1723073393
58.560 634 -1723073393
58.587 643 -1723073393
58.613 651 -1723073393
58.640 667 -1723073393
58.667 673 -1723073393
58.693 672 -1723073393
58.720 683 -1723073393
58.747 693 -1723073393
58.773 685 -1723073393
58.800 682 -1723073393
58.827 688 -1723073393
58.853 679 -1723073393
58.880 668 -1723073393
58.907 671 -1723073393
58.933 669 -1723073393
58.960 657 -1723073393
58.987 656 -1723073393
59.013 656 -1723073393
59.040 639 -1723073393
59.067 625 -1723073393
59.093 622 -1723073393
59.120 607 -1723073393
59.147 589 -1723073393
59.173 581 -1723073393
59.200 564 -1723073393
59.227 535 -1723073393
59.253 520 -1723073393
59.280 515 -1723073393
59.307 499 -1723073393
59.333 487 -1723073393
59.360 485 -1723073393
59.387 479 -1723073393
59.413 473 -1723073393
59.440 475 -1723073393
59.467 473 -1723073393
59.493 466 -1723073393
59.520 462 -1723073393
59.547 454 -1723073393
59.573 433 -1723073393
59.600 413 -1723073393
59.627 392 -1723073393
59.653 358 -1723073393
59.680 317 -1723073393
59.707 279 -1723073393
59.733 240 -1723073393
59.760 191 -1723073393
59.787 144 -1723073393
59.813 102 -1723073393
59.840 59 -1723073393
59.867 19 -1723073393
59.893 -19 -1723073393
59.920 -51 -1723073393
59.947 -70 -1723073393
59.973 -86 -1723073393
60.000 -95 -1723073393
60.027 -91 -1723073393
60.053 -85 -1723073393
60.080 -81 -1723073393
60.107 -62 -1723073393
60.133 -36 -1723073393
60.160 -20 -1723073393
60.187 0 -1723073393
60.213 25 -1723073393
60.240 43 -1723073393
60.267 55 -1723073393
60.293 71 -1723073393
60.320 82 -1723073393
60.347 84 -1723073393
60.373 86 -1723073393
60.400 85 -1723073393
60.427 70 -1723073393
60.453 51 -1723073393
60.480 37 -1723073393
60.507 18 -1723073393
60.533 -9 -1723073393
60.560 -36 -1723073393
60.587 -62 -1723073393
60.613 -92 -1723073393
60.640 -117 -1723073393
60.667 -137 -1723073393
60.693 -160 -1723073393
60.720 -174 -1723073393
60.747 -177 -1723073393
60.773 -183 -1723073393
60.800 -195 -1723073393
60.827 -192 -1723073393
60.853 -187 -1723073393
60.880 -193 -1723073393
60.907 -190 -1723073393
60.933 -179 -1723073393
60.960 -177 -1723073393
60.987 -171 -1723073393
61.013 -153 -1723073393
61.040 -142 -1723073393
61.067 -141 -1723073393
61.093 -129 -1723073393
61.120 -117 -1723073393
61.147 -117 -1723073393
61.173 -114 -1723073393
61.200 -106 -1723073393
61.227 -104 -1723073393
61.253 -105 -1723073393
61.280 -103 -1723073393
61.307 -109 -1723073393
61.333 -123 -1723073393
61.360 -132 -1723073393
61.387 -145 -1723073393
61.413 -172 -1723073393
61.440 -198 -1723073393
61.467 -216 -1723073393
61.493 -238 -1723073393
61.520 -257 -1723073393
61.547 -264 -1723073393
61.573 -275 -1723073393
61.600 -288 -1723073393
61.627 -285 -1723073393
61.653 -279 -1723073393
61.680 -283 -1723073393
61.707 -279 -1723073393
61.733 -264 -1723073393
61.760 -259 -1723073393
61.787 -251 -1723073393
61.813 -224 -1723073393
61.840 -196 -1723073393
61.867 -179 -1723073393
61.893 -152 -1723073393
61.920 -120 -1723073393
61.947 -99 -1723073393
61.973 -77 -1723073393
62.000 -48 -1723073393
62.027 -29 -1723073393
62.053 -13 -1723073393
62.080 5 -1723073393
62.107 20 -1723073393
62.133 22 -1723073393
62.160 17 -1723073393
62.187 11 -1723073393
62.213 -3 -1723073393
62.240 -22 -1723073393
62.267 -39 -1723073393
62.293 -62 -1723073393
62.320 -90 -1723073393
62.347 -113 -1723073393
62.373 -134 -1723073393
62.400 -160 -1723073393
62.427 -182 -1723073393
62.453 -195 -1723073393
62.480 -212 -1723073393
62.507 -228 -1723073393
62.533 -229 -1723073393
62.560 -229 -1723073393
62.587 -232 -1723073393
62.613 -219 -1723073393
62.640 -200 -1723073393
62.667 -190 -1723073393
62.693 -172 -1723073393
62.720 -141 -1723073393
62.747 -115 -1723073393
62.773 -92 -1723073393
62.800 -62 -1723073393
62.827 -38 -1723073393
62.853 -30 -1723073393
62.880 -15 -1723073393
62.907 5 -1723073393
62.933 14 -1723073393
62.960 18 -1723073393
62.987 22 -1723073393
63.013 18 -1723073393
63.040 4 -1723073393
63.067 -9 -1723073393
63.093 -26 -1723073393
63.120 -49 -1723073393
63.147 -68 -1723073393
63.173 -87 -1723073393
63.200 -118 -1723073393
63.227 -155 -1723073393
63.253 -187 -1723073393
63.280 -223 -1723073393
63.307 -261 -1723073393
63.333 -286 -1723073393
63.360 -309 -1723073393
63.387 -338 -1723073393
63.413 -352 -1723073393
63.440 -356 -1723073393
63.467 -370 -1723073393
63.493 -380 -1723073393
63.520 -369 -1723073393
63.547 -358 -1723073393
63.573 -348 -1723073393
63.600 -315 -1723073393
63.627 -277 -1723073393
63.653 -257 -1723073393
63.680 -229 -1723073393
63.707 -188 -1723073393
63.733 -157 -1723073393
63.760 -131 -1723073393
63.787 -89 -1723073393
63.813 -55 -1723073393
63.840 -41 -1723073393
63.867 -25 -1723073393
63.893 -13 -1723073393
63.920 -18 -1723073393
63.947 -28 -1723073393
63.973 -31 -1723073393
64.000 -42 -1723073393
64.027 -64 -1723073393
64.053 -81 -1723073393
64.080 -100 -1723073393
64.107 -126 -1723073393
64.133 -144 -1723073393
64.160 -153 -1723073393
64.187 -169 -1723073393
64.213 -180 -1723073393
64.240 -174 -1723073393
64.267 -167 -1723073393
64.293 -163 -1723073393
64.320 -146 -1723073393
64.347 -124 -1723073393
64.373 -111 -1723073393
64.400 -88 -1723073393
64.427 -54 -1723073393
64.453 -28 -1723073393
64.480 -8 -1723073393
64.507 21 -1723073393
64.533 47 -1723073393
64.560 61 -1723073393
64.587 78 -1723073393
64.613 95 -1723073393
64.640 101 -1723073393
64.667 104 -1723073393
64.693 109 -1723073393
64.720 107 -1723073393
64.747 100 -1723073393
64.773 93 -1723073393
64.800 85 -1723073393
64.827 71 -1723073393
64.853 58 -1723073393
64.880 46 -1723073393
64.907 32 -1723073393
64.933 21 -1723073393
64.960 12 -1723073393
64.987 -2 -1723073393
65.013 -17 -1723073393
65.040 -24 -1723073393
65.067 -32 -1723073393
65.093 -41 -1723073393
65.120 -38 -1723073393
65.147 -30 -1723073393
65.173 -29 -1723073393
65.200 -19 -1723073393
65.227 6 -1723073393
65.253 29 -1723073393
65.280 42 -1723073393
65.307 66 -1723073393
65.333 97 -1723073393
65.360 120 -1723073393
65.387 141 -1723073393
65.413 167 -1723073393
65.440 187 -1723073393
65.467 203 -1723073393
65.493 224 -1723073393
65.520 247 -1723073393
65.547 263 -1723073393
65.573 281 -1723073393
65.600 301 -1723073393
65.627 315 -1723073393
65.653 325 -1723073393
65.680 336 -1723073393
65.707 345 -1723073393
65.733 347 -1723073393
65.760 340 -1723073393
65.787 329 -1723073393
65.813 317 -1723073393
65.840 307 -1723073393
65.867 298 -1723073393
65.893 294 -1723073393
65.920 293 -1723073393
65.947 291 -1723073393
65.973 284 -1723073393
66.000 279 -1723073393
66.027 278 -1723073393
66.053 278 -1723073393
66.080 277 -1723073393
66.107 279 -1723073393
66.133 280 -1723073393
66.160 278 -1723073393
66.187 271 -1723073393
66.213 263 -1723073393
66.240 256 -1723073393
66.267 243 -1723073393
66.293 231 -1723073393
66.320 223 -1723073393
66.347 214 -1723073393
66.373 209 -1723073393
66.400 210 -1723073393
66.427 208 -1723073393
66.453 203 -1723073393
66.480 204 -1723073393
66.507 206 -1723073393
66.533 206 -1723073393
66.560 212 -1723073393
66.587 220 -1723073393
66.613 221 -1723073393
66.640 222 -1723073393
66.667 230 -1723073393
66.693 230 -1723073393
66.720 224 -1723073393
66.747 224 -1723073393
66.773 228 -1723073393
66.800 229 -1723073393
66.827 230 -1723073393
66.853 236 -1723073393
66.880 239 -1723073393
66.907 241 -1723073393
66.933 249 -1723073393
66.960 260 -1723073393
66.987 268 -1723073393
67.013 281 -1723073393
67.040 294 -1723073393
67.067 304 -1723073393
67.093 320 -1723073393
67.120 342 -1723073393
67.147 363 -1723073393
67.173 383 -1723073393
67.200 404 -1723073393
67.227 427 -1723073393
67.253 447 -1723073393
67.280 461 -1723073393
67.307 469 -1723073393
67.333 476 -1723073393
67.360 481 -1723073393
67.387 485 -1723073393
67.413 490 -1723073393
67.440 493 -1723073393
67.467 489 -1723073393
67.493 481 -1723073393
67.520 476 -1723073393
67.547 468 -1723073393
67.573 452 -1723073393
67.600 437 -1723073393
67.627 429 -1723073393
67.653 418 -1723073393
67.680 408 -1723073393
67.707 402 -1723073393
67.733 395 -1723073393
67.760 385 -1723073393
67.787 381 -1723073393
67.813 379 -1723073393
67.840 373 -1723073393
67.867 367 -1723073393
67.893 367 -1723073393
67.920 369 -1723073393
67.947 367 -1723073393
67.973 362 -1723073393
68.000 356 -1723073393
68.027 348 -1723073393
68.053 336 -1723073393
68.080 323 -1723073393
68.107 308 -1723073393
68.133 292 -1723073393
68.160 275 -1723073393
68.187 258 -1723073393
68.213 241 -1723073393
68.240 230 -1723073393
68.267 226 -1723073393
68.293 225 -1723073393
68.320 224 -1723073393
68.347 225 -1723073393
68.373 231 -1723073393
68.400 234 -1723073393
68.427 233 -1723073393
68.453 236 -1723073393
68.480 241 -1723073393
68.507 244 -1723073393
68.533 247 -1723073393
68.560 253 -1723073393
68.587 260 -1723073393
68.613 261 -1723073393
68.640 257 -1723073393
68.667 255 -1723073393
68.693 251 -1723073393
68.720 247 -1723073393
68.747 251 -1723073393
68.773 257 -1723073393
68.800 259 -1723073393
68.827 259 -1723073393
68.853 258 -1723073393
68.880 258 -1723073393
68.907 261 -1723073393
68.933 267 -1723073393
68.960 270 -1723073393
68.987 269 -1723073393
69.013 273 -1723073393
69.040 281 -1723073393
69.067 292 -1723073393
69.093 307 -1723073393
69.120 321 -1723073393
69.147 330 -1723073393
69.173 340 -1723073393
69.200 352 -1723073393
69.227 361 -1723073393
69.253 366 -1723073393
69.280 371 -1723073393
69.307 377 -1723073393
69.333 383 -1723073393
69.360 388 -1723073393
69.387 395 -1723073393
69.413 400 -1723073393
69.440 401 -1723073393
69.467 403 -1723073393
69.493 409 -1723073393
69.520 410 -1723073393
69.547 405 -1723073393
69.573 395 -1723073393
69.600 385 -1723073393
69.627 369 -1723073393
69.653 349 -1723073393
69.680 330 -1723073393
69.707 310 -1723073393
69.733 283 -1723073393
69.760 255 -1723073393
69.787 232 -1723073393
69.813 211 -1723073393
69.840 192 -1723073393
69.867 173 -1723073393
69.893 155 -1723073393
69.920 139 -1723073393
69.947 129 -1723073393
69.973 127 -1723073393
70.000 133 -1723073393
70.027 142 -1723073393
70.053 151 -1723073393
70.080 165 -1723073393
70.107 184 -1723073393
70.133 201 -1723073393
70.160 220 -1723073393
70.187 243 -1723073393
70.213 265 -1723073393
70.240 281 -1723073393
70.267 294 -1723073393
70.293 304 -1723073393
70.320 307 -1723073393
70.347 314 -1723073393
70.373 322 -1723073393
70.400 324 -1723073393
70.427 320 -1723073393
70.453 314 -1723073393
70.480 304 -1723073393
70.507 295 -1723073393
70.533 290 -1723073393
70.560 286 -1723073393
70.587 282 -1723073393
70.613 275 -1723073393
70.640 266 -1723073393
70.667 256 -1723073393
70.693 253 -1723073393
70.720 253 -1723073393
70.747 254 -1723073393
70.773 257 -1723073393
70.800 266 -1723073393
70.827 278 -1723073393
70.853 289 -1723073393
70.880 299 -1723073393
70.907 310 -1723073393
70.933 323 -1723073393
70.960 334 -1723073393
70.987 343 -1723073393
71.013 351 -1723073393
71.040 358 -1723073393
71.067 364 -1723073393
71.093 365 -1723073393
71.120 366 -1723073393
71.147 366 -1723073393
71.173 363 -1723073393
71.200 362 -1723073393
71.227 368 -1723073393
71.253 373 -1723073393
71.280 378 -1723073393
71.307 385 -1723073393
71.333 392 -1723073393
71.360 397 -1723073393
71.387 399 -1723073393
71.413 400 -1723073393
71.440 397 -1723073393
71.467 392 -1723073393
71.493 388 -1723073393
71.520 382 -1723073393
71.547 369 -1723073393
71.573 354 -1723073393
71.600 340 -1723073393
71.627 325 -1723073393
71.653 311 -1723073393
71.680 300 -1723073393
71.707 288 -1723073393
71.733 275 -1723073393
71.760 264 -1723073393
71.787 254 -1723073393
71.813 243 -1723073393
71.840 233 -1723073393
71.867 230 -1723073393
71.893 229 -1723073393
71.920 229 -1723073393
71.947 232 -1723073393
71.973 239 -1723073393
72.000 247 -1723073393
72.027 254 -1723073393
72.053 262 -1723073393
72.080 271 -1723073393
72.107 276 -1723073393
72.133 280 -1723073393
72.160 281 -1723073393
72.187 274 -1723073393
72.213 269 -1723073393
72.240 268 -1723073393
72.267 268 -1723073393
72.293 269 -1723073393
72.320 270 -1723073393
72.347 266 -1723073393
72.373 256 -1723073393
72.400 249 -1723073393
72.427 241 -1723073393
72.453 233 -1723073393
72.480 230 -1723073393
72.507 234 -1723073393
72.533 237 -1723073393
72.560 236 -1723073393
72.587 237 -1723073393
72.613 245 -1723073393
72.640 249 -1723073393
72.667 253 -1723073393
72.693 261 -1723073393
72.720 269 -1723073393
72.747 273 -1723073393
72.773 277 -1723073393
72.800 278 -1723073393
72.827 275 -1723073393
72.853 277 -1723073393
72.880 277 -1723073393
72.907 273 -1723073393
72.933 264 -1723073393
72.960 255 -1723073393
72.987 242 -1723073393
73.013 226 -1723073393
73.040 217 -1723073393
73.067 209 -1723073393
73.093 199 -1723073393
73.120 192 -1723073393
73.147 189 -1723073393
73.173 181 -1723073393
73.200 174 -1723073393
73.227 176 -1723073393
73.253 181 -1723073393
73.280 184 -1723073393
73.307 193 -1723073393
73.333 205 -1723073393
73.360 213 -1723073393
73.387 219 -1723073393
73.413 230 -1723073393
73.440 241 -1723073393
73.467 248 -1723073393
73.493 255 -1723073393
73.520 260 -1723073393
73.547 262 -1723073393
73.573 264 -1723073393
73.600 271 -1723073393
73.627 280 -1723073393
73.653 291 -1723073393
73.680 304 -1723073393
73.707 315 -1723073393
73.733 322 -1723073393
73.760 327 -1723073393
73.787 332 -1723073393
73.813 339 -1723073393
73.840 339 -1723073393
73.867 337 -1723073393
73.893 337 -1723073393
73.920 336 -1723073393
73.947 333 -1723073393
73.973 331 -1723073393
74.000 324 -1723073393
74.027 308 -1723073393
74.053 288 -1723073393
74.080 265 -1723073393
74.107 239 -1723073393
74.133 213 -1723073393
74.160 185 -1723073393
74.187 157 -1723073393
74.213 134 -1723073393
74.240 115 -1723073393
74.267 95 -1723073393
74.293 82 -1723073393
74.320 77 -1723073393
74.347 75 -1723073393
74.373 75 -1723073393
74.400 84 -1723073393
74.427 95 -1723073393
74.453 106 -1723073393
74.480 123 -1723073393
74.507 146 -1723073393
74.533 163 -1723073393
74.560 179 -1723073393
74.587 196 -1723073393
74.613 210 -1723073393
74.640 222 -1723073393
74.667 239 -1723073393
74.693 253 -1723073393
74.720 262 -1723073393
74.747 270 -1723073393
74.773 278 -1723073393
74.800 280 -1723073393
74.827 281 -1723073393
74.853 282 -1723073393
74.880 281 -1723073393
74.907 280 -1723073393
74.933 285 -1723073393
74.960 293 -1723073393
74.987 301 -1723073393
75.013 308 -1723073393
75.040 313 -1723073393
75.067 312 -1723073393
75.093 311 -1723073393
75.120 314 -1723073393
75.147 315 -1723073393
75.173 312 -1723073393
75.200 309 -1723073393
75.227 308 -1723073393
75.253 306 -1723073393
75.280 303 -1723073393
75.307 298 -1723073393
75.333 289 -1723073393
75.360 281 -1723073393
75.387 279 -1723073393
75.413 274 -1723073393
75.440 266 -1723073393
75.467 261 -1723073393
75.493 259 -1723073393
75.520 255 -1723073393
75.547 255 -1723073393
75.573 260 -1723073393
75.600 261 -1723073393
75.627 265 -1723073393
75.653 272 -1723073393
75.680 275 -1723073393
75.707 273 -1723073393
75.733 278 -1723073393
75.760 280 -1723073393
75.787 278 -1723073393
75.813 274 -1723073393
75.840 265 -1723073393
75.867 250 -1723073393
75.893 236 -1723073393
75.920 225 -1723073393
75.947 210 -1723073393
75.973 194 -1723073393
76.000 178 -1723073393
76.027 164 -1723073393
76.053 147 -1723073393
76.080 135 -1723073393
76.107 128 -1723073393
76.133 121 -1723073393
76.160 120 -1723073393
76.187 128 -1723073393
76.213 140 -1723073393
76.240 153 -1723073393
76.267 168 -1723073393
76.293 181 -1723073393
76.320 194 -1723073393
76.347 216 -1723073393
76.373 238 -1723073393
76.400 252 -1723073393
76.427 263 -1723073393
76.453 282 -1723073393
76.480 301 -1723073393
76.507 315 -1723073393
76.533 332 -1723073393
76.560 351 -1723073393
76.587 363 -1723073393
76.613 369 -1723073393
76.640 374 -1723073393
76.667 377 -1723073393
76.693 378 -1723073393
76.720 384 -1723073393
76.747 388 -1723073393
76.773 387 -1723073393
76.800 378 -1723073393
76.827 368 -1723073393
76.853 358 -1723073393
76.880 348 -1723073393
76.907 337 -1723073393
76.933 330 -1723073393
76.960 321 -1723073393
76.987 307 -1723073393
77.013 293 -1723073393
77.040 286 -1723073393
77.067 284 -1723073393
77.093 284 -1723073393
77.120 286 -1723073393
77.147 290 -1723073393
77.173 293 -1723073393
77.200 296 -1723073393
77.227 304 -1723073393
77.253 316 -1723073393
77.280 329 -1723073393
77.307 343 -1723073393
77.333 354 -1723073393
77.360 364 -1723073393
77.387 376 -1723073393
77.413 384 -1723073393
77.440 387 -1723073393
77.467 390 -1723073393
77.493 391 -1723073393
77.520 394 -1723073393
77.547 395 -1723073393
77.573 395 -1723073393
77.600 394 -1723073393
77.627 393 -1723073393
77.653 388 -1723073393
77.680 378 -1723073393
77.707 368 -1723073393
77.733 355 -1723073393
77.760 340 -1723073393
77.787 324 -1723073393
77.813 310 -1723073393
77.840 292 -1723073393
77.867 275 -1723073393
77.893 259 -1723073393
77.920 245 -1723073393
77.947 236 -1723073393
77.973 229 -1723073393
78.000 221 -1723073393
78.027 218 -1723073393
78.053 216 -1723073393
78.080 216 -1723073393
78.107 219 -1723073393
78.133 222 -1723073393
78.160 224 -1723073393
78.187 231 -1723073393
78.213 240 -1723073393
78.240 245 -1723073393
78.267 250 -1723073393
78.293 262 -1723073393
78.320 276 -1723073393
78.347 282 -1723073393
78.373 286 -1723073393
78.400 288 -1723073393
78.427 288 -1723073393
78.453 287 -1723073393
78.480 288 -1723073393
78.507 287 -1723073393
78.533 286 -1723073393
78.560 284 -1723073393
78.587 278 -1723073393
78.613 270 -1723073393
78.640 264 -1723073393
78.667 257 -1723073393
78.693 243 -1723073393
78.720 226 -1723073393
78.747 210 -1723073393
78.773 198 -1723073393
78.800 190 -1723073393
78.827 182 -1723073393
78.853 173 -1723073393
78.880 166 -1723073393
78.907 161 -1723073393
78.933 152 -1723073393
78.960 147 -1723073393
78.987 153 -1723073393
79.013 161 -1723073393
79.040 168 -1723073393
79.067 175 -1723073393
79.093 179 -1723073393
79.120 184 -1723073393
79.147 195 -1723073393
79.173 205 -1723073393
79.200 216 -1723073393
79.227 226 -1723073393
79.253 232 -1723073393
79.280 230 -1723073393
79.307 229 -1723073393
79.333 226 -1723073393
79.360 219 -1723073393
79.387 209 -1723073393
79.413 200 -1723073393
79.440 190 -1723073393
79.467 178 -1723073393
79.493 163 -1723073393
79.520 145 -1723073393
79.547 123 -1723073393
79.573 103 -1723073393
79.600 88 -1723073393
79.627 68 -1723073393
79.653 48 -1723073393
79.680 35 -1723073393
79.707 25 -1723073393
79.733 14 -1723073393
79.760 11 -1723073393
79.787 13 -1723073393
79.813 14 -1723073393
79.840 24 -1723073393
79.867 46 -1723073393
79.893 64 -1723073393
79.920 86 -1723073393
79.947 111 -1723073393
79.973 128 -1723073393
80.000 146 -1723073393
80.027 176 -1723073393
80.053 206 -1723073393
80.080 224 -1723073393
80.107 243 -1723073393
80.133 264 -1723073393
80.160 281 -1723073393
80.187 299 -1723073393
80.213 320 -1723073393
80.240 332 -1723073393
80.267 339 -1723073393
80.293 345 -1723073393
80.320 346 -1723073393
80.347 340 -1723073393
80.373 337 -1723073393
80.400 331 -1723073393
80.427 318 -1723073393
80.453 304 -1723073393
80.480 289 -1723073393
80.507 273 -1723073393
80.533 260 -1723073393
80.560 250 -1723073393
80.587 237 -1723073393
80.613 229 -1723073393
80.640 233 -1723073393
80.667 235 -1723073393
80.693 236 -1723073393
80.720 241 -1723073393
80.747 244 -1723073393
80.773 243 -1723073393
80.800 246 -1723073393
80.827 255 -1723073393
80.853 265 -1723073393
80.880 273 -1723073393
80.907 281 -1723073393
80.933 282 -1723073393
80.960 282 -1723073393
80.987 284 -1723073393
81.013 280 -1723073393
81.040 271 -1723073393
81.067 267 -1723073393
81.093 261 -1723073393
81.120 252 -1723073393
81.147 244 -1723073393
81.173 236 -1723073393
81.200 228 -1723073393
81.227 219 -1723073393
81.253 205 -1723073393
81.280 185 -1723073393
81.307 168 -1723073393
81.333 158 -1723073393
81.360 147 -1723073393
81.387 139 -1723073393
81.413 134 -1723073393
81.440 127 -1723073393
81.467 125 -1723073393
81.493 133 -1723073393
81.520 142 -1723073393
81.547 147 -1723073393
81.573 158 -1723073393
81.600 168 -1723073393
81.627 173 -1723073393
81.653 181 -1723073393
81.680 192 -1723073393
81.707 200 -1723073393
81.733 210 -1723073393
81.760 227 -1723073393
81.787 241 -1723073393
81.813 255 -1723073393
81.840 275 -1723073393
81.867 289 -1723073393
81.893 297 -1723073393
81.920 307 -1723073393
81.947 313 -1723073393
81.973 316 -1723073393
82.000 321 -1723073393
82.027 323 -1723073393
82.053 323 -1723073393
82.080 324 -1723073393
82.107 324 -1723073393
82.133 322 -1723073393
82.160 317 -1723073393
82.187 309 -1723073393
82.213 298 -1723073393
82.240 293 -1723073393
82.267 294 -1723073393
82.293 291 -1723073393
82.320 284 -1723073393
82.347 278 -1723073393
82.373 270 -1723073393
82.400 263 -1723073393
82.427 264 -1723073393
82.453 266 -1723073393
82.480 261 -1723073393
82.507 261 -1723073393
82.533 265 -1723073393
82.560 259 -1723073393
82.587 253 -1723073393
82.613 254 -1723073393
82.640 257 -1723073393
82.667 266 -1723073393
82.693 278 -1723073393
82.720 285 -1723073393
82.747 293 -1723073393
82.773 300 -1723073393
82.800 303 -1723073393
82.827 308 -1723073393
82.853 316 -1723073393
82.880 317 -1723073393
82.907 316 -1723073393
82.933 316 -1723073393
82.960 313 -1723073393
82.987 306 -1723073393
83.013 299 -1723073393
83.040 288 -1723073393
83.067 270 -1723073393
83.093 253 -1723073393
83.120 236 -1723073393
83.147 219 -1723073393
83.173 205 -1723073393
83.200 189 -1723073393
83.227 171 -1723073393
83.253 162 -1723073393
83.280 160 -1723073393
83.307 154 -1723073393
83.333 149 -1723073393
83.360 152 -1723073393
83.387 158 -1723073393
83.413 165 -1723073393
83.440 178 -1723073393
83.467 190 -1723073393
83.493 195 -1723073393
83.520 202 -1723073393
83.547 208 -1723073393
83.573 209 -1723073393
83.600 214 -1723073393
83.627 226 -1723073393
83.653 233 -1723073393
83.680 235 -1723073393
83.707 238 -1723073393
83.733 235 -1723073393
83.760 230 -1723073393
83.787 229 -1723073393
83.813 228 -1723073393
83.840 226 -1723073393
83.867 226 -1723073393
83.893 229 -1723073393
83.920 233 -1723073393
83.947 236 -1723073393
83.973 235 -1723073393
84.000 236 -1723073393
84.027 236 -1723073393
84.053 234 -1723073393
84.080 238 -1723073393
84.107 247 -1723073393
84.133 254 -1723073393
84.160 266 -1723073393
84.187 279 -1723073393
84.213 282 -1723073393
84.240 279 -1723073393
84.267 276 -1723073393
84.293 274 -1723073393
84.320 272 -1723073393
84.347 269 -1723073393
84.373 267 -1723073393
84.400 266 -1723073393
84.427 265 -1723073393
84.453 261 -1723073393
84.480 256 -1723073393
84.507 257 -1723073393
84.533 252 -1723073393
84.560 238 -1723073393
84.587 231 -1723073393
84.613 228 -1723073393
84.640 222 -1723073393
84.667 215 -1723073393
84.693 208 -1723073393
84.720 198 -1723073393
84.747 189 -1723073393
84.773 186 -1723073393
84.800 181 -1723073393
84.827 175 -1723073393
84.853 172 -1723073393
84.880 168 -1723073393
84.907 160 -1723073393
84.933 155 -1723073393
84.960 151 -1723073393
84.987 146 -1723073393
85.013 147 -1723073393
85.040 155 -1723073393
85.067 163 -1723073393
85.093 168 -1723073393
85.120 172 -1723073393
85.147 173 -1723073393
85.173 172 -1723073393
85.200 173 -1723073393
85.227 173 -1723073393
85.253 173 -1723073393
85.280 176 -1723073393
85.307 180 -1723073393
85.333 184 -1723073393
85.360 188 -1723073393
85.387 195 -1723073393
85.413 201 -1723073393
85.440 209 -1723073393
85.467 217 -1723073393
85.493 222 -1723073393
85.520 223 -1723073393
85.547 221 -1723073393
85.573 223 -1723073393
85.600 233 -1723073393
85.627 243 -1723073393
85.653 250 -1723073393
85.680 260 -1723073393
85.707 272 -1723073393
85.733 280 -1723073393
85.760 284 -1723073393
85.787 289 -1723073393
85.813 289 -1723073393
85.840 286 -1723073393
85.867 283 -1723073393
85.893 284 -1723073393
85.920 287 -1723073393
85.947 287 -1723073393
85.973 282 -1723073393
86.000 278 -1723073393
86.027 272 -1723073393
86.053 267 -1723073393
86.080 263 -1723073393
86.107 253 -1723073393
86.133 241 -1723073393
86.160 233 -1723073393
86.187 222 -1723073393
86.213 210 -1723073393
86.240 208 -1723073393
86.267 208 -1723073393
86.293 204 -1723073393
86.320 200 -1723073393
86.347 199 -1723073393
86.373 199 -1723073393
86.400 203 -1723073393
86.427 206 -1723073393
86.453 207 -1723073393
86.480 208 -1723073393
86.507 211 -1723073393
86.533 212 -1723073393
86.560 213 -1723073393
86.587 213 -1723073393
86.613 210 -1723073393
86.640 207 -1723073393
86.667 202 -1723073393
86.693 195 -1723073393
86.720 188 -1723073393
86.747 178 -1723073393
86.773 170 -1723073393
86.800 171 -1723073393
86.827 174 -1723073393
86.853 173 -1723073393
86.880 173 -1723073393
86.907 177 -1723073393
86.933 177 -1723073393
86.960 176 -1723073393
86.987 181 -1723073393
87.013 178 -1723073393
87.040 178 -1723073393
87.067 187 -1723073393
87.093 189 -1723073393
87.120 189 -1723073393
87.147 197 -1723073393
87.173 203 -1723073393
87.200 209 -1723073393
87.227 216 -1723073393
87.253 224 -1723073393
87.280 227 -1723073393
87.307 230 -1723073393
87.333 232 -1723073393
87.360 232 -1723073393
87.387 233 -1723073393
87.413 233 -1723073393
87.440 231 -1723073393
87.467 234 -1723073393
87.493 234 -1723073393
87.520 230 -1723073393
87.547 229 -1723073393
87.573 227 -1723073393
87.600 223 -1723073393
87.627 225 -1723073393
87.653 232 -1723073393
87.680 239 -1723073393
87.707 249 -1723073393
87.733 257 -1723073393
87.760 259 -1723073393
87.787 257 -1723073393
87.813 256 -1723073393
87.840 253 -1723073393
87.867 252 -1723073393
87.893 252 -1723073393
87.920 250 -1723073393
87.947 246 -1723073393
87.973 242 -1723073393
88.000 233 -1723073393
88.027 224 -1723073393
88.053 219 -1723073393
88.080 213 -1723073393
88.107 212 -1723073393
88.133 214 -1723073393
88.160 210 -1723073393
88.187 206 -1723073393
88.213 208 -1723073393
88.240 206 -1723073393
88.267 208 -1723073393
88.293 213 -1723073393
88.320 213 -1723073393
88.347 218 -1723073393
88.373 226 -1723073393
88.400 228 -1723073393
88.427 234 -1723073393
88.453 236 -1723073393
88.480 230 -1723073393
88.507 230 -1723073393
88.533 229 -1723073393
88.560 218 -1723073393
88.587 211 -1723073393
88.613 202 -1723073393
88.640 184 -1723073393
88.667 174 -1723073393
88.693 166 -1723073393
88.720 151 -1723073393
88.747 139 -1723073393
88.773 129 -1723073393
88.800 120 -1723073393
88.827 118 -1723073393
88.853 114 -1723073393
88.880 106 -1723073393
88.907 108 -1723073393
88.933 112 -1723073393
88.960 113 -1723073393
88.987 122 -1723073393
89.013 128 -1723073393
89.040 128 -1723073393
89.067 135 -1723073393
89.093 145 -1723073393
89.120 153 -1723073393
89.147 164 -1723073393
89.173 169 -1723073393
89.200 171 -1723073393
89.227 180 -1723073393
89.253 187 -1723073393
89.280 192 -1723073393
89.307 201 -1723073393
89.333 207 -1723073393
89.360 210 -1723073393
89.387 219 -1723073393
89.413 226 -1723073393
89.440 230 -1723073393
89.467 237 -1723073393
89.493 237 -1723073393
89.520 239 -1723073393
89.547 241 -1723073393
89.573 236 -1723073393
89.600 227 -1723073393
89.627 216 -1723073393
89.653 201 -1723073393
89.680 195 -1723073393
89.707 192 -1723073393
89.733 180 -1723073393
89.760 170 -1723073393
89.787 163 -1723073393
89.813 152 -1723073393
89.840 148 -1723073393
89.867 140 -1723073393
89.893 129 -1723073393
89.920 124 -1723073393
89.947 120 -1723073393
89.973 113 -1723073393
90.000 112 -1723073393
90.027 113 -1723073393
90.053 114 -1723073393
90.080 126 -1723073393
90.107 139 -1723073393
90.133 147 -1723073393
90.160 160 -1723073393
90.187 169 -1723073393
90.213 171 -1723073393
90.240 175 -1723073393
90.267 173 -1723073393
90.293 169 -1723073393
90.320 172 -1723073393
90.347 171 -1723073393
90.373 166 -1723073393
90.400 162 -1723073393
90.427 156 -1723073393
90.453 150 -1723073393
90.480 148 -1723073393
90.507 141 -1723073393
90.533 137 -1723073393
90.560 137 -1723073393
90.587 134 -1723073393
90.613 136 -1723073393
90.640 133 -1723073393
90.667 125 -1723073393
90.693 129 -1723073393
90.720 135 -1723073393
90.747 142 -1723073393
90.773 159 -1723073393
90.800 177 -1723073393
90.827 187 -1723073393
90.853 203 -1723073393
90.880 220 -1723073393
90.907 234 -1723073393
90.933 251 -1723073393
90.960 264 -1723073393
90.987 274 -1723073393
91.013 286 -1723073393
91.040 291 -1723073393
91.067 297 -1723073393
91.093 310 -1723073393
91.120 319 -1723073393
91.147 328 -1723073393
91.173 340 -1723073393
91.200 346 -1723073393
91.227 351 -1723073393
91.253 353 -1723073393
91.280 350 -1723073393
91.307 350 -1723073393
91.333 348 -1723073393
91.360 345 -1723073393
91.387 342 -1723073393
91.413 342 -1723073393
91.440 343 -1723073393
91.467 342 -1723073393
91.493 337 -1723073393
91.520 331 -1723073393
91.547 324 -1723073393
91.573 310 -1723073393
91.600 299 -1723073393
91.627 292 -1723073393
91.653 285 -1723073393
91.680 286 -1723073393
91.707 286 -1723073393
91.733 283 -1723073393
91.760 280 -1723073393
91.787 278 -1723073393
91.813 281 -1723073393
91.840 292 -1723073393
91.867 300 -1723073393
91.893 310 -1723073393
91.920 324 -1723073393
91.947 334 -1723073393
91.973 348 -1723073393
92.000 363 -1723073393
92.027 368 -1723073393
92.053 374 -1723073393
92.080 380 -1723073393
92.107 383 -1723073393
92.133 389 -1723073393
92.160 394 -1723073393
92.187 397 -1723073393
92.213 398 -1723073393
92.240 391 -1723073393
92.267 377 -1723073393
92.293 365 -1723073393
92.320 350 -1723073393
92.347 338 -1723073393
92.373 328 -1723073393
92.400 313 -1723073393
92.427 302 -1723073393
92.453 296 -1723073393
92.480 291 -1723073393
92.507 286 -1723073393
92.533 280 -1723073393
92.560 282 -1723073393
92.587 292 -1723073393
92.613 303 -1723073393
92.640 317 -1723073393
92.667 328 -1723073393
92.693 335 -1723073393
92.720 347 -1723073393
92.747 365 -1723073393
92.773 377 -1723073393
92.800 388 -1723073393
92.827 396 -1723073393
92.853 397 -1723073393
92.880 393 -1723073393
92.907 388 -1723073393
92.933 392 -1723073393
92.960 404 -1723073393
92.987 408 -1723073393
93.013 407 -1723073393
93.040 404 -1723073393
93.067 401 -1723073393
93.093 399 -1723073393
93.120 395 -1723073393
93.147 393 -1723073393
93.173 393 -1723073393
93.200 382 -1723073393
93.227 368 -1723073393
93.253 352 -1723073393
93.280 338 -1723073393
93.307 336 -1723073393
93.333 336 -1723073393
93.360 338 -1723073393
93.387 341 -1723073393
93.413 336 -1723073393
93.440 332 -1723073393
93.467 329 -1723073393
93.493 326 -1723073393
93.520 335 -1723073393
93.547 340 -1723073393
93.573 341 -1723073393
93.600 345 -1723073393
93.627 345 -1723073393
93.653 350 -1723073393
93.680 357 -1723073393
93.707 364 -1723073393
93.733 377 -1723073393
93.760 385 -1723073393
93.787 389 -1723073393
93.813 393 -1723073393
93.840 389 -1723073393
93.867 384 -1723073393
93.893 381 -1723073393
93.920 372 -1723073393
93.947 366 -1723073393
93.973 358 -1723073393
94.000 346 -1723073393
94.027 341 -1723073393
94.053 332 -1723073393
94.080 319 -1723073393
94.107 309 -1723073393
94.133 296 -1723073393
94.160 284 -1723073393
94.187 269 -1723073393
94.213 265 -1723073393
94.240 271 -1723073393
94.267 268 -1723073393
94.293 271 -1723073393
94.320 272 -1723073393
94.347 275 -1723073393
94.373 289 -1723073393
94.400 295 -1723073393
94.427 303 -1723073393
94.453 314 -1723073393
94.480 321 -1723073393
94.507 332 -1723073393
94.533 339 -1723073393
94.560 345 -1723073393
94.587 354 -1723073393
94.613 354 -1723073393
94.640 359 -1723073393
94.667 363 -1723073393
94.693 363 -1723073393
94.720 367 -1723073393
94.747 367 -1723073393
94.773 367 -1723073393
94.800 367 -1723073393
94.827 362 -1723073393
94.853 369 -1723073393
94.880 368 -1723073393
94.907 359 -1723073393
94.933 358 -1723073393
94.960 354 -1723073393
94.987 347 -1723073393
95.013 343 -1723073393
95.040 342 -1723073393
95.067 339 -1723073393
95.093 332 -1723073393
95.120 328 -1723073393
95.147 317 -1723073393
95.173 302 -1723073393
95.200 296 -1723073393
95.227 289 -1723073393
95.253 282 -1723073393
95.280 272 -1723073393
95.307 261 -1723073393
95.333 260 -1723073393
95.360 258 -1723073393
95.387 259 -1723073393
95.413 268 -1723073393
95.440 273 -1723073393
95.467 274 -1723073393
95.493 271 -1723073393
95.520 263 -1723073393
95.547 261 -1723073393
95.573 255 -1723073393
95.600 248 -1723073393
95.627 238 -1723073393
95.653 229 -1723073393
95.680 229 -1723073393
95.707 231 -1723073393
95.733 231 -1723073393
95.760 217 -1723073393
95.787 201 -1723073393
95.813 190 -1723073393
95.840 174 -1723073393
95.867 161 -1723073393
95.893 149 -1723073393
95.920 141 -1723073393
95.947 141 -1723073393
95.973 143 -1723073393
96.000 142 -1723073393
96.027 139 -1723073393
96.053 137 -1723073393
96.080 137 -1723073393
96.107 139 -1723073393
96.133 141 -1723073393
96.160 142 -1723073393
96.187 144 -1723073393
96.213 150 -1723073393
96.240 154 -1723073393
96.267 159 -1723073393
96.293 170 -1723073393
96.320 184 -1723073393
96.347 197 -1723073393
96.373 205 -1723073393
96.400 211 -1723073393
96.427 213 -1723073393
96.453 217 -1723073393
96.480 216 -1723073393
96.507 215 -1723073393
96.533 215 -1723073393
96.560 208 -1723073393
96.587 202 -1723073393
96.613 189 -1723073393
96.640 173 -1723073393
96.667 159 -1723073393
96.693 151 -1723073393
96.720 142 -1723073393
96.747 130 -1723073393
96.773 125 -1723073393
96.800 112 -1723073393
96.827 97 -1723073393
96.853 87 -1723073393
96.880 77 -1723073393
96.907 75 -1723073393
96.933 72 -1723073393
96.960 73 -1723073393
96.987 71 -1723073393
97.013 71 -1723073393
97.040 75 -1723073393
97.067 72 -1723073393
97.093 76 -1723073393
97.120 76 -1723073393
97.147 84 -1723073393
97.173 88 -1723073393
97.200 87 -1723073393
97.227 85 -1723073393
97.253 74 -1723073393
97.280 80 -1723073393
97.307 83 -1723073393
97.333 86 -1723073393
97.360 84 -1723073393
97.387 80 -1723073393
97.413 81 -1723073393
97.440 75 -1723073393
97.467 75 -1723073393
97.493 68 -1723073393
97.520 64 -1723073393
97.547 63 -1723073393
97.573 59 -1723073393
97.600 58 -1723073393
97.627 52 -1723073393
97.653 49 -1723073393
97.680 40 -1723073393
97.707 38 -1723073393
97.733 43 -1723073393
97.760 47 -1723073393
97.787 49 -1723073393
97.813 43 -1723073393
97.840 48 -1723073393
97.867 47 -1723073393
97.893 55 -1723073393
97.920 58 -1723073393
97.947 63 -1723073393
97.973 72 -1723073393
98.000 74 -1723073393
98.027 76 -1723073393
98.053 72 -1723073393
98.080 76 -1723073393
98.107 78 -1723073393
98.133 83 -1723073393
98.160 88 -1723073393
98.187 96 -1723073393
98.213 103 -1723073393
98.240 101 -1723073393
98.267 100 -1723073393
98.293 94 -1723073393
98.320 100 -1723073393
98.347 99 -1723073393
98.373 106 -1723073393
98.400 106 -1723073393
98.427 102 -1723073393
98.453 98 -1723073393
98.480 89 -1723073393
98.507 94 -1723073393
98.533 94 -1723073393
98.560 97 -1723073393
98.587 80 -1723073393
98.613 83 -1723073393
98.640 85 -1723073393
98.667 81 -1723073393
98.693 69 -1723073393
98.720 60 -1723073393
98.747 46 -1723073393
98.773 33 -1723073393
98.800 36 -1723073393
98.827 29 -1723073393
98.853 27 -1723073393
98.880 11 -1723073393
98.907 6 -1723073393
98.933 -3 -1723073393
98.960 2 -1723073393
98.987 -2 -1723073393
99.013 0 -1723073393
99.040 -7 -1723073393
99.067 1 -1723073393
99.093 9 -1723073393
99.120 22 -1723073393
99.147 31 -1723073393
99.173 27 -1723073393
99.200 27 -1723073393
99.227 19 -1723073393
99.253 19 -1723073393
99.280 15 -1723073393
99.307 13 -1723073393
99.333 -1 -1723073393
99.360 -1 -1723073393
99.387 -14 -1723073393
99.413 -9 -1723073393
99.440 -22 -1723073393
99.467 -19 -1723073393
99.493 -31 -1723073393
99.520 -31 -1723073393
99.547 -43 -1723073393
99.573 -41 -1723073393
99.600 -55 -1723073393
99.627 -56 -1723073393
99.653 -61 -1723073393
99.680 -49 -1723073393
99.707 -51 -1723073393
99.733 -47 -1723073393
99.760 -52 -1723073393
99.787 -48 -1723073393
99.813 -48 -1723073393
99.840 -45 -1723073393
99.867 -48 -1723073393
99.893 -42 -1723073393
99.920 -34 -1723073393
99.947 -15 -1723073393
99.973 -3 -1723073393
100.000 0 -1723073393
