0.000 30 -1723073393
0.027 22 -1723073393
0.053 18 -1723073393
0.080 18 -1723073393
0.107 14 -1723073393
0.133 22 -1723073393
0.160 24 -1723073393
0.187 20 -1723073393
0.213 26 -1723073393
0.240 23 -1723073393
0.267 21 -1723073393
0.293 19 -1723073393
0.320 10 -1723073393
0.347 10 -1723073393
0.373 6 -1723073393
0.400 0 -1723073393
0.427 2 -1723073393
0.453 1 -1723073393
0.480 3 -1723073393
0.507 8 -1723073393
0.533 0 -1723073393
0.560 3 -1723073393
0.587 8 -1723073393
0.613 11 -1723073393
0.640 20 -1723073393
0.667 15 -1723073393
0.693 7 -1723073393
0.720 2 -1723073393
0.747 -8 -1723073393
0.773 -2 -1723073393
0.800 3 -1723073393
0.827 -1 -1723073393
0.853 0 -1723073393
0.880 1 -1723073393
0.907 0 -1723073393
0.933 5 -1723073393
0.960 5 -1723073393
0.987 13 -1723073393
1.013 16 -1723073393
1.040 10 -1723073393
1.067 13 -1723073393
1.093 2 -1723073393
1.120 -2 -1723073393
1.147 1 -1723073393
1.173 -11 -1723073393
1.200 -14 -1723073393
1.227 -13 -1723073393
1.253 -10 -1723073393
1.280 5 -1723073393
1.307 3 -1723073393
1.333 -2 -1723073393
1.360 3 -1723073393
1.387 -3 -1723073393
1.413 0 -1723073393
1.440 4 -1723073393
1.467 -3 -1723073393
1.493 -2 -1723073393
1.520 -4 -1723073393
1.547 -5 -1723073393
1.573 4 -1723073393
1.600 0 -1723073393
1.627 -5 -1723073393
1.653 -7 -1723073393
1.680 -18 -1723073393
1.707 -15 -1723073393
1.733 -9 -1723073393
1.760 -6 -1723073393
1.787 2 -1723073393
1.813 0 -1723073393
1.840 -5 -1723073393
1.867 -5 -1723073393
1.893 -17 -1723073393
1.920 -17 -1723073393
1.947 -11 -1723073393
1.973 -13 -1723073393
2.000 -5 -1723073393
2.027 -5 -1723073393
2.053 -3 -1723073393
2.080 4 -1723073393
2.107 -5 -1723073393
2.133 -9 -1723073393
2.160 -8 -1723073393
2.187 -16 -1723073393
2.213 -8 -1723073393
2.240 -5 -1723073393
2.267 -5 -1723073393
2.293 1 -1723073393
2.320 -7 -1723073393
2.347 -13 -1723073393
2.373 -10 -1723073393
2.400 -17 -1723073393
2.427 -16 -1723073393
2.453 -16 -1723073393
2.480 -20 -1723073393
2.507 -15 -1723073393
2.533 -22 -1723073393
2.560 -24 -1723073393
2.587 -18 -1723073393
2.613 -20 -1723073393
2.640 -16 -1723073393
2.667 -16 -1723073393
2.693 -21 -1723073393
2.720 -15 -1723073393
2.747 -21 -1723073393
2.773 -22 -1723073393
2.800 -15 -1723073393
2.827 -19 -1723073393
2.853 -16 -1723073393
2.880 -12 -1723073393
2.907 -22 -1723073393
2.933 -20 -1723073393
2.960 -23 -1723073393
2.987 -29 -1723073393
3.013 -27 -1723073393
3.040 -31 -1723073393
3.067 -26 -1723073393
3.093 -24 -1723073393
3.120 -31 -1723073393
3.147 -24 -1723073393
3.173 -24 -1723073393
3.200 -28 -1723073393
3.227 -24 -1723073393
3.253 -26 -1723073393
3.280 -24 -1723073393
3.307 -20 -1723073393
3.333 -25 -1723073393
3.360 -19 -1723073393
3.387 -20 -1723073393
3.413 -24 -1723073393
3.440 -18 -1723073393
3.467 -22 -1723073393
3.493 -24 -1723073393
3.520 -24 -1723073393
3.547 -32 -1723073393
3.573 -26 -1723073393
3.600 -23 -1723073393
3.627 -29 -1723073393
3.653 -26 -1723073393
3.680 -29 -1723073393
3.707 -32 -1723073393
3.733 -25 -1723073393
3.760 -34 -1723073393
3.787 -42 -1723073393
3.813 -43 -1723073393
3.840 -51 -1723073393
3.867 -44 -1723073393
3.893 -42 -1723073393
3.920 -41 -1723073393
3.947 -35 -1723073393
3.973 -38 -1723073393
4.000 -36 -1723073393
4.027 -29 -1723073393
4.053 -31 -1723073393
4.080 -29 -1723073393
4.107 -32 -1723073393
4.133 -43 -1723073393
4.160 -39 -1723073393
4.187 -38 -1723073393
4.213 -38 -1723073393
4.240 -32 -1723073393
4.267 -37 -1723073393
4.293 -32 -1723073393
4.320 -27 -1723073393
4.347 -34 -1723073393
4.373 -28 -1723073393
4.400 -29 -1723073393
4.427 -36 -1723073393
4.453 -29 -1723073393
4.480 -28 -1723073393
4.507 -25 -1723073393
4.533 -21 -1723073393
4.560 -30 -1723073393
4.587 -28 -1723073393
4.613 -24 -1723073393
4.640 -26 -1723073393
4.667 -22 -1723073393
4.693 -24 -1723073393
4.720 -25 -1723073393
4.747 -22 -1723073393
4.773 -31 -1723073393
4.800 -31 -1723073393
4.827 -28 -1723073393
4.853 -35 -1723073393
4.880 -31 -1723073393
4.907 -32 -1723073393
4.933 -32 -1723073393
4.960 -18 -1723073393
4.987 -19 -1723073393
5.013 -16 -1723073393
5.040 -10 -1723073393
5.067 -15 -1723073393
5.093 -13 -1723073393
5.120 -10 -1723073393
5.147 -16 -1723073393
5.173 -17 -1723073393
5.200 -27 -1723073393
5.227 -33 -1723073393
5.253 -25 -1723073393
5.280 -19 -1723073393
5.307 -9 -1723073393
5.333 -4 -1723073393
5.360 -9 -1723073393
5.387 -11 -1723073393
5.413 -20 -1723073393
5.440 -32 -1723073393
5.467 -28 -1723073393
5.493 -27 -1723073393
5.520 -23 -1723073393
5.547 -19 -1723073393
5.573 -25 -1723073393
5.600 -22 -1723073393
5.627 -23 -1723073393
5.653 -28 -1723073393
5.680 -25 -1723073393
5.707 -25 -1723073393
5.733 -23 -1723073393
5.760 -19 -1723073393
5.787 -23 -1723073393
5.813 -24 -1723073393
5.840 -27 -1723073393
5.867 -35 -1723073393
5.893 -27 -1723073393
5.920 -23 -1723073393
5.947 -18 -1723073393
5.973 -11 -1723073393
6.000 -16 -1723073393
6.027 -15 -1723073393
6.053 -13 -1723073393
6.080 -20 -1723073393
6.107 -19 -1723073393
6.133 -20 -1723073393
6.160 -16 -1723073393
6.187 -8 -1723073393
6.213 -14 -1723073393
6.240 -16 -1723073393
6.267 -14 -1723073393
6.293 -15 -1723073393
6.320 -11 -1723073393
6.347 -10 -1723073393
6.373 -13 -1723073393
6.400 -12 -1723073393
6.427 -15 -1723073393
6.453 -20 -1723073393
6.480 -18 -1723073393
6.507 -20 -1723073393
6.533 -21 -1723073393
6.560 -19 -1723073393
6.587 -24 -1723073393
6.613 -27 -1723073393
6.640 -23 -1723073393
6.667 -21 -1723073393
6.693 -19 -1723073393
6.720 -20 -1723073393
6.747 -24 -1723073393
6.773 -26 -1723073393
6.800 -26 -1723073393
6.827 -24 -1723073393
6.853 -22 -1723073393
6.880 -23 -1723073393
6.907 -21 -1723073393
6.933 -22 -1723073393
6.960 -21 -1723073393
6.987 -19 -1723073393
7.013 -20 -1723073393
7.040 -20 -1723073393
7.067 -20 -1723073393
7.093 -25 -1723073393
7.120 -30 -1723073393
7.147 -34 -1723073393
7.173 -37 -1723073393
7.200 -30 -1723073393
7.227 -27 -1723073393
7.253 -31 -1723073393
7.280 -33 -1723073393
7.307 -39 -1723073393
7.333 -39 -1723073393
7.360 -33 -1723073393
7.387 -34 -1723073393
7.413 -32 -1723073393
7.440 -31 -1723073393
7.467 -33 -1723073393
7.493 -30 -1723073393
7.520 -27 -1723073393
7.547 -27 -1723073393
7.573 -24 -1723073393
7.600 -27 -1723073393
7.627 -29 -1723073393
7.653 -32 -1723073393
7.680 -35 -1723073393
7.707 -30 -1723073393
7.733 -26 -1723073393
7.760 -26 -1723073393
7.787 -23 -1723073393
7.813 -27 -1723073393
7.840 -33 -1723073393
7.867 -35 -1723073393
7.893 -38 -1723073393
7.920 -39 -1723073393
7.947 -42 -1723073393
7.973 -44 -1723073393
8.000 -43 -1723073393
8.027 -44 -1723073393
8.053 -40 -1723073393
8.080 -36 -1723073393
8.107 -31 -1723073393
8.133 -29 -1723073393
8.160 -29 -1723073393
8.187 -31 -1723073393
8.213 -30 -1723073393
8.240 -29 -1723073393
8.267 -31 -1723073393
8.293 -35 -1723073393
8.320 -41 -1723073393
8.347 -43 -1723073393
8.373 -36 -1723073393
8.400 -28 -1723073393
8.427 -29 -1723073393
8.453 -32 -1723073393
8.480 -33 -1723073393
8.507 -32 -1723073393
8.533 -26 -1723073393
8.560 -24 -1723073393
8.587 -24 -1723073393
8.613 -21 -1723073393
8.640 -22 -1723073393
8.667 -23 -1723073393
8.693 -22 -1723073393
8.720 -18 -1723073393
8.747 -12 -1723073393
8.773 -9 -1723073393
8.800 -8 -1723073393
8.827 -7 -1723073393
8.853 -8 -1723073393
8.880 -12 -1723073393
8.907 -16 -1723073393
8.933 -25 -1723073393
8.960 -34 -1723073393
8.987 -35 -1723073393
9.013 -30 -1723073393
9.040 -21 -1723073393
9.067 -16 -1723073393
9.093 -13 -1723073393
9.120 -13 -1723073393
9.147 -16 -1723073393
9.173 -21 -1723073393
9.200 -23 -1723073393
9.227 -26 -1723073393
9.253 -24 -1723073393
9.280 -26 -1723073393
9.307 -30 -1723073393
9.333 -29 -1723073393
9.360 -29 -1723073393
9.387 -31 -1723073393
9.413 -36 -1723073393
9.440 -49 -1723073393
9.467 -50 -1723073393
9.493 -45 -1723073393
9.520 -43 -1723073393
9.547 -37 -1723073393
9.573 -33 -1723073393
9.600 -35 -1723073393
9.627 -32 -1723073393
9.653 -35 -1723073393
9.680 -43 -1723073393
9.707 -45 -1723073393
9.733 -50 -1723073393
9.760 -48 -1723073393
9.787 -42 -1723073393
9.813 -42 -1723073393
9.840 -44 -1723073393
9.867 -48 -1723073393
9.893 -55 -1723073393
9.920 -55 -1723073393
9.947 -55 -1723073393
9.973 -58 -1723073393
10.000 -55 -1723073393
10.027 -54 -1723073393
10.053 -54 -1723073393
10.080 -51 -1723073393
10.107 -55 -1723073393
10.133 -50 -1723073393
10.160 -43 -1723073393
10.187 -44 -1723073393
10.213 -45 -1723073393
10.240 -54 -1723073393
10.267 -58 -1723073393
10.293 -49 -1723073393
10.320 -40 -1723073393
10.347 -30 -1723073393
10.373 -19 -1723073393
10.400 -18 -1723073393
10.427 -7 -1723073393
10.453 11 -1723073393
10.480 22 -1723073393
10.507 38 -1723073393
10.533 54 -1723073393
10.560 65 -1723073393
10.587 82 -1723073393
10.613 101 -1723073393
10.640 122 -1723073393
10.667 143 -1723073393
10.693 156 -1723073393
10.720 173 -1723073393
10.747 187 -1723073393
10.773 191 -1723073393
10.800 193 -1723073393
10.827 185 -1723073393
10.853 172 -1723073393
10.880 164 -1723073393
10.907 148 -1723073393
10.933 126 -1723073393
10.960 107 -1723073393
10.987 86 -1723073393
11.013 62 -1723073393
11.040 39 -1723073393
11.067 13 -1723073393
11.093 -8 -1723073393
11.120 -22 -1723073393
11.147 -39 -1723073393
11.173 -56 -1723073393
11.200 -66 -1723073393
11.227 -73 -1723073393
11.253 -76 -1723073393
11.280 -82 -1723073393
11.307 -86 -1723073393
11.333 -89 -1723073393
11.360 -99 -1723073393
11.387 -98 -1723073393
11.413 -96 -1723073393
11.440 -100 -1723073393
11.467 -97 -1723073393
11.493 -99 -1723073393
11.520 -102 -1723073393
11.547 -101 -1723073393
11.573 -107 -1723073393
11.600 -114 -1723073393
11.627 -115 -1723073393
11.653 -119 -1723073393
11.680 -115 -1723073393
11.707 -110 -1723073393
11.733 -110 -1723073393
11.760 -103 -1723073393
11.787 -101 -1723073393
11.813 -99 -1723073393
11.840 -92 -1723073393
11.867 -88 -1723073393
11.893 -76 -1723073393
11.920 -59 -1723073393
11.947 -46 -1723073393
11.973 -22 -1723073393
12.000 2 -1723073393
12.027 18 -1723073393
12.053 38 -1723073393
12.080 49 -1723073393
12.107 56 -1723073393
12.133 67 -1723073393
12.160 70 -1723073393
12.187 73 -1723073393
12.213 74 -1723073393
12.240 69 -1723073393
12.267 70 -1723073393
12.293 75 -1723073393
12.320 72 -1723073393
12.347 67 -1723073393
12.373 64 -1723073393
12.400 59 -1723073393
12.427 64 -1723073393
12.453 69 -1723073393
12.480 76 -1723073393
12.507 93 -1723073393
12.533 111 -1723073393
12.560 135 -1723073393
12.587 160 -1723073393
12.613 183 -1723073393
12.640 211 -1723073393
12.667 233 -1723073393
12.693 248 -1723073393
12.720 263 -1723073393
12.747 271 -1723073393
12.773 268 -1723073393
12.800 267 -1723073393
12.827 259 -1723073393
12.853 242 -1723073393
12.880 222 -1723073393
12.907 198 -1723073393
12.933 167 -1723073393
12.960 133 -1723073393
12.987 97 -1723073393
13.013 61 -1723073393
13.040 21 -1723073393
13.067 -21 -1723073393
13.093 -57 -1723073393
13.120 -90 -1723073393
13.147 -116 -1723073393
13.173 -133 -1723073393
13.200 -155 -1723073393
13.227 -169 -1723073393
13.253 -171 -1723073393
13.280 -181 -1723073393
13.307 -187 -1723073393
13.333 -191 -1723073393
13.360 -196 -1723073393
13.387 -185 -1723073393
13.413 -174 -1723073393
13.440 -165 -1723073393
13.467 -151 -1723073393
13.493 -146 -1723073393
13.520 -136 -1723073393
13.547 -122 -1723073393
13.573 -117 -1723073393
13.600 -111 -1723073393
13.627 -104 -1723073393
13.653 -101 -1723073393
13.680 -94 -1723073393
13.707 -89 -1723073393
13.733 -87 -1723073393
13.760 -83 -1723073393
13.787 -78 -1723073393
13.813 -71 -1723073393
13.840 -58 -1723073393
13.867 -47 -1723073393
13.893 -31 -1723073393
13.920 -13 -1723073393
13.947 1 -1723073393
13.973 16 -1723073393
14.000 31 -1723073393
14.027 43 -1723073393
14.053 52 -1723073393
14.080 57 -1723073393
14.107 59 -1723073393
14.133 62 -1723073393
14.160 54 -1723073393
14.187 40 -1723073393
14.213 23 -1723073393
14.240 -5 -1723073393
14.267 -35 -1723073393
14.293 -64 -1723073393
14.320 -99 -1723073393
14.347 -131 -1723073393
14.373 -165 -1723073393
14.400 -203 -1723073393
14.427 -235 -1723073393
14.453 -270 -1723073393
14.480 -304 -1723073393
14.507 -330 -1723073393
14.533 -360 -1723073393
14.560 -384 -1723073393
14.587 -398 -1723073393
14.613 -416 -1723073393
14.640 -421 -1723073393
14.667 -419 -1723073393
14.693 -428 -1723073393
14.720 -426 -1723073393
14.747 -427 -1723073393
14.773 -431 -1723073393
14.800 -419 -1723073393
14.827 -414 -1723073393
14.853 -417 -1723073393
14.880 -405 -1723073393
14.907 -402 -1723073393
14.933 -407 -1723073393
14.960 -406 -1723073393
14.987 -414 -1723073393
15.013 -418 -1723073393
15.040 -419 -1723073393
15.067 -432 -1723073393
15.093 -438 -1723073393
15.120 -439 -1723073393
15.147 -446 -1723073393
15.173 -446 -1723073393
15.200 -450 -1723073393
15.227 -458 -1723073393
15.253 -456 -1723073393
15.280 -454 -1723073393
15.307 -451 -1723073393
15.333 -439 -1723073393
15.360 -439 -1723073393
15.387 -441 -1723073393
15.413 -437 -1723073393
15.440 -436 -1723073393
15.467 -429 -1723073393
15.493 -424 -1723073393
15.520 -434 -1723073393
15.547 -438 -1723073393
15.573 -446 -1723073393
15.600 -460 -1723073393
15.627 -473 -1723073393
15.653 -494 -1723073393
15.680 -517 -1723073393
15.707 -535 -1723073393
15.733 -564 -1723073393
15.760 -594 -1723073393
15.787 -625 -1723073393
15.813 -666 -1723073393
15.840 -700 -1723073393
15.867 -731 -1723073393
15.893 -772 -1723073393
15.920 -807 -1723073393
15.947 -841 -1723073393
15.973 -881 -1723073393
16.000 -908 -1723073393
16.027 -941 -1723073393
16.053 -982 -1723073393
16.080 -1010 -1723073393
16.107 -1044 -1723073393
16.133 -1078 -1723073393
16.160 -1099 -1723073393
16.187 -1134 -1723073393
16.213 -1155 -1723073393
16.240 -1166 -1723073393
16.267 -1187 -1723073393
16.293 -1186 -1723073393
16.320 -1172 -1723073393
16.347 -1166 -1723073393
16.373 -1125 -1723073393
16.400 -1062 -1723073393
16.427 -988 -1723073393
16.453 -859 -1723073393
16.480 -707 -1723073393
16.507 -519 -1723073393
16.533 -256 -1723073393
16.560 52 -1723073393
16.587 425 -1723073393
16.613 865 -1723073393
16.640 1358 -1723073393
16.667 1914 -1723073393
16.693 2524 -1723073393
16.720 3182 -1723073393
16.747 3856 -1723073393
16.773 4530 -1723073393
16.800 5211 -1723073393
16.827 5841 -1723073393
16.853 6418 -1723073393
16.880 6926 -1723073393
16.907 7258 -1723073393
16.933 7483 -1723073393
16.960 7589 -1723073393
16.987 7445 -1723073393
17.013 7208 -1723073393
17.040 6815 -1723073393
17.067 6201 -1723073393
17.093 5554 -1723073393
17.120 4767 -1723073393
17.147 3880 -1723073393
17.173 3034 -1723073393
17.200 2105 -1723073393
17.227 1179 -1723073393
17.253 339 -1723073393
17.280 -487 -1723073393
17.307 -1229 -1723073393
17.333 -1879 -1723073393
17.360 -2468 -1723073393
17.387 -2964 -1723073393
17.413 -3375 -1723073393
17.440 -3686 -1723073393
17.467 -3929 -1723073393
17.493 -4109 -1723073393
17.520 -4183 -1723073393
17.547 -4242 -1723073393
17.573 -4258 -1723073393
17.600 -4207 -1723073393
17.627 -4197 -1723073393
17.653 -4149 -1723073393
17.680 -4074 -1723073393
17.707 -4061 -1723073393
17.733 -4007 -1723073393
17.760 -3953 -1723073393
17.787 -3956 -1723073393
17.813 -3893 -1723073393
17.840 -3849 -1723073393
17.867 -3852 -1723073393
17.893 -3792 -1723073393
17.920 -3758 -1723073393
17.947 -3742 -1723073393
17.973 -3654 -1723073393
18.000 -3586 -1723073393
18.027 -3503 -1723073393
18.053 -3342 -1723073393
18.080 -3209 -1723073393
18.107 -3026 -1723073393
18.133 -2772 -1723073393
18.160 -2537 -1723073393
18.187 -2241 -1723073393
18.213 -1909 -1723073393
18.240 -1601 -1723073393
18.267 -1233 -1723073393
18.293 -843 -1723073393
18.320 -463 -1723073393
18.347 -29 -1723073393
18.373 415 -1723073393
18.400 870 -1723073393
18.427 1391 -1723073393
18.453 1952 -1723073393
18.480 2540 -1723073393
18.507 3200 -1723073393
18.533 3938 -1723073393
18.560 4769 -1723073393
18.587 5691 -1723073393
18.613 6705 -1723073393
18.640 7815 -1723073393
18.667 8971 -1723073393
18.693 10228 -1723073393
18.720 11509 -1723073393
18.747 12722 -1723073393
18.773 13964 -1723073393
18.800 15045 -1723073393
18.827 15973 -1723073393
18.853 16858 -1723073393
18.880 17360 -1723073393
18.907 17651 -1723073393
18.933 17821 -1723073393
18.960 17483 -1723073393
18.987 16961 -1723073393
19.013 16313 -1723073393
19.040 15164 -1723073393
19.067 13979 -1723073393
19.093 12675 -1723073393
19.120 10974 -1723073393
19.147 9437 -1723073393
19.173 7831 -1723073393
19.200 6056 -1723073393
19.227 4505 -1723073393
19.253 2943 -1723073393
19.280 1411 -1723073393
19.307 116 -1723073393
19.333 -1124 -1723073393
19.360 -2255 -1723073393
19.387 -3205 -1723073393
19.413 -4033 -1723073393
19.440 -4732 -1723073393
19.467 -5323 -1723073393
19.493 -5773 -1723073393
19.520 -6127 -1723073393
19.547 -6417 -1723073393
19.573 -6552 -1723073393
19.600 -6653 -1723073393
19.627 -6734 -1723073393
19.653 -6675 -1723073393
19.680 -6655 -1723073393
19.707 -6630 -1723073393
19.733 -6492 -1723073393
19.760 -6430 -1723073393
19.787 -6363 -1723073393
19.813 -6206 -1723073393
19.840 -6138 -1723073393
19.867 -6038 -1723073393
19.893 -5872 -1723073393
19.920 -5791 -1723073393
19.947 -5647 -1723073393
19.973 -5460 -1723073393
20.000 -5348 -1723073393
20.027 -5156 -1723073393
20.053 -4941 -1723073393
20.080 -4804 -1723073393
20.107 -4577 -1723073393
20.133 -4356 -1723073393
20.160 -4195 -1723073393
20.187 -3953 -1723073393
20.213 -3769 -1723073393
20.240 -3652 -1723073393
20.267 -3486 -1723073393
20.293 -3396 -1723073393
20.320 -3372 -1723073393
20.347 -3326 -1723073393
20.373 -3376 -1723073393
20.400 -3484 -1723073393
20.427 -3590 -1723073393
20.453 -3796 -1723073393
20.480 -4041 -1723073393
20.507 -4293 -1723073393
20.533 -4629 -1723073393
20.560 -4977 -1723073393
20.587 -5312 -1723073393
20.613 -5701 -1723073393
20.640 -6044 -1723073393
20.667 -6344 -1723073393
20.693 -6682 -1723073393
20.720 -6921 -1723073393
20.747 -7107 -1723073393
20.773 -7316 -1723073393
20.800 -7380 -1723073393
20.827 -7408 -1723073393
20.853 -7451 -1723073393
20.880 -7319 -1723073393
20.907 -7179 -1723073393
20.933 -7042 -1723073393
20.960 -6727 -1723073393
20.987 -6433 -1723073393
21.013 -6147 -1723073393
21.040 -5707 -1723073393
21.067 -5322 -1723073393
21.093 -4921 -1723073393
21.120 -4388 -1723073393
21.147 -3954 -1723073393
21.173 -3509 -1723073393
21.200 -2986 -1723073393
21.227 -2551 -1723073393
21.253 -2102 -1723073393
21.280 -1626 -1723073393
21.307 -1235 -1723073393
21.333 -843 -1723073393
21.360 -459 -1723073393
21.387 -147 -1723073393
21.413 153 -1723073393
21.440 427 -1723073393
21.467 644 -1723073393
21.493 838 -1723073393
21.520 1003 -1723073393
21.547 1123 -1723073393
21.573 1213 -1723073393
21.600 1284 -1723073393
21.627 1335 -1723073393
21.653 1359 -1723073393
21.680 1371 -1723073393
21.707 1372 -1723073393
21.733 1354 -1723073393
21.760 1348 -1723073393
21.787 1345 -1723073393
21.813 1326 -1723073393
21.840 1321 -1723073393
21.867 1321 -1723073393
21.893 1309 -1723073393
21.920 1311 -1723073393
21.947 1319 -1723073393
21.973 1323 -1723073393
22.000 1340 -1723073393
22.027 1354 -1723073393
22.053 1352 -1723073393
22.080 1351 -1723073393
22.107 1336 -1723073393
22.133 1303 -1723073393
22.160 1270 -1723073393
22.187 1216 -1723073393
22.213 1149 -1723073393
22.240 1090 -1723073393
22.267 1021 -1723073393
22.293 951 -1723073393
22.320 904 -1723073393
22.347 863 -1723073393
22.373 837 -1723073393
22.400 838 -1723073393
22.427 859 -1723073393
22.453 909 -1723073393
22.480 989 -1723073393
22.507 1095 -1723073393
22.533 1225 -1723073393
22.560 1374 -1723073393
22.587 1543 -1723073393
22.613 1730 -1723073393
22.640 1925 -1723073393
22.667 2117 -1723073393
22.693 2312 -1723073393
22.720 2501 -1723073393
22.747 2657 -1723073393
22.773 2799 -1723073393
22.800 2906 -1723073393
22.827 2960 -1723073393
22.853 3002 -1723073393
22.880 3001 -1723073393
22.907 2943 -1723073393
22.933 2892 -1723073393
22.960 2800 -1723073393
22.987 2655 -1723073393
23.013 2534 -1723073393
23.040 2385 -1723073393
23.067 2211 -1723073393
23.093 2072 -1723073393
23.120 1907 -1723073393
23.147 1739 -1723073393
23.173 1612 -1723073393
23.200 1476 -1723073393
23.227 1348 -1723073393
23.253 1254 -1723073393
23.280 1152 -1723073393
23.307 1061 -1723073393
23.333 995 -1723073393
23.360 932 -1723073393
23.387 884 -1723073393
23.413 856 -1723073393
23.440 828 -1723073393
23.467 816 -1723073393
23.493 815 -1723073393
23.520 812 -1723073393
23.547 816 -1723073393
23.573 816 -1723073393
23.600 808 -1723073393
23.627 808 -1723073393
23.653 803 -1723073393
23.680 785 -1723073393
23.707 766 -1723073393
23.733 742 -1723073393
23.760 705 -1723073393
23.787 670 -1723073393
23.813 635 -1723073393
23.840 591 -1723073393
23.867 550 -1723073393
23.893 506 -1723073393
23.920 458 -1723073393
23.947 420 -1723073393
23.973 381 -1723073393
24.000 339 -1723073393
24.027 301 -1723073393
24.053 268 -1723073393
24.080 239 -1723073393
24.107 221 -1723073393
24.133 212 -1723073393
24.160 210 -1723073393
24.187 213 -1723073393
24.213 232 -1723073393
24.240 271 -1723073393
24.267 316 -1723073393
24.293 366 -1723073393
24.320 416 -1723073393
24.347 457 -1723073393
24.373 500 -1723073393
24.400 542 -1723073393
24.427 570 -1723073393
24.453 587 -1723073393
24.480 589 -1723073393
24.507 577 -1723073393
24.533 555 -1723073393
24.560 528 -1723073393
24.587 488 -1723073393
24.613 434 -1723073393
24.640 375 -1723073393
24.667 319 -1723073393
24.693 263 -1723073393
24.720 216 -1723073393
24.747 180 -1723073393
24.773 158 -1723073393
24.800 153 -1723073393
24.827 156 -1723073393
24.853 175 -1723073393
24.880 206 -1723073393
24.907 245 -1723073393
24.933 298 -1723073393
24.960 350 -1723073393
24.987 390 -1723073393
25.013 431 -1723073393
25.040 469 -1723073393
25.067 494 -1723073393
25.093 507 -1723073393
25.120 504 -1723073393
25.147 481 -1723073393
25.173 447 -1723073393
25.200 409 -1723073393
25.227 362 -1723073393
25.253 311 -1723073393
25.280 266 -1723073393
25.307 222 -1723073393
25.333 180 -1723073393
25.360 147 -1723073393
25.387 121 -1723073393
25.413 105 -1723073393
25.440 95 -1723073393
25.467 84 -1723073393
25.493 86 -1723073393
25.520 97 -1723073393
25.547 107 -1723073393
25.573 122 -1723073393
25.600 138 -1723073393
25.627 143 -1723073393
25.653 147 -1723073393
25.680 146 -1723073393
25.707 135 -1723073393
25.733 120 -1723073393
25.760 99 -1723073393
25.787 70 -1723073393
25.813 40 -1723073393
25.840 2 -1723073393
25.867 -43 -1723073393
25.893 -92 -1723073393
25.920 -139 -1723073393
25.947 -181 -1723073393
25.973 -218 -1723073393
26.000 -251 -1723073393
26.027 -277 -1723073393
26.053 -289 -1723073393
26.080 -298 -1723073393
26.107 -292 -1723073393
26.133 -267 -1723073393
26.160 -239 -1723073393
26.187 -203 -1723073393
26.213 -155 -1723073393
26.240 -112 -1723073393
26.267 -57 -1723073393
26.293 14 -1723073393
26.320 72 -1723073393
26.347 131 -1723073393
26.373 198 -1723073393
26.400 249 -1723073393
26.427 290 -1723073393
26.453 328 -1723073393
26.480 349 -1723073393
26.507 359 -1723073393
26.533 369 -1723073393
26.560 367 -1723073393
26.587 351 -1723073393
26.613 336 -1723073393
26.640 313 -1723073393
26.667 279 -1723073393
26.693 248 -1723073393
26.720 214 -1723073393
26.747 178 -1723073393
26.773 148 -1723073393
26.800 117 -1723073393
26.827 85 -1723073393
26.853 62 -1723073393
26.880 41 -1723073393
26.907 20 -1723073393
26.933 3 -1723073393
26.960 -18 -1723073393
26.987 -43 -1723073393
27.013 -65 -1723073393
27.040 -90 -1723073393
27.067 -112 -1723073393
27.093 -133 -1723073393
27.120 -161 -1723073393
27.147 -185 -1723073393
27.173 -204 -1723073393
27.200 -221 -1723073393
27.227 -229 -1723073393
27.253 -229 -1723073393
27.280 -233 -1723073393
27.307 -230 -1723073393
27.333 -224 -1723073393
27.360 -223 -1723073393
27.387 -207 -1723073393
27.413 -186 -1723073393
27.440 -172 -1723073393
27.467 -153 -1723073393
27.493 -135 -1723073393
27.520 -131 -1723073393
27.547 -118 -1723073393
27.573 -102 -1723073393
27.600 -100 -1723073393
27.627 -94 -1723073393
27.653 -89 -1723073393
27.680 -96 -1723073393
27.707 -97 -1723073393
27.733 -100 -1723073393
27.760 -113 -1723073393
27.787 -120 -1723073393
27.813 -124 -1723073393
27.840 -131 -1723073393
27.867 -133 -1723073393
27.893 -134 -1723073393
27.920 -137 -1723073393
27.947 -134 -1723073393
27.973 -135 -1723073393
28.000 -140 -1723073393
28.027 -134 -1723073393
28.053 -128 -1723073393
28.080 -126 -1723073393
28.107 -111 -1723073393
28.133 -92 -1723073393
28.160 -76 -1723073393
28.187 -46 -1723073393
28.213 -13 -1723073393
28.240 10 -1723073393
28.267 44 -1723073393
28.293 77 -1723073393
28.320 106 -1723073393
28.347 144 -1723073393
28.373 178 -1723073393
28.400 206 -1723073393
28.427 236 -1723073393
28.453 261 -1723073393
28.480 273 -1723073393
28.507 287 -1723073393
28.533 297 -1723073393
28.560 298 -1723073393
28.587 295 -1723073393
28.613 293 -1723073393
28.640 285 -1723073393
28.667 270 -1723073393
28.693 250 -1723073393
28.720 224 -1723073393
28.747 196 -1723073393
28.773 165 -1723073393
28.800 131 -1723073393
28.827 99 -1723073393
28.853 68 -1723073393
28.880 37 -1723073393
28.907 11 -1723073393
28.933 -13 -1723073393
28.960 -42 -1723073393
28.987 -62 -1723073393
29.013 -73 -1723073393
29.040 -81 -1723073393
29.067 -71 -1723073393
29.093 -51 -1723073393
29.120 -22 -1723073393
29.147 20 -1723073393
29.173 65 -1723073393
29.200 99 -1723073393
29.227 135 -1723073393
29.253 166 -1723073393
29.280 186 -1723073393
29.307 205 -1723073393
29.333 213 -1723073393
29.360 201 -1723073393
29.387 182 -1723073393
29.413 156 -1723073393
29.440 121 -1723073393
29.467 83 -1723073393
29.493 41 -1723073393
29.520 -7 -1723073393
29.547 -51 -1723073393
29.573 -91 -1723073393
29.600 -131 -1723073393
29.627 -162 -1723073393
29.653 -189 -1723073393
29.680 -215 -1723073393
29.707 -222 -1723073393
29.733 -221 -1723073393
29.760 -223 -1723073393
29.787 -205 -1723073393
29.813 -177 -1723073393
29.840 -149 -1723073393
29.867 -105 -1723073393
29.893 -59 -1723073393
29.920 -21 -1723073393
29.947 30 -1723073393
29.973 76 -1723073393
30.000 112 -1723073393
30.027 153 -1723073393
30.053 190 -1723073393
30.080 215 -1723073393
30.107 233 -1723073393
30.133 239 -1723073393
30.160 238 -1723073393
30.187 245 -1723073393
30.213 257 -1723073393
30.240 262 -1723073393
30.267 265 -1723073393
30.293 269 -1723073393
30.320 272 -1723073393
30.347 281 -1723073393
30.373 295 -1723073393
30.400 301 -1723073393
30.427 303 -1723073393
30.453 307 -1723073393
30.480 303 -1723073393
30.507 292 -1723073393
30.533 279 -1723073393
30.560 260 -1723073393
30.587 235 -1723073393
30.613 209 -1723073393
30.640 175 -1723073393
30.667 137 -1723073393
30.693 101 -1723073393
30.720 60 -1723073393
30.747 20 -1723073393
30.773 -18 -1723073393
30.800 -57 -1723073393
30.827 -87 -1723073393
30.853 -106 -1723073393
30.880 -124 -1723073393
30.907 -130 -1723073393
30.933 -127 -1723073393
30.960 -125 -1723073393
30.987 -105 -1723073393
31.013 -73 -1723073393
31.040 -48 -1723073393
31.067 -18 -1723073393
31.093 24 -1723073393
31.120 59 -1723073393
31.147 90 -1723073393
31.173 118 -1723073393
31.200 131 -1723073393
31.227 144 -1723073393
31.253 157 -1723073393
31.280 151 -1723073393
31.307 135 -1723073393
31.333 117 -1723073393
31.360 85 -1723073393
31.387 48 -1723073393
31.413 16 -1723073393
31.440 -26 -1723073393
31.467 -66 -1723073393
31.493 -93 -1723073393
31.520 -120 -1723073393
31.547 -142 -1723073393
31.573 -151 -1723073393
31.600 -160 -1723073393
31.627 -161 -1723073393
31.653 -143 -1723073393
31.680 -129 -1723073393
31.707 -115 -1723073393
31.733 -85 -1723073393
31.760 -58 -1723073393
31.787 -28 -1723073393
31.813 15 -1723073393
31.840 51 -1723073393
31.867 85 -1723073393
31.893 136 -1723073393
31.920 180 -1723073393
31.947 210 -1723073393
31.973 246 -1723073393
32.000 270 -1723073393
32.027 279 -1723073393
32.053 289 -1723073393
32.080 295 -1723073393
32.107 296 -1723073393
32.133 298 -1723073393
32.160 294 -1723073393
32.187 284 -1723073393
32.213 268 -1723073393
32.240 245 -1723073393
32.267 215 -1723073393
32.293 184 -1723073393
32.320 151 -1723073393
32.347 115 -1723073393
32.373 81 -1723073393
32.400 48 -1723073393
32.427 13 -1723073393
32.453 -16 -1723073393
32.480 -45 -1723073393
32.507 -79 -1723073393
32.533 -104 -1723073393
32.560 -121 -1723073393
32.587 -135 -1723073393
32.613 -133 -1723073393
32.640 -121 -1723073393
32.667 -108 -1723073393
32.693 -77 -1723073393
32.720 -34 -1723073393
32.747 2 -1723073393
32.773 51 -1723073393
32.800 105 -1723073393
32.827 146 -1723073393
32.853 188 -1723073393
32.880 231 -1723073393
32.907 257 -1723073393
32.933 275 -1723073393
32.960 281 -1723073393
32.987 262 -1723073393
33.013 235 -1723073393
33.040 200 -1723073393
33.067 147 -1723073393
33.093 89 -1723073393
33.120 28 -1723073393
33.147 -43 -1723073393
33.173 -112 -1723073393
33.200 -170 -1723073393
33.227 -232 -1723073393
33.253 -285 -1723073393
33.280 -317 -1723073393
33.307 -349 -1723073393
33.333 -361 -1723073393
33.360 -341 -1723073393
33.387 -320 -1723073393
33.413 -289 -1723073393
33.440 -230 -1723073393
33.467 -176 -1723073393
33.493 -121 -1723073393
33.520 -41 -1723073393
33.547 29 -1723073393
33.573 92 -1723073393
33.600 167 -1723073393
33.627 232 -1723073393
33.653 284 -1723073393
33.680 337 -1723073393
33.707 378 -1723073393
33.733 400 -1723073393
33.760 418 -1723073393
33.787 429 -1723073393
33.813 425 -1723073393
33.840 419 -1723073393
33.867 414 -1723073393
33.893 402 -1723073393
33.920 385 -1723073393
33.947 369 -1723073393
33.973 355 -1723073393
34.000 346 -1723073393
34.027 346 -1723073393
34.053 344 -1723073393
34.080 337 -1723073393
34.107 331 -1723073393
34.133 323 -1723073393
34.160 311 -1723073393
34.187 291 -1723073393
34.213 260 -1723073393
34.240 225 -1723073393
34.267 193 -1723073393
34.293 159 -1723073393
34.320 124 -1723073393
34.347 95 -1723073393
34.373 67 -1723073393
34.400 42 -1723073393
34.427 27 -1723073393
34.453 16 -1723073393
34.480 16 -1723073393
34.507 35 -1723073393
34.533 57 -1723073393
34.560 83 -1723073393
34.587 127 -1723073393
34.613 174 -1723073393
34.640 217 -1723073393
34.667 269 -1723073393
34.693 314 -1723073393
34.720 343 -1723073393
34.747 366 -1723073393
34.773 377 -1723073393
34.800 369 -1723073393
34.827 348 -1723073393
34.853 315 -1723073393
34.880 262 -1723073393
34.907 197 -1723073393
34.933 130 -1723073393
34.960 55 -1723073393
34.987 -23 -1723073393
35.013 -96 -1723073393
35.040 -166 -1723073393
35.067 -220 -1723073393
35.093 -256 -1723073393
35.120 -284 -1723073393
35.147 -288 -1723073393
35.173 -268 -1723073393
35.200 -242 -1723073393
35.227 -196 -1723073393
35.253 -127 -1723073393
35.280 -64 -1723073393
35.307 7 -1723073393
35.333 91 -1723073393
35.360 160 -1723073393
35.387 229 -1723073393
35.413 304 -1723073393
35.440 362 -1723073393
35.467 403 -1723073393
35.493 438 -1723073393
35.520 466 -1723073393
35.547 485 -1723073393
35.573 496 -1723073393
35.600 502 -1723073393
35.627 499 -1723073393
35.653 488 -1723073393
35.680 476 -1723073393
35.707 460 -1723073393
35.733 433 -1723073393
35.760 404 -1723073393
35.787 372 -1723073393
35.813 334 -1723073393
35.840 292 -1723073393
35.867 249 -1723073393
35.893 200 -1723073393
35.920 153 -1723073393
35.947 107 -1723073393
35.973 63 -1723073393
36.000 22 -1723073393
36.027 -13 -1723073393
36.053 -42 -1723073393
36.080 -62 -1723073393
36.107 -78 -1723073393
36.133 -82 -1723073393
36.160 -68 -1723073393
36.187 -52 -1723073393
36.213 -29 -1723073393
36.240 9 -1723073393
36.267 49 -1723073393
36.293 90 -1723073393
36.320 141 -1723073393
36.347 183 -1723073393
36.373 220 -1723073393
36.400 262 -1723073393
36.427 295 -1723073393
36.453 319 -1723073393
36.480 341 -1723073393
36.507 354 -1723073393
36.533 356 -1723073393
36.560 349 -1723073393
36.587 331 -1723073393
36.613 303 -1723073393
36.640 263 -1723073393
36.667 214 -1723073393
36.693 161 -1723073393
36.720 109 -1723073393
36.747 59 -1723073393
36.773 10 -1723073393
36.800 -31 -1723073393
36.827 -61 -1723073393
36.853 -80 -1723073393
36.880 -85 -1723073393
36.907 -73 -1723073393
36.933 -66 -1723073393
36.960 -50 -1723073393
36.987 -14 -1723073393
37.013 25 -1723073393
37.040 67 -1723073393
37.067 122 -1723073393
37.093 173 -1723073393
37.120 217 -1723073393
37.147 264 -1723073393
37.173 303 -1723073393
37.200 330 -1723073393
37.227 355 -1723073393
37.253 377 -1723073393
37.280 386 -1723073393
37.307 388 -1723073393
37.333 388 -1723073393
37.360 380 -1723073393
37.387 367 -1723073393
37.413 355 -1723073393
37.440 344 -1723073393
37.467 331 -1723073393
37.493 321 -1723073393
37.520 312 -1723073393
37.547 303 -1723073393
37.573 295 -1723073393
37.600 287 -1723073393
37.627 280 -1723073393
37.653 277 -1723073393
37.680 273 -1723073393
37.707 271 -1723073393
37.733 273 -1723073393
37.760 273 -1723073393
37.787 270 -1723073393
37.813 271 -1723073393
37.840 267 -1723073393
37.867 258 -1723073393
37.893 254 -1723073393
37.920 250 -1723073393
37.947 243 -1723073393
37.973 242 -1723073393
38.000 243 -1723073393
38.027 239 -1723073393
38.053 232 -1723073393
38.080 229 -1723073393
38.107 229 -1723073393
38.133 234 -1723073393
38.160 243 -1723073393
38.187 251 -1723073393
38.213 261 -1723073393
38.240 270 -1723073393
38.267 276 -1723073393
38.293 281 -1723073393
38.320 291 -1723073393
38.347 289 -1723073393
38.373 274 -1723073393
38.400 258 -1723073393
38.427 233 -1723073393
38.453 189 -1723073393
38.480 138 -1723073393
38.507 88 -1723073393
38.533 36 -1723073393
38.560 -17 -1723073393
38.587 -67 -1723073393
38.613 -111 -1723073393
38.640 -143 -1723073393
38.667 -164 -1723073393
38.693 -181 -1723073393
38.720 -188 -1723073393
38.747 -177 -1723073393
38.773 -161 -1723073393
38.800 -135 -1723073393
38.827 -91 -1723073393
38.853 -46 -1723073393
38.880 -3 -1723073393
38.907 52 -1723073393
38.933 100 -1723073393
38.960 138 -1723073393
38.987 181 -1723073393
39.013 215 -1723073393
39.040 236 -1723073393
39.067 256 -1723073393
39.093 274 -1723073393
39.120 284 -1723073393
39.147 289 -1723073393
39.173 288 -1723073393
39.200 280 -1723073393
39.227 274 -1723073393
39.253 265 -1723073393
39.280 253 -1723073393
39.307 244 -1723073393
39.333 242 -1723073393
39.360 237 -1723073393
39.387 228 -1723073393
39.413 223 -1723073393
39.440 215 -1723073393
39.467 205 -1723073393
39.493 198 -1723073393
39.520 192 -1723073393
39.547 187 -1723073393
39.573 186 -1723073393
39.600 186 -1723073393
39.627 184 -1723073393
39.653 186 -1723073393
39.680 192 -1723073393
39.707 193 -1723073393
39.733 195 -1723073393
39.760 200 -1723073393
39.787 206 -1723073393
39.813 209 -1723073393
39.840 209 -1723073393
39.867 206 -1723073393
39.893 201 -1723073393
39.920 201 -1723073393
39.947 197 -1723073393
39.973 186 -1723073393
40.000 173 -1723073393
40.027 155 -1723073393
40.053 135 -1723073393
40.080 119 -1723073393
40.107 99 -1723073393
40.133 74 -1723073393
40.160 51 -1723073393
40.187 26 -1723073393
40.213 -3 -1723073393
40.240 -30 -1723073393
40.267 -51 -1723073393
40.293 -71 -1723073393
40.320 -79 -1723073393
40.347 -69 -1723073393
40.373 -60 -1723073393
40.400 -47 -1723073393
40.427 -21 -1723073393
40.453 5 -1723073393
40.480 35 -1723073393
40.507 81 -1723073393
40.533 124 -1723073393
40.560 161 -1723073393
40.587 201 -1723073393
40.613 234 -1723073393
40.640 256 -1723073393
40.667 278 -1723073393
40.693 297 -1723073393
40.720 306 -1723073393
40.747 305 -1723073393
40.773 299 -1723073393
40.800 288 -1723073393
40.827 270 -1723073393
40.853 250 -1723073393
40.880 231 -1723073393
40.907 212 -1723073393
40.933 197 -1723073393
40.960 184 -1723073393
40.987 174 -1723073393
41.013 170 -1723073393
41.040 168 -1723073393
41.067 166 -1723073393
41.093 171 -1723073393
41.120 179 -1723073393
41.147 184 -1723073393
41.173 194 -1723073393
41.200 203 -1723073393
41.227 205 -1723073393
41.253 208 -1723073393
41.280 214 -1723073393
41.307 216 -1723073393
41.333 211 -1723073393
41.360 204 -1723073393
41.387 190 -1723073393
41.413 171 -1723073393
41.440 151 -1723073393
41.467 128 -1723073393
41.493 106 -1723073393
41.520 92 -1723073393
41.547 82 -1723073393
41.573 73 -1723073393
41.600 69 -1723073393
41.627 70 -1723073393
41.653 68 -1723073393
41.680 67 -1723073393
41.707 67 -1723073393
41.733 62 -1723073393
41.760 53 -1723073393
41.787 45 -1723073393
41.813 35 -1723073393
41.840 26 -1723073393
41.867 22 -1723073393
41.893 17 -1723073393
41.920 9 -1723073393
41.947 3 -1723073393
41.973 -2 -1723073393
42.000 -10 -1723073393
42.027 -14 -1723073393
42.053 -15 -1723073393
42.080 -19 -1723073393
42.107 -20 -1723073393
42.133 -15 -1723073393
42.160 -16 -1723073393
42.187 -13 -1723073393
42.213 -6 -1723073393
42.240 -2 -1723073393
42.267 -1 -1723073393
42.293 3 -1723073393
42.320 6 -1723073393
42.347 3 -1723073393
42.373 4 -1723073393
42.400 5 -1723073393
42.427 3 -1723073393
42.453 8 -1723073393
42.480 18 -1723073393
42.507 25 -1723073393
42.533 29 -1723073393
42.560 36 -1723073393
42.587 35 -1723073393
42.613 29 -1723073393
42.640 25 -1723073393
42.667 20 -1723073393
42.693 17 -1723073393
42.720 24 -1723073393
42.747 32 -1723073393
42.773 38 -1723073393
42.800 50 -1723073393
42.827 60 -1723073393
42.853 64 -1723073393
42.880 75 -1723073393
42.907 89 -1723073393
42.933 94 -1723073393
42.960 99 -1723073393
42.987 108 -1723073393
43.013 112 -1723073393
43.040 114 -1723073393
43.067 119 -1723073393
43.093 117 -1723073393
43.120 116 -1723073393
43.147 122 -1723073393
43.173 122 -1723073393
43.200 117 -1723073393
43.227 117 -1723073393
43.253 115 -1723073393
43.280 109 -1723073393
43.307 108 -1723073393
43.333 109 -1723073393
43.360 102 -1723073393
43.387 95 -1723073393
43.413 88 -1723073393
43.440 78 -1723073393
43.467 67 -1723073393
43.493 57 -1723073393
43.520 40 -1723073393
43.547 25 -1723073393
43.573 18 -1723073393
43.600 6 -1723073393
43.627 -12 -1723073393
43.653 -28 -1723073393
43.680 -46 -1723073393
43.707 -70 -1723073393
43.733 -90 -1723073393
43.760 -107 -1723073393
43.787 -133 -1723073393
43.813 -151 -1723073393
43.840 -156 -1723073393
43.867 -160 -1723073393
43.893 -161 -1723073393
43.920 -151 -1723073393
43.947 -139 -1723073393
43.973 -123 -1723073393
44.000 -97 -1723073393
44.027 -69 -1723073393
44.053 -48 -1723073393
44.080 -24 -1723073393
44.107 -6 -1723073393
44.133 -2 -1723073393
44.160 0 -1723073393
44.187 2 -1723073393
44.213 -1 -1723073393
44.240 -13 -1723073393
44.267 -25 -1723073393
44.293 -43 -1723073393
44.320 -70 -1723073393
44.347 -91 -1723073393
44.373 -109 -1723073393
44.400 -127 -1723073393
44.427 -134 -1723073393
44.453 -130 -1723073393
44.480 -127 -1723073393
44.507 -113 -1723073393
44.533 -82 -1723073393
44.560 -50 -1723073393
44.587 -11 -1723073393
44.613 34 -1723073393
44.640 78 -1723073393
44.667 119 -1723073393
44.693 160 -1723073393
44.720 195 -1723073393
44.747 222 -1723073393
44.773 251 -1723073393
44.800 276 -1723073393
44.827 292 -1723073393
44.853 302 -1723073393
44.880 307 -1723073393
44.907 301 -1723073393
44.933 284 -1723073393
44.960 261 -1723073393
44.987 235 -1723073393
45.013 203 -1723073393
45.040 173 -1723073393
45.067 144 -1723073393
45.093 110 -1723073393
45.120 73 -1723073393
45.147 37 -1723073393
45.173 1 -1723073393
45.200 -33 -1723073393
45.227 -58 -1723073393
45.253 -76 -1723073393
45.280 -87 -1723073393
45.307 -92 -1723073393
45.333 -96 -1723073393
45.360 -94 -1723073393
45.387 -85 -1723073393
45.413 -75 -1723073393
45.440 -62 -1723073393
45.467 -42 -1723073393
45.493 -27 -1723073393
45.520 -19 -1723073393
45.547 -6 -1723073393
45.573 4 -1723073393
45.600 12 -1723073393
45.627 22 -1723073393
45.653 35 -1723073393
45.680 44 -1723073393
45.707 55 -1723073393
45.733 72 -1723073393
45.760 84 -1723073393
45.787 89 -1723073393
45.813 99 -1723073393
45.840 106 -1723073393
45.867 103 -1723073393
45.893 104 -1723073393
45.920 106 -1723073393
45.947 98 -1723073393
45.973 86 -1723073393
46.000 72 -1723073393
46.027 54 -1723073393
46.053 37 -1723073393
46.080 28 -1723073393
46.107 13 -1723073393
46.133 -1 -1723073393
46.160 -7 -1723073393
46.187 -11 -1723073393
46.213 -12 -1723073393
46.240 -2 -1723073393
46.267 10 -1723073393
46.293 20 -1723073393
46.320 37 -1723073393
46.347 61 -1723073393
46.373 80 -1723073393
46.400 100 -1723073393
46.427 127 -1723073393
46.453 153 -1723073393
46.480 177 -1723073393
46.507 202 -1723073393
46.533 225 -1723073393
46.560 241 -1723073393
46.587 255 -1723073393
46.613 268 -1723073393
46.640 274 -1723073393
46.667 278 -1723073393
46.693 283 -1723073393
46.720 281 -1723073393
46.747 274 -1723073393
46.773 266 -1723073393
46.800 256 -1723073393
46.827 241 -1723073393
46.853 226 -1723073393
46.880 206 -1723073393
46.907 180 -1723073393
46.933 154 -1723073393
46.960 129 -1723073393
46.987 103 -1723073393
47.013 83 -1723073393
47.040 70 -1723073393
47.067 57 -1723073393
47.093 47 -1723073393
47.120 42 -1723073393
47.147 34 -1723073393
47.173 26 -1723073393
47.200 26 -1723073393
47.227 27 -1723073393
47.253 32 -1723073393
47.280 44 -1723073393
47.307 57 -1723073393
47.333 74 -1723073393
47.360 98 -1723073393
47.387 124 -1723073393
47.413 142 -1723073393
47.440 161 -1723073393
47.467 185 -1723073393
47.493 204 -1723073393
47.520 224 -1723073393
47.547 242 -1723073393
47.573 254 -1723073393
47.600 262 -1723073393
47.627 271 -1723073393
47.653 275 -1723073393
47.680 271 -1723073393
47.707 258 -1723073393
47.733 239 -1723073393
47.760 217 -1723073393
47.787 194 -1723073393
47.813 173 -1723073393
47.840 153 -1723073393
47.867 136 -1723073393
47.893 123 -1723073393
47.920 112 -1723073393
47.947 104 -1723073393
47.973 101 -1723073393
48.000 103 -1723073393
48.027 106 -1723073393
48.053 116 -1723073393
48.080 128 -1723073393
48.107 142 -1723073393
48.133 168 -1723073393
48.160 207 -1723073393
48.187 247 -1723073393
48.213 286 -1723073393
48.240 329 -1723073393
48.267 369 -1723073393
48.293 403 -1723073393
48.320 438 -1723073393
48.347 469 -1723073393
48.373 494 -1723073393
48.400 516 -1723073393
48.427 537 -1723073393
48.453 550 -1723073393
48.480 556 -1723073393
48.507 555 -1723073393
48.533 547 -1723073393
48.560 535 -1723073393
48.587 516 -1723073393
48.613 495 -1723073393
48.640 475 -1723073393
48.667 450 -1723073393
48.693 425 -1723073393
48.720 402 -1723073393
48.747 377 -1723073393
48.773 349 -1723073393
48.800 322 -1723073393
48.827 297 -1723073393
48.853 277 -1723073393
48.880 264 -1723073393
48.907 257 -1723073393
48.933 256 -1723073393
48.960 259 -1723073393
48.987 269 -1723073393
49.013 286 -1723073393
49.040 304 -1723073393
49.067 319 -1723073393
49.093 333 -1723073393
49.120 346 -1723073393
49.147 357 -1723073393
49.173 364 -1723073393
49.200 365 -1723073393
49.227 359 -1723073393
49.253 350 -1723073393
49.280 338 -1723073393
49.307 323 -1723073393
49.333 309 -1723073393
49.360 290 -1723073393
49.387 268 -1723073393
49.413 251 -1723073393
49.440 242 -1723073393
49.467 235 -1723073393
49.493 227 -1723073393
49.520 220 -1723073393
49.547 215 -1723073393
49.573 206 -1723073393
49.600 196 -1723073393
49.627 189 -1723073393
49.653 184 -1723073393
49.680 183 -1723073393
49.707 187 -1723073393
49.733 194 -1723073393
49.760 205 -1723073393
49.787 220 -1723073393
49.813 232 -1723073393
49.840 242 -1723073393
49.867 252 -1723073393
49.893 265 -1723073393
49.920 278 -1723073393
49.947 286 -1723073393
49.973 292 -1723073393
50.000 296 -1723073393
50.027 299 -1723073393
50.053 300 -1723073393
50.080 295 -1723073393
50.107 288 -1723073393
50.133 281 -1723073393
50.160 272 -1723073393
50.187 259 -1723073393
50.213 247 -1723073393
50.240 237 -1723073393
50.267 227 -1723073393
50.293 220 -1723073393
50.320 214 -1723073393
50.347 203 -1723073393
50.373 189 -1723073393
50.400 173 -1723073393
50.427 149 -1723073393
50.453 117 -1723073393
50.480 84 -1723073393
50.507 51 -1723073393
50.533 11 -1723073393
50.560 -31 -1723073393
50.587 -69 -1723073393
50.613 -100 -1723073393
50.640 -129 -1723073393
50.667 -152 -1723073393
50.693 -171 -1723073393
50.720 -188 -1723073393
50.747 -198 -1723073393
50.773 -198 -1723073393
50.800 -197 -1723073393
50.827 -190 -1723073393
50.853 -176 -1723073393
50.880 -167 -1723073393
50.907 -162 -1723073393
50.933 -148 -1723073393
50.960 -136 -1723073393
50.987 -131 -1723073393
51.013 -119 -1723073393
51.040 -105 -1723073393
51.067 -103 -1723073393
51.093 -98 -1723073393
51.120 -87 -1723073393
51.147 -82 -1723073393
51.173 -78 -1723073393
51.200 -71 -1723073393
51.227 -65 -1723073393
51.253 -59 -1723073393
51.280 -48 -1723073393
51.307 -38 -1723073393
51.333 -38 -1723073393
51.360 -35 -1723073393
51.387 -28 -1723073393
51.413 -28 -1723073393
51.440 -28 -1723073393
51.467 -23 -1723073393
51.493 -19 -1723073393
51.520 -14 -1723073393
51.547 0 -1723073393
51.573 17 -1723073393
51.600 37 -1723073393
51.627 63 -1723073393
51.653 93 -1723073393
51.680 123 -1723073393
51.707 156 -1723073393
51.733 188 -1723073393
51.760 218 -1723073393
51.787 250 -1723073393
51.813 281 -1723073393
51.840 305 -1723073393
51.867 325 -1723073393
51.893 340 -1723073393
51.920 346 -1723073393
51.947 346 -1723073393
51.973 345 -1723073393
52.000 340 -1723073393
52.027 332 -1723073393
52.053 322 -1723073393
52.080 307 -1723073393
52.107 289 -1723073393
52.133 270 -1723073393
52.160 252 -1723073393
52.187 235 -1723073393
52.213 224 -1723073393
52.240 214 -1723073393
52.267 205 -1723073393
52.293 198 -1723073393
52.320 192 -1723073393
52.347 188 -1723073393
52.373 186 -1723073393
52.400 185 -1723073393
52.427 185 -1723073393
52.453 182 -1723073393
52.480 177 -1723073393
52.507 172 -1723073393
52.533 170 -1723073393
52.560 173 -1723073393
52.587 176 -1723073393
52.613 179 -1723073393
52.640 184 -1723073393
52.667 191 -1723073393
52.693 198 -1723073393
52.720 203 -1723073393
52.747 207 -1723073393
52.773 212 -1723073393
52.800 213 -1723073393
52.827 210 -1723073393
52.853 204 -1723073393
52.880 193 -1723073393
52.907 173 -1723073393
52.933 155 -1723073393
52.960 139 -1723073393
52.987 125 -1723073393
53.013 111 -1723073393
53.040 97 -1723073393
53.067 85 -1723073393
53.093 75 -1723073393
53.120 68 -1723073393
53.147 65 -1723073393
53.173 60 -1723073393
53.200 54 -1723073393
53.227 55 -1723073393
53.253 60 -1723073393
53.280 67 -1723073393
53.307 80 -1723073393
53.333 89 -1723073393
53.360 97 -1723073393
53.387 106 -1723073393
53.413 119 -1723073393
53.440 131 -1723073393
53.467 142 -1723073393
53.493 152 -1723073393
53.520 157 -1723073393
53.547 163 -1723073393
53.573 171 -1723073393
53.600 179 -1723073393
53.627 187 -1723073393
53.653 192 -1723073393
53.680 196 -1723073393
53.707 197 -1723073393
53.733 201 -1723073393
53.760 205 -1723073393
53.787 208 -1723073393
53.813 215 -1723073393
53.840 228 -1723073393
53.867 240 -1723073393
53.893 251 -1723073393
53.920 262 -1723073393
53.947 273 -1723073393
53.973 277 -1723073393
54.000 278 -1723073393
54.027 276 -1723073393
54.053 271 -1723073393
54.080 265 -1723073393
54.107 256 -1723073393
54.133 241 -1723073393
54.160 219 -1723073393
54.187 190 -1723073393
54.213 157 -1723073393
54.240 124 -1723073393
54.267 90 -1723073393
54.293 55 -1723073393
54.320 24 -1723073393
54.347 -3 -1723073393
54.373 -29 -1723073393
54.400 -54 -1723073393
54.427 -68 -1723073393
54.453 -76 -1723073393
54.480 -81 -1723073393
54.507 -78 -1723073393
54.533 -68 -1723073393
54.560 -56 -1723073393
54.587 -44 -1723073393
54.613 -33 -1723073393
54.640 -26 -1723073393
54.667 -17 -1723073393
54.693 0 -1723073393
54.720 17 -1723073393
54.747 25 -1723073393
54.773 30 -1723073393
54.800 32 -1723073393
54.827 29 -1723073393
54.853 24 -1723073393
54.880 18 -1723073393
54.907 14 -1723073393
54.933 11 -1723073393
54.960 12 -1723073393
54.987 16 -1723073393
55.013 23 -1723073393
55.040 38 -1723073393
55.067 55 -1723073393
55.093 70 -1723073393
55.120 84 -1723073393
55.147 102 -1723073393
55.173 121 -1723073393
55.200 141 -1723073393
55.227 162 -1723073393
55.253 182 -1723073393
55.280 206 -1723073393
55.307 234 -1723073393
55.333 261 -1723073393
55.360 287 -1723073393
55.387 316 -1723073393
55.413 344 -1723073393
55.440 368 -1723073393
55.467 389 -1723073393
55.493 409 -1723073393
55.520 427 -1723073393
55.547 444 -1723073393
55.573 457 -1723073393
55.600 464 -1723073393
55.627 468 -1723073393
55.653 471 -1723073393
55.680 473 -1723073393
55.707 473 -1723073393
55.733 476 -1723073393
55.760 478 -1723073393
55.787 482 -1723073393
55.813 493 -1723073393
55.840 500 -1723073393
55.867 502 -1723073393
55.893 505 -1723073393
55.920 507 -1723073393
55.947 504 -1723073393
55.973 498 -1723073393
56.000 492 -1723073393
56.027 483 -1723073393
56.053 471 -1723073393
56.080 458 -1723073393
56.107 444 -1723073393
56.133 434 -1723073393
56.160 426 -1723073393
56.187 409 -1723073393
56.213 385 -1723073393
56.240 361 -1723073393
56.267 336 -1723073393
56.293 308 -1723073393
56.320 278 -1723073393
56.347 251 -1723073393
56.373 223 -1723073393
56.400 199 -1723073393
56.427 179 -1723073393
56.453 158 -1723073393
56.480 137 -1723073393
56.507 119 -1723073393
56.533 106 -1723073393
56.560 99 -1723073393
56.587 91 -1723073393
56.613 79 -1723073393
56.640 70 -1723073393
56.667 67 -1723073393
56.693 65 -1723073393
56.720 61 -1723073393
56.747 54 -1723073393
56.773 46 -1723073393
56.800 39 -1723073393
56.827 33 -1723073393
56.853 21 -1723073393
56.880 8 -1723073393
56.907 -2 -1723073393
56.933 -10 -1723073393
56.960 -20 -1723073393
56.987 -27 -1723073393
57.013 -32 -1723073393
57.040 -38 -1723073393
57.067 -39 -1723073393
57.093 -38 -1723073393
57.120 -37 -1723073393
57.147 -38 -1723073393
57.173 -36 -1723073393
57.200 -31 -1723073393
57.227 -24 -1723073393
57.253 -14 -1723073393
57.280 -4 -1723073393
57.307 4 -1723073393
57.333 17 -1723073393
57.360 34 -1723073393
57.387 49 -1723073393
57.413 60 -1723073393
57.440 78 -1723073393
57.467 98 -1723073393
57.493 116 -1723073393
57.520 137 -1723073393
57.547 163 -1723073393
57.573 189 -1723073393
57.600 215 -1723073393
57.627 240 -1723073393
57.653 264 -1723073393
57.680 282 -1723073393
57.707 299 -1723073393
57.733 315 -1723073393
57.760 325 -1723073393
57.787 331 -1723073393
57.813 336 -1723073393
57.840 338 -1723073393
57.867 337 -1723073393
57.893 337 -1723073393
57.920 338 -1723073393
57.947 336 -1723073393
57.973 337 -1723073393
58.000 340 -1723073393
58.027 345 -1723073393
58.053 350 -1723073393
58.080 355 -1723073393
58.107 363 -1723073393
58.133 374 -1723073393
58.160 383 -1723073393
58.187 393 -1723073393
58.213 404 -1723073393
58.240 416 -1723073393
58.267 430 -1723073393
58.293 443 -1723073393
58.320 454 -1723073393
58.347 465 -1723073393
58.373 479 -1723073393
58.400 492 -1723073393
58.427 502 -1723073393
58.453 515 -1723073393
58.480 528 -1723073393
58.507 541 -1723073393
58.533 554 -1723073393
58.560 564 -1723073393
58.587 573 -1723073393
58.613 585 -1723073393
58.640 597 -1723073393
58.667 605 -1723073393
58.693 611 -1723073393
58.720 617 -1723073393
58.747 623 -1723073393
58.773 626 -1723073393
58.800 630 -1723073393
58.827 637 -1723073393
58.853 641 -1723073393
58.880 642 -1723073393
58.907 643 -1723073393
58.933 643 -1723073393
58.960 643 -1723073393
58.987 643 -1723073393
59.013 643 -1723073393
59.040 643 -1723073393
59.067 644 -1723073393
59.093 642 -1723073393
59.120 635 -1723073393
59.147 630 -1723073393
59.173 624 -1723073393
59.200 614 -1723073393
59.227 602 -1723073393
59.253 592 -1723073393
59.280 582 -1723073393
59.307 569 -1723073393
59.333 558 -1723073393
59.360 548 -1723073393
59.387 535 -1723073393
59.413 521 -1723073393
59.440 509 -1723073393
59.467 495 -1723073393
59.493 480 -1723073393
59.520 468 -1723073393
59.547 459 -1723073393
59.573 449 -1723073393
59.600 439 -1723073393
59.627 429 -1723073393
59.653 411 -1723073393
59.680 389 -1723073393
59.707 365 -1723073393
59.733 337 -1723073393
59.760 309 -1723073393
59.787 281 -1723073393
59.813 252 -1723073393
59.840 218 -1723073393
59.867 182 -1723073393
59.893 144 -1723073393
59.920 107 -1723073393
59.947 74 -1723073393
59.973 46 -1723073393
60.000 21 -1723073393
60.027 -1 -1723073393
60.053 -18 -1723073393
60.080 -26 -1723073393
60.107 -28 -1723073393
60.133 -29 -1723073393
60.160 -26 -1723073393
60.187 -21 -1723073393
60.213 -11 -1723073393
60.240 2 -1723073393
60.267 21 -1723073393
60.293 42 -1723073393
60.320 57 -1723073393
60.347 69 -1723073393
60.373 81 -1723073393
60.400 85 -1723073393
60.427 80 -1723073393
60.453 73 -1723073393
60.480 65 -1723073393
60.507 48 -1723073393
60.533 27 -1723073393
60.560 6 -1723073393
60.587 -18 -1723073393
60.613 -46 -1723073393
60.640 -69 -1723073393
60.667 -89 -1723073393
60.693 -110 -1723073393
60.720 -127 -1723073393
60.747 -136 -1723073393
60.773 -146 -1723073393
60.800 -152 -1723073393
60.827 -149 -1723073393
60.853 -149 -1723073393
60.880 -150 -1723073393
60.907 -148 -1723073393
60.933 -145 -1723073393
60.960 -144 -1723073393
60.987 -136 -1723073393
61.013 -122 -1723073393
61.040 -120 -1723073393
61.067 -118 -1723073393
61.093 -111 -1723073393
61.120 -113 -1723073393
61.147 -121 -1723073393
61.173 -123 -1723073393
61.200 -124 -1723073393
61.227 -127 -1723073393
61.253 -125 -1723073393
61.280 -121 -1723073393
61.307 -129 -1723073393
61.333 -140 -1723073393
61.360 -150 -1723073393
61.387 -168 -1723073393
61.413 -191 -1723073393
61.440 -208 -1723073393
61.467 -221 -1723073393
61.493 -241 -1723073393
61.520 -257 -1723073393
61.547 -269 -1723073393
61.573 -283 -1723073393
61.600 -297 -1723073393
61.627 -304 -1723073393
61.653 -309 -1723073393
61.680 -312 -1723073393
61.707 -305 -1723073393
61.733 -297 -1723073393
61.760 -292 -1723073393
61.787 -282 -1723073393
61.813 -266 -1723073393
61.840 -254 -1723073393
61.867 -238 -1723073393
61.893 -214 -1723073393
61.920 -192 -1723073393
61.947 -170 -1723073393
61.973 -142 -1723073393
62.000 -112 -1723073393
62.027 -89 -1723073393
62.053 -67 -1723073393
62.080 -44 -1723073393
62.107 -33 -1723073393
62.133 -28 -1723073393
62.160 -19 -1723073393
62.187 -13 -1723073393
62.213 -15 -1723073393
62.240 -15 -1723073393
62.267 -14 -1723073393
62.293 -25 -1723073393
62.320 -41 -1723073393
62.347 -53 -1723073393
62.373 -69 -1723073393
62.400 -89 -1723073393
62.427 -103 -1723073393
62.453 -116 -1723073393
62.480 -134 -1723073393
62.507 -148 -1723073393
62.533 -156 -1723073393
62.560 -165 -1723073393
62.587 -169 -1723073393
62.613 -169 -1723073393
62.640 -172 -1723073393
62.667 -173 -1723073393
62.693 -167 -1723073393
62.720 -161 -1723073393
62.747 -156 -1723073393
62.773 -143 -1723073393
62.800 -127 -1723073393
62.827 -117 -1723073393
62.853 -103 -1723073393
62.880 -85 -1723073393
62.907 -69 -1723073393
62.933 -56 -1723073393
62.960 -39 -1723073393
62.987 -23 -1723073393
63.013 -17 -1723073393
63.040 -15 -1723073393
63.067 -14 -1723073393
63.093 -18 -1723073393
63.120 -26 -1723073393
63.147 -33 -1723073393
63.173 -43 -1723073393
63.200 -59 -1723073393
63.227 -79 -1723073393
63.253 -98 -1723073393
63.280 -122 -1723073393
63.307 -151 -1723073393
63.333 -181 -1723073393
63.360 -209 -1723073393
63.387 -236 -1723073393
63.413 -258 -1723073393
63.440 -282 -1723073393
63.467 -305 -1723073393
63.493 -318 -1723073393
63.520 -323 -1723073393
63.547 -328 -1723073393
63.573 -322 -1723073393
63.600 -309 -1723073393
63.627 -300 -1723073393
63.653 -284 -1723073393
63.680 -260 -1723073393
63.707 -238 -1723073393
63.733 -214 -1723073393
63.760 -180 -1723073393
63.787 -147 -1723073393
63.813 -124 -1723073393
63.840 -94 -1723073393
63.867 -66 -1723073393
63.893 -50 -1723073393
63.920 -41 -1723073393
63.947 -33 -1723073393
63.973 -25 -1723073393
64.000 -24 -1723073393
64.027 -31 -1723073393
64.053 -44 -1723073393
64.080 -63 -1723073393
64.107 -84 -1723073393
64.133 -105 -1723073393
64.160 -126 -1723073393
64.187 -147 -1723073393
64.213 -166 -1723073393
64.240 -182 -1723073393
64.267 -194 -1723073393
64.293 -202 -1723073393
64.320 -206 -1723073393
64.347 -202 -1723073393
64.373 -191 -1723073393
64.400 -176 -1723073393
64.427 -158 -1723073393
64.453 -135 -1723073393
64.480 -109 -1723073393
64.507 -83 -1723073393
64.533 -58 -1723073393
64.560 -30 -1723073393
64.587 2 -1723073393
64.613 31 -1723073393
64.640 54 -1723073393
64.667 75 -1723073393
64.693 93 -1723073393
64.720 107 -1723073393
64.747 117 -1723073393
64.773 122 -1723073393
64.800 120 -1723073393
64.827 113 -1723073393
64.853 104 -1723073393
64.880 93 -1723073393
64.907 79 -1723073393
64.933 64 -1723073393
64.960 46 -1723073393
64.987 25 -1723073393
65.013 10 -1723073393
65.040 0 -1723073393
65.067 -11 -1723073393
65.093 -22 -1723073393
65.120 -31 -1723073393
65.147 -40 -1723073393
65.173 -47 -1723073393
65.200 -48 -1723073393
65.227 -42 -1723073393
65.253 -33 -1723073393
65.280 -21 -1723073393
65.307 -2 -1723073393
65.333 18 -1723073393
65.360 41 -1723073393
65.387 64 -1723073393
65.413 81 -1723073393
65.440 99 -1723073393
65.467 125 -1723073393
65.493 151 -1723073393
65.520 173 -1723073393
65.547 198 -1723073393
65.573 226 -1723073393
65.600 248 -1723073393
65.627 262 -1723073393
65.653 276 -1723073393
65.680 289 -1723073393
65.707 295 -1723073393
65.733 298 -1723073393
65.760 304 -1723073393
65.787 307 -1723073393
65.813 306 -1723073393
65.840 304 -1723073393
65.867 300 -1723073393
65.893 287 -1723073393
65.920 276 -1723073393
65.947 273 -1723073393
65.973 271 -1723073393
66.000 270 -1723073393
66.027 273 -1723073393
66.053 274 -1723073393
66.080 267 -1723073393
66.107 260 -1723073393
66.133 256 -1723073393
66.160 250 -1723073393
66.187 248 -1723073393
66.213 251 -1723073393
66.240 254 -1723073393
66.267 254 -1723073393
66.293 252 -1723073393
66.320 246 -1723073393
66.347 237 -1723073393
66.373 232 -1723073393
66.400 229 -1723073393
66.427 225 -1723073393
66.453 223 -1723073393
66.480 225 -1723073393
66.507 224 -1723073393
66.533 221 -1723073393
66.560 222 -1723073393
66.587 220 -1723073393
66.613 217 -1723073393
66.640 216 -1723073393
66.667 217 -1723073393
66.693 216 -1723073393
66.720 217 -1723073393
66.747 217 -1723073393
66.773 218 -1723073393
66.800 221 -1723073393
66.827 226 -1723073393
66.853 230 -1723073393
66.880 234 -1723073393
66.907 239 -1723073393
66.933 245 -1723073393
66.960 251 -1723073393
66.987 258 -1723073393
67.013 268 -1723073393
67.040 276 -1723073393
67.067 284 -1723073393
67.093 299 -1723073393
67.120 317 -1723073393
67.147 338 -1723073393
67.173 360 -1723073393
67.200 383 -1723073393
67.227 405 -1723073393
67.253 426 -1723073393
67.280 446 -1723073393
67.307 463 -1723073393
67.333 478 -1723073393
67.360 496 -1723073393
67.387 511 -1723073393
67.413 519 -1723073393
67.440 523 -1723073393
67.467 525 -1723073393
67.493 519 -1723073393
67.520 508 -1723073393
67.547 501 -1723073393
67.573 494 -1723073393
67.600 482 -1723073393
67.627 468 -1723073393
67.653 453 -1723073393
67.680 435 -1723073393
67.707 418 -1723073393
67.733 405 -1723073393
67.760 391 -1723073393
67.787 376 -1723073393
67.813 365 -1723073393
67.840 359 -1723073393
67.867 353 -1723073393
67.893 347 -1723073393
67.920 341 -1723073393
67.947 335 -1723073393
67.973 332 -1723073393
68.000 328 -1723073393
68.027 322 -1723073393
68.053 317 -1723073393
68.080 315 -1723073393
68.107 312 -1723073393
68.133 306 -1723073393
68.160 301 -1723073393
68.187 297 -1723073393
68.213 294 -1723073393
68.240 290 -1723073393
68.267 286 -1723073393
68.293 280 -1723073393
68.320 274 -1723073393
68.347 265 -1723073393
68.373 258 -1723073393
68.400 255 -1723073393
68.427 254 -1723073393
68.453 249 -1723073393
68.480 240 -1723073393
68.507 235 -1723073393
68.533 235 -1723073393
68.560 233 -1723073393
68.587 231 -1723073393
68.613 231 -1723073393
68.640 232 -1723073393
68.667 233 -1723073393
68.693 235 -1723073393
68.720 237 -1723073393
68.747 236 -1723073393
68.773 239 -1723073393
68.800 244 -1723073393
68.827 248 -1723073393
68.853 251 -1723073393
68.880 256 -1723073393
68.907 262 -1723073393
68.933 270 -1723073393
68.960 279 -1723073393
68.987 287 -1723073393
69.013 294 -1723073393
69.040 305 -1723073393
69.067 317 -1723073393
69.093 326 -1723073393
69.120 335 -1723073393
69.147 346 -1723073393
69.173 352 -1723073393
69.200 353 -1723073393
69.227 357 -1723073393
69.253 368 -1723073393
69.280 373 -1723073393
69.307 374 -1723073393
69.333 381 -1723073393
69.360 389 -1723073393
69.387 391 -1723073393
69.413 394 -1723073393
69.440 395 -1723073393
69.467 392 -1723073393
69.493 392 -1723073393
69.520 395 -1723073393
69.547 394 -1723073393
69.573 393 -1723073393
69.600 389 -1723073393
69.627 380 -1723073393
69.653 366 -1723073393
69.680 350 -1723073393
69.707 337 -1723073393
69.733 320 -1723073393
69.760 300 -1723073393
69.787 276 -1723073393
69.813 249 -1723073393
69.840 221 -1723073393
69.867 199 -1723073393
69.893 178 -1723073393
69.920 158 -1723073393
69.947 144 -1723073393
69.973 134 -1723073393
70.000 126 -1723073393
70.027 121 -1723073393
70.053 118 -1723073393
70.080 116 -1723073393
70.107 118 -1723073393
70.133 129 -1723073393
70.160 145 -1723073393
70.187 166 -1723073393
70.213 191 -1723073393
70.240 216 -1723073393
70.267 236 -1723073393
70.293 253 -1723073393
70.320 270 -1723073393
70.347 285 -1723073393
70.373 298 -1723073393
70.400 312 -1723073393
70.427 321 -1723073393
70.453 326 -1723073393
70.480 333 -1723073393
70.507 336 -1723073393
70.533 332 -1723073393
70.560 327 -1723073393
70.587 320 -1723073393
70.613 312 -1723073393
70.640 305 -1723073393
70.667 300 -1723073393
70.693 293 -1723073393
70.720 285 -1723073393
70.747 279 -1723073393
70.773 274 -1723073393
70.800 267 -1723073393
70.827 265 -1723073393
70.853 267 -1723073393
70.880 268 -1723073393
70.907 268 -1723073393
70.933 271 -1723073393
70.960 276 -1723073393
70.987 282 -1723073393
71.013 289 -1723073393
71.040 298 -1723073393
71.067 304 -1723073393
71.093 310 -1723073393
71.120 319 -1723073393
71.147 331 -1723073393
71.173 339 -1723073393
71.200 346 -1723073393
71.227 351 -1723073393
71.253 354 -1723073393
71.280 357 -1723073393
71.307 362 -1723073393
71.333 369 -1723073393
71.360 378 -1723073393
71.387 386 -1723073393
71.413 389 -1723073393
71.440 388 -1723073393
71.467 387 -1723073393
71.493 385 -1723073393
71.520 379 -1723073393
71.547 372 -1723073393
71.573 365 -1723073393
71.600 357 -1723073393
71.627 350 -1723073393
71.653 343 -1723073393
71.680 335 -1723073393
71.707 324 -1723073393
71.733 311 -1723073393
71.760 294 -1723073393
71.787 277 -1723073393
71.813 265 -1723073393
71.840 253 -1723073393
71.867 243 -1723073393
71.893 239 -1723073393
71.920 238 -1723073393
71.947 235 -1723073393
71.973 236 -1723073393
72.000 239 -1723073393
72.027 243 -1723073393
72.053 248 -1723073393
72.080 256 -1723073393
72.107 263 -1723073393
72.133 265 -1723073393
72.160 263 -1723073393
72.187 261 -1723073393
72.213 257 -1723073393
72.240 251 -1723073393
72.267 246 -1723073393
72.293 240 -1723073393
72.320 232 -1723073393
72.347 224 -1723073393
72.373 216 -1723073393
72.400 208 -1723073393
72.427 202 -1723073393
72.453 196 -1723073393
72.480 190 -1723073393
72.507 190 -1723073393
72.533 195 -1723073393
72.560 200 -1723073393
72.587 206 -1723073393
72.613 214 -1723073393
72.640 225 -1723073393
72.667 238 -1723073393
72.693 249 -1723073393
72.720 260 -1723073393
72.747 268 -1723073393
72.773 273 -1723073393
72.800 278 -1723073393
72.827 285 -1723073393
72.853 288 -1723073393
72.880 286 -1723073393
72.907 283 -1723073393
72.933 281 -1723073393
72.960 277 -1723073393
72.987 267 -1723073393
73.013 258 -1723073393
73.040 250 -1723073393
73.067 243 -1723073393
73.093 235 -1723073393
73.120 226 -1723073393
73.147 217 -1723073393
73.173 207 -1723073393
73.200 196 -1723073393
73.227 185 -1723073393
73.253 181 -1723073393
73.280 182 -1723073393
73.307 182 -1723073393
73.333 183 -1723073393
73.360 183 -1723073393
73.387 183 -1723073393
73.413 184 -1723073393
73.440 186 -1723073393
73.467 187 -1723073393
73.493 189 -1723073393
73.520 193 -1723073393
73.547 194 -1723073393
73.573 197 -1723073393
73.600 206 -1723073393
73.627 220 -1723073393
73.653 234 -1723073393
73.680 245 -1723073393
73.707 254 -1723073393
73.733 262 -1723073393
73.760 272 -1723073393
73.787 288 -1723073393
73.813 301 -1723073393
73.840 308 -1723073393
73.867 315 -1723073393
73.893 324 -1723073393
73.920 328 -1723073393
73.947 329 -1723073393
73.973 325 -1723073393
74.000 315 -1723073393
74.027 300 -1723073393
74.053 283 -1723073393
74.080 265 -1723073393
74.107 247 -1723073393
74.133 227 -1723073393
74.160 207 -1723073393
74.187 186 -1723073393
74.213 167 -1723073393
74.240 154 -1723073393
74.267 142 -1723073393
74.293 130 -1723073393
74.320 120 -1723073393
74.347 110 -1723073393
74.373 103 -1723073393
74.400 100 -1723073393
74.427 100 -1723073393
74.453 101 -1723073393
74.480 110 -1723073393
74.507 125 -1723073393
74.533 137 -1723073393
74.560 146 -1723073393
74.587 158 -1723073393
74.613 169 -1723073393
74.640 175 -1723073393
74.667 186 -1723073393
74.693 199 -1723073393
74.720 207 -1723073393
74.747 212 -1723073393
74.773 221 -1723073393
74.800 230 -1723073393
74.827 236 -1723073393
74.853 240 -1723073393
74.880 242 -1723073393
74.907 241 -1723073393
74.933 242 -1723073393
74.960 247 -1723073393
74.987 253 -1723073393
75.013 256 -1723073393
75.040 261 -1723073393
75.067 265 -1723073393
75.093 266 -1723073393
75.120 267 -1723073393
75.147 267 -1723073393
75.173 266 -1723073393
75.200 269 -1723073393
75.227 276 -1723073393
75.253 282 -1723073393
75.280 286 -1723073393
75.307 289 -1723073393
75.333 290 -1723073393
75.360 287 -1723073393
75.387 283 -1723073393
75.413 281 -1723073393
75.440 282 -1723073393
75.467 287 -1723073393
75.493 291 -1723073393
75.520 291 -1723073393
75.547 290 -1723073393
75.573 286 -1723073393
75.600 279 -1723073393
75.627 270 -1723073393
75.653 264 -1723073393
75.680 265 -1723073393
75.707 268 -1723073393
75.733 272 -1723073393
75.760 275 -1723073393
75.787 274 -1723073393
75.813 273 -1723073393
75.840 270 -1723073393
75.867 262 -1723073393
75.893 249 -1723073393
75.920 232 -1723073393
75.947 219 -1723073393
75.973 208 -1723073393
76.000 192 -1723073393
76.027 172 -1723073393
76.053 156 -1723073393
76.080 140 -1723073393
76.107 119 -1723073393
76.133 100 -1723073393
76.160 88 -1723073393
76.187 82 -1723073393
76.213 79 -1723073393
76.240 83 -1723073393
76.267 93 -1723073393
76.293 103 -1723073393
76.320 115 -1723073393
76.347 133 -1723073393
76.373 155 -1723073393
76.400 176 -1723073393
76.427 199 -1723073393
76.453 226 -1723073393
76.480 249 -1723073393
76.507 267 -1723073393
76.533 286 -1723073393
76.560 308 -1723073393
76.587 324 -1723073393
76.613 334 -1723073393
76.640 346 -1723073393
76.667 354 -1723073393
76.693 355 -1723073393
76.720 356 -1723073393
76.747 354 -1723073393
76.773 349 -1723073393
76.800 342 -1723073393
76.827 340 -1723073393
76.853 335 -1723073393
76.880 328 -1723073393
76.907 320 -1723073393
76.933 309 -1723073393
76.960 301 -1723073393
76.987 296 -1723073393
77.013 291 -1723073393
77.040 285 -1723073393
77.067 280 -1723073393
77.093 275 -1723073393
77.120 268 -1723073393
77.147 265 -1723073393
77.173 269 -1723073393
77.200 273 -1723073393
77.227 278 -1723073393
77.253 287 -1723073393
77.280 295 -1723073393
77.307 300 -1723073393
77.333 310 -1723073393
77.360 324 -1723073393
77.387 335 -1723073393
77.413 347 -1723073393
77.440 358 -1723073393
77.467 361 -1723073393
77.493 359 -1723073393
77.520 361 -1723073393
77.547 365 -1723073393
77.573 366 -1723073393
77.600 365 -1723073393
77.627 361 -1723073393
77.653 351 -1723073393
77.680 340 -1723073393
77.707 332 -1723073393
77.733 321 -1723073393
77.760 310 -1723073393
77.787 300 -1723073393
77.813 285 -1723073393
77.840 270 -1723073393
77.867 261 -1723073393
77.893 256 -1723073393
77.920 252 -1723073393
77.947 249 -1723073393
77.973 244 -1723073393
78.000 237 -1723073393
78.027 237 -1723073393
78.053 240 -1723073393
78.080 241 -1723073393
78.107 243 -1723073393
78.133 244 -1723073393
78.160 244 -1723073393
78.187 249 -1723073393
78.213 259 -1723073393
78.240 272 -1723073393
78.267 279 -1723073393
78.293 284 -1723073393
78.320 288 -1723073393
78.347 288 -1723073393
78.373 286 -1723073393
78.400 285 -1723073393
78.427 284 -1723073393
78.453 286 -1723073393
78.480 293 -1723073393
78.507 293 -1723073393
78.533 282 -1723073393
78.560 273 -1723073393
78.587 269 -1723073393
78.613 262 -1723073393
78.640 255 -1723073393
78.667 251 -1723073393
78.693 242 -1723073393
78.720 230 -1723073393
78.747 220 -1723073393
78.773 208 -1723073393
78.800 194 -1723073393
78.827 184 -1723073393
78.853 177 -1723073393
78.880 167 -1723073393
78.907 160 -1723073393
78.933 153 -1723073393
78.960 146 -1723073393
78.987 146 -1723073393
79.013 148 -1723073393
79.040 148 -1723073393
79.067 152 -1723073393
79.093 157 -1723073393
79.120 158 -1723073393
79.147 161 -1723073393
79.173 172 -1723073393
79.200 179 -1723073393
79.227 185 -1723073393
79.253 197 -1723073393
79.280 205 -1723073393
79.307 205 -1723073393
79.333 207 -1723073393
79.360 205 -1723073393
79.387 199 -1723073393
79.413 197 -1723073393
79.440 197 -1723073393
79.467 193 -1723073393
79.493 188 -1723073393
79.520 185 -1723073393
79.547 178 -1723073393
79.573 164 -1723073393
79.600 152 -1723073393
79.627 137 -1723073393
79.653 118 -1723073393
79.680 103 -1723073393
79.707 87 -1723073393
79.733 66 -1723073393
79.760 48 -1723073393
79.787 37 -1723073393
79.813 28 -1723073393
79.840 22 -1723073393
79.867 28 -1723073393
79.893 37 -1723073393
79.920 47 -1723073393
79.947 61 -1723073393
79.973 74 -1723073393
80.000 84 -1723073393
80.027 101 -1723073393
80.053 123 -1723073393
80.080 146 -1723073393
80.107 170 -1723073393
80.133 197 -1723073393
80.160 221 -1723073393
80.187 246 -1723073393
80.213 268 -1723073393
80.240 280 -1723073393
80.267 288 -1723073393
80.293 296 -1723073393
80.320 299 -1723073393
80.347 295 -1723073393
80.373 291 -1723073393
80.400 287 -1723073393
80.427 280 -1723073393
80.453 275 -1723073393
80.480 270 -1723073393
80.507 259 -1723073393
80.533 248 -1723073393
80.560 241 -1723073393
80.587 233 -1723073393
80.613 226 -1723073393
80.640 223 -1723073393
80.667 225 -1723073393
80.693 227 -1723073393
80.720 228 -1723073393
80.747 232 -1723073393
80.773 239 -1723073393
80.800 249 -1723073393
80.827 256 -1723073393
80.853 261 -1723073393
80.880 261 -1723073393
80.907 262 -1723073393
80.933 262 -1723073393
80.960 264 -1723073393
80.987 271 -1723073393
81.013 274 -1723073393
81.040 272 -1723073393
81.067 269 -1723073393
81.093 262 -1723073393
81.120 250 -1723073393
81.147 241 -1723073393
81.173 231 -1723073393
81.200 220 -1723073393
81.227 212 -1723073393
81.253 200 -1723073393
81.280 188 -1723073393
81.307 176 -1723073393
81.333 160 -1723073393
81.360 143 -1723073393
81.387 126 -1723073393
81.413 113 -1723073393
81.440 98 -1723073393
81.467 86 -1723073393
81.493 83 -1723073393
81.520 85 -1723073393
81.547 85 -1723073393
81.573 91 -1723073393
81.600 102 -1723073393
81.627 114 -1723073393
81.653 128 -1723073393
81.680 145 -1723073393
81.707 159 -1723073393
81.733 174 -1723073393
81.760 190 -1723073393
81.787 208 -1723073393
81.813 226 -1723073393
81.840 243 -1723073393
81.867 258 -1723073393
81.893 270 -1723073393
81.920 283 -1723073393
81.947 295 -1723073393
81.973 305 -1723073393
82.000 310 -1723073393
82.027 316 -1723073393
82.053 323 -1723073393
82.080 331 -1723073393
82.107 338 -1723073393
82.133 343 -1723073393
82.160 344 -1723073393
82.187 344 -1723073393
82.213 343 -1723073393
82.240 338 -1723073393
82.267 328 -1723073393
82.293 319 -1723073393
82.320 310 -1723073393
82.347 302 -1723073393
82.373 293 -1723073393
82.400 280 -1723073393
82.427 269 -1723073393
82.453 262 -1723073393
82.480 254 -1723073393
82.507 246 -1723073393
82.533 244 -1723073393
82.560 244 -1723073393
82.587 241 -1723073393
82.613 239 -1723073393
82.640 243 -1723073393
82.667 247 -1723073393
82.693 259 -1723073393
82.720 269 -1723073393
82.747 272 -1723073393
82.773 275 -1723073393
82.800 280 -1723073393
82.827 285 -1723073393
82.853 292 -1723073393
82.880 293 -1723073393
82.907 289 -1723073393
82.933 286 -1723073393
82.960 284 -1723073393
82.987 280 -1723073393
83.013 276 -1723073393
83.040 273 -1723073393
83.067 268 -1723073393
83.093 261 -1723073393
83.120 253 -1723073393
83.147 243 -1723073393
83.173 230 -1723073393
83.200 223 -1723073393
83.227 212 -1723073393
83.253 201 -1723073393
83.280 197 -1723073393
83.307 193 -1723073393
83.333 187 -1723073393
83.360 186 -1723073393
83.387 185 -1723073393
83.413 181 -1723073393
83.440 178 -1723073393
83.467 179 -1723073393
83.493 182 -1723073393
83.520 188 -1723073393
83.547 199 -1723073393
83.573 206 -1723073393
83.600 211 -1723073393
83.627 218 -1723073393
83.653 229 -1723073393
83.680 239 -1723073393
83.707 248 -1723073393
83.733 254 -1723073393
83.760 254 -1723073393
83.787 252 -1723073393
83.813 250 -1723073393
83.840 246 -1723073393
83.867 243 -1723073393
83.893 241 -1723073393
83.920 237 -1723073393
83.947 234 -1723073393
83.973 226 -1723073393
84.000 215 -1723073393
84.027 214 -1723073393
84.053 215 -1723073393
84.080 207 -1723073393
84.107 203 -1723073393
84.133 206 -1723073393
84.160 209 -1723073393
84.187 212 -1723073393
84.213 221 -1723073393
84.240 228 -1723073393
84.267 235 -1723073393
84.293 244 -1723073393
84.320 245 -1723073393
84.347 242 -1723073393
84.373 244 -1723073393
84.400 245 -1723073393
84.427 242 -1723073393
84.453 243 -1723073393
84.480 245 -1723073393
84.507 241 -1723073393
84.533 242 -1723073393
84.560 243 -1723073393
84.587 242 -1723073393
84.613 240 -1723073393
84.640 238 -1723073393
84.667 234 -1723073393
84.693 228 -1723073393
84.720 223 -1723073393
84.747 217 -1723073393
84.773 209 -1723073393
84.800 206 -1723073393
84.827 198 -1723073393
84.853 185 -1723073393
84.880 171 -1723073393
84.907 161 -1723073393
84.933 151 -1723073393
84.960 142 -1723073393
84.987 136 -1723073393
85.013 136 -1723073393
85.040 141 -1723073393
85.067 145 -1723073393
85.093 145 -1723073393
85.120 149 -1723073393
85.147 155 -1723073393
85.173 158 -1723073393
85.200 165 -1723073393
85.227 174 -1723073393
85.253 178 -1723073393
85.280 182 -1723073393
85.307 187 -1723073393
85.333 187 -1723073393
85.360 188 -1723073393
85.387 192 -1723073393
85.413 194 -1723073393
85.440 198 -1723073393
85.467 203 -1723073393
85.493 202 -1723073393
85.520 201 -1723073393
85.547 202 -1723073393
85.573 201 -1723073393
85.600 202 -1723073393
85.627 211 -1723073393
85.653 220 -1723073393
85.680 226 -1723073393
85.707 235 -1723073393
85.733 242 -1723073393
85.760 245 -1723073393
85.787 254 -1723073393
85.813 264 -1723073393
85.840 267 -1723073393
85.867 271 -1723073393
85.893 278 -1723073393
85.920 281 -1723073393
85.947 284 -1723073393
85.973 289 -1723073393
86.000 288 -1723073393
86.027 287 -1723073393
86.053 290 -1723073393
86.080 288 -1723073393
86.107 279 -1723073393
86.133 272 -1723073393
86.160 261 -1723073393
86.187 250 -1723073393
86.213 237 -1723073393
86.240 224 -1723073393
86.267 214 -1723073393
86.293 206 -1723073393
86.320 192 -1723073393
86.347 182 -1723073393
86.373 182 -1723073393
86.400 184 -1723073393
86.427 184 -1723073393
86.453 187 -1723073393
86.480 188 -1723073393
86.507 189 -1723073393
86.533 194 -1723073393
86.560 194 -1723073393
86.587 193 -1723073393
86.613 194 -1723073393
86.640 190 -1723073393
86.667 184 -1723073393
86.693 184 -1723073393
86.720 183 -1723073393
86.747 179 -1723073393
86.773 176 -1723073393
86.800 172 -1723073393
86.827 165 -1723073393
86.853 162 -1723073393
86.880 158 -1723073393
86.907 154 -1723073393
86.933 157 -1723073393
86.960 157 -1723073393
86.987 157 -1723073393
87.013 162 -1723073393
87.040 169 -1723073393
87.067 174 -1723073393
87.093 181 -1723073393
87.120 188 -1723073393
87.147 190 -1723073393
87.173 195 -1723073393
87.200 204 -1723073393
87.227 212 -1723073393
87.253 219 -1723073393
87.280 226 -1723073393
87.307 233 -1723073393
87.333 243 -1723073393
87.360 246 -1723073393
87.387 243 -1723073393
87.413 239 -1723073393
87.440 241 -1723073393
87.467 240 -1723073393
87.493 243 -1723073393
87.520 246 -1723073393
87.547 243 -1723073393
87.573 241 -1723073393
87.600 237 -1723073393
87.627 234 -1723073393
87.653 236 -1723073393
87.680 240 -1723073393
87.707 240 -1723073393
87.733 240 -1723073393
87.760 236 -1723073393
87.787 232 -1723073393
87.813 234 -1723073393
87.840 232 -1723073393
87.867 228 -1723073393
87.893 230 -1723073393
87.920 230 -1723073393
87.947 225 -1723073393
87.973 221 -1723073393
88.000 221 -1723073393
88.027 220 -1723073393
88.053 217 -1723073393
88.080 212 -1723073393
88.107 208 -1723073393
88.133 207 -1723073393
88.160 204 -1723073393
88.187 203 -1723073393
88.213 206 -1723073393
88.240 207 -1723073393
88.267 208 -1723073393
88.293 217 -1723073393
88.320 228 -1723073393
88.347 233 -1723073393
88.373 232 -1723073393
88.400 230 -1723073393
88.427 225 -1723073393
88.453 218 -1723073393
88.480 216 -1723073393
88.507 210 -1723073393
88.533 204 -1723073393
88.560 203 -1723073393
88.587 203 -1723073393
88.613 203 -1723073393
88.640 203 -1723073393
88.667 198 -1723073393
88.693 190 -1723073393
88.720 179 -1723073393
88.747 165 -1723073393
88.773 156 -1723073393
88.800 150 -1723073393
88.827 144 -1723073393
88.853 140 -1723073393
88.880 141 -1723073393
88.907 136 -1723073393
88.933 130 -1723073393
88.960 128 -1723073393
88.987 126 -1723073393
89.013 125 -1723073393
89.040 131 -1723073393
89.067 137 -1723073393
89.093 146 -1723073393
89.120 154 -1723073393
89.147 156 -1723073393
89.173 156 -1723073393
89.200 162 -1723073393
89.227 167 -1723073393
89.253 173 -1723073393
89.280 184 -1723073393
89.307 189 -1723073393
89.333 193 -1723073393
89.360 197 -1723073393
89.387 198 -1723073393
89.413 199 -1723073393
89.440 201 -1723073393
89.467 201 -1723073393
89.493 205 -1723073393
89.520 211 -1723073393
89.547 213 -1723073393
89.573 218 -1723073393
89.600 224 -1723073393
89.627 221 -1723073393
89.653 210 -1723073393
89.680 202 -1723073393
89.707 198 -1723073393
89.733 189 -1723073393
89.760 177 -1723073393
89.787 163 -1723073393
89.813 150 -1723073393
89.840 143 -1723073393
89.867 140 -1723073393
89.893 139 -1723073393
89.920 141 -1723073393
89.947 140 -1723073393
89.973 139 -1723073393
90.000 142 -1723073393
90.027 143 -1723073393
90.053 144 -1723073393
90.080 152 -1723073393
90.107 162 -1723073393
90.133 173 -1723073393
90.160 182 -1723073393
90.187 189 -1723073393
90.213 192 -1723073393
90.240 194 -1723073393
90.267 198 -1723073393
90.293 198 -1723073393
90.320 195 -1723073393
90.347 192 -1723073393
90.373 186 -1723073393
90.400 175 -1723073393
90.427 164 -1723073393
90.453 153 -1723073393
90.480 145 -1723073393
90.507 141 -1723073393
90.533 138 -1723073393
90.560 137 -1723073393
90.587 135 -1723073393
90.613 133 -1723073393
90.640 130 -1723073393
90.667 127 -1723073393
90.693 126 -1723073393
90.720 126 -1723073393
90.747 124 -1723073393
90.773 127 -1723073393
90.800 134 -1723073393
90.827 146 -1723073393
90.853 163 -1723073393
90.880 179 -1723073393
90.907 194 -1723073393
90.933 208 -1723073393
90.960 221 -1723073393
90.987 235 -1723073393
91.013 248 -1723073393
91.040 258 -1723073393
91.067 269 -1723073393
91.093 280 -1723073393
91.120 289 -1723073393
91.147 296 -1723073393
91.173 301 -1723073393
91.200 307 -1723073393
91.227 318 -1723073393
91.253 329 -1723073393
91.280 332 -1723073393
91.307 337 -1723073393
91.333 342 -1723073393
91.360 344 -1723073393
91.387 347 -1723073393
91.413 345 -1723073393
91.440 343 -1723073393
91.467 349 -1723073393
91.493 351 -1723073393
91.520 348 -1723073393
91.547 349 -1723073393
91.573 346 -1723073393
91.600 341 -1723073393
91.627 331 -1723073393
91.653 318 -1723073393
91.680 306 -1723073393
91.707 297 -1723073393
91.733 289 -1723073393
91.760 289 -1723073393
91.787 291 -1723073393
91.813 291 -1723073393
91.840 294 -1723073393
91.867 293 -1723073393
91.893 297 -1723073393
91.920 304 -1723073393
91.947 307 -1723073393
91.973 310 -1723073393
92.000 316 -1723073393
92.027 322 -1723073393
92.053 329 -1723073393
92.080 337 -1723073393
92.107 339 -1723073393
92.133 348 -1723073393
92.160 362 -1723073393
92.187 369 -1723073393
92.213 373 -1723073393
92.240 376 -1723073393
92.267 369 -1723073393
92.293 365 -1723073393
92.320 361 -1723073393
92.347 356 -1723073393
92.373 353 -1723073393
92.400 344 -1723073393
92.427 334 -1723073393
92.453 331 -1723073393
92.480 320 -1723073393
92.507 313 -1723073393
92.533 310 -1723073393
92.560 305 -1723073393
92.587 306 -1723073393
92.613 307 -1723073393
92.640 306 -1723073393
92.667 314 -1723073393
92.693 321 -1723073393
92.720 326 -1723073393
92.747 337 -1723073393
92.773 345 -1723073393
92.800 353 -1723073393
92.827 365 -1723073393
92.853 369 -1723073393
92.880 379 -1723073393
92.907 389 -1723073393
92.933 396 -1723073393
92.960 410 -1723073393
92.987 416 -1723073393
93.013 416 -1723073393
93.040 419 -1723073393
93.067 414 -1723073393
93.093 414 -1723073393
93.120 413 -1723073393
93.147 406 -1723073393
93.173 405 -1723073393
93.200 399 -1723073393
93.227 391 -1723073393
93.253 385 -1723073393
93.280 372 -1723073393
93.307 360 -1723073393
93.333 351 -1723073393
93.360 337 -1723073393
93.387 328 -1723073393
93.413 324 -1723073393
93.440 319 -1723073393
93.467 315 -1723073393
93.493 306 -1723073393
93.520 302 -1723073393
93.547 300 -1723073393
93.573 296 -1723073393
93.600 301 -1723073393
93.627 310 -1723073393
93.653 321 -1723073393
93.680 335 -1723073393
93.707 344 -1723073393
93.733 348 -1723073393
93.760 357 -1723073393
93.787 362 -1723073393
93.813 369 -1723073393
93.840 378 -1723073393
93.867 381 -1723073393
93.893 382 -1723073393
93.920 373 -1723073393
93.947 364 -1723073393
93.973 365 -1723073393
94.000 359 -1723073393
94.027 356 -1723073393
94.053 349 -1723073393
94.080 338 -1723073393
94.107 333 -1723073393
94.133 323 -1723073393
94.160 320 -1723073393
94.187 320 -1723073393
94.213 310 -1723073393
94.240 310 -1723073393
94.267 309 -1723073393
94.293 303 -1723073393
94.320 302 -1723073393
94.347 298 -1723073393
94.373 296 -1723073393
94.400 296 -1723073393
94.427 296 -1723073393
94.453 308 -1723073393
94.480 314 -1723073393
94.507 315 -1723073393
94.533 316 -1723073393
94.560 313 -1723073393
94.587 319 -1723073393
94.613 326 -1723073393
94.640 335 -1723073393
94.667 344 -1723073393
94.693 347 -1723073393
94.720 349 -1723073393
94.747 355 -1723073393
94.773 359 -1723073393
94.800 366 -1723073393
94.827 364 -1723073393
94.853 356 -1723073393
94.880 352 -1723073393
94.907 344 -1723073393
94.933 341 -1723073393
94.960 335 -1723073393
94.987 323 -1723073393
95.013 319 -1723073393
95.040 319 -1723073393
95.067 321 -1723073393
95.093 319 -1723073393
95.120 316 -1723073393
95.147 314 -1723073393
95.173 314 -1723073393
95.200 311 -1723073393
95.227 308 -1723073393
95.253 303 -1723073393
95.280 300 -1723073393
95.307 299 -1723073393
95.333 295 -1723073393
95.360 292 -1723073393
95.387 285 -1723073393
95.413 276 -1723073393
95.440 266 -1723073393
95.467 260 -1723073393
95.493 259 -1723073393
95.520 262 -1723073393
95.547 261 -1723073393
95.573 262 -1723073393
95.600 261 -1723073393
95.627 259 -1723073393
95.653 262 -1723073393
95.680 260 -1723073393
95.707 255 -1723073393
95.733 246 -1723073393
95.760 239 -1723073393
95.787 234 -1723073393
95.813 227 -1723073393
95.840 217 -1723073393
95.867 212 -1723073393
95.893 205 -1723073393
95.920 199 -1723073393
95.947 190 -1723073393
95.973 177 -1723073393
96.000 165 -1723073393
96.027 146 -1723073393
96.053 141 -1723073393
96.080 140 -1723073393
96.107 139 -1723073393
96.133 143 -1723073393
96.160 139 -1723073393
96.187 144 -1723073393
96.213 151 -1723073393
96.240 154 -1723073393
96.267 161 -1723073393
96.293 160 -1723073393
96.320 159 -1723073393
96.347 163 -1723073393
96.373 165 -1723073393
96.400 178 -1723073393
96.427 191 -1723073393
96.453 202 -1723073393
96.480 209 -1723073393
96.507 212 -1723073393
96.533 220 -1723073393
96.560 222 -1723073393
96.587 225 -1723073393
96.613 223 -1723073393
96.640 208 -1723073393
96.667 194 -1723073393
96.693 181 -1723073393
96.720 176 -1723073393
96.747 170 -1723073393
96.773 165 -1723073393
96.800 160 -1723073393
96.827 151 -1723073393
96.853 139 -1723073393
96.880 120 -1723073393
96.907 105 -1723073393
96.933 90 -1723073393
96.960 81 -1723073393
96.987 79 -1723073393
97.013 74 -1723073393
97.040 73 -1723073393
97.067 69 -1723073393
97.093 70 -1723073393
97.120 65 -1723073393
97.147 61 -1723073393
97.173 66 -1723073393
97.200 67 -1723073393
97.227 77 -1723073393
97.253 82 -1723073393
97.280 92 -1723073393
97.307 99 -1723073393
97.333 99 -1723073393
97.360 105 -1723073393
97.387 104 -1723073393
97.413 110 -1723073393
97.440 108 -1723073393
97.467 101 -1723073393
97.493 89 -1723073393
97.520 72 -1723073393
97.547 65 -1723073393
97.573 54 -1723073393
97.600 56 -1723073393
97.627 51 -1723073393
97.653 54 -1723073393
97.680 52 -1723073393
97.707 43 -1723073393
97.733 41 -1723073393
97.760 25 -1723073393
97.787 29 -1723073393
97.813 24 -1723073393
97.840 34 -1723073393
97.867 43 -1723073393
97.893 43 -1723073393
97.920 56 -1723073393
97.947 54 -1723073393
97.973 66 -1723073393
98.000 65 -1723073393
98.027 72 -1723073393
98.053 72 -1723073393
98.080 74 -1723073393
98.107 82 -1723073393
98.133 86 -1723073393
98.160 103 -1723073393
98.187 107 -1723073393
98.213 117 -1723073393
98.240 115 -1723073393
98.267 120 -1723073393
98.293 117 -1723073393
98.320 114 -1723073393
98.347 120 -1723073393
98.373 118 -1723073393
98.400 117 -1723073393
98.427 106 -1723073393
98.453 103 -1723073393
98.480 94 -1723073393
98.507 92 -1723073393
98.533 86 -1723073393
98.560 84 -1723073393
98.587 81 -1723073393
98.613 79 -1723073393
98.640 77 -1723073393
98.667 71 -1723073393
98.693 69 -1723073393
98.720 60 -1723073393
98.747 58 -1723073393
98.773 47 -1723073393
98.800 44 -1723073393
98.827 34 -1723073393
98.853 36 -1723073393
98.880 28 -1723073393
98.907 25 -1723073393
98.933 24 -1723073393
98.960 24 -1723073393
98.987 36 -1723073393
99.013 32 -1723073393
99.040 43 -1723073393
99.067 35 -1723073393
99.093 39 -1723073393
99.120 31 -1723073393
99.147 37 -1723073393
99.173 26 -1723073393
99.200 30 -1723073393
99.227 18 -1723073393
99.253 20 -1723073393
99.280 19 -1723073393
99.307 30 -1723073393
99.333 35 -1723073393
99.360 33 -1723073393
99.387 26 -1723073393
99.413 21 -1723073393
99.440 16 -1723073393
99.467 7 -1723073393
99.493 9 -1723073393
99.520 -6 -1723073393
99.547 -10 -1723073393
99.573 -23 -1723073393
99.600 -20 -1723073393
99.627 -25 -1723073393
99.653 -14 -1723073393
99.680 -22 -1723073393
99.707 -18 -1723073393
99.733 -32 -1723073393
99.760 -34 -1723073393
99.787 -45 -1723073393
99.813 -29 -1723073393
99.840 -32 -1723073393
99.867 -13 -1723073393
99.893 -23 -1723073393
99.920 -9 -1723073393
99.947 -13 -1723073393
99.973 9 -1723073393
100.000 0 -1723073393
