0.000 14 -1723073393
0.027 9 -1723073393
0.053 7 -1723073393
0.080 6 -1723073393
0.107 8 -1723073393
0.133 13 -1723073393
0.160 18 -1723073393
0.187 23 -1723073393
0.213 23 -1723073393
0.240 21 -1723073393
0.267 21 -1723073393
0.293 20 -1723073393
0.320 16 -1723073393
0.347 14 -1723073393
0.373 18 -1723073393
0.400 20 -1723073393
0.427 24 -1723073393
0.453 27 -1723073393
0.480 22 -1723073393
0.507 21 -1723073393
0.533 18 -1723073393
0.560 16 -1723073393
0.587 17 -1723073393
0.613 11 -1723073393
0.640 10 -1723073393
0.667 9 -1723073393
0.693 7 -1723073393
0.720 12 -1723073393
0.747 13 -1723073393
0.773 11 -1723073393
0.800 9 -1723073393
0.827 3 -1723073393
0.853 4 -1723073393
0.880 9 -1723073393
0.907 10 -1723073393
0.933 14 -1723073393
0.960 10 -1723073393
0.987 7 -1723073393
1.013 11 -1723073393
1.040 7 -1723073393
1.067 3 -1723073393
1.093 0 -1723073393
1.120 -7 -1723073393
1.147 -3 -1723073393
1.173 -1 -1723073393
1.200 -4 -1723073393
1.227 -1 -1723073393
1.253 -11 -1723073393
1.280 -20 -1723073393
1.307 -16 -1723073393
1.333 -19 -1723073393
1.360 -17 -1723073393
1.387 -11 -1723073393
1.413 -13 -1723073393
1.440 -3 -1723073393
1.467 1 -1723073393
1.493 -3 -1723073393
1.520 -1 -1723073393
1.547 -4 -1723073393
1.573 -3 -1723073393
1.600 1 -1723073393
1.627 -1 -1723073393
1.653 6 -1723073393
1.680 8 -1723073393
1.707 2 -1723073393
1.733 5 -1723073393
1.760 -1 -1723073393
1.787 -7 -1723073393
1.813 -10 -1723073393
1.840 -21 -1723073393
1.867 -23 -1723073393
1.893 -21 -1723073393
1.920 -21 -1723073393
1.947 -7 -1723073393
1.973 -1 -1723073393
2.000 -4 -1723073393
2.027 -5 -1723073393
2.053 -13 -1723073393
2.080 -13 -1723073393
2.107 -10 -1723073393
2.133 -11 -1723073393
2.160 -8 -1723073393
2.187 -9 -1723073393
2.213 -11 -1723073393
2.240 -11 -1723073393
2.267 -16 -1723073393
2.293 -19 -1723073393
2.320 -20 -1723073393
2.347 -25 -1723073393
2.373 -23 -1723073393
2.400 -20 -1723073393
2.427 -23 -1723073393
2.453 -22 -1723073393
2.480 -22 -1723073393
2.507 -20 -1723073393
2.533 -16 -1723073393
2.560 -19 -1723073393
2.587 -18 -1723073393
2.613 -12 -1723073393
2.640 -15 -1723073393
2.667 -15 -1723073393
2.693 -19 -1723073393
2.720 -26 -1723073393
2.747 -24 -1723073393
2.773 -27 -1723073393
2.800 -29 -1723073393
2.827 -29 -1723073393
2.853 -37 -1723073393
2.880 -36 -1723073393
2.907 -33 -1723073393
2.933 -33 -1723073393
2.960 -27 -1723073393
2.987 -24 -1723073393
3.013 -26 -1723073393
3.040 -24 -1723073393
3.067 -29 -1723073393
3.093 -28 -1723073393
3.120 -22 -1723073393
3.147 -22 -1723073393
3.173 -19 -1723073393
3.200 -21 -1723073393
3.227 -24 -1723073393
3.253 -20 -1723073393
3.280 -24 -1723073393
3.307 -21 -1723073393
3.333 -13 -1723073393
3.360 -15 -1723073393
3.387 -15 -1723073393
3.413 -16 -1723073393
3.440 -22 -1723073393
3.467 -22 -1723073393
3.493 -27 -1723073393
3.520 -34 -1723073393
3.547 -31 -1723073393
3.573 -34 -1723073393
3.600 -32 -1723073393
3.627 -26 -1723073393
3.653 -31 -1723073393
3.680 -31 -1723073393
3.707 -32 -1723073393
3.733 -37 -1723073393
3.760 -34 -1723073393
3.787 -34 -1723073393
3.813 -36 -1723073393
3.840 -36 -1723073393
3.867 -44 -1723073393
3.893 -43 -1723073393
3.920 -36 -1723073393
3.947 -38 -1723073393
3.973 -35 -1723073393
4.000 -33 -1723073393
4.027 -33 -1723073393
4.053 -23 -1723073393
4.080 -24 -1723073393
4.107 -33 -1723073393
4.133 -32 -1723073393
4.160 -35 -1723073393
4.187 -33 -1723073393
4.213 -28 -1723073393
4.240 -29 -1723073393
4.267 -23 -1723073393
4.293 -20 -1723073393
4.320 -25 -1723073393
4.347 -25 -1723073393
4.373 -27 -1723073393
4.400 -23 -1723073393
4.427 -16 -1723073393
4.453 -23 -1723073393
4.480 -26 -1723073393
4.507 -22 -1723073393
4.533 -30 -1723073393
4.560 -34 -1723073393
4.587 -35 -1723073393
4.613 -33 -1723073393
4.640 -27 -1723073393
4.667 -32 -1723073393
4.693 -41 -1723073393
4.720 -42 -1723073393
4.747 -48 -1723073393
4.773 -46 -1723073393
4.800 -41 -1723073393
4.827 -41 -1723073393
4.853 -34 -1723073393
4.880 -32 -1723073393
4.907 -29 -1723073393
4.933 -23 -1723073393
4.960 -21 -1723073393
4.987 -18 -1723073393
5.013 -14 -1723073393
5.040 -18 -1723073393
5.067 -20 -1723073393
5.093 -25 -1723073393
5.120 -32 -1723073393
5.147 -27 -1723073393
5.173 -24 -1723073393
5.200 -23 -1723073393
5.227 -17 -1723073393
5.253 -16 -1723073393
5.280 -11 -1723073393
5.307 -7 -1723073393
5.333 -13 -1723073393
5.360 -13 -1723073393
5.387 -15 -1723073393
5.413 -18 -1723073393
5.440 -17 -1723073393
5.467 -16 -1723073393
5.493 -17 -1723073393
5.520 -16 -1723073393
5.547 -20 -1723073393
5.573 -17 -1723073393
5.600 -14 -1723073393
5.627 -18 -1723073393
5.653 -22 -1723073393
5.680 -21 -1723073393
5.707 -18 -1723073393
5.733 -15 -1723073393
5.760 -12 -1723073393
5.787 -8 -1723073393
5.813 -6 -1723073393
5.840 -13 -1723073393
5.867 -9 -1723073393
5.893 -6 -1723073393
5.920 -10 -1723073393
5.947 -7 -1723073393
5.973 -5 -1723073393
6.000 -8 -1723073393
6.027 -7 -1723073393
6.053 -7 -1723073393
6.080 -10 -1723073393
6.107 -11 -1723073393
6.133 -18 -1723073393
6.160 -23 -1723073393
6.187 -23 -1723073393
6.213 -26 -1723073393
6.240 -26 -1723073393
6.267 -27 -1723073393
6.293 -21 -1723073393
6.320 -16 -1723073393
6.347 -19 -1723073393
6.373 -16 -1723073393
6.400 -17 -1723073393
6.427 -17 -1723073393
6.453 -10 -1723073393
6.480 -13 -1723073393
6.507 -17 -1723073393
6.533 -13 -1723073393
6.560 -16 -1723073393
6.587 -13 -1723073393
6.613 -9 -1723073393
6.640 -10 -1723073393
6.667 -1 -1723073393
6.693 -2 -1723073393
6.720 -9 -1723073393
6.747 -6 -1723073393
6.773 -10 -1723073393
6.800 -13 -1723073393
6.827 -10 -1723073393
6.853 -19 -1723073393
6.880 -21 -1723073393
6.907 -21 -1723073393
6.933 -28 -1723073393
6.960 -25 -1723073393
6.987 -18 -1723073393
7.013 -20 -1723073393
7.040 -14 -1723073393
7.067 -14 -1723073393
7.093 -18 -1723073393
7.120 -17 -1723073393
7.147 -20 -1723073393
7.173 -26 -1723073393
7.200 -26 -1723073393
7.227 -28 -1723073393
7.253 -25 -1723073393
7.280 -23 -1723073393
7.307 -29 -1723073393
7.333 -23 -1723073393
7.360 -18 -1723073393
7.387 -24 -1723073393
7.413 -24 -1723073393
7.440 -32 -1723073393
7.467 -39 -1723073393
7.493 -36 -1723073393
7.520 -46 -1723073393
7.547 -48 -1723073393
7.573 -45 -1723073393
7.600 -43 -1723073393
7.627 -30 -1723073393
7.653 -26 -1723073393
7.680 -30 -1723073393
7.707 -26 -1723073393
7.733 -32 -1723073393
7.760 -34 -1723073393
7.787 -27 -1723073393
7.813 -31 -1723073393
7.840 -27 -1723073393
7.867 -23 -1723073393
7.893 -29 -1723073393
7.920 -26 -1723073393
7.947 -27 -1723073393
7.973 -31 -1723073393
8.000 -26 -1723073393
8.027 -33 -1723073393
8.053 -34 -1723073393
8.080 -28 -1723073393
8.107 -37 -1723073393
8.133 -41 -1723073393
8.160 -43 -1723073393
8.187 -51 -1723073393
8.213 -45 -1723073393
8.240 -45 -1723073393
8.267 -50 -1723073393
8.293 -43 -1723073393
8.320 -46 -1723073393
8.347 -49 -1723073393
8.373 -43 -1723073393
8.400 -48 -1723073393
8.427 -43 -1723073393
8.453 -36 -1723073393
8.480 -37 -1723073393
8.507 -26 -1723073393
8.533 -23 -1723073393
8.560 -26 -1723073393
8.587 -15 -1723073393
8.613 -19 -1723073393
8.640 -24 -1723073393
8.667 -15 -1723073393
8.693 -22 -1723073393
8.720 -20 -1723073393
8.747 -12 -1723073393
8.773 -22 -1723073393
8.800 -23 -1723073393
8.827 -22 -1723073393
8.853 -25 -1723073393
8.880 -18 -1723073393
8.907 -24 -1723073393
8.933 -28 -1723073393
8.960 -19 -1723073393
8.987 -23 -1723073393
9.013 -16 -1723073393
9.040 -5 -1723073393
9.067 -6 -1723073393
9.093 -3 -1723073393
9.120 -5 -1723073393
9.147 -16 -1723073393
9.173 -13 -1723073393
9.200 -18 -1723073393
9.227 -20 -1723073393
9.253 -16 -1723073393
9.280 -27 -1723073393
9.307 -29 -1723073393
9.333 -25 -1723073393
9.360 -32 -1723073393
9.387 -24 -1723073393
9.413 -21 -1723073393
9.440 -29 -1723073393
9.467 -25 -1723073393
9.493 -28 -1723073393
9.520 -30 -1723073393
9.547 -23 -1723073393
9.573 -31 -1723073393
9.600 -33 -1723073393
9.627 -30 -1723073393
9.653 -37 -1723073393
9.680 -34 -1723073393
9.707 -34 -1723073393
9.733 -40 -1723073393
9.760 -32 -1723073393
9.787 -35 -1723073393
9.813 -45 -1723073393
9.840 -43 -1723073393
9.867 -50 -1723073393
9.893 -47 -1723073393
9.920 -39 -1723073393
9.947 -46 -1723073393
9.973 -39 -1723073393
10.000 -36 -1723073393
10.027 -45 -1723073393
10.053 -35 -1723073393
10.080 -31 -1723073393
10.107 -34 -1723073393
10.133 -25 -1723073393
10.160 -32 -1723073393
10.187 -41 -1723073393
10.213 -41 -1723073393
10.240 -50 -1723073393
10.267 -48 -1723073393
10.293 -38 -1723073393
10.320 -34 -1723073393
10.347 -18 -1723073393
10.373 -5 -1723073393
10.400 2 -1723073393
10.427 21 -1723073393
10.453 30 -1723073393
10.480 42 -1723073393
10.507 65 -1723073393
10.533 77 -1723073393
10.560 92 -1723073393
10.587 115 -1723073393
10.613 136 -1723073393
10.640 158 -1723073393
10.667 173 -1723073393
10.693 178 -1723073393
10.720 184 -1723073393
10.747 184 -1723073393
10.773 177 -1723073393
10.800 171 -1723073393
10.827 157 -1723073393
10.853 141 -1723073393
10.880 126 -1723073393
10.907 103 -1723073393
10.933 80 -1723073393
10.960 55 -1723073393
10.987 25 -1723073393
11.013 3 -1723073393
11.040 -16 -1723073393
11.067 -35 -1723073393
11.093 -45 -1723073393
11.120 -66 -1723073393
11.147 -83 -1723073393
11.173 -88 -1723073393
11.200 -101 -1723073393
11.227 -103 -1723073393
11.253 -102 -1723073393
11.280 -108 -1723073393
11.307 -96 -1723073393
11.333 -94 -1723073393
11.360 -101 -1723073393
11.387 -93 -1723073393
11.413 -94 -1723073393
11.440 -94 -1723073393
11.467 -86 -1723073393
11.493 -95 -1723073393
11.520 -96 -1723073393
11.547 -93 -1723073393
11.573 -102 -1723073393
11.600 -98 -1723073393
11.627 -94 -1723073393
11.653 -101 -1723073393
11.680 -90 -1723073393
11.707 -87 -1723073393
11.733 -90 -1723073393
11.760 -81 -1723073393
11.787 -85 -1723073393
11.813 -77 -1723073393
11.840 -54 -1723073393
11.867 -48 -1723073393
11.893 -30 -1723073393
11.920 -5 -1723073393
11.947 5 -1723073393
11.973 26 -1723073393
12.000 38 -1723073393
12.027 35 -1723073393
12.053 48 -1723073393
12.080 51 -1723073393
12.107 51 -1723073393
12.133 59 -1723073393
12.160 53 -1723073393
12.187 49 -1723073393
12.213 53 -1723073393
12.240 51 -1723073393
12.267 54 -1723073393
12.293 58 -1723073393
12.320 55 -1723073393
12.347 61 -1723073393
12.373 64 -1723073393
12.400 67 -1723073393
12.427 85 -1723073393
12.453 100 -1723073393
12.480 117 -1723073393
12.507 145 -1723073393
12.533 167 -1723073393
12.560 195 -1723073393
12.587 224 -1723073393
12.613 238 -1723073393
12.640 254 -1723073393
12.667 270 -1723073393
12.693 272 -1723073393
12.720 275 -1723073393
12.747 270 -1723073393
12.773 252 -1723073393
12.800 235 -1723073393
12.827 208 -1723073393
12.853 170 -1723073393
12.880 130 -1723073393
12.907 88 -1723073393
12.933 50 -1723073393
12.960 11 -1723073393
12.987 -30 -1723073393
13.013 -59 -1723073393
13.040 -85 -1723073393
13.067 -113 -1723073393
13.093 -129 -1723073393
13.120 -151 -1723073393
13.147 -172 -1723073393
13.173 -176 -1723073393
13.200 -186 -1723073393
13.227 -189 -1723073393
13.253 -182 -1723073393
13.280 -188 -1723073393
13.307 -179 -1723073393
13.333 -169 -1723073393
13.360 -170 -1723073393
13.387 -152 -1723073393
13.413 -145 -1723073393
13.440 -145 -1723073393
13.467 -129 -1723073393
13.493 -127 -1723073393
13.520 -124 -1723073393
13.547 -110 -1723073393
13.573 -113 -1723073393
13.600 -107 -1723073393
13.627 -94 -1723073393
13.653 -99 -1723073393
13.680 -87 -1723073393
13.707 -70 -1723073393
13.733 -64 -1723073393
13.760 -44 -1723073393
13.787 -31 -1723073393
13.813 -25 -1723073393
13.840 -9 -1723073393
13.867 -3 -1723073393
13.893 6 -1723073393
13.920 32 -1723073393
13.947 48 -1723073393
13.973 61 -1723073393
14.000 77 -1723073393
14.027 74 -1723073393
14.053 73 -1723073393
14.080 71 -1723073393
14.107 55 -1723073393
14.133 38 -1723073393
14.160 13 -1723073393
14.187 -17 -1723073393
14.213 -43 -1723073393
14.240 -77 -1723073393
14.267 -108 -1723073393
14.293 -132 -1723073393
14.320 -165 -1723073393
14.347 -195 -1723073393
14.373 -223 -1723073393
14.400 -262 -1723073393
14.427 -292 -1723073393
14.453 -319 -1723073393
14.480 -355 -1723073393
14.507 -370 -1723073393
14.533 -385 -1723073393
14.560 -405 -1723073393
14.587 -402 -1723073393
14.613 -409 -1723073393
14.640 -421 -1723073393
14.667 -411 -1723073393
14.693 -413 -1723073393
14.720 -414 -1723073393
14.747 -402 -1723073393
14.773 -411 -1723073393
14.800 -408 -1723073393
14.827 -398 -1723073393
14.853 -412 -1723073393
14.880 -405 -1723073393
14.907 -402 -1723073393
14.933 -420 -1723073393
14.960 -413 -1723073393
14.987 -418 -1723073393
15.013 -436 -1723073393
15.040 -430 -1723073393
15.067 -436 -1723073393
15.093 -443 -1723073393
15.120 -429 -1723073393
15.147 -435 -1723073393
15.173 -437 -1723073393
15.200 -428 -1723073393
15.227 -441 -1723073393
15.253 -432 -1723073393
15.280 -418 -1723073393
15.307 -427 -1723073393
15.333 -418 -1723073393
15.360 -411 -1723073393
15.387 -421 -1723073393
15.413 -413 -1723073393
15.440 -418 -1723073393
15.467 -434 -1723073393
15.493 -432 -1723073393
15.520 -445 -1723073393
15.547 -460 -1723073393
15.573 -464 -1723073393
15.600 -490 -1723073393
15.627 -516 -1723073393
15.653 -539 -1723073393
15.680 -580 -1723073393
15.707 -604 -1723073393
15.733 -626 -1723073393
15.760 -666 -1723073393
15.787 -695 -1723073393
15.813 -733 -1723073393
15.840 -779 -1723073393
15.867 -804 -1723073393
15.893 -840 -1723073393
15.920 -881 -1723073393
15.947 -902 -1723073393
15.973 -939 -1723073393
16.000 -977 -1723073393
16.027 -996 -1723073393
16.053 -1035 -1723073393
16.080 -1059 -1723073393
16.107 -1070 -1723073393
16.133 -1111 -1723073393
16.160 -1131 -1723073393
16.187 -1139 -1723073393
16.213 -1160 -1723073393
16.240 -1151 -1723073393
16.267 -1136 -1723073393
16.293 -1123 -1723073393
16.320 -1066 -1723073393
16.347 -1000 -1723073393
16.373 -917 -1723073393
16.400 -778 -1723073393
16.427 -616 -1723073393
16.453 -408 -1723073393
16.480 -139 -1723073393
16.507 168 -1723073393
16.533 543 -1723073393
16.560 994 -1723073393
16.587 1503 -1723073393
16.613 2063 -1723073393
16.640 2673 -1723073393
16.667 3332 -1723073393
16.693 4002 -1723073393
16.720 4686 -1723073393
16.747 5364 -1723073393
16.773 5953 -1723073393
16.800 6495 -1723073393
16.827 6973 -1723073393
16.853 7259 -1723073393
16.880 7442 -1723073393
16.907 7501 -1723073393
16.933 7315 -1723073393
16.960 7036 -1723073393
16.987 6599 -1723073393
17.013 5958 -1723073393
17.040 5284 -1723073393
17.067 4493 -1723073393
17.093 3581 -1723073393
17.120 2704 -1723073393
17.147 1807 -1723073393
17.173 902 -1723073393
17.200 77 -1723073393
17.227 -701 -1723073393
17.253 -1440 -1723073393
17.280 -2081 -1723073393
17.307 -2619 -1723073393
17.333 -3092 -1723073393
17.360 -3493 -1723073393
17.387 -3774 -1723073393
17.413 -3993 -1723073393
17.440 -4150 -1723073393
17.467 -4206 -1723073393
17.493 -4254 -1723073393
17.520 -4254 -1723073393
17.547 -4192 -1723073393
17.573 -4166 -1723073393
17.600 -4118 -1723073393
17.627 -4045 -1723073393
17.653 -4026 -1723073393
17.680 -3978 -1723073393
17.707 -3921 -1723073393
17.733 -3918 -1723073393
17.760 -3878 -1723073393
17.787 -3835 -1723073393
17.813 -3832 -1723073393
17.840 -3787 -1723073393
17.867 -3741 -1723073393
17.893 -3717 -1723073393
17.920 -3632 -1723073393
17.947 -3550 -1723073393
17.973 -3465 -1723073393
18.000 -3309 -1723073393
18.027 -3140 -1723073393
18.053 -2940 -1723073393
18.080 -2681 -1723073393
18.107 -2423 -1723073393
18.133 -2130 -1723073393
18.160 -1784 -1723073393
18.187 -1437 -1723073393
18.213 -1064 -1723073393
18.240 -655 -1723073393
18.267 -239 -1723073393
18.293 209 -1723073393
18.320 696 -1723073393
18.347 1191 -1723073393
18.373 1724 -1723073393
18.400 2314 -1723073393
18.427 2962 -1723073393
18.453 3675 -1723073393
18.480 4459 -1723073393
18.507 5338 -1723073393
18.533 6286 -1723073393
18.560 7340 -1723073393
18.587 8494 -1723073393
18.613 9644 -1723073393
18.640 10884 -1723073393
18.667 12138 -1723073393
18.693 13288 -1723073393
18.720 14475 -1723073393
18.747 15494 -1723073393
18.773 16262 -1723073393
18.800 16988 -1723073393
18.827 17410 -1723073393
18.853 17486 -1723073393
18.880 17477 -1723073393
18.907 17084 -1723073393
18.933 16341 -1723073393
18.960 15547 -1723073393
18.987 14364 -1723073393
19.013 12972 -1723073393
19.040 11619 -1723073393
19.067 10025 -1723073393
19.093 8343 -1723073393
19.120 6736 -1723073393
19.147 5088 -1723073393
19.173 3499 -1723073393
19.200 2053 -1723073393
19.227 658 -1723073393
19.253 -641 -1723073393
19.280 -1765 -1723073393
19.307 -2752 -1723073393
19.333 -3634 -1723073393
19.360 -4371 -1723073393
19.387 -4970 -1723073393
19.413 -5484 -1723073393
19.440 -5866 -1723073393
19.467 -6119 -1723073393
19.493 -6350 -1723073393
19.520 -6477 -1723073393
19.547 -6503 -1723073393
19.573 -6549 -1723073393
19.600 -6517 -1723073393
19.627 -6430 -1723073393
19.653 -6397 -1723073393
19.680 -6310 -1723073393
19.707 -6199 -1723073393
19.733 -6146 -1723073393
19.760 -6036 -1723073393
19.787 -5916 -1723073393
19.813 -5833 -1723073393
19.840 -5690 -1723073393
19.867 -5554 -1723073393
19.893 -5447 -1723073393
19.920 -5272 -1723073393
19.947 -5116 -1723073393
19.973 -4976 -1723073393
20.000 -4778 -1723073393
20.027 -4600 -1723073393
20.053 -4418 -1723073393
20.080 -4199 -1723073393
20.107 -4024 -1723073393
20.133 -3861 -1723073393
20.160 -3681 -1723073393
20.187 -3566 -1723073393
20.213 -3471 -1723073393
20.240 -3384 -1723073393
20.267 -3383 -1723073393
20.293 -3414 -1723073393
20.320 -3479 -1723073393
20.347 -3626 -1723073393
20.373 -3804 -1723073393
20.400 -4019 -1723073393
20.427 -4314 -1723073393
20.453 -4624 -1723073393
20.480 -4959 -1723073393
20.507 -5342 -1723073393
20.533 -5689 -1723073393
20.560 -6041 -1723073393
20.587 -6409 -1723073393
20.613 -6690 -1723073393
20.640 -6953 -1723073393
20.667 -7196 -1723073393
20.693 -7319 -1723073393
20.720 -7429 -1723073393
20.747 -7490 -1723073393
20.773 -7423 -1723073393
20.800 -7356 -1723073393
20.827 -7237 -1723073393
20.853 -6994 -1723073393
20.880 -6764 -1723073393
20.907 -6476 -1723073393
20.933 -6088 -1723073393
20.960 -5737 -1723073393
20.987 -5333 -1723073393
21.013 -4867 -1723073393
21.040 -4449 -1723073393
21.067 -3996 -1723073393
21.093 -3503 -1723073393
21.120 -3055 -1723073393
21.147 -2601 -1723073393
21.173 -2135 -1723073393
21.200 -1716 -1723073393
21.227 -1305 -1723073393
21.253 -903 -1723073393
21.280 -554 -1723073393
21.307 -236 -1723073393
21.333 52 -1723073393
21.360 298 -1723073393
21.387 521 -1723073393
21.413 712 -1723073393
21.440 865 -1723073393
21.467 986 -1723073393
21.493 1084 -1723073393
21.520 1160 -1723073393
21.547 1209 -1723073393
21.573 1240 -1723073393
21.600 1260 -1723073393
21.627 1260 -1723073393
21.653 1256 -1723073393
21.680 1248 -1723073393
21.707 1231 -1723073393
21.733 1220 -1723073393
21.760 1217 -1723073393
21.787 1212 -1723073393
21.813 1217 -1723073393
21.840 1228 -1723073393
21.867 1234 -1723073393
21.893 1251 -1723073393
21.920 1266 -1723073393
21.947 1276 -1723073393
21.973 1295 -1723073393
22.000 1306 -1723073393
22.027 1302 -1723073393
22.053 1294 -1723073393
22.080 1272 -1723073393
22.107 1232 -1723073393
22.133 1187 -1723073393
22.160 1129 -1723073393
22.187 1062 -1723073393
22.213 1002 -1723073393
22.240 948 -1723073393
22.267 906 -1723073393
22.293 893 -1723073393
22.320 895 -1723073393
22.347 917 -1723073393
22.373 967 -1723073393
22.400 1037 -1723073393
22.427 1133 -1723073393
22.453 1260 -1723073393
22.480 1405 -1723073393
22.507 1571 -1723073393
22.533 1754 -1723073393
22.560 1939 -1723073393
22.587 2136 -1723073393
22.613 2324 -1723073393
22.640 2489 -1723073393
22.667 2650 -1723073393
22.693 2787 -1723073393
22.720 2887 -1723073393
22.747 2967 -1723073393
22.773 3008 -1723073393
22.800 2994 -1723073393
22.827 2962 -1723073393
22.853 2891 -1723073393
22.880 2777 -1723073393
22.907 2665 -1723073393
22.933 2529 -1723073393
22.960 2364 -1723073393
22.987 2212 -1723073393
23.013 2062 -1723073393
23.040 1901 -1723073393
23.067 1757 -1723073393
23.093 1613 -1723073393
23.120 1469 -1723073393
23.147 1349 -1723073393
23.173 1237 -1723073393
23.200 1133 -1723073393
23.227 1051 -1723073393
23.253 978 -1723073393
23.280 918 -1723073393
23.307 882 -1723073393
23.333 861 -1723073393
23.360 848 -1723073393
23.387 846 -1723073393
23.413 847 -1723073393
23.440 849 -1723073393
23.467 863 -1723073393
23.493 873 -1723073393
23.520 880 -1723073393
23.547 883 -1723073393
23.573 869 -1723073393
23.600 849 -1723073393
23.627 833 -1723073393
23.653 806 -1723073393
23.680 777 -1723073393
23.707 743 -1723073393
23.733 696 -1723073393
23.760 651 -1723073393
23.787 605 -1723073393
23.813 554 -1723073393
23.840 508 -1723073393
23.867 466 -1723073393
23.893 424 -1723073393
23.920 389 -1723073393
23.947 356 -1723073393
23.973 318 -1723073393
24.000 284 -1723073393
24.027 256 -1723073393
24.053 232 -1723073393
24.080 224 -1723073393
24.107 229 -1723073393
24.133 242 -1723073393
24.160 266 -1723073393
24.187 298 -1723073393
24.213 336 -1723073393
24.240 381 -1723073393
24.267 423 -1723073393
24.293 462 -1723073393
24.320 496 -1723073393
24.347 517 -1723073393
24.373 532 -1723073393
24.400 542 -1723073393
24.427 535 -1723073393
24.453 516 -1723073393
24.480 491 -1723073393
24.507 449 -1723073393
24.533 396 -1723073393
24.560 344 -1723073393
24.587 292 -1723073393
24.613 242 -1723073393
24.640 201 -1723073393
24.667 170 -1723073393
24.693 148 -1723073393
24.720 142 -1723073393
24.747 148 -1723073393
24.773 160 -1723073393
24.800 183 -1723073393
24.827 220 -1723073393
24.853 266 -1723073393
24.880 317 -1723073393
24.907 369 -1723073393
24.933 422 -1723073393
24.960 466 -1723073393
24.987 500 -1723073393
25.013 527 -1723073393
25.040 537 -1723073393
25.067 528 -1723073393
25.093 505 -1723073393
25.120 462 -1723073393
25.147 407 -1723073393
25.173 350 -1723073393
25.200 293 -1723073393
25.227 237 -1723073393
25.253 188 -1723073393
25.280 151 -1723073393
25.307 118 -1723073393
25.333 93 -1723073393
25.360 79 -1723073393
25.387 76 -1723073393
25.413 79 -1723073393
25.440 87 -1723073393
25.467 95 -1723073393
25.493 103 -1723073393
25.520 113 -1723073393
25.547 122 -1723073393
25.573 124 -1723073393
25.600 120 -1723073393
25.627 111 -1723073393
25.653 104 -1723073393
25.680 89 -1723073393
25.707 64 -1723073393
25.733 34 -1723073393
25.760 -2 -1723073393
25.787 -45 -1723073393
25.813 -87 -1723073393
25.840 -133 -1723073393
25.867 -180 -1723073393
25.893 -222 -1723073393
25.920 -259 -1723073393
25.947 -288 -1723073393
25.973 -302 -1723073393
26.000 -304 -1723073393
26.027 -301 -1723073393
26.053 -288 -1723073393
26.080 -263 -1723073393
26.107 -226 -1723073393
26.133 -181 -1723073393
26.160 -124 -1723073393
26.187 -63 -1723073393
26.213 -1 -1723073393
26.240 59 -1723073393
26.267 121 -1723073393
26.293 177 -1723073393
26.320 229 -1723073393
26.347 276 -1723073393
26.373 315 -1723073393
26.400 341 -1723073393
26.427 360 -1723073393
26.453 371 -1723073393
26.480 372 -1723073393
26.507 364 -1723073393
26.533 346 -1723073393
26.560 318 -1723073393
26.587 293 -1723073393
26.613 264 -1723073393
26.640 232 -1723073393
26.667 200 -1723073393
26.693 167 -1723073393
26.720 133 -1723073393
26.747 103 -1723073393
26.773 72 -1723073393
26.800 41 -1723073393
26.827 14 -1723073393
26.853 -13 -1723073393
26.880 -39 -1723073393
26.907 -61 -1723073393
26.933 -85 -1723073393
26.960 -111 -1723073393
26.987 -138 -1723073393
27.013 -168 -1723073393
27.040 -194 -1723073393
27.067 -214 -1723073393
27.093 -229 -1723073393
27.120 -239 -1723073393
27.147 -245 -1723073393
27.173 -251 -1723073393
27.200 -254 -1723073393
27.227 -250 -1723073393
27.253 -243 -1723073393
27.280 -236 -1723073393
27.307 -223 -1723073393
27.333 -207 -1723073393
27.360 -192 -1723073393
27.387 -176 -1723073393
27.413 -159 -1723073393
27.440 -140 -1723073393
27.467 -119 -1723073393
27.493 -107 -1723073393
27.520 -100 -1723073393
27.547 -95 -1723073393
27.573 -97 -1723073393
27.600 -102 -1723073393
27.627 -107 -1723073393
27.653 -118 -1723073393
27.680 -127 -1723073393
27.707 -134 -1723073393
27.733 -143 -1723073393
27.760 -149 -1723073393
27.787 -149 -1723073393
27.813 -147 -1723073393
27.840 -143 -1723073393
27.867 -141 -1723073393
27.893 -144 -1723073393
27.920 -145 -1723073393
27.947 -141 -1723073393
27.973 -134 -1723073393
28.000 -127 -1723073393
28.027 -117 -1723073393
28.053 -99 -1723073393
28.080 -78 -1723073393
28.107 -55 -1723073393
28.133 -30 -1723073393
28.160 -3 -1723073393
28.187 30 -1723073393
28.213 64 -1723073393
28.240 96 -1723073393
28.267 127 -1723073393
28.293 159 -1723073393
28.320 192 -1723073393
28.347 221 -1723073393
28.373 246 -1723073393
28.400 268 -1723073393
28.427 285 -1723073393
28.453 296 -1723073393
28.480 303 -1723073393
28.507 309 -1723073393
28.533 308 -1723073393
28.560 299 -1723073393
28.587 285 -1723073393
28.613 266 -1723073393
28.640 239 -1723073393
28.667 207 -1723073393
28.693 176 -1723073393
28.720 139 -1723073393
28.747 99 -1723073393
28.773 63 -1723073393
28.800 30 -1723073393
28.827 3 -1723073393
28.853 -16 -1723073393
28.880 -37 -1723073393
28.907 -54 -1723073393
28.933 -64 -1723073393
28.960 -67 -1723073393
28.987 -60 -1723073393
29.013 -43 -1723073393
29.040 -18 -1723073393
29.067 16 -1723073393
29.093 51 -1723073393
29.120 83 -1723073393
29.147 118 -1723073393
29.173 150 -1723073393
29.200 171 -1723073393
29.227 189 -1723073393
29.253 200 -1723073393
29.280 202 -1723073393
29.307 200 -1723073393
29.333 186 -1723073393
29.360 157 -1723073393
29.387 123 -1723073393
29.413 86 -1723073393
29.440 42 -1723073393
29.467 0 -1723073393
29.493 -46 -1723073393
29.520 -89 -1723073393
29.547 -123 -1723073393
29.573 -155 -1723073393
29.600 -184 -1723073393
29.627 -200 -1723073393
29.653 -212 -1723073393
29.680 -215 -1723073393
29.707 -206 -1723073393
29.733 -189 -1723073393
29.760 -162 -1723073393
29.787 -125 -1723073393
29.813 -89 -1723073393
29.840 -46 -1723073393
29.867 0 -1723073393
29.893 45 -1723073393
29.920 90 -1723073393
29.947 135 -1723073393
29.973 170 -1723073393
30.000 199 -1723073393
30.027 225 -1723073393
30.053 242 -1723073393
30.080 252 -1723073393
30.107 261 -1723073393
30.133 270 -1723073393
30.160 276 -1723073393
30.187 280 -1723073393
30.213 281 -1723073393
30.240 279 -1723073393
30.267 281 -1723073393
30.293 285 -1723073393
30.320 288 -1723073393
30.347 295 -1723073393
30.373 302 -1723073393
30.400 305 -1723073393
30.427 305 -1723073393
30.453 297 -1723073393
30.480 281 -1723073393
30.507 260 -1723073393
30.533 227 -1723073393
30.560 190 -1723073393
30.587 154 -1723073393
30.613 113 -1723073393
30.640 70 -1723073393
30.667 29 -1723073393
30.693 -11 -1723073393
30.720 -48 -1723073393
30.747 -78 -1723073393
30.773 -105 -1723073393
30.800 -128 -1723073393
30.827 -141 -1723073393
30.853 -141 -1723073393
30.880 -132 -1723073393
30.907 -116 -1723073393
30.933 -93 -1723073393
30.960 -71 -1723073393
30.987 -42 -1723073393
31.013 -6 -1723073393
31.040 34 -1723073393
31.067 69 -1723073393
31.093 100 -1723073393
31.120 127 -1723073393
31.147 145 -1723073393
31.173 155 -1723073393
31.200 155 -1723073393
31.227 141 -1723073393
31.253 120 -1723073393
31.280 92 -1723073393
31.307 60 -1723073393
31.333 27 -1723073393
31.360 -9 -1723073393
31.387 -48 -1723073393
31.413 -79 -1723073393
31.440 -105 -1723073393
31.467 -128 -1723073393
31.493 -144 -1723073393
31.520 -155 -1723073393
31.547 -156 -1723073393
31.573 -148 -1723073393
31.600 -140 -1723073393
31.627 -126 -1723073393
31.653 -102 -1723073393
31.680 -74 -1723073393
31.707 -41 -1723073393
31.733 -7 -1723073393
31.760 24 -1723073393
31.787 65 -1723073393
31.813 110 -1723073393
31.840 149 -1723073393
31.867 184 -1723073393
31.893 215 -1723073393
31.920 242 -1723073393
31.947 267 -1723073393
31.973 288 -1723073393
32.000 303 -1723073393
32.027 313 -1723073393
32.053 323 -1723073393
32.080 322 -1723073393
32.107 312 -1723073393
32.133 300 -1723073393
32.160 280 -1723073393
32.187 254 -1723073393
32.213 225 -1723073393
32.240 189 -1723073393
32.267 148 -1723073393
32.293 110 -1723073393
32.320 70 -1723073393
32.347 32 -1723073393
32.373 -1 -1723073393
32.400 -38 -1723073393
32.427 -71 -1723073393
32.453 -95 -1723073393
32.480 -117 -1723073393
32.507 -131 -1723073393
32.533 -133 -1723073393
32.560 -126 -1723073393
32.587 -115 -1723073393
32.613 -94 -1723073393
32.640 -57 -1723073393
32.667 -12 -1723073393
32.693 32 -1723073393
32.720 73 -1723073393
32.747 116 -1723073393
32.773 157 -1723073393
32.800 192 -1723073393
32.827 225 -1723073393
32.853 253 -1723073393
32.880 266 -1723073393
32.907 272 -1723073393
32.933 265 -1723073393
32.960 236 -1723073393
32.987 189 -1723073393
33.013 134 -1723073393
33.040 70 -1723073393
33.067 0 -1723073393
33.093 -73 -1723073393
33.120 -145 -1723073393
33.147 -205 -1723073393
33.173 -256 -1723073393
33.200 -299 -1723073393
33.227 -332 -1723073393
33.253 -346 -1723073393
33.280 -343 -1723073393
33.307 -326 -1723073393
33.333 -293 -1723073393
33.360 -246 -1723073393
33.387 -188 -1723073393
33.413 -121 -1723073393
33.440 -52 -1723073393
33.467 16 -1723073393
33.493 89 -1723073393
33.520 157 -1723073393
33.547 218 -1723073393
33.573 279 -1723073393
33.600 330 -1723073393
33.627 369 -1723073393
33.653 402 -1723073393
33.680 423 -1723073393
33.707 433 -1723073393
33.733 440 -1723073393
33.760 438 -1723073393
33.787 426 -1723073393
33.813 411 -1723073393
33.840 395 -1723073393
33.867 380 -1723073393
33.893 365 -1723073393
33.920 355 -1723073393
33.947 348 -1723073393
33.973 347 -1723073393
34.000 348 -1723073393
34.027 343 -1723073393
34.053 331 -1723073393
34.080 315 -1723073393
34.107 296 -1723073393
34.133 276 -1723073393
34.160 247 -1723073393
34.187 212 -1723073393
34.213 175 -1723073393
34.240 138 -1723073393
34.267 105 -1723073393
34.293 79 -1723073393
34.320 57 -1723073393
34.347 33 -1723073393
34.373 18 -1723073393
34.400 18 -1723073393
34.427 26 -1723073393
34.453 46 -1723073393
34.480 78 -1723073393
34.507 112 -1723073393
34.533 154 -1723073393
34.560 207 -1723073393
34.587 260 -1723073393
34.613 305 -1723073393
34.640 345 -1723073393
34.667 369 -1723073393
34.693 377 -1723073393
34.720 379 -1723073393
34.747 368 -1723073393
34.773 342 -1723073393
34.800 306 -1723073393
34.827 254 -1723073393
34.853 184 -1723073393
34.880 107 -1723073393
34.907 26 -1723073393
34.933 -56 -1723073393
34.960 -138 -1723073393
34.987 -204 -1723073393
35.013 -251 -1723073393
35.040 -277 -1723073393
35.067 -283 -1723073393
35.093 -275 -1723073393
35.120 -252 -1723073393
35.147 -213 -1723073393
35.173 -160 -1723073393
35.200 -91 -1723073393
35.227 -13 -1723073393
35.253 66 -1723073393
35.280 147 -1723073393
35.307 224 -1723073393
35.333 289 -1723073393
35.360 349 -1723073393
35.387 407 -1723073393
35.413 451 -1723073393
35.440 483 -1723073393
35.467 512 -1723073393
35.493 526 -1723073393
35.520 524 -1723073393
35.547 520 -1723073393
35.573 516 -1723073393
35.600 503 -1723073393
35.627 481 -1723073393
35.653 452 -1723073393
35.680 419 -1723073393
35.707 383 -1723073393
35.733 344 -1723073393
35.760 299 -1723073393
35.787 254 -1723073393
35.813 213 -1723073393
35.840 167 -1723073393
35.867 122 -1723073393
35.893 81 -1723073393
35.920 39 -1723073393
35.947 6 -1723073393
35.973 -17 -1723073393
36.000 -42 -1723073393
36.027 -59 -1723073393
36.053 -64 -1723073393
36.080 -62 -1723073393
36.107 -49 -1723073393
36.133 -21 -1723073393
36.160 11 -1723073393
36.187 48 -1723073393
36.213 95 -1723073393
36.240 142 -1723073393
36.267 188 -1723073393
36.293 235 -1723073393
36.320 277 -1723073393
36.347 311 -1723073393
36.373 341 -1723073393
36.400 364 -1723073393
36.427 380 -1723073393
36.453 390 -1723073393
36.480 388 -1723073393
36.507 370 -1723073393
36.533 342 -1723073393
36.560 304 -1723073393
36.587 258 -1723073393
36.613 209 -1723073393
36.640 157 -1723073393
36.667 105 -1723073393
36.693 55 -1723073393
36.720 9 -1723073393
36.747 -30 -1723073393
36.773 -60 -1723073393
36.800 -79 -1723073393
36.827 -91 -1723073393
36.853 -87 -1723073393
36.880 -67 -1723073393
36.907 -41 -1723073393
36.933 -3 -1723073393
36.960 47 -1723073393
36.987 100 -1723073393
37.013 153 -1723073393
37.040 206 -1723073393
37.067 254 -1723073393
37.093 296 -1723073393
37.120 335 -1723073393
37.147 362 -1723073393
37.173 378 -1723073393
37.200 390 -1723073393
37.227 396 -1723073393
37.253 392 -1723073393
37.280 388 -1723073393
37.307 384 -1723073393
37.333 374 -1723073393
37.360 362 -1723073393
37.387 348 -1723073393
37.413 334 -1723073393
37.440 321 -1723073393
37.467 309 -1723073393
37.493 298 -1723073393
37.520 289 -1723073393
37.547 286 -1723073393
37.573 279 -1723073393
37.600 271 -1723073393
37.627 267 -1723073393
37.653 268 -1723073393
37.680 269 -1723073393
37.707 272 -1723073393
37.733 273 -1723073393
37.760 274 -1723073393
37.787 277 -1723073393
37.813 276 -1723073393
37.840 270 -1723073393
37.867 263 -1723073393
37.893 257 -1723073393
37.920 249 -1723073393
37.947 242 -1723073393
37.973 239 -1723073393
38.000 231 -1723073393
38.027 224 -1723073393
38.053 224 -1723073393
38.080 224 -1723073393
38.107 222 -1723073393
38.133 227 -1723073393
38.160 234 -1723073393
38.187 244 -1723073393
38.213 254 -1723073393
38.240 257 -1723073393
38.267 253 -1723073393
38.293 246 -1723073393
38.320 235 -1723073393
38.347 218 -1723073393
38.373 192 -1723073393
38.400 154 -1723073393
38.427 108 -1723073393
38.453 58 -1723073393
38.480 7 -1723073393
38.507 -43 -1723073393
38.533 -86 -1723073393
38.560 -115 -1723073393
38.587 -141 -1723073393
38.613 -157 -1723073393
38.640 -163 -1723073393
38.667 -164 -1723073393
38.693 -154 -1723073393
38.720 -127 -1723073393
38.747 -97 -1723073393
38.773 -61 -1723073393
38.800 -14 -1723073393
38.827 34 -1723073393
38.853 77 -1723073393
38.880 121 -1723073393
38.907 162 -1723073393
38.933 196 -1723073393
38.960 225 -1723073393
38.987 249 -1723073393
39.013 261 -1723073393
39.040 268 -1723073393
39.067 273 -1723073393
39.093 273 -1723073393
39.120 272 -1723073393
39.147 270 -1723073393
39.173 261 -1723073393
39.200 250 -1723073393
39.227 239 -1723073393
39.253 228 -1723073393
39.280 222 -1723073393
39.307 216 -1723073393
39.333 211 -1723073393
39.360 211 -1723073393
39.387 212 -1723073393
39.413 210 -1723073393
39.440 204 -1723073393
39.467 199 -1723073393
39.493 192 -1723073393
39.520 183 -1723073393
39.547 182 -1723073393
39.573 187 -1723073393
39.600 193 -1723073393
39.627 198 -1723073393
39.653 201 -1723073393
39.680 200 -1723073393
39.707 203 -1723073393
39.733 206 -1723073393
39.760 204 -1723073393
39.787 204 -1723073393
39.813 205 -1723073393
39.840 199 -1723073393
39.867 191 -1723073393
39.893 186 -1723073393
39.920 174 -1723073393
39.947 159 -1723073393
39.973 149 -1723073393
40.000 134 -1723073393
40.027 110 -1723073393
40.053 82 -1723073393
40.080 57 -1723073393
40.107 28 -1723073393
40.133 2 -1723073393
40.160 -19 -1723073393
40.187 -43 -1723073393
40.213 -61 -1723073393
40.240 -71 -1723073393
40.267 -80 -1723073393
40.293 -80 -1723073393
40.320 -64 -1723073393
40.347 -42 -1723073393
40.373 -14 -1723073393
40.400 18 -1723073393
40.427 48 -1723073393
40.453 85 -1723073393
40.480 127 -1723073393
40.507 166 -1723073393
40.533 203 -1723073393
40.560 240 -1723073393
40.587 270 -1723073393
40.613 288 -1723073393
40.640 300 -1723073393
40.667 303 -1723073393
40.693 298 -1723073393
40.720 287 -1723073393
40.747 273 -1723073393
40.773 255 -1723073393
40.800 238 -1723073393
40.827 220 -1723073393
40.853 200 -1723073393
40.880 184 -1723073393
40.907 174 -1723073393
40.933 167 -1723073393
40.960 162 -1723073393
40.987 161 -1723073393
41.013 168 -1723073393
41.040 180 -1723073393
41.067 195 -1723073393
41.093 203 -1723073393
41.120 205 -1723073393
41.147 212 -1723073393
41.173 217 -1723073393
41.200 219 -1723073393
41.227 221 -1723073393
41.253 221 -1723073393
41.280 214 -1723073393
41.307 199 -1723073393
41.333 182 -1723073393
41.360 160 -1723073393
41.387 135 -1723073393
41.413 114 -1723073393
41.440 100 -1723073393
41.467 87 -1723073393
41.493 79 -1723073393
41.520 73 -1723073393
41.547 65 -1723073393
41.573 62 -1723073393
41.600 62 -1723073393
41.627 60 -1723073393
41.653 57 -1723073393
41.680 48 -1723073393
41.707 39 -1723073393
41.733 33 -1723073393
41.760 34 -1723073393
41.787 31 -1723073393
41.813 21 -1723073393
41.840 12 -1723073393
41.867 1 -1723073393
41.893 -10 -1723073393
41.920 -17 -1723073393
41.947 -22 -1723073393
41.973 -25 -1723073393
42.000 -24 -1723073393
42.027 -21 -1723073393
42.053 -22 -1723073393
42.080 -24 -1723073393
42.107 -25 -1723073393
42.133 -26 -1723073393
42.160 -29 -1723073393
42.187 -28 -1723073393
42.213 -26 -1723073393
42.240 -20 -1723073393
42.267 -12 -1723073393
42.293 -6 -1723073393
42.320 -2 -1723073393
42.347 1 -1723073393
42.373 5 -1723073393
42.400 6 -1723073393
42.427 5 -1723073393
42.453 5 -1723073393
42.480 6 -1723073393
42.507 11 -1723073393
42.533 17 -1723073393
42.560 23 -1723073393
42.587 31 -1723073393
42.613 38 -1723073393
42.640 39 -1723073393
42.667 40 -1723073393
42.693 40 -1723073393
42.720 36 -1723073393
42.747 33 -1723073393
42.773 33 -1723073393
42.800 36 -1723073393
42.827 42 -1723073393
42.853 52 -1723073393
42.880 63 -1723073393
42.907 77 -1723073393
42.933 92 -1723073393
42.960 102 -1723073393
42.987 106 -1723073393
43.013 113 -1723073393
43.040 119 -1723073393
43.067 118 -1723073393
43.093 117 -1723073393
43.120 120 -1723073393
43.147 117 -1723073393
43.173 111 -1723073393
43.200 104 -1723073393
43.227 93 -1723073393
43.253 80 -1723073393
43.280 73 -1723073393
43.307 68 -1723073393
43.333 64 -1723073393
43.360 62 -1723073393
43.387 57 -1723073393
43.413 45 -1723073393
43.440 35 -1723073393
43.467 27 -1723073393
43.493 13 -1723073393
43.520 -4 -1723073393
43.547 -19 -1723073393
43.573 -36 -1723073393
43.600 -56 -1723073393
43.627 -73 -1723073393
43.653 -93 -1723073393
43.680 -115 -1723073393
43.707 -133 -1723073393
43.733 -146 -1723073393
43.760 -161 -1723073393
43.787 -168 -1723073393
43.813 -168 -1723073393
43.840 -168 -1723073393
43.867 -158 -1723073393
43.893 -135 -1723073393
43.920 -108 -1723073393
43.947 -79 -1723073393
43.973 -49 -1723073393
44.000 -25 -1723073393
44.027 -9 -1723073393
44.053 5 -1723073393
44.080 11 -1723073393
44.107 10 -1723073393
44.133 9 -1723073393
44.160 0 -1723073393
44.187 -24 -1723073393
44.213 -47 -1723073393
44.240 -70 -1723073393
44.267 -95 -1723073393
44.293 -114 -1723073393
44.320 -125 -1723073393
44.347 -138 -1723073393
44.373 -141 -1723073393
44.400 -127 -1723073393
44.427 -109 -1723073393
44.453 -89 -1723073393
44.480 -56 -1723073393
44.507 -19 -1723073393
44.533 17 -1723073393
44.560 60 -1723073393
44.587 106 -1723073393
44.613 146 -1723073393
44.640 183 -1723073393
44.667 216 -1723073393
44.693 243 -1723073393
44.720 267 -1723073393
44.747 286 -1723073393
44.773 293 -1723073393
44.800 292 -1723073393
44.827 291 -1723073393
44.853 284 -1723073393
44.880 270 -1723073393
44.907 253 -1723073393
44.933 228 -1723073393
44.960 192 -1723073393
44.987 157 -1723073393
45.013 122 -1723073393
45.040 80 -1723073393
45.067 42 -1723073393
45.093 10 -1723073393
45.120 -21 -1723073393
45.147 -52 -1723073393
45.173 -74 -1723073393
45.200 -89 -1723073393
45.227 -99 -1723073393
45.253 -100 -1723073393
45.280 -94 -1723073393
45.307 -88 -1723073393
45.333 -81 -1723073393
45.360 -69 -1723073393
45.387 -55 -1723073393
45.413 -34 -1723073393
45.440 -15 -1723073393
45.467 -1 -1723073393
45.493 15 -1723073393
45.520 32 -1723073393
45.547 45 -1723073393
45.573 56 -1723073393
45.600 66 -1723073393
45.627 74 -1723073393
45.653 83 -1723073393
45.680 92 -1723073393
45.707 96 -1723073393
45.733 100 -1723073393
45.760 104 -1723073393
45.787 104 -1723073393
45.813 98 -1723073393
45.840 94 -1723073393
45.867 89 -1723073393
45.893 78 -1723073393
45.920 65 -1723073393
45.947 54 -1723073393
45.973 40 -1723073393
46.000 23 -1723073393
46.027 7 -1723073393
46.053 -8 -1723073393
46.080 -24 -1723073393
46.107 -31 -1723073393
46.133 -29 -1723073393
46.160 -26 -1723073393
46.187 -17 -1723073393
46.213 0 -1723073393
46.240 19 -1723073393
46.267 38 -1723073393
46.293 62 -1723073393
46.320 85 -1723073393
46.347 107 -1723073393
46.373 131 -1723073393
46.400 154 -1723073393
46.427 170 -1723073393
46.453 189 -1723073393
46.480 209 -1723073393
46.507 223 -1723073393
46.533 235 -1723073393
46.560 248 -1723073393
46.587 256 -1723073393
46.613 263 -1723073393
46.640 269 -1723073393
46.667 269 -1723073393
46.693 263 -1723073393
46.720 260 -1723073393
46.747 255 -1723073393
46.773 241 -1723073393
46.800 222 -1723073393
46.827 202 -1723073393
46.853 176 -1723073393
46.880 153 -1723073393
46.907 133 -1723073393
46.933 107 -1723073393
46.960 79 -1723073393
46.987 58 -1723073393
47.013 41 -1723073393
47.040 27 -1723073393
47.067 19 -1723073393
47.093 9 -1723073393
47.120 4 -1723073393
47.147 8 -1723073393
47.173 15 -1723073393
47.200 23 -1723073393
47.227 39 -1723073393
47.253 60 -1723073393
47.280 78 -1723073393
47.307 96 -1723073393
47.333 116 -1723073393
47.360 136 -1723073393
47.387 161 -1723073393
47.413 187 -1723073393
47.440 208 -1723073393
47.467 231 -1723073393
47.493 253 -1723073393
47.520 267 -1723073393
47.547 275 -1723073393
47.573 277 -1723073393
47.600 270 -1723073393
47.627 254 -1723073393
47.653 237 -1723073393
47.680 218 -1723073393
47.707 198 -1723073393
47.733 174 -1723073393
47.760 150 -1723073393
47.787 124 -1723073393
47.813 104 -1723073393
47.840 92 -1723073393
47.867 86 -1723073393
47.893 82 -1723073393
47.920 85 -1723073393
47.947 95 -1723073393
47.973 107 -1723073393
48.000 125 -1723073393
48.027 148 -1723073393
48.053 176 -1723073393
48.080 208 -1723073393
48.107 242 -1723073393
48.133 274 -1723073393
48.160 308 -1723073393
48.187 349 -1723073393
48.213 388 -1723073393
48.240 423 -1723073393
48.267 458 -1723073393
48.293 488 -1723073393
48.320 512 -1723073393
48.347 530 -1723073393
48.373 545 -1723073393
48.400 551 -1723073393
48.427 549 -1723073393
48.453 546 -1723073393
48.480 538 -1723073393
48.507 518 -1723073393
48.533 496 -1723073393
48.560 474 -1723073393
48.587 446 -1723073393
48.613 416 -1723073393
48.640 389 -1723073393
48.667 359 -1723073393
48.693 331 -1723073393
48.720 308 -1723073393
48.747 289 -1723073393
48.773 276 -1723073393
48.800 269 -1723073393
48.827 264 -1723073393
48.853 260 -1723073393
48.880 264 -1723073393
48.907 271 -1723073393
48.933 285 -1723073393
48.960 304 -1723073393
48.987 319 -1723073393
49.013 332 -1723073393
49.040 345 -1723073393
49.067 356 -1723073393
49.093 358 -1723073393
49.120 355 -1723073393
49.147 351 -1723073393
49.173 340 -1723073393
49.200 326 -1723073393
49.227 311 -1723073393
49.253 291 -1723073393
49.280 269 -1723073393
49.307 252 -1723073393
49.333 235 -1723073393
49.360 219 -1723073393
49.387 203 -1723073393
49.413 189 -1723073393
49.440 178 -1723073393
49.467 171 -1723073393
49.493 166 -1723073393
49.520 164 -1723073393
49.547 163 -1723073393
49.573 163 -1723073393
49.600 167 -1723073393
49.627 175 -1723073393
49.653 186 -1723073393
49.680 201 -1723073393
49.707 218 -1723073393
49.733 235 -1723073393
49.760 250 -1723073393
49.787 265 -1723073393
49.813 280 -1723073393
49.840 294 -1723073393
49.867 304 -1723073393
49.893 307 -1723073393
49.920 306 -1723073393
49.947 303 -1723073393
49.973 302 -1723073393
50.000 298 -1723073393
50.027 295 -1723073393
50.053 292 -1723073393
50.080 284 -1723073393
50.107 269 -1723073393
50.133 257 -1723073393
50.160 243 -1723073393
50.187 226 -1723073393
50.213 215 -1723073393
50.240 207 -1723073393
50.267 193 -1723073393
50.293 178 -1723073393
50.320 164 -1723073393
50.347 148 -1723073393
50.373 130 -1723073393
50.400 107 -1723073393
50.427 80 -1723073393
50.453 49 -1723073393
50.480 17 -1723073393
50.507 -17 -1723073393
50.533 -57 -1723073393
50.560 -92 -1723073393
50.587 -122 -1723073393
50.613 -149 -1723073393
50.640 -173 -1723073393
50.667 -189 -1723073393
50.693 -199 -1723073393
50.720 -201 -1723073393
50.747 -194 -1723073393
50.773 -182 -1723073393
50.800 -172 -1723073393
50.827 -159 -1723073393
50.853 -141 -1723073393
50.880 -124 -1723073393
50.907 -113 -1723073393
50.933 -102 -1723073393
50.960 -90 -1723073393
50.987 -82 -1723073393
51.013 -79 -1723073393
51.040 -75 -1723073393
51.067 -74 -1723073393
51.093 -74 -1723073393
51.120 -73 -1723073393
51.147 -70 -1723073393
51.173 -68 -1723073393
51.200 -64 -1723073393
51.227 -58 -1723073393
51.253 -54 -1723073393
51.280 -50 -1723073393
51.307 -44 -1723073393
51.333 -42 -1723073393
51.360 -39 -1723073393
51.387 -34 -1723073393
51.413 -29 -1723073393
51.440 -22 -1723073393
51.467 -11 -1723073393
51.493 2 -1723073393
51.520 24 -1723073393
51.547 51 -1723073393
51.573 81 -1723073393
51.600 111 -1723073393
51.627 143 -1723073393
51.653 175 -1723073393
51.680 204 -1723073393
51.707 232 -1723073393
51.733 257 -1723073393
51.760 277 -1723073393
51.787 295 -1723073393
51.813 307 -1723073393
51.840 316 -1723073393
51.867 321 -1723073393
51.893 318 -1723073393
51.920 310 -1723073393
51.947 305 -1723073393
51.973 301 -1723073393
52.000 294 -1723073393
52.027 286 -1723073393
52.053 275 -1723073393
52.080 261 -1723073393
52.107 249 -1723073393
52.133 243 -1723073393
52.160 238 -1723073393
52.187 232 -1723073393
52.213 226 -1723073393
52.240 221 -1723073393
52.267 216 -1723073393
52.293 211 -1723073393
52.320 205 -1723073393
52.347 195 -1723073393
52.373 188 -1723073393
52.400 184 -1723073393
52.427 181 -1723073393
52.453 180 -1723073393
52.480 187 -1723073393
52.507 195 -1723073393
52.533 200 -1723073393
52.560 203 -1723073393
52.587 206 -1723073393
52.613 209 -1723073393
52.640 213 -1723073393
52.667 215 -1723073393
52.693 215 -1723073393
52.720 217 -1723073393
52.747 217 -1723073393
52.773 207 -1723073393
52.800 192 -1723073393
52.827 177 -1723073393
52.853 159 -1723073393
52.880 140 -1723073393
52.907 121 -1723073393
52.933 106 -1723073393
52.960 93 -1723073393
52.987 80 -1723073393
53.013 70 -1723073393
53.040 61 -1723073393
53.067 51 -1723073393
53.093 44 -1723073393
53.120 41 -1723073393
53.147 42 -1723073393
53.173 47 -1723073393
53.200 56 -1723073393
53.227 65 -1723073393
53.253 72 -1723073393
53.280 82 -1723073393
53.307 95 -1723073393
53.333 108 -1723073393
53.360 122 -1723073393
53.387 134 -1723073393
53.413 143 -1723073393
53.440 151 -1723073393
53.467 159 -1723073393
53.493 164 -1723073393
53.520 166 -1723073393
53.547 168 -1723073393
53.573 169 -1723073393
53.600 169 -1723073393
53.627 170 -1723073393
53.653 177 -1723073393
53.680 182 -1723073393
53.707 185 -1723073393
53.733 193 -1723073393
53.760 204 -1723073393
53.787 216 -1723073393
53.813 228 -1723073393
53.840 241 -1723073393
53.867 259 -1723073393
53.893 276 -1723073393
53.920 286 -1723073393
53.947 288 -1723073393
53.973 282 -1723073393
54.000 272 -1723073393
54.027 258 -1723073393
54.053 239 -1723073393
54.080 217 -1723073393
54.107 192 -1723073393
54.133 164 -1723073393
54.160 134 -1723073393
54.187 103 -1723073393
54.213 71 -1723073393
54.240 39 -1723073393
54.267 9 -1723073393
54.293 -18 -1723073393
54.320 -42 -1723073393
54.347 -56 -1723073393
54.373 -62 -1723073393
54.400 -66 -1723073393
54.427 -67 -1723073393
54.453 -66 -1723073393
54.480 -63 -1723073393
54.507 -60 -1723073393
54.533 -53 -1723073393
54.560 -46 -1723073393
54.587 -41 -1723073393
54.613 -32 -1723073393
54.640 -17 -1723073393
54.667 -6 -1723073393
54.693 -1 -1723073393
54.720 6 -1723073393
54.747 11 -1723073393
54.773 9 -1723073393
54.800 8 -1723073393
54.827 11 -1723073393
54.853 15 -1723073393
54.880 20 -1723073393
54.907 23 -1723073393
54.933 21 -1723073393
54.960 24 -1723073393
54.987 35 -1723073393
55.013 48 -1723073393
55.040 64 -1723073393
55.067 82 -1723073393
55.093 99 -1723073393
55.120 120 -1723073393
55.147 146 -1723073393
55.173 173 -1723073393
55.200 195 -1723073393
55.227 219 -1723073393
55.253 248 -1723073393
55.280 276 -1723073393
55.307 302 -1723073393
55.333 331 -1723073393
55.360 357 -1723073393
55.387 380 -1723073393
55.413 402 -1723073393
55.440 425 -1723073393
55.467 442 -1723073393
55.493 452 -1723073393
55.520 462 -1723073393
55.547 468 -1723073393
55.573 471 -1723073393
55.600 476 -1723073393
55.627 482 -1723073393
55.653 485 -1723073393
55.680 485 -1723073393
55.707 486 -1723073393
55.733 486 -1723073393
55.760 485 -1723073393
55.787 486 -1723073393
55.813 487 -1723073393
55.840 485 -1723073393
55.867 482 -1723073393
55.893 481 -1723073393
55.920 476 -1723073393
55.947 469 -1723073393
55.973 462 -1723073393
56.000 452 -1723073393
56.027 439 -1723073393
56.053 424 -1723073393
56.080 407 -1723073393
56.107 388 -1723073393
56.133 373 -1723073393
56.160 356 -1723073393
56.187 332 -1723073393
56.213 309 -1723073393
56.240 289 -1723073393
56.267 266 -1723073393
56.293 244 -1723073393
56.320 222 -1723073393
56.347 197 -1723073393
56.373 175 -1723073393
56.400 154 -1723073393
56.427 134 -1723073393
56.453 116 -1723073393
56.480 105 -1723073393
56.507 94 -1723073393
56.533 85 -1723073393
56.560 79 -1723073393
56.587 75 -1723073393
56.613 72 -1723073393
56.640 70 -1723073393
56.667 66 -1723073393
56.693 60 -1723073393
56.720 52 -1723073393
56.747 44 -1723073393
56.773 32 -1723073393
56.800 20 -1723073393
56.827 10 -1723073393
56.853 0 -1723073393
56.880 -11 -1723073393
56.907 -18 -1723073393
56.933 -24 -1723073393
56.960 -32 -1723073393
56.987 -36 -1723073393
57.013 -36 -1723073393
57.040 -38 -1723073393
57.067 -39 -1723073393
57.093 -35 -1723073393
57.120 -30 -1723073393
57.147 -24 -1723073393
57.173 -14 -1723073393
57.200 -5 -1723073393
57.227 2 -1723073393
57.253 13 -1723073393
57.280 29 -1723073393
57.307 44 -1723073393
57.333 61 -1723073393
57.360 83 -1723073393
57.387 103 -1723073393
57.413 118 -1723073393
57.440 136 -1723073393
57.467 158 -1723073393
57.493 179 -1723073393
57.520 202 -1723073393
57.547 229 -1723073393
57.573 251 -1723073393
57.600 268 -1723073393
57.627 284 -1723073393
57.653 300 -1723073393
57.680 311 -1723073393
57.707 317 -1723073393
57.733 322 -1723073393
57.760 326 -1723073393
57.787 326 -1723073393
57.813 328 -1723073393
57.840 328 -1723073393
57.867 323 -1723073393
57.893 321 -1723073393
57.920 323 -1723073393
57.947 323 -1723073393
57.973 321 -1723073393
58.000 326 -1723073393
58.027 336 -1723073393
58.053 347 -1723073393
58.080 359 -1723073393
58.107 372 -1723073393
58.133 385 -1723073393
58.160 401 -1723073393
58.187 418 -1723073393
58.213 431 -1723073393
58.240 437 -1723073393
58.267 446 -1723073393
58.293 456 -1723073393
58.320 460 -1723073393
58.347 467 -1723073393
58.373 478 -1723073393
58.400 484 -1723073393
58.427 493 -1723073393
58.453 512 -1723073393
58.480 529 -1723073393
58.507 544 -1723073393
58.533 561 -1723073393
58.560 575 -1723073393
58.587 587 -1723073393
58.613 604 -1723073393
58.640 620 -1723073393
58.667 625 -1723073393
58.693 627 -1723073393
58.720 633 -1723073393
58.747 631 -1723073393
58.773 624 -1723073393
58.800 624 -1723073393
58.827 625 -1723073393
58.853 619 -1723073393
58.880 614 -1723073393
58.907 616 -1723073393
58.933 614 -1723073393
58.960 612 -1723073393
58.987 616 -1723073393
59.013 618 -1723073393
59.040 617 -1723073393
59.067 614 -1723073393
59.093 610 -1723073393
59.120 600 -1723073393
59.147 594 -1723073393
59.173 589 -1723073393
59.200 575 -1723073393
59.227 558 -1723073393
59.253 549 -1723073393
59.280 539 -1723073393
59.307 524 -1723073393
59.333 510 -1723073393
59.360 496 -1723073393
59.387 480 -1723073393
59.413 470 -1723073393
59.440 466 -1723073393
59.467 459 -1723073393
59.493 450 -1723073393
59.520 441 -1723073393
59.547 425 -1723073393
59.573 402 -1723073393
59.600 380 -1723073393
59.627 357 -1723073393
59.653 330 -1723073393
59.680 304 -1723073393
59.707 280 -1723073393
59.733 249 -1723073393
59.760 216 -1723073393
59.787 182 -1723073393
59.813 145 -1723073393
59.840 109 -1723073393
59.867 75 -1723073393
59.893 48 -1723073393
59.920 24 -1723073393
59.947 3 -1723073393
59.973 -16 -1723073393
60.000 -33 -1723073393
60.027 -40 -1723073393
60.053 -43 -1723073393
60.080 -40 -1723073393
60.107 -29 -1723073393
60.133 -17 -1723073393
60.160 -7 -1723073393
60.187 7 -1723073393
60.213 23 -1723073393
60.240 36 -1723073393
60.267 50 -1723073393
60.293 66 -1723073393
60.320 75 -1723073393
60.347 76 -1723073393
60.373 68 -1723073393
60.400 53 -1723073393
60.427 39 -1723073393
60.453 26 -1723073393
60.480 6 -1723073393
60.507 -18 -1723073393
60.533 -42 -1723073393
60.560 -63 -1723073393
60.587 -90 -1723073393
60.613 -116 -1723073393
60.640 -138 -1723073393
60.667 -157 -1723073393
60.693 -171 -1723073393
60.720 -174 -1723073393
60.747 -170 -1723073393
60.773 -168 -1723073393
60.800 -166 -1723073393
60.827 -162 -1723073393
60.853 -161 -1723073393
60.880 -158 -1723073393
60.907 -148 -1723073393
60.933 -140 -1723073393
60.960 -137 -1723073393
60.987 -128 -1723073393
61.013 -121 -1723073393
61.040 -123 -1723073393
61.067 -126 -1723073393
61.093 -124 -1723073393
61.120 -127 -1723073393
61.147 -133 -1723073393
61.173 -133 -1723073393
61.200 -130 -1723073393
61.227 -132 -1723073393
61.253 -141 -1723073393
61.280 -153 -1723073393
61.307 -172 -1723073393
61.333 -191 -1723073393
61.360 -207 -1723073393
61.387 -223 -1723073393
61.413 -238 -1723073393
61.440 -245 -1723073393
61.467 -253 -1723073393
61.493 -267 -1723073393
61.520 -279 -1723073393
61.547 -291 -1723073393
61.573 -303 -1723073393
61.600 -309 -1723073393
61.627 -309 -1723073393
61.653 -311 -1723073393
61.680 -307 -1723073393
61.707 -292 -1723073393
61.733 -277 -1723073393
61.760 -261 -1723073393
61.787 -237 -1723073393
61.813 -208 -1723073393
61.840 -183 -1723073393
61.867 -157 -1723073393
61.893 -130 -1723073393
61.920 -107 -1723073393
61.947 -88 -1723073393
61.973 -66 -1723073393
62.000 -42 -1723073393
62.027 -26 -1723073393
62.053 -11 -1723073393
62.080 1 -1723073393
62.107 5 -1723073393
62.133 4 -1723073393
62.160 5 -1723073393
62.187 0 -1723073393
62.213 -15 -1723073393
62.240 -33 -1723073393
62.267 -51 -1723073393
62.293 -68 -1723073393
62.320 -87 -1723073393
62.347 -105 -1723073393
62.373 -122 -1723073393
62.400 -140 -1723073393
62.427 -155 -1723073393
62.453 -166 -1723073393
62.480 -175 -1723073393
62.507 -180 -1723073393
62.533 -181 -1723073393
62.560 -181 -1723073393
62.587 -181 -1723073393
62.613 -179 -1723073393
62.640 -175 -1723073393
62.667 -167 -1723073393
62.693 -152 -1723073393
62.720 -131 -1723073393
62.747 -111 -1723073393
62.773 -92 -1723073393
62.800 -77 -1723073393
62.827 -67 -1723073393
62.853 -57 -1723073393
62.880 -49 -1723073393
62.907 -44 -1723073393
62.933 -41 -1723073393
62.960 -36 -1723073393
62.987 -30 -1723073393
63.013 -31 -1723073393
63.040 -34 -1723073393
63.067 -40 -1723073393
63.093 -50 -1723073393
63.120 -64 -1723073393
63.147 -78 -1723073393
63.173 -95 -1723073393
63.200 -118 -1723073393
63.227 -144 -1723073393
63.253 -172 -1723073393
63.280 -199 -1723073393
63.307 -227 -1723073393
63.333 -252 -1723073393
63.360 -274 -1723073393
63.387 -293 -1723073393
63.413 -309 -1723073393
63.440 -322 -1723073393
63.467 -329 -1723073393
63.493 -329 -1723073393
63.520 -322 -1723073393
63.547 -309 -1723073393
63.573 -289 -1723073393
63.600 -268 -1723073393
63.627 -249 -1723073393
63.653 -228 -1723073393
63.680 -202 -1723073393
63.707 -175 -1723073393
63.733 -150 -1723073393
63.760 -125 -1723073393
63.787 -100 -1723073393
63.813 -77 -1723073393
63.840 -57 -1723073393
63.867 -44 -1723073393
63.893 -39 -1723073393
63.920 -38 -1723073393
63.947 -41 -1723073393
63.973 -47 -1723073393
64.000 -58 -1723073393
64.027 -72 -1723073393
64.053 -86 -1723073393
64.080 -103 -1723073393
64.107 -123 -1723073393
64.133 -143 -1723073393
64.160 -161 -1723073393
64.187 -177 -1723073393
64.213 -189 -1723073393
64.240 -195 -1723073393
64.267 -194 -1723073393
64.293 -186 -1723073393
64.320 -173 -1723073393
64.347 -157 -1723073393
64.373 -139 -1723073393
64.400 -120 -1723073393
64.427 -97 -1723073393
64.453 -69 -1723073393
64.480 -38 -1723073393
64.507 -9 -1723073393
64.533 21 -1723073393
64.560 51 -1723073393
64.587 79 -1723073393
64.613 100 -1723073393
64.640 113 -1723073393
64.667 122 -1723073393
64.693 130 -1723073393
64.720 127 -1723073393
64.747 120 -1723073393
64.773 114 -1723073393
64.800 104 -1723073393
64.827 87 -1723073393
64.853 69 -1723073393
64.880 52 -1723073393
64.907 33 -1723073393
64.933 15 -1723073393
64.960 0 -1723073393
64.987 -16 -1723073393
65.013 -31 -1723073393
65.040 -41 -1723073393
65.067 -47 -1723073393
65.093 -51 -1723073393
65.120 -49 -1723073393
65.147 -40 -1723073393
65.173 -30 -1723073393
65.200 -21 -1723073393
65.227 -4 -1723073393
65.253 16 -1723073393
65.280 36 -1723073393
65.307 56 -1723073393
65.333 78 -1723073393
65.360 100 -1723073393
65.387 122 -1723073393
65.413 143 -1723073393
65.440 164 -1723073393
65.467 186 -1723073393
65.493 208 -1723073393
65.520 229 -1723073393
65.547 249 -1723073393
65.573 268 -1723073393
65.600 286 -1723073393
65.627 297 -1723073393
65.653 302 -1723073393
65.680 307 -1723073393
65.707 308 -1723073393
65.733 304 -1723073393
65.760 298 -1723073393
65.787 292 -1723073393
65.813 285 -1723073393
65.840 283 -1723073393
65.867 285 -1723073393
65.893 283 -1723073393
65.920 278 -1723073393
65.947 276 -1723073393
65.973 273 -1723073393
66.000 268 -1723073393
66.027 266 -1723073393
66.053 264 -1723073393
66.080 259 -1723073393
66.107 253 -1723073393
66.133 249 -1723073393
66.160 246 -1723073393
66.187 244 -1723073393
66.213 243 -1723073393
66.240 235 -1723073393
66.267 224 -1723073393
66.293 218 -1723073393
66.320 211 -1723073393
66.347 202 -1723073393
66.373 194 -1723073393
66.400 189 -1723073393
66.427 186 -1723073393
66.453 187 -1723073393
66.480 190 -1723073393
66.507 191 -1723073393
66.533 193 -1723073393
66.560 198 -1723073393
66.587 201 -1723073393
66.613 202 -1723073393
66.640 205 -1723073393
66.667 209 -1723073393
66.693 210 -1723073393
66.720 212 -1723073393
66.747 215 -1723073393
66.773 216 -1723073393
66.800 217 -1723073393
66.827 223 -1723073393
66.853 228 -1723073393
66.880 231 -1723073393
66.907 235 -1723073393
66.933 241 -1723073393
66.960 247 -1723073393
66.987 259 -1723073393
67.013 275 -1723073393
67.040 289 -1723073393
67.067 308 -1723073393
67.093 330 -1723073393
67.120 353 -1723073393
67.147 375 -1723073393
67.173 397 -1723073393
67.200 420 -1723073393
67.227 442 -1723073393
67.253 463 -1723073393
67.280 481 -1723073393
67.307 496 -1723073393
67.333 506 -1723073393
67.360 515 -1723073393
67.387 518 -1723073393
67.413 513 -1723073393
67.440 505 -1723073393
67.467 496 -1723073393
67.493 482 -1723073393
67.520 469 -1723073393
67.547 459 -1723073393
67.573 448 -1723073393
67.600 433 -1723073393
67.627 416 -1723073393
67.653 399 -1723073393
67.680 385 -1723073393
67.707 375 -1723073393
67.733 365 -1723073393
67.760 354 -1723073393
67.787 345 -1723073393
67.813 338 -1723073393
67.840 331 -1723073393
67.867 327 -1723073393
67.893 326 -1723073393
67.920 326 -1723073393
67.947 323 -1723073393
67.973 319 -1723073393
68.000 314 -1723073393
68.027 307 -1723073393
68.053 302 -1723073393
68.080 298 -1723073393
68.107 289 -1723073393
68.133 282 -1723073393
68.160 279 -1723073393
68.187 273 -1723073393
68.213 265 -1723073393
68.240 260 -1723073393
68.267 256 -1723073393
68.293 252 -1723073393
68.320 248 -1723073393
68.347 246 -1723073393
68.373 243 -1723073393
68.400 245 -1723073393
68.427 251 -1723073393
68.453 251 -1723073393
68.480 248 -1723073393
68.507 249 -1723073393
68.533 246 -1723073393
68.560 241 -1723073393
68.587 238 -1723073393
68.613 235 -1723073393
68.640 228 -1723073393
68.667 229 -1723073393
68.693 232 -1723073393
68.720 232 -1723073393
68.747 233 -1723073393
68.773 238 -1723073393
68.800 242 -1723073393
68.827 246 -1723073393
68.853 254 -1723073393
68.880 262 -1723073393
68.907 269 -1723073393
68.933 280 -1723073393
68.960 294 -1723073393
68.987 305 -1723073393
69.013 316 -1723073393
69.040 327 -1723073393
69.067 337 -1723073393
69.093 345 -1723073393
69.120 353 -1723073393
69.147 361 -1723073393
69.173 366 -1723073393
69.200 367 -1723073393
69.227 367 -1723073393
69.253 364 -1723073393
69.280 362 -1723073393
69.307 365 -1723073393
69.333 372 -1723073393
69.360 376 -1723073393
69.387 377 -1723073393
69.413 377 -1723073393
69.440 378 -1723073393
69.467 380 -1723073393
69.493 380 -1723073393
69.520 374 -1723073393
69.547 366 -1723073393
69.573 357 -1723073393
69.600 345 -1723073393
69.627 329 -1723073393
69.653 310 -1723073393
69.680 289 -1723073393
69.707 267 -1723073393
69.733 247 -1723073393
69.760 228 -1723073393
69.787 206 -1723073393
69.813 187 -1723073393
69.840 173 -1723073393
69.867 158 -1723073393
69.893 141 -1723073393
69.920 130 -1723073393
69.947 126 -1723073393
69.973 120 -1723073393
70.000 118 -1723073393
70.027 127 -1723073393
70.053 136 -1723073393
70.080 145 -1723073393
70.107 163 -1723073393
70.133 183 -1723073393
70.160 200 -1723073393
70.187 220 -1723073393
70.213 243 -1723073393
70.240 260 -1723073393
70.267 275 -1723073393
70.293 293 -1723073393
70.320 302 -1723073393
70.347 303 -1723073393
70.373 305 -1723073393
70.400 310 -1723073393
70.427 311 -1723073393
70.453 312 -1723073393
70.480 312 -1723073393
70.507 306 -1723073393
70.533 298 -1723073393
70.560 295 -1723073393
70.587 287 -1723073393
70.613 276 -1723073393
70.640 268 -1723073393
70.667 264 -1723073393
70.693 259 -1723073393
70.720 257 -1723073393
70.747 259 -1723073393
70.773 262 -1723073393
70.800 266 -1723073393
70.827 275 -1723073393
70.853 282 -1723073393
70.880 285 -1723073393
70.907 288 -1723073393
70.933 290 -1723073393
70.960 290 -1723073393
70.987 292 -1723073393
71.013 299 -1723073393
71.040 305 -1723073393
71.067 310 -1723073393
71.093 317 -1723073393
71.120 324 -1723073393
71.147 331 -1723073393
71.173 338 -1723073393
71.200 343 -1723073393
71.227 347 -1723073393
71.253 354 -1723073393
71.280 359 -1723073393
71.307 361 -1723073393
71.333 361 -1723073393
71.360 364 -1723073393
71.387 369 -1723073393
71.413 372 -1723073393
71.440 376 -1723073393
71.467 378 -1723073393
71.493 373 -1723073393
71.520 363 -1723073393
71.547 354 -1723073393
71.573 345 -1723073393
71.600 334 -1723073393
71.627 321 -1723073393
71.653 303 -1723073393
71.680 287 -1723073393
71.707 275 -1723073393
71.733 262 -1723073393
71.760 247 -1723073393
71.787 234 -1723073393
71.813 224 -1723073393
71.840 215 -1723073393
71.867 209 -1723073393
71.893 210 -1723073393
71.920 211 -1723073393
71.947 212 -1723073393
71.973 218 -1723073393
72.000 223 -1723073393
72.027 228 -1723073393
72.053 234 -1723073393
72.080 239 -1723073393
72.107 242 -1723073393
72.133 239 -1723073393
72.160 235 -1723073393
72.187 233 -1723073393
72.213 233 -1723073393
72.240 231 -1723073393
72.267 226 -1723073393
72.293 218 -1723073393
72.320 212 -1723073393
72.347 206 -1723073393
72.373 204 -1723073393
72.400 205 -1723073393
72.427 208 -1723073393
72.453 210 -1723073393
72.480 212 -1723073393
72.507 218 -1723073393
72.533 223 -1723073393
72.560 226 -1723073393
72.587 229 -1723073393
72.613 236 -1723073393
72.640 247 -1723073393
72.667 259 -1723073393
72.693 268 -1723073393
72.720 272 -1723073393
72.747 273 -1723073393
72.773 270 -1723073393
72.800 267 -1723073393
72.827 263 -1723073393
72.853 261 -1723073393
72.880 260 -1723073393
72.907 257 -1723073393
72.933 249 -1723073393
72.960 239 -1723073393
72.987 231 -1723073393
73.013 223 -1723073393
73.040 215 -1723073393
73.067 208 -1723073393
73.093 200 -1723073393
73.120 192 -1723073393
73.147 185 -1723073393
73.173 178 -1723073393
73.200 171 -1723073393
73.227 170 -1723073393
73.253 172 -1723073393
73.280 170 -1723073393
73.307 169 -1723073393
73.333 173 -1723073393
73.360 181 -1723073393
73.387 191 -1723073393
73.413 198 -1723073393
73.440 204 -1723073393
73.467 211 -1723073393
73.493 221 -1723073393
73.520 229 -1723073393
73.547 235 -1723073393
73.573 246 -1723073393
73.600 257 -1723073393
73.627 265 -1723073393
73.653 273 -1723073393
73.680 284 -1723073393
73.707 296 -1723073393
73.733 305 -1723073393
73.760 316 -1723073393
73.787 324 -1723073393
73.813 327 -1723073393
73.840 327 -1723073393
73.867 323 -1723073393
73.893 318 -1723073393
73.920 315 -1723073393
73.947 309 -1723073393
73.973 295 -1723073393
74.000 280 -1723073393
74.027 266 -1723073393
74.053 248 -1723073393
74.080 225 -1723073393
74.107 200 -1723073393
74.133 182 -1723073393
74.160 166 -1723073393
74.187 149 -1723073393
74.213 135 -1723073393
74.240 127 -1723073393
74.267 116 -1723073393
74.293 105 -1723073393
74.320 98 -1723073393
74.347 94 -1723073393
74.373 92 -1723073393
74.400 97 -1723073393
74.427 104 -1723073393
74.453 110 -1723073393
74.480 122 -1723073393
74.507 136 -1723073393
74.533 147 -1723073393
74.560 161 -1723073393
74.587 176 -1723073393
74.613 189 -1723073393
74.640 203 -1723073393
74.667 216 -1723073393
74.693 224 -1723073393
74.720 226 -1723073393
74.747 231 -1723073393
74.773 236 -1723073393
74.800 238 -1723073393
74.827 243 -1723073393
74.853 246 -1723073393
74.880 243 -1723073393
74.907 239 -1723073393
74.933 240 -1723073393
74.960 245 -1723073393
74.987 249 -1723073393
75.013 255 -1723073393
75.040 261 -1723073393
75.067 260 -1723073393
75.093 261 -1723073393
75.120 262 -1723073393
75.147 263 -1723073393
75.173 267 -1723073393
75.200 276 -1723073393
75.227 284 -1723073393
75.253 290 -1723073393
75.280 294 -1723073393
75.307 296 -1723073393
75.333 292 -1723073393
75.360 288 -1723073393
75.387 286 -1723073393
75.413 283 -1723073393
75.440 276 -1723073393
75.467 271 -1723073393
75.493 268 -1723073393
75.520 260 -1723073393
75.547 251 -1723073393
75.573 252 -1723073393
75.600 258 -1723073393
75.627 264 -1723073393
75.653 275 -1723073393
75.680 281 -1723073393
75.707 280 -1723073393
75.733 279 -1723073393
75.760 276 -1723073393
75.787 267 -1723073393
75.813 257 -1723073393
75.840 247 -1723073393
75.867 230 -1723073393
75.893 213 -1723073393
75.920 197 -1723073393
75.947 179 -1723073393
75.973 161 -1723073393
76.000 146 -1723073393
76.027 129 -1723073393
76.053 110 -1723073393
76.080 98 -1723073393
76.107 89 -1723073393
76.133 80 -1723073393
76.160 81 -1723073393
76.187 91 -1723073393
76.213 97 -1723073393
76.240 105 -1723073393
76.267 122 -1723073393
76.293 143 -1723073393
76.320 166 -1723073393
76.347 196 -1723073393
76.373 227 -1723073393
76.400 252 -1723073393
76.427 276 -1723073393
76.453 300 -1723073393
76.480 318 -1723073393
76.507 331 -1723073393
76.533 343 -1723073393
76.560 351 -1723073393
76.587 353 -1723073393
76.613 353 -1723073393
76.640 356 -1723073393
76.667 358 -1723073393
76.693 359 -1723073393
76.720 361 -1723073393
76.747 360 -1723073393
76.773 354 -1723073393
76.800 347 -1723073393
76.827 339 -1723073393
76.853 331 -1723073393
76.880 325 -1723073393
76.907 320 -1723073393
76.933 315 -1723073393
76.960 313 -1723073393
76.987 311 -1723073393
77.013 304 -1723073393
77.040 298 -1723073393
77.067 300 -1723073393
77.093 301 -1723073393
77.120 298 -1723073393
77.147 299 -1723073393
77.173 301 -1723073393
77.200 301 -1723073393
77.227 308 -1723073393
77.253 319 -1723073393
77.280 329 -1723073393
77.307 339 -1723073393
77.333 346 -1723073393
77.360 348 -1723073393
77.387 350 -1723073393
77.413 355 -1723073393
77.440 359 -1723073393
77.467 357 -1723073393
77.493 354 -1723073393
77.520 353 -1723073393
77.547 348 -1723073393
77.573 340 -1723073393
77.600 336 -1723073393
77.627 334 -1723073393
77.653 326 -1723073393
77.680 320 -1723073393
77.707 312 -1723073393
77.733 297 -1723073393
77.760 281 -1723073393
77.787 267 -1723073393
77.813 254 -1723073393
77.840 248 -1723073393
77.867 246 -1723073393
77.893 244 -1723073393
77.920 246 -1723073393
77.947 251 -1723073393
77.973 250 -1723073393
78.000 246 -1723073393
78.027 249 -1723073393
78.053 253 -1723073393
78.080 256 -1723073393
78.107 266 -1723073393
78.133 275 -1723073393
78.160 278 -1723073393
78.187 286 -1723073393
78.213 300 -1723073393
78.240 307 -1723073393
78.267 308 -1723073393
78.293 310 -1723073393
78.320 305 -1723073393
78.347 296 -1723073393
78.373 292 -1723073393
78.400 293 -1723073393
78.427 291 -1723073393
78.453 286 -1723073393
78.480 283 -1723073393
78.507 273 -1723073393
78.533 261 -1723073393
78.560 253 -1723073393
78.587 243 -1723073393
78.613 231 -1723073393
78.640 227 -1723073393
78.667 223 -1723073393
78.693 216 -1723073393
78.720 207 -1723073393
78.747 194 -1723073393
78.773 177 -1723073393
78.800 167 -1723073393
78.827 164 -1723073393
78.853 158 -1723073393
78.880 156 -1723073393
78.907 158 -1723073393
78.933 158 -1723073393
78.960 157 -1723073393
78.987 161 -1723073393
79.013 165 -1723073393
79.040 162 -1723073393
79.067 162 -1723073393
79.093 165 -1723073393
79.120 163 -1723073393
79.147 160 -1723073393
79.173 167 -1723073393
79.200 172 -1723073393
79.227 177 -1723073393
79.253 190 -1723073393
79.280 196 -1723073393
79.307 195 -1723073393
79.333 200 -1723073393
79.360 208 -1723073393
79.387 210 -1723073393
79.413 210 -1723073393
79.440 208 -1723073393
79.467 195 -1723073393
79.493 180 -1723073393
79.520 168 -1723073393
79.547 152 -1723073393
79.573 135 -1723073393
79.600 121 -1723073393
79.627 103 -1723073393
79.653 83 -1723073393
79.680 69 -1723073393
79.707 57 -1723073393
79.733 39 -1723073393
79.760 33 -1723073393
79.787 38 -1723073393
79.813 42 -1723073393
79.840 48 -1723073393
79.867 61 -1723073393
79.893 74 -1723073393
79.920 91 -1723073393
79.947 118 -1723073393
79.973 142 -1723073393
80.000 161 -1723073393
80.027 185 -1723073393
80.053 212 -1723073393
80.080 230 -1723073393
80.107 248 -1723073393
80.133 265 -1723073393
80.160 272 -1723073393
80.187 279 -1723073393
80.213 291 -1723073393
80.240 300 -1723073393
80.267 301 -1723073393
80.293 303 -1723073393
80.320 302 -1723073393
80.347 294 -1723073393
80.373 288 -1723073393
80.400 283 -1723073393
80.427 271 -1723073393
80.453 260 -1723073393
80.480 255 -1723073393
80.507 247 -1723073393
80.533 237 -1723073393
80.560 235 -1723073393
80.587 231 -1723073393
80.613 223 -1723073393
80.640 223 -1723073393
80.667 229 -1723073393
80.693 231 -1723073393
80.720 238 -1723073393
80.747 250 -1723073393
80.773 257 -1723073393
80.800 262 -1723073393
80.827 271 -1723073393
80.853 274 -1723073393
80.880 277 -1723073393
80.907 281 -1723073393
80.933 278 -1723073393
80.960 273 -1723073393
80.987 273 -1723073393
81.013 272 -1723073393
81.040 262 -1723073393
81.067 253 -1723073393
81.093 243 -1723073393
81.120 226 -1723073393
81.147 213 -1723073393
81.173 204 -1723073393
81.200 191 -1723073393
81.227 177 -1723073393
81.253 165 -1723073393
81.280 151 -1723073393
81.307 135 -1723073393
81.333 125 -1723073393
81.360 112 -1723073393
81.387 98 -1723073393
81.413 90 -1723073393
81.440 86 -1723073393
81.467 83 -1723073393
81.493 93 -1723073393
81.520 108 -1723073393
81.547 119 -1723073393
81.573 131 -1723073393
81.600 147 -1723073393
81.627 158 -1723073393
81.653 170 -1723073393
81.680 187 -1723073393
81.707 201 -1723073393
81.733 215 -1723073393
81.760 234 -1723073393
81.787 251 -1723073393
81.813 260 -1723073393
81.840 274 -1723073393
81.867 288 -1723073393
81.893 294 -1723073393
81.920 300 -1723073393
81.947 312 -1723073393
81.973 325 -1723073393
82.000 331 -1723073393
82.027 335 -1723073393
82.053 336 -1723073393
82.080 333 -1723073393
82.107 333 -1723073393
82.133 335 -1723073393
82.160 328 -1723073393
82.187 318 -1723073393
82.213 314 -1723073393
82.240 307 -1723073393
82.267 298 -1723073393
82.293 294 -1723073393
82.320 290 -1723073393
82.347 279 -1723073393
82.373 268 -1723073393
82.400 263 -1723073393
82.427 257 -1723073393
82.453 250 -1723073393
82.480 243 -1723073393
82.507 237 -1723073393
82.533 237 -1723073393
82.560 239 -1723073393
82.587 236 -1723073393
82.613 238 -1723073393
82.640 243 -1723073393
82.667 251 -1723073393
82.693 259 -1723073393
82.720 265 -1723073393
82.747 268 -1723073393
82.773 270 -1723073393
82.800 280 -1723073393
82.827 289 -1723073393
82.853 296 -1723073393
82.880 298 -1723073393
82.907 296 -1723073393
82.933 286 -1723073393
82.960 274 -1723073393
82.987 266 -1723073393
83.013 258 -1723073393
83.040 251 -1723073393
83.067 246 -1723073393
83.093 237 -1723073393
83.120 226 -1723073393
83.147 216 -1723073393
83.173 209 -1723073393
83.200 203 -1723073393
83.227 192 -1723073393
83.253 181 -1723073393
83.280 177 -1723073393
83.307 177 -1723073393
83.333 180 -1723073393
83.360 182 -1723073393
83.387 182 -1723073393
83.413 181 -1723073393
83.440 180 -1723073393
83.467 189 -1723073393
83.493 202 -1723073393
83.520 214 -1723073393
83.547 225 -1723073393
83.573 236 -1723073393
83.600 240 -1723073393
83.627 245 -1723073393
83.653 250 -1723073393
83.680 249 -1723073393
83.707 248 -1723073393
83.733 252 -1723073393
83.760 252 -1723073393
83.787 250 -1723073393
83.813 251 -1723073393
83.840 251 -1723073393
83.867 245 -1723073393
83.893 237 -1723073393
83.920 226 -1723073393
83.947 217 -1723073393
83.973 214 -1723073393
84.000 212 -1723073393
84.027 209 -1723073393
84.053 205 -1723073393
84.080 200 -1723073393
84.107 198 -1723073393
84.133 204 -1723073393
84.160 215 -1723073393
84.187 223 -1723073393
84.213 230 -1723073393
84.240 239 -1723073393
84.267 243 -1723073393
84.293 242 -1723073393
84.320 243 -1723073393
84.347 250 -1723073393
84.373 258 -1723073393
84.400 263 -1723073393
84.427 260 -1723073393
84.453 251 -1723073393
84.480 245 -1723073393
84.507 244 -1723073393
84.533 243 -1723073393
84.560 240 -1723073393
84.587 236 -1723073393
84.613 231 -1723073393
84.640 224 -1723073393
84.667 218 -1723073393
84.693 210 -1723073393
84.720 202 -1723073393
84.747 195 -1723073393
84.773 187 -1723073393
84.800 178 -1723073393
84.827 172 -1723073393
84.853 171 -1723073393
84.880 166 -1723073393
84.907 162 -1723073393
84.933 160 -1723073393
84.960 157 -1723073393
84.987 152 -1723073393
85.013 150 -1723073393
85.040 150 -1723073393
85.067 151 -1723073393
85.093 154 -1723073393
85.120 159 -1723073393
85.147 165 -1723073393
85.173 170 -1723073393
85.200 173 -1723073393
85.227 180 -1723073393
85.253 187 -1723073393
85.280 194 -1723073393
85.307 198 -1723073393
85.333 197 -1723073393
85.360 195 -1723073393
85.387 194 -1723073393
85.413 194 -1723073393
85.440 193 -1723073393
85.467 193 -1723073393
85.493 196 -1723073393
85.520 197 -1723073393
85.547 201 -1723073393
85.573 208 -1723073393
85.600 215 -1723073393
85.627 227 -1723073393
85.653 240 -1723073393
85.680 252 -1723073393
85.707 261 -1723073393
85.733 268 -1723073393
85.760 272 -1723073393
85.787 275 -1723073393
85.813 279 -1723073393
85.840 286 -1723073393
85.867 289 -1723073393
85.893 289 -1723073393
85.920 292 -1723073393
85.947 292 -1723073393
85.973 290 -1723073393
86.000 284 -1723073393
86.027 275 -1723073393
86.053 265 -1723073393
86.080 256 -1723073393
86.107 243 -1723073393
86.133 236 -1723073393
86.160 230 -1723073393
86.187 223 -1723073393
86.213 218 -1723073393
86.240 211 -1723073393
86.267 202 -1723073393
86.293 199 -1723073393
86.320 195 -1723073393
86.347 190 -1723073393
86.373 189 -1723073393
86.400 193 -1723073393
86.427 195 -1723073393
86.453 195 -1723073393
86.480 195 -1723073393
86.507 196 -1723073393
86.533 199 -1723073393
86.560 200 -1723073393
86.587 196 -1723073393
86.613 190 -1723073393
86.640 187 -1723073393
86.667 181 -1723073393
86.693 173 -1723073393
86.720 168 -1723073393
86.747 160 -1723073393
86.773 151 -1723073393
86.800 150 -1723073393
86.827 147 -1723073393
86.853 144 -1723073393
86.880 148 -1723073393
86.907 153 -1723073393
86.933 160 -1723073393
86.960 171 -1723073393
86.987 181 -1723073393
87.013 187 -1723073393
87.040 197 -1723073393
87.067 206 -1723073393
87.093 206 -1723073393
87.120 212 -1723073393
87.147 219 -1723073393
87.173 221 -1723073393
87.200 227 -1723073393
87.227 235 -1723073393
87.253 236 -1723073393
87.280 240 -1723073393
87.307 245 -1723073393
87.333 241 -1723073393
87.360 240 -1723073393
87.387 240 -1723073393
87.413 237 -1723073393
87.440 236 -1723073393
87.467 238 -1723073393
87.493 238 -1723073393
87.520 237 -1723073393
87.547 236 -1723073393
87.573 237 -1723073393
87.600 235 -1723073393
87.627 232 -1723073393
87.653 230 -1723073393
87.680 230 -1723073393
87.707 230 -1723073393
87.733 229 -1723073393
87.760 231 -1723073393
87.787 236 -1723073393
87.813 240 -1723073393
87.840 242 -1723073393
87.867 237 -1723073393
87.893 229 -1723073393
87.920 221 -1723073393
87.947 212 -1723073393
87.973 205 -1723073393
88.000 204 -1723073393
88.027 204 -1723073393
88.053 201 -1723073393
88.080 199 -1723073393
88.107 196 -1723073393
88.133 195 -1723073393
88.160 199 -1723073393
88.187 200 -1723073393
88.213 196 -1723073393
88.240 196 -1723073393
88.267 204 -1723073393
88.293 210 -1723073393
88.320 215 -1723073393
88.347 216 -1723073393
88.373 216 -1723073393
88.400 218 -1723073393
88.427 217 -1723073393
88.453 211 -1723073393
88.480 207 -1723073393
88.507 205 -1723073393
88.533 199 -1723073393
88.560 191 -1723073393
88.587 189 -1723073393
88.613 187 -1723073393
88.640 186 -1723073393
88.667 180 -1723073393
88.693 169 -1723073393
88.720 160 -1723073393
88.747 152 -1723073393
88.773 138 -1723073393
88.800 129 -1723073393
88.827 120 -1723073393
88.853 115 -1723073393
88.880 118 -1723073393
88.907 124 -1723073393
88.933 128 -1723073393
88.960 132 -1723073393
88.987 130 -1723073393
89.013 126 -1723073393
89.040 126 -1723073393
89.067 131 -1723073393
89.093 136 -1723073393
89.120 146 -1723073393
89.147 158 -1723073393
89.173 167 -1723073393
89.200 175 -1723073393
89.227 183 -1723073393
89.253 191 -1723073393
89.280 199 -1723073393
89.307 203 -1723073393
89.333 202 -1723073393
89.360 204 -1723073393
89.387 210 -1723073393
89.413 213 -1723073393
89.440 221 -1723073393
89.467 228 -1723073393
89.493 233 -1723073393
89.520 233 -1723073393
89.547 223 -1723073393
89.573 214 -1723073393
89.600 207 -1723073393
89.627 194 -1723073393
89.653 184 -1723073393
89.680 173 -1723073393
89.707 162 -1723073393
89.733 154 -1723073393
89.760 147 -1723073393
89.787 142 -1723073393
89.813 136 -1723073393
89.840 128 -1723073393
89.867 123 -1723073393
89.893 122 -1723073393
89.920 125 -1723073393
89.947 130 -1723073393
89.973 135 -1723073393
90.000 141 -1723073393
90.027 147 -1723073393
90.053 153 -1723073393
90.080 157 -1723073393
90.107 160 -1723073393
90.133 169 -1723073393
90.160 180 -1723073393
90.187 187 -1723073393
90.213 188 -1723073393
90.240 184 -1723073393
90.267 178 -1723073393
90.293 175 -1723073393
90.320 170 -1723073393
90.347 166 -1723073393
90.373 163 -1723073393
90.400 156 -1723073393
90.427 148 -1723073393
90.453 141 -1723073393
90.480 128 -1723073393
90.507 114 -1723073393
90.533 106 -1723073393
90.560 100 -1723073393
90.587 97 -1723073393
90.613 98 -1723073393
90.640 100 -1723073393
90.667 104 -1723073393
90.693 113 -1723073393
90.720 123 -1723073393
90.747 136 -1723073393
90.773 155 -1723073393
90.800 171 -1723073393
90.827 184 -1723073393
90.853 193 -1723073393
90.880 201 -1723073393
90.907 213 -1723073393
90.933 225 -1723073393
90.960 239 -1723073393
90.987 256 -1723073393
91.013 271 -1723073393
91.040 283 -1723073393
91.067 291 -1723073393
91.093 296 -1723073393
91.120 303 -1723073393
91.147 312 -1723073393
91.173 317 -1723073393
91.200 319 -1723073393
91.227 322 -1723073393
91.253 322 -1723073393
91.280 333 -1723073393
91.307 349 -1723073393
91.333 354 -1723073393
91.360 356 -1723073393
91.387 357 -1723073393
91.413 352 -1723073393
91.440 352 -1723073393
91.467 349 -1723073393
91.493 343 -1723073393
91.520 340 -1723073393
91.547 334 -1723073393
91.573 325 -1723073393
91.600 317 -1723073393
91.627 304 -1723073393
91.653 292 -1723073393
91.680 286 -1723073393
91.707 283 -1723073393
91.733 280 -1723073393
91.760 279 -1723073393
91.787 279 -1723073393
91.813 286 -1723073393
91.840 292 -1723073393
91.867 297 -1723073393
91.893 306 -1723073393
91.920 311 -1723073393
91.947 318 -1723073393
91.973 333 -1723073393
92.000 341 -1723073393
92.027 346 -1723073393
92.053 356 -1723073393
92.080 361 -1723073393
92.107 362 -1723073393
92.133 362 -1723073393
92.160 360 -1723073393
92.187 360 -1723073393
92.213 355 -1723073393
92.240 348 -1723073393
92.267 344 -1723073393
92.293 337 -1723073393
92.320 332 -1723073393
92.347 329 -1723073393
92.373 322 -1723073393
92.400 316 -1723073393
92.427 314 -1723073393
92.453 309 -1723073393
92.480 312 -1723073393
92.507 317 -1723073393
92.533 315 -1723073393
92.560 318 -1723073393
92.587 316 -1723073393
92.613 316 -1723073393
92.640 326 -1723073393
92.667 329 -1723073393
92.693 332 -1723073393
92.720 341 -1723073393
92.747 346 -1723073393
92.773 358 -1723073393
92.800 371 -1723073393
92.827 381 -1723073393
92.853 391 -1723073393
92.880 398 -1723073393
92.907 403 -1723073393
92.933 408 -1723073393
92.960 409 -1723073393
92.987 411 -1723073393
93.013 413 -1723073393
93.040 408 -1723073393
93.067 401 -1723073393
93.093 395 -1723073393
93.120 390 -1723073393
93.147 388 -1723073393
93.173 377 -1723073393
93.200 364 -1723073393
93.227 353 -1723073393
93.253 339 -1723073393
93.280 331 -1723073393
93.307 330 -1723073393
93.333 327 -1723073393
93.360 330 -1723073393
93.387 330 -1723073393
93.413 327 -1723073393
93.440 325 -1723073393
93.467 318 -1723073393
93.493 313 -1723073393
93.520 316 -1723073393
93.547 317 -1723073393
93.573 324 -1723073393
93.600 328 -1723073393
93.627 327 -1723073393
93.653 333 -1723073393
93.680 340 -1723073393
93.707 350 -1723073393
93.733 358 -1723073393
93.760 351 -1723073393
93.787 355 -1723073393
93.813 353 -1723073393
93.840 351 -1723073393
93.867 362 -1723073393
93.893 362 -1723073393
93.920 360 -1723073393
93.947 357 -1723073393
93.973 343 -1723073393
94.000 335 -1723073393
94.027 324 -1723073393
94.053 316 -1723073393
94.080 315 -1723073393
94.107 312 -1723073393
94.133 313 -1723073393
94.160 314 -1723073393
94.187 305 -1723073393
94.213 297 -1723073393
94.240 290 -1723073393
94.267 285 -1723073393
94.293 286 -1723073393
94.320 288 -1723073393
94.347 289 -1723073393
94.373 289 -1723073393
94.400 288 -1723073393
94.427 294 -1723073393
94.453 299 -1723073393
94.480 304 -1723073393
94.507 307 -1723073393
94.533 316 -1723073393
94.560 331 -1723073393
94.587 344 -1723073393
94.613 349 -1723073393
94.640 353 -1723073393
94.667 348 -1723073393
94.693 344 -1723073393
94.720 345 -1723073393
94.747 345 -1723073393
94.773 347 -1723073393
94.800 350 -1723073393
94.827 350 -1723073393
94.853 349 -1723073393
94.880 343 -1723073393
94.907 343 -1723073393
94.933 341 -1723073393
94.960 337 -1723073393
94.987 339 -1723073393
95.013 339 -1723073393
95.040 336 -1723073393
95.067 330 -1723073393
95.093 317 -1723073393
95.120 303 -1723073393
95.147 297 -1723073393
95.173 300 -1723073393
95.200 302 -1723073393
95.227 295 -1723073393
95.253 290 -1723073393
95.280 282 -1723073393
95.307 275 -1723073393
95.333 271 -1723073393
95.360 261 -1723073393
95.387 260 -1723073393
95.413 257 -1723073393
95.440 255 -1723073393
95.467 262 -1723073393
95.493 263 -1723073393
95.520 268 -1723073393
95.547 269 -1723073393
95.573 263 -1723073393
95.600 263 -1723073393
95.627 254 -1723073393
95.653 248 -1723073393
95.680 241 -1723073393
95.707 227 -1723073393
95.733 221 -1723073393
95.760 208 -1723073393
95.787 194 -1723073393
95.813 182 -1723073393
95.840 171 -1723073393
95.867 170 -1723073393
95.893 163 -1723073393
95.920 156 -1723073393
95.947 147 -1723073393
95.973 138 -1723073393
96.000 136 -1723073393
96.027 130 -1723073393
96.053 134 -1723073393
96.080 139 -1723073393
96.107 136 -1723073393
96.133 136 -1723073393
96.160 139 -1723073393
96.187 145 -1723073393
96.213 154 -1723073393
96.240 160 -1723073393
96.267 170 -1723073393
96.293 177 -1723073393
96.320 187 -1723073393
96.347 194 -1723073393
96.373 200 -1723073393
96.400 205 -1723073393
96.427 205 -1723073393
96.453 213 -1723073393
96.480 218 -1723073393
96.507 223 -1723073393
96.533 226 -1723073393
96.560 216 -1723073393
96.587 209 -1723073393
96.613 197 -1723073393
96.640 191 -1723073393
96.667 181 -1723073393
96.693 165 -1723073393
96.720 159 -1723073393
96.747 145 -1723073393
96.773 131 -1723073393
96.800 115 -1723073393
96.827 98 -1723073393
96.853 92 -1723073393
96.880 80 -1723073393
96.907 79 -1723073393
96.933 75 -1723073393
96.960 71 -1723073393
96.987 67 -1723073393
97.013 55 -1723073393
97.040 53 -1723073393
97.067 51 -1723073393
97.093 57 -1723073393
97.120 66 -1723073393
97.147 74 -1723073393
97.173 86 -1723073393
97.200 87 -1723073393
97.227 90 -1723073393
97.253 85 -1723073393
97.280 84 -1723073393
97.307 91 -1723073393
97.333 92 -1723073393
97.360 88 -1723073393
97.387 73 -1723073393
97.413 70 -1723073393
97.440 64 -1723073393
97.467 54 -1723073393
97.493 47 -1723073393
97.520 40 -1723073393
97.547 42 -1723073393
97.573 34 -1723073393
97.600 34 -1723073393
97.627 34 -1723073393
97.653 40 -1723073393
97.680 43 -1723073393
97.707 43 -1723073393
97.733 46 -1723073393
97.760 40 -1723073393
97.787 44 -1723073393
97.813 41 -1723073393
97.840 48 -1723073393
97.867 51 -1723073393
97.893 49 -1723073393
97.920 54 -1723073393
97.947 58 -1723073393
97.973 69 -1723073393
98.000 70 -1723073393
98.027 82 -1723073393
98.053 86 -1723073393
98.080 92 -1723073393
98.107 105 -1723073393
98.133 107 -1723073393
98.160 109 -1723073393
98.187 105 -1723073393
98.213 110 -1723073393
98.240 107 -1723073393
98.267 110 -1723073393
98.293 115 -1723073393
98.320 114 -1723073393
98.347 114 -1723073393
98.373 109 -1723073393
98.400 113 -1723073393
98.427 106 -1723073393
98.453 100 -1723073393
98.480 97 -1723073393
98.507 97 -1723073393
98.533 89 -1723073393
98.560 80 -1723073393
98.587 71 -1723073393
98.613 66 -1723073393
98.640 65 -1723073393
98.667 63 -1723073393
98.693 61 -1723073393
98.720 41 -1723073393
98.747 33 -1723073393
98.773 28 -1723073393
98.800 32 -1723073393
98.827 25 -1723073393
98.853 24 -1723073393
98.880 26 -1723073393
98.907 31 -1723073393
98.933 30 -1723073393
98.960 31 -1723073393
98.987 37 -1723073393
99.013 38 -1723073393
99.040 44 -1723073393
99.067 39 -1723073393
99.093 38 -1723073393
99.120 30 -1723073393
99.147 29 -1723073393
99.173 20 -1723073393
99.200 18 -1723073393
99.227 11 -1723073393
99.253 13 -1723073393
99.280 7 -1723073393
99.307 6 -1723073393
99.333 8 -1723073393
99.360 8 -1723073393
99.387 5 -1723073393
99.413 -1 -1723073393
99.440 -9 -1723073393
99.467 -8 -1723073393
99.493 -9 -1723073393
99.520 -17 -1723073393
99.547 -27 -1723073393
99.573 -42 -1723073393
99.600 -39 -1723073393
99.627 -41 -1723073393
99.653 -37 -1723073393
99.680 -36 -1723073393
99.707 -31 -1723073393
99.733 -34 -1723073393
99.760 -32 -1723073393
99.787 -40 -1723073393
99.813 -29 -1723073393
99.840 -19 -1723073393
99.867 -4 -1723073393
99.893 1 -1723073393
99.920 8 -1723073393
99.947 6 -1723073393
99.973 12 -1723073393
100.000 0 -1723073393
