0.000 26 -1723073393
0.027 32 -1723073393
0.053 22 -1723073393
0.080 19 -1723073393
0.107 24 -1723073393
0.133 19 -1723073393
0.160 26 -1723073393
0.187 28 -1723073393
0.213 22 -1723073393
0.240 26 -1723073393
0.267 16 -1723073393
0.293 11 -1723073393
0.320 24 -1723073393
0.347 18 -1723073393
0.373 20 -1723073393
0.400 26 -1723073393
0.427 20 -1723073393
0.453 26 -1723073393
0.480 23 -1723073393
0.507 19 -1723073393
0.533 28 -1723073393
0.560 23 -1723073393
0.587 20 -1723073393
0.613 21 -1723073393
0.640 10 -1723073393
0.667 12 -1723073393
0.693 14 -1723073393
0.720 4 -1723073393
0.747 5 -1723073393
0.773 1 -1723073393
0.800 0 -1723073393
0.827 11 -1723073393
0.853 7 -1723073393
0.880 8 -1723073393
0.907 18 -1723073393
0.933 11 -1723073393
0.960 12 -1723073393
0.987 11 -1723073393
1.013 3 -1723073393
1.040 10 -1723073393
1.067 9 -1723073393
1.093 7 -1723073393
1.120 17 -1723073393
1.147 10 -1723073393
1.173 10 -1723073393
1.200 13 -1723073393
1.227 -1 -1723073393
1.253 -6 -1723073393
1.280 -3 -1723073393
1.307 -8 -1723073393
1.333 0 -1723073393
1.360 -3 -1723073393
1.387 -12 -1723073393
1.413 -7 -1723073393
1.440 -12 -1723073393
1.467 -14 -1723073393
1.493 -8 -1723073393
1.520 -10 -1723073393
1.547 -6 -1723073393
1.573 -8 -1723073393
1.600 -15 -1723073393
1.627 -10 -1723073393
1.653 -17 -1723073393
1.680 -22 -1723073393
1.707 -12 -1723073393
1.733 -12 -1723073393
1.760 -6 -1723073393
1.787 3 -1723073393
1.813 -4 -1723073393
1.840 -7 -1723073393
1.867 -13 -1723073393
1.893 -28 -1723073393
1.920 -29 -1723073393
1.947 -30 -1723073393
1.973 -28 -1723073393
2.000 -20 -1723073393
2.027 -25 -1723073393
2.053 -23 -1723073393
2.080 -19 -1723073393
2.107 -22 -1723073393
2.133 -17 -1723073393
2.160 -17 -1723073393
2.187 -23 -1723073393
2.213 -19 -1723073393
2.240 -22 -1723073393
2.267 -21 -1723073393
2.293 -12 -1723073393
2.320 -18 -1723073393
2.347 -18 -1723073393
2.373 -14 -1723073393
2.400 -21 -1723073393
2.427 -15 -1723073393
2.453 -13 -1723073393
2.480 -17 -1723073393
2.507 -10 -1723073393
2.533 -14 -1723073393
2.560 -18 -1723073393
2.587 -13 -1723073393
2.613 -22 -1723073393
2.640 -24 -1723073393
2.667 -19 -1723073393
2.693 -24 -1723073393
2.720 -21 -1723073393
2.747 -22 -1723073393
2.773 -30 -1723073393
2.800 -25 -1723073393
2.827 -26 -1723073393
2.853 -27 -1723073393
2.880 -17 -1723073393
2.907 -21 -1723073393
2.933 -22 -1723073393
2.960 -17 -1723073393
2.987 -25 -1723073393
3.013 -26 -1723073393
3.040 -25 -1723073393
3.067 -31 -1723073393
3.093 -27 -1723073393
3.120 -28 -1723073393
3.147 -31 -1723073393
3.173 -26 -1723073393
3.200 -30 -1723073393
3.227 -30 -1723073393
3.253 -27 -1723073393
3.280 -31 -1723073393
3.307 -26 -1723073393
3.333 -23 -1723073393
3.360 -31 -1723073393
3.387 -30 -1723073393
3.413 -38 -1723073393
3.440 -48 -1723073393
3.467 -41 -1723073393
3.493 -42 -1723073393
3.520 -43 -1723073393
3.547 -38 -1723073393
3.573 -43 -1723073393
3.600 -40 -1723073393
3.627 -36 -1723073393
3.653 -38 -1723073393
3.680 -32 -1723073393
3.707 -32 -1723073393
3.733 -34 -1723073393
3.760 -30 -1723073393
3.787 -35 -1723073393
3.813 -33 -1723073393
3.840 -24 -1723073393
3.867 -23 -1723073393
3.893 -18 -1723073393
3.920 -17 -1723073393
3.947 -22 -1723073393
3.973 -23 -1723073393
4.000 -32 -1723073393
4.027 -44 -1723073393
4.053 -43 -1723073393
4.080 -44 -1723073393
4.107 -42 -1723073393
4.133 -33 -1723073393
4.160 -35 -1723073393
4.187 -37 -1723073393
4.213 -40 -1723073393
4.240 -46 -1723073393
4.267 -41 -1723073393
4.293 -34 -1723073393
4.320 -33 -1723073393
4.347 -28 -1723073393
4.373 -28 -1723073393
4.400 -33 -1723073393
4.427 -34 -1723073393
4.453 -34 -1723073393
4.480 -33 -1723073393
4.507 -35 -1723073393
4.533 -43 -1723073393
4.560 -46 -1723073393
4.587 -41 -1723073393
4.613 -37 -1723073393
4.640 -30 -1723073393
4.667 -25 -1723073393
4.693 -23 -1723073393
4.720 -16 -1723073393
4.747 -21 -1723073393
4.773 -24 -1723073393
4.800 -14 -1723073393
4.827 -11 -1723073393
4.853 -8 -1723073393
4.880 -6 -1723073393
4.907 -13 -1723073393
4.933 -15 -1723073393
4.960 -15 -1723073393
4.987 -18 -1723073393
5.013 -12 -1723073393
5.040 -12 -1723073393
5.067 -19 -1723073393
5.093 -22 -1723073393
5.120 -23 -1723073393
5.147 -21 -1723073393
5.173 -20 -1723073393
5.200 -24 -1723073393
5.227 -24 -1723073393
5.253 -24 -1723073393
5.280 -27 -1723073393
5.307 -20 -1723073393
5.333 -15 -1723073393
5.360 -11 -1723073393
5.387 -7 -1723073393
5.413 -13 -1723073393
5.440 -19 -1723073393
5.467 -18 -1723073393
5.493 -18 -1723073393
5.520 -10 -1723073393
5.547 -5 -1723073393
5.573 -5 -1723073393
5.600 -1 -1723073393
5.627 -3 -1723073393
5.653 -11 -1723073393
5.680 -13 -1723073393
5.707 -16 -1723073393
5.733 -12 -1723073393
5.760 -4 -1723073393
5.787 -10 -1723073393
5.813 -13 -1723073393
5.840 -9 -1723073393
5.867 -13 -1723073393
5.893 -13 -1723073393
5.920 -13 -1723073393
5.947 -21 -1723073393
5.973 -13 -1723073393
6.000 -9 -1723073393
6.027 -13 -1723073393
6.053 -9 -1723073393
6.080 -14 -1723073393
6.107 -18 -1723073393
6.133 -12 -1723073393
6.160 -16 -1723073393
6.187 -19 -1723073393
6.213 -19 -1723073393
6.240 -26 -1723073393
6.267 -25 -1723073393
6.293 -26 -1723073393
6.320 -29 -1723073393
6.347 -23 -1723073393
6.373 -24 -1723073393
6.400 -29 -1723073393
6.427 -24 -1723073393
6.453 -15 -1723073393
6.480 -8 -1723073393
6.507 -5 -1723073393
6.533 -10 -1723073393
6.560 -10 -1723073393
6.587 -8 -1723073393
6.613 -13 -1723073393
6.640 -11 -1723073393
6.667 -10 -1723073393
6.693 -11 -1723073393
6.720 -4 -1723073393
6.747 -3 -1723073393
6.773 -7 -1723073393
6.800 -5 -1723073393
6.827 -10 -1723073393
6.853 -13 -1723073393
6.880 -9 -1723073393
6.907 -21 -1723073393
6.933 -25 -1723073393
6.960 -24 -1723073393
6.987 -33 -1723073393
7.013 -31 -1723073393
7.040 -27 -1723073393
7.067 -29 -1723073393
7.093 -25 -1723073393
7.120 -28 -1723073393
7.147 -35 -1723073393
7.173 -31 -1723073393
7.200 -27 -1723073393
7.227 -20 -1723073393
7.253 -15 -1723073393
7.280 -22 -1723073393
7.307 -19 -1723073393
7.333 -14 -1723073393
7.360 -18 -1723073393
7.387 -18 -1723073393
7.413 -22 -1723073393
7.440 -30 -1723073393
7.467 -27 -1723073393
7.493 -26 -1723073393
7.520 -28 -1723073393
7.547 -19 -1723073393
7.573 -20 -1723073393
7.600 -25 -1723073393
7.627 -23 -1723073393
7.653 -29 -1723073393
7.680 -28 -1723073393
7.707 -26 -1723073393
7.733 -37 -1723073393
7.760 -35 -1723073393
7.787 -30 -1723073393
7.813 -35 -1723073393
7.840 -31 -1723073393
7.867 -33 -1723073393
7.893 -40 -1723073393
7.920 -34 -1723073393
7.947 -36 -1723073393
7.973 -36 -1723073393
8.000 -36 -1723073393
8.027 -42 -1723073393
8.053 -43 -1723073393
8.080 -39 -1723073393
8.107 -43 -1723073393
8.133 -43 -1723073393
8.160 -45 -1723073393
8.187 -51 -1723073393
8.213 -47 -1723073393
8.240 -44 -1723073393
8.267 -43 -1723073393
8.293 -32 -1723073393
8.320 -30 -1723073393
8.347 -32 -1723073393
8.373 -26 -1723073393
8.400 -29 -1723073393
8.427 -24 -1723073393
8.453 -20 -1723073393
8.480 -27 -1723073393
8.507 -26 -1723073393
8.533 -20 -1723073393
8.560 -21 -1723073393
8.587 -17 -1723073393
8.613 -18 -1723073393
8.640 -20 -1723073393
8.667 -20 -1723073393
8.693 -25 -1723073393
8.720 -20 -1723073393
8.747 -6 -1723073393
8.773 -5 -1723073393
8.800 -5 -1723073393
8.827 -3 -1723073393
8.853 -9 -1723073393
8.880 -11 -1723073393
8.907 -12 -1723073393
8.933 -13 -1723073393
8.960 -10 -1723073393
8.987 -13 -1723073393
9.013 -10 -1723073393
9.040 -4 -1723073393
9.067 -10 -1723073393
9.093 -9 -1723073393
9.120 -7 -1723073393
9.147 -20 -1723073393
9.173 -26 -1723073393
9.200 -29 -1723073393
9.227 -38 -1723073393
9.253 -36 -1723073393
9.280 -35 -1723073393
9.307 -38 -1723073393
9.333 -34 -1723073393
9.360 -38 -1723073393
9.387 -41 -1723073393
9.413 -36 -1723073393
9.440 -38 -1723073393
9.467 -36 -1723073393
9.493 -30 -1723073393
9.520 -38 -1723073393
9.547 -35 -1723073393
9.573 -32 -1723073393
9.600 -42 -1723073393
9.627 -43 -1723073393
9.653 -45 -1723073393
9.680 -51 -1723073393
9.707 -43 -1723073393
9.733 -43 -1723073393
9.760 -43 -1723073393
9.787 -35 -1723073393
9.813 -41 -1723073393
9.840 -42 -1723073393
9.867 -36 -1723073393
9.893 -43 -1723073393
9.920 -40 -1723073393
9.947 -33 -1723073393
9.973 -41 -1723073393
10.000 -37 -1723073393
10.027 -38 -1723073393
10.053 -48 -1723073393
10.080 -43 -1723073393
10.107 -46 -1723073393
10.133 -51 -1723073393
10.160 -46 -1723073393
10.187 -53 -1723073393
10.213 -49 -1723073393
10.240 -33 -1723073393
10.267 -30 -1723073393
10.293 -14 -1723073393
10.320 0 -1723073393
10.347 0 -1723073393
10.373 15 -1723073393
10.400 30 -1723073393
10.427 37 -1723073393
10.453 61 -1723073393
10.480 78 -1723073393
10.507 91 -1723073393
10.533 122 -1723073393
10.560 138 -1723073393
10.587 154 -1723073393
10.613 177 -1723073393
10.640 186 -1723073393
10.667 194 -1723073393
10.693 198 -1723073393
10.720 192 -1723073393
10.747 191 -1723073393
10.773 181 -1723073393
10.800 163 -1723073393
10.827 153 -1723073393
10.853 134 -1723073393
10.880 115 -1723073393
10.907 105 -1723073393
10.933 81 -1723073393
10.960 57 -1723073393
10.987 43 -1723073393
11.013 21 -1723073393
11.040 7 -1723073393
11.067 -4 -1723073393
11.093 -30 -1723073393
11.120 -48 -1723073393
11.147 -69 -1723073393
11.173 -94 -1723073393
11.200 -99 -1723073393
11.227 -108 -1723073393
11.253 -122 -1723073393
11.280 -117 -1723073393
11.307 -120 -1723073393
11.333 -122 -1723073393
11.360 -114 -1723073393
11.387 -120 -1723073393
11.413 -122 -1723073393
11.440 -113 -1723073393
11.467 -118 -1723073393
11.493 -121 -1723073393
11.520 -119 -1723073393
11.547 -123 -1723073393
11.573 -111 -1723073393
11.600 -102 -1723073393
11.627 -101 -1723073393
11.653 -81 -1723073393
11.680 -73 -1723073393
11.707 -71 -1723073393
11.733 -52 -1723073393
11.760 -47 -1723073393
11.787 -40 -1723073393
11.813 -17 -1723073393
11.840 -6 -1723073393
11.867 13 -1723073393
11.893 35 -1723073393
11.920 36 -1723073393
11.947 49 -1723073393
11.973 65 -1723073393
12.000 70 -1723073393
12.027 80 -1723073393
12.053 81 -1723073393
12.080 74 -1723073393
12.107 75 -1723073393
12.133 70 -1723073393
12.160 65 -1723073393
12.187 66 -1723073393
12.213 57 -1723073393
12.240 52 -1723073393
12.267 52 -1723073393
12.293 45 -1723073393
12.320 52 -1723073393
12.347 63 -1723073393
12.373 64 -1723073393
12.400 78 -1723073393
12.427 96 -1723073393
12.453 113 -1723073393
12.480 141 -1723073393
12.507 160 -1723073393
12.533 174 -1723073393
12.560 202 -1723073393
12.587 222 -1723073393
12.613 240 -1723073393
12.640 262 -1723073393
12.667 268 -1723073393
12.693 266 -1723073393
12.720 262 -1723073393
12.747 248 -1723073393
12.773 232 -1723073393
12.800 208 -1723073393
12.827 172 -1723073393
12.853 141 -1723073393
12.880 111 -1723073393
12.907 80 -1723073393
12.933 56 -1723073393
12.960 25 -1723073393
12.987 -10 -1723073393
13.013 -36 -1723073393
13.040 -68 -1723073393
13.067 -95 -1723073393
13.093 -107 -1723073393
13.120 -124 -1723073393
13.147 -135 -1723073393
13.173 -135 -1723073393
13.200 -143 -1723073393
13.227 -145 -1723073393
13.253 -146 -1723073393
13.280 -155 -1723073393
13.307 -150 -1723073393
13.333 -148 -1723073393
13.360 -156 -1723073393
13.387 -147 -1723073393
13.413 -143 -1723073393
13.440 -155 -1723073393
13.467 -154 -1723073393
13.493 -159 -1723073393
13.520 -165 -1723073393
13.547 -158 -1723073393
13.573 -165 -1723073393
13.600 -166 -1723073393
13.627 -153 -1723073393
13.653 -150 -1723073393
13.680 -138 -1723073393
13.707 -118 -1723073393
13.733 -112 -1723073393
13.760 -93 -1723073393
13.787 -72 -1723073393
13.813 -54 -1723073393
13.840 -20 -1723073393
13.867 5 -1723073393
13.893 22 -1723073393
13.920 44 -1723073393
13.947 54 -1723073393
13.973 62 -1723073393
14.000 79 -1723073393
14.027 83 -1723073393
14.053 78 -1723073393
14.080 67 -1723073393
14.107 46 -1723073393
14.133 23 -1723073393
14.160 -6 -1723073393
14.187 -46 -1723073393
14.213 -77 -1723073393
14.240 -115 -1723073393
14.267 -160 -1723073393
14.293 -191 -1723073393
14.320 -227 -1723073393
14.347 -260 -1723073393
14.373 -278 -1723073393
14.400 -304 -1723073393
14.427 -327 -1723073393
14.453 -334 -1723073393
14.480 -356 -1723073393
14.507 -372 -1723073393
14.533 -373 -1723073393
14.560 -387 -1723073393
14.587 -396 -1723073393
14.613 -394 -1723073393
14.640 -405 -1723073393
14.667 -404 -1723073393
14.693 -402 -1723073393
14.720 -419 -1723073393
14.747 -418 -1723073393
14.773 -417 -1723073393
14.800 -430 -1723073393
14.827 -427 -1723073393
14.853 -433 -1723073393
14.880 -450 -1723073393
14.907 -452 -1723073393
14.933 -471 -1723073393
14.960 -495 -1723073393
14.987 -495 -1723073393
15.013 -504 -1723073393
15.040 -510 -1723073393
15.067 -502 -1723073393
15.093 -511 -1723073393
15.120 -507 -1723073393
15.147 -492 -1723073393
15.173 -493 -1723073393
15.200 -480 -1723073393
15.227 -464 -1723073393
15.253 -464 -1723073393
15.280 -450 -1723073393
15.307 -439 -1723073393
15.333 -441 -1723073393
15.360 -426 -1723073393
15.387 -422 -1723073393
15.413 -432 -1723073393
15.440 -428 -1723073393
15.467 -439 -1723073393
15.493 -453 -1723073393
15.520 -451 -1723073393
15.547 -473 -1723073393
15.573 -503 -1723073393
15.600 -524 -1723073393
15.627 -561 -1723073393
15.653 -594 -1723073393
15.680 -620 -1723073393
15.707 -662 -1723073393
15.733 -694 -1723073393
15.760 -725 -1723073393
15.787 -773 -1723073393
15.813 -801 -1723073393
15.840 -838 -1723073393
15.867 -891 -1723073393
15.893 -915 -1723073393
15.920 -951 -1723073393
15.947 -1003 -1723073393
15.973 -1027 -1723073393
16.000 -1072 -1723073393
16.027 -1118 -1723073393
16.053 -1138 -1723073393
16.080 -1182 -1723073393
16.107 -1216 -1723073393
16.133 -1222 -1723073393
16.160 -1259 -1723073393
16.187 -1284 -1723073393
16.213 -1281 -1723073393
16.240 -1298 -1723073393
16.267 -1272 -1723073393
16.293 -1216 -1723073393
16.320 -1162 -1723073393
16.347 -1042 -1723073393
16.373 -894 -1723073393
16.400 -729 -1723073393
16.427 -481 -1723073393
16.453 -181 -1723073393
16.480 166 -1723073393
16.507 606 -1723073393
16.533 1104 -1723073393
16.560 1654 -1723073393
16.587 2287 -1723073393
16.613 2960 -1723073393
16.640 3654 -1723073393
16.667 4372 -1723073393
16.693 5104 -1723073393
16.720 5798 -1723073393
16.747 6414 -1723073393
16.773 6994 -1723073393
16.800 7420 -1723073393
16.827 7703 -1723073393
16.853 7940 -1723073393
16.880 7912 -1723073393
16.907 7743 -1723073393
16.933 7531 -1723073393
16.960 7030 -1723073393
16.987 6438 -1723073393
17.013 5843 -1723073393
17.040 5022 -1723073393
17.067 4211 -1723073393
17.093 3425 -1723073393
17.120 2485 -1723073393
17.147 1636 -1723073393
17.173 833 -1723073393
17.200 -20 -1723073393
17.227 -778 -1723073393
17.253 -1487 -1723073393
17.280 -2161 -1723073393
17.307 -2758 -1723073393
17.333 -3274 -1723073393
17.360 -3715 -1723073393
17.387 -4117 -1723073393
17.413 -4393 -1723073393
17.440 -4598 -1723073393
17.467 -4790 -1723073393
17.493 -4840 -1723073393
17.520 -4861 -1723073393
17.547 -4897 -1723073393
17.573 -4794 -1723073393
17.600 -4705 -1723073393
17.627 -4624 -1723073393
17.653 -4407 -1723073393
17.680 -4242 -1723073393
17.707 -4076 -1723073393
17.733 -3802 -1723073393
17.760 -3605 -1723073393
17.787 -3389 -1723073393
17.813 -3097 -1723073393
17.840 -2881 -1723073393
17.867 -2624 -1723073393
17.893 -2318 -1723073393
17.920 -2084 -1723073393
17.947 -1812 -1723073393
17.973 -1528 -1723073393
18.000 -1310 -1723073393
18.027 -1069 -1723073393
18.053 -843 -1723073393
18.080 -683 -1723073393
18.107 -522 -1723073393
18.133 -390 -1723073393
18.160 -300 -1723073393
18.187 -204 -1723073393
18.213 -128 -1723073393
18.240 -52 -1723073393
18.267 59 -1723073393
18.293 191 -1723073393
18.320 378 -1723073393
18.347 647 -1723073393
18.373 989 -1723073393
18.400 1442 -1723073393
18.427 2027 -1723073393
18.453 2746 -1723073393
18.480 3588 -1723073393
18.507 4554 -1723073393
18.533 5655 -1723073393
18.560 6848 -1723073393
18.587 8158 -1723073393
18.613 9543 -1723073393
18.640 10872 -1723073393
18.667 12225 -1723073393
18.693 13562 -1723073393
18.720 14669 -1723073393
18.747 15685 -1723073393
18.773 16553 -1723073393
18.800 16975 -1723073393
18.827 17299 -1723073393
18.853 17404 -1723073393
18.880 16952 -1723073393
18.907 16504 -1723073393
18.933 15790 -1723073393
18.960 14567 -1723073393
18.987 13459 -1723073393
19.013 12138 -1723073393
19.040 10507 -1723073393
19.067 9111 -1723073393
19.093 7573 -1723073393
19.120 5881 -1723073393
19.147 4507 -1723073393
19.173 3094 -1723073393
19.200 1678 -1723073393
19.227 517 -1723073393
19.253 -635 -1723073393
19.280 -1700 -1723073393
19.307 -2595 -1723073393
19.333 -3423 -1723073393
19.360 -4181 -1723073393
19.387 -4858 -1723073393
19.413 -5415 -1723073393
19.440 -5948 -1723073393
19.467 -6434 -1723073393
19.493 -6779 -1723073393
19.520 -7163 -1723073393
19.547 -7488 -1723073393
19.573 -7660 -1723073393
19.600 -7917 -1723073393
19.627 -8103 -1723073393
19.653 -8148 -1723073393
19.680 -8309 -1723073393
19.707 -8354 -1723073393
19.733 -8278 -1723073393
19.760 -8333 -1723073393
19.787 -8238 -1723073393
19.813 -8049 -1723073393
19.840 -7989 -1723073393
19.867 -7746 -1723073393
19.893 -7442 -1723073393
19.920 -7246 -1723073393
19.947 -6862 -1723073393
19.973 -6477 -1723073393
20.000 -6180 -1723073393
20.027 -5716 -1723073393
20.053 -5290 -1723073393
20.080 -4948 -1723073393
20.107 -4486 -1723073393
20.133 -4114 -1723073393
20.160 -3817 -1723073393
20.187 -3451 -1723073393
20.213 -3227 -1723073393
20.240 -3075 -1723073393
20.267 -2914 -1723073393
20.293 -2903 -1723073393
20.320 -2962 -1723073393
20.347 -3039 -1723073393
20.373 -3247 -1723073393
20.400 -3487 -1723073393
20.427 -3742 -1723073393
20.453 -4107 -1723073393
20.480 -4451 -1723073393
20.507 -4787 -1723073393
20.533 -5192 -1723073393
20.560 -5516 -1723073393
20.587 -5823 -1723073393
20.613 -6171 -1723073393
20.640 -6382 -1723073393
20.667 -6575 -1723073393
20.693 -6791 -1723073393
20.720 -6830 -1723073393
20.747 -6875 -1723073393
20.773 -6930 -1723073393
20.800 -6799 -1723073393
20.827 -6713 -1723073393
20.853 -6621 -1723073393
20.880 -6341 -1723073393
20.907 -6144 -1723073393
20.933 -5917 -1723073393
20.960 -5521 -1723073393
20.987 -5220 -1723073393
21.013 -4878 -1723073393
21.040 -4419 -1723073393
21.067 -4070 -1723073393
21.093 -3670 -1723073393
21.120 -3176 -1723073393
21.147 -2802 -1723073393
21.173 -2378 -1723073393
21.200 -1902 -1723073393
21.227 -1527 -1723073393
21.253 -1108 -1723073393
21.280 -683 -1723073393
21.307 -331 -1723073393
21.333 26 -1723073393
21.360 372 -1723073393
21.387 669 -1723073393
21.413 959 -1723073393
21.440 1232 -1723073393
21.467 1471 -1723073393
21.493 1688 -1723073393
21.520 1895 -1723073393
21.547 2070 -1723073393
21.573 2211 -1723073393
21.600 2348 -1723073393
21.627 2460 -1723073393
21.653 2530 -1723073393
21.680 2606 -1723073393
21.707 2661 -1723073393
21.733 2676 -1723073393
21.760 2713 -1723073393
21.787 2728 -1723073393
21.813 2702 -1723073393
21.840 2701 -1723073393
21.867 2674 -1723073393
21.893 2608 -1723073393
21.920 2567 -1723073393
21.947 2489 -1723073393
21.973 2375 -1723073393
22.000 2284 -1723073393
22.027 2146 -1723073393
22.053 1978 -1723073393
22.080 1837 -1723073393
22.107 1650 -1723073393
22.133 1448 -1723073393
22.160 1286 -1723073393
22.187 1113 -1723073393
22.213 963 -1723073393
22.240 859 -1723073393
22.267 768 -1723073393
22.293 709 -1723073393
22.320 687 -1723073393
22.347 689 -1723073393
22.373 727 -1723073393
22.400 802 -1723073393
22.427 909 -1723073393
22.453 1053 -1723073393
22.480 1220 -1723073393
22.507 1399 -1723073393
22.533 1599 -1723073393
22.560 1799 -1723073393
22.587 1997 -1723073393
22.613 2202 -1723073393
22.640 2382 -1723073393
22.667 2527 -1723073393
22.693 2668 -1723073393
22.720 2766 -1723073393
22.747 2812 -1723073393
22.773 2863 -1723073393
22.800 2864 -1723073393
22.827 2809 -1723073393
22.853 2776 -1723073393
22.880 2698 -1723073393
22.907 2585 -1723073393
22.933 2513 -1723073393
22.960 2399 -1723073393
22.987 2257 -1723073393
23.013 2161 -1723073393
23.040 2037 -1723073393
23.067 1909 -1723073393
23.093 1827 -1723073393
23.120 1720 -1723073393
23.147 1612 -1723073393
23.173 1539 -1723073393
23.200 1444 -1723073393
23.227 1354 -1723073393
23.253 1290 -1723073393
23.280 1207 -1723073393
23.307 1130 -1723073393
23.333 1068 -1723073393
23.360 985 -1723073393
23.387 907 -1723073393
23.413 843 -1723073393
23.440 762 -1723073393
23.467 690 -1723073393
23.493 628 -1723073393
23.520 554 -1723073393
23.547 488 -1723073393
23.573 425 -1723073393
23.600 352 -1723073393
23.627 283 -1723073393
23.653 220 -1723073393
23.680 165 -1723073393
23.707 116 -1723073393
23.733 67 -1723073393
23.760 23 -1723073393
23.787 -16 -1723073393
23.813 -47 -1723073393
23.840 -67 -1723073393
23.867 -87 -1723073393
23.893 -98 -1723073393
23.920 -97 -1723073393
23.947 -98 -1723073393
23.973 -88 -1723073393
24.000 -63 -1723073393
24.027 -45 -1723073393
24.053 -14 -1723073393
24.080 35 -1723073393
24.107 75 -1723073393
24.133 125 -1723073393
24.160 192 -1723073393
24.187 253 -1723073393
24.213 314 -1723073393
24.240 384 -1723073393
24.267 443 -1723073393
24.293 490 -1723073393
24.320 529 -1723073393
24.347 549 -1723073393
24.373 554 -1723073393
24.400 555 -1723073393
24.427 544 -1723073393
24.453 516 -1723073393
24.480 486 -1723073393
24.507 452 -1723073393
24.533 410 -1723073393
24.560 373 -1723073393
24.587 342 -1723073393
24.613 308 -1723073393
24.640 285 -1723073393
24.667 270 -1723073393
24.693 261 -1723073393
24.720 264 -1723073393
24.747 271 -1723073393
24.773 285 -1723073393
24.800 305 -1723073393
24.827 326 -1723073393
24.853 349 -1723073393
24.880 373 -1723073393
24.907 396 -1723073393
24.933 413 -1723073393
24.960 420 -1723073393
24.987 408 -1723073393
25.013 377 -1723073393
25.040 335 -1723073393
25.067 280 -1723073393
25.093 218 -1723073393
25.120 162 -1723073393
25.147 112 -1723073393
25.173 64 -1723073393
25.200 24 -1723073393
25.227 -3 -1723073393
25.253 -18 -1723073393
25.280 -22 -1723073393
25.307 -17 -1723073393
25.333 8 -1723073393
25.360 41 -1723073393
25.387 82 -1723073393
25.413 132 -1723073393
25.440 174 -1723073393
25.467 210 -1723073393
25.493 250 -1723073393
25.520 283 -1723073393
25.547 302 -1723073393
25.573 311 -1723073393
25.600 309 -1723073393
25.627 293 -1723073393
25.653 266 -1723073393
25.680 230 -1723073393
25.707 192 -1723073393
25.733 154 -1723073393
25.760 110 -1723073393
25.787 60 -1723073393
25.813 8 -1723073393
25.840 -45 -1723073393
25.867 -96 -1723073393
25.893 -139 -1723073393
25.920 -182 -1723073393
25.947 -210 -1723073393
25.973 -221 -1723073393
26.000 -234 -1723073393
26.027 -229 -1723073393
26.053 -212 -1723073393
26.080 -198 -1723073393
26.107 -161 -1723073393
26.133 -110 -1723073393
26.160 -69 -1723073393
26.187 -6 -1723073393
26.213 63 -1723073393
26.240 116 -1723073393
26.267 166 -1723073393
26.293 214 -1723073393
26.320 248 -1723073393
26.347 275 -1723073393
26.373 297 -1723073393
26.400 308 -1723073393
26.427 311 -1723073393
26.453 313 -1723073393
26.480 311 -1723073393
26.507 301 -1723073393
26.533 284 -1723073393
26.560 263 -1723073393
26.587 240 -1723073393
26.613 221 -1723073393
26.640 207 -1723073393
26.667 189 -1723073393
26.693 172 -1723073393
26.720 154 -1723073393
26.747 134 -1723073393
26.773 119 -1723073393
26.800 100 -1723073393
26.827 80 -1723073393
26.853 55 -1723073393
26.880 25 -1723073393
26.907 -2 -1723073393
26.933 -27 -1723073393
26.960 -59 -1723073393
26.987 -91 -1723073393
27.013 -114 -1723073393
27.040 -137 -1723073393
27.067 -158 -1723073393
27.093 -180 -1723073393
27.120 -208 -1723073393
27.147 -220 -1723073393
27.173 -228 -1723073393
27.200 -245 -1723073393
27.227 -246 -1723073393
27.253 -243 -1723073393
27.280 -247 -1723073393
27.307 -229 -1723073393
27.333 -206 -1723073393
27.360 -193 -1723073393
27.387 -165 -1723073393
27.413 -142 -1723073393
27.440 -134 -1723073393
27.467 -115 -1723073393
27.493 -103 -1723073393
27.520 -107 -1723073393
27.547 -98 -1723073393
27.573 -95 -1723073393
27.600 -109 -1723073393
27.627 -110 -1723073393
27.653 -114 -1723073393
27.680 -127 -1723073393
27.707 -130 -1723073393
27.733 -140 -1723073393
27.760 -154 -1723073393
27.787 -154 -1723073393
27.813 -161 -1723073393
27.840 -179 -1723073393
27.867 -179 -1723073393
27.893 -180 -1723073393
27.920 -185 -1723073393
27.947 -170 -1723073393
27.973 -164 -1723073393
28.000 -162 -1723073393
28.027 -135 -1723073393
28.053 -104 -1723073393
28.080 -80 -1723073393
28.107 -42 -1723073393
28.133 -7 -1723073393
28.160 21 -1723073393
28.187 65 -1723073393
28.213 100 -1723073393
28.240 123 -1723073393
28.267 161 -1723073393
28.293 197 -1723073393
28.320 227 -1723073393
28.347 270 -1723073393
28.373 306 -1723073393
28.400 327 -1723073393
28.427 347 -1723073393
28.453 364 -1723073393
28.480 365 -1723073393
28.507 357 -1723073393
28.533 343 -1723073393
28.560 320 -1723073393
28.587 289 -1723073393
28.613 256 -1723073393
28.640 221 -1723073393
28.667 185 -1723073393
28.693 145 -1723073393
28.720 101 -1723073393
28.747 63 -1723073393
28.773 29 -1723073393
28.800 -6 -1723073393
28.827 -28 -1723073393
28.853 -48 -1723073393
28.880 -70 -1723073393
28.907 -74 -1723073393
28.933 -75 -1723073393
28.960 -78 -1723073393
28.987 -55 -1723073393
29.013 -32 -1723073393
29.040 -16 -1723073393
29.067 25 -1723073393
29.093 69 -1723073393
29.120 101 -1723073393
29.147 144 -1723073393
29.173 179 -1723073393
29.200 193 -1723073393
29.227 204 -1723073393
29.253 206 -1723073393
29.280 189 -1723073393
29.307 165 -1723073393
29.333 136 -1723073393
29.360 103 -1723073393
29.387 70 -1723073393
29.413 33 -1723073393
29.440 -8 -1723073393
29.467 -46 -1723073393
29.493 -83 -1723073393
29.520 -120 -1723073393
29.547 -137 -1723073393
29.573 -150 -1723073393
29.600 -169 -1723073393
29.627 -172 -1723073393
29.653 -172 -1723073393
29.680 -178 -1723073393
29.707 -160 -1723073393
29.733 -139 -1723073393
29.760 -129 -1723073393
29.787 -95 -1723073393
29.813 -59 -1723073393
29.840 -33 -1723073393
29.867 6 -1723073393
29.893 48 -1723073393
29.920 75 -1723073393
29.947 104 -1723073393
29.973 130 -1723073393
30.000 147 -1723073393
30.027 170 -1723073393
30.053 194 -1723073393
30.080 211 -1723073393
30.107 229 -1723073393
30.133 245 -1723073393
30.160 257 -1723073393
30.187 275 -1723073393
30.213 295 -1723073393
30.240 311 -1723073393
30.267 327 -1723073393
30.293 343 -1723073393
30.320 352 -1723073393
30.347 361 -1723073393
30.373 370 -1723073393
30.400 373 -1723073393
30.427 365 -1723073393
30.453 349 -1723073393
30.480 325 -1723073393
30.507 292 -1723073393
30.533 256 -1723073393
30.560 210 -1723073393
30.587 155 -1723073393
30.613 101 -1723073393
30.640 45 -1723073393
30.667 -10 -1723073393
30.693 -60 -1723073393
30.720 -115 -1723073393
30.747 -154 -1723073393
30.773 -174 -1723073393
30.800 -193 -1723073393
30.827 -192 -1723073393
30.853 -169 -1723073393
30.880 -161 -1723073393
30.907 -141 -1723073393
30.933 -97 -1723073393
30.960 -66 -1723073393
30.987 -26 -1723073393
31.013 28 -1723073393
31.040 64 -1723073393
31.067 97 -1723073393
31.093 140 -1723073393
31.120 164 -1723073393
31.147 172 -1723073393
31.173 182 -1723073393
31.200 173 -1723073393
31.227 147 -1723073393
31.253 121 -1723073393
31.280 85 -1723073393
31.307 41 -1723073393
31.333 2 -1723073393
31.360 -39 -1723073393
31.387 -79 -1723073393
31.413 -105 -1723073393
31.440 -135 -1723073393
31.467 -160 -1723073393
31.493 -162 -1723073393
31.520 -173 -1723073393
31.547 -180 -1723073393
31.573 -159 -1723073393
31.600 -148 -1723073393
31.627 -142 -1723073393
31.653 -100 -1723073393
31.680 -66 -1723073393
31.707 -42 -1723073393
31.733 9 -1723073393
31.760 55 -1723073393
31.787 89 -1723073393
31.813 138 -1723073393
31.840 180 -1723073393
31.867 208 -1723073393
31.893 247 -1723073393
31.920 287 -1723073393
31.947 308 -1723073393
31.973 329 -1723073393
32.000 347 -1723073393
32.027 349 -1723073393
32.053 348 -1723073393
32.080 344 -1723073393
32.107 325 -1723073393
32.133 297 -1723073393
32.160 271 -1723073393
32.187 237 -1723073393
32.213 196 -1723073393
32.240 159 -1723073393
32.267 115 -1723073393
32.293 69 -1723073393
32.320 29 -1723073393
32.347 -15 -1723073393
32.373 -55 -1723073393
32.400 -84 -1723073393
32.427 -118 -1723073393
32.453 -140 -1723073393
32.480 -148 -1723073393
32.507 -164 -1723073393
32.533 -162 -1723073393
32.560 -140 -1723073393
32.587 -131 -1723073393
32.613 -105 -1723073393
32.640 -55 -1723073393
32.667 -18 -1723073393
32.693 30 -1723073393
32.720 100 -1723073393
32.747 148 -1723073393
32.773 193 -1723073393
32.800 246 -1723073393
32.827 276 -1723073393
32.853 291 -1723073393
32.880 304 -1723073393
32.907 295 -1723073393
32.933 262 -1723073393
32.960 223 -1723073393
32.987 175 -1723073393
33.013 110 -1723073393
33.040 43 -1723073393
33.067 -23 -1723073393
33.093 -89 -1723073393
33.120 -147 -1723073393
33.147 -203 -1723073393
33.173 -252 -1723073393
33.200 -274 -1723073393
33.227 -296 -1723073393
33.253 -313 -1723073393
33.280 -290 -1723073393
33.307 -266 -1723073393
33.333 -244 -1723073393
33.360 -188 -1723073393
33.387 -128 -1723073393
33.413 -81 -1723073393
33.440 -11 -1723073393
33.467 51 -1723073393
33.493 96 -1723073393
33.520 159 -1723073393
33.547 217 -1723073393
33.573 258 -1723073393
33.600 300 -1723073393
33.627 337 -1723073393
33.653 363 -1723073393
33.680 388 -1723073393
33.707 406 -1723073393
33.733 413 -1723073393
33.760 412 -1723073393
33.787 414 -1723073393
33.813 417 -1723073393
33.840 419 -1723073393
33.867 422 -1723073393
33.893 427 -1723073393
33.920 424 -1723073393
33.947 421 -1723073393
33.973 418 -1723073393
34.000 412 -1723073393
34.027 404 -1723073393
34.053 390 -1723073393
34.080 360 -1723073393
34.107 321 -1723073393
34.133 279 -1723073393
34.160 229 -1723073393
34.187 176 -1723073393
34.213 127 -1723073393
34.240 75 -1723073393
34.267 28 -1723073393
34.293 -12 -1723073393
34.320 -41 -1723073393
34.347 -43 -1723073393
34.373 -41 -1723073393
34.400 -30 -1723073393
34.427 5 -1723073393
34.453 48 -1723073393
34.480 94 -1723073393
34.507 163 -1723073393
34.533 230 -1723073393
34.560 283 -1723073393
34.587 342 -1723073393
34.613 393 -1723073393
34.640 423 -1723073393
34.667 441 -1723073393
34.693 446 -1723073393
34.720 431 -1723073393
34.747 395 -1723073393
34.773 345 -1723073393
34.800 278 -1723073393
34.827 196 -1723073393
34.853 114 -1723073393
34.880 32 -1723073393
34.907 -50 -1723073393
34.933 -130 -1723073393
34.960 -206 -1723073393
34.987 -261 -1723073393
35.013 -298 -1723073393
35.040 -334 -1723073393
35.067 -339 -1723073393
35.093 -313 -1723073393
35.120 -286 -1723073393
35.147 -234 -1723073393
35.173 -153 -1723073393
35.200 -87 -1723073393
35.227 -8 -1723073393
35.253 90 -1723073393
35.280 158 -1723073393
35.307 220 -1723073393
35.333 294 -1723073393
35.360 353 -1723073393
35.387 404 -1723073393
35.413 452 -1723073393
35.440 485 -1723073393
35.467 504 -1723073393
35.493 516 -1723073393
35.520 525 -1723073393
35.547 528 -1723073393
35.573 527 -1723073393
35.600 524 -1723073393
35.627 513 -1723073393
35.653 493 -1723073393
35.680 469 -1723073393
35.707 441 -1723073393
35.733 399 -1723073393
35.760 352 -1723073393
35.787 303 -1723073393
35.813 251 -1723073393
35.840 200 -1723073393
35.867 150 -1723073393
35.893 103 -1723073393
35.920 59 -1723073393
35.947 19 -1723073393
35.973 -6 -1723073393
36.000 -29 -1723073393
36.027 -58 -1723073393
36.053 -65 -1723073393
36.080 -55 -1723073393
36.107 -47 -1723073393
36.133 -19 -1723073393
36.160 27 -1723073393
36.187 60 -1723073393
36.213 100 -1723073393
36.240 157 -1723073393
36.267 201 -1723073393
36.293 241 -1723073393
36.320 288 -1723073393
36.347 312 -1723073393
36.373 322 -1723073393
36.400 339 -1723073393
36.427 351 -1723073393
36.453 350 -1723073393
36.480 342 -1723073393
36.507 322 -1723073393
36.533 285 -1723073393
36.560 242 -1723073393
36.587 199 -1723073393
36.613 148 -1723073393
36.640 98 -1723073393
36.667 54 -1723073393
36.693 13 -1723073393
36.720 -17 -1723073393
36.747 -39 -1723073393
36.773 -60 -1723073393
36.800 -63 -1723073393
36.827 -52 -1723073393
36.853 -48 -1723073393
36.880 -27 -1723073393
36.907 13 -1723073393
36.933 48 -1723073393
36.960 91 -1723073393
36.987 145 -1723073393
37.013 187 -1723073393
37.040 231 -1723073393
37.067 284 -1723073393
37.093 322 -1723073393
37.120 347 -1723073393
37.147 373 -1723073393
37.173 391 -1723073393
37.200 396 -1723073393
37.227 401 -1723073393
37.253 401 -1723073393
37.280 391 -1723073393
37.307 382 -1723073393
37.333 375 -1723073393
37.360 364 -1723073393
37.387 354 -1723073393
37.413 348 -1723073393
37.440 339 -1723073393
37.467 330 -1723073393
37.493 328 -1723073393
37.520 325 -1723073393
37.547 321 -1723073393
37.573 318 -1723073393
37.600 306 -1723073393
37.627 294 -1723073393
37.653 284 -1723073393
37.680 271 -1723073393
37.707 259 -1723073393
37.733 251 -1723073393
37.760 241 -1723073393
37.787 228 -1723073393
37.813 219 -1723073393
37.840 205 -1723073393
37.867 184 -1723073393
37.893 173 -1723073393
37.920 164 -1723073393
37.947 160 -1723073393
37.973 167 -1723073393
38.000 176 -1723073393
38.027 180 -1723073393
38.053 198 -1723073393
38.080 223 -1723073393
38.107 244 -1723073393
38.133 271 -1723073393
38.160 294 -1723073393
38.187 303 -1723073393
38.213 311 -1723073393
38.240 313 -1723073393
38.267 303 -1723073393
38.293 285 -1723073393
38.320 260 -1723073393
38.347 219 -1723073393
38.373 170 -1723073393
38.400 125 -1723073393
38.427 73 -1723073393
38.453 21 -1723073393
38.480 -21 -1723073393
38.507 -70 -1723073393
38.533 -114 -1723073393
38.560 -141 -1723073393
38.587 -170 -1723073393
38.613 -186 -1723073393
38.640 -173 -1723073393
38.667 -162 -1723073393
38.693 -150 -1723073393
38.720 -105 -1723073393
38.747 -62 -1723073393
38.773 -28 -1723073393
38.800 30 -1723073393
38.827 79 -1723073393
38.853 107 -1723073393
38.880 149 -1723073393
38.907 187 -1723073393
38.933 200 -1723073393
38.960 216 -1723073393
38.987 235 -1723073393
39.013 240 -1723073393
39.040 245 -1723073393
39.067 249 -1723073393
39.093 239 -1723073393
39.120 232 -1723073393
39.147 231 -1723073393
39.173 221 -1723073393
39.200 213 -1723073393
39.227 214 -1723073393
39.253 210 -1723073393
39.280 208 -1723073393
39.307 216 -1723073393
39.333 221 -1723073393
39.360 221 -1723073393
39.387 225 -1723073393
39.413 227 -1723073393
39.440 219 -1723073393
39.467 218 -1723073393
39.493 218 -1723073393
39.520 215 -1723073393
39.547 218 -1723073393
39.573 221 -1723073393
39.600 217 -1723073393
39.627 213 -1723073393
39.653 214 -1723073393
39.680 211 -1723073393
39.707 210 -1723073393
39.733 216 -1723073393
39.760 220 -1723073393
39.787 223 -1723073393
39.813 229 -1723073393
39.840 227 -1723073393
39.867 215 -1723073393
39.893 206 -1723073393
39.920 190 -1723073393
39.947 164 -1723073393
39.973 142 -1723073393
40.000 118 -1723073393
40.027 83 -1723073393
40.053 53 -1723073393
40.080 21 -1723073393
40.107 -13 -1723073393
40.133 -37 -1723073393
40.160 -52 -1723073393
40.187 -73 -1723073393
40.213 -83 -1723073393
40.240 -79 -1723073393
40.267 -84 -1723073393
40.293 -79 -1723073393
40.320 -51 -1723073393
40.347 -25 -1723073393
40.373 4 -1723073393
40.400 50 -1723073393
40.427 86 -1723073393
40.453 112 -1723073393
40.480 150 -1723073393
40.507 182 -1723073393
40.533 206 -1723073393
40.560 232 -1723073393
40.587 251 -1723073393
40.613 257 -1723073393
40.640 265 -1723073393
40.667 269 -1723073393
40.693 261 -1723073393
40.720 248 -1723073393
40.747 238 -1723073393
40.773 224 -1723073393
40.800 211 -1723073393
40.827 206 -1723073393
40.853 201 -1723073393
40.880 192 -1723073393
40.907 191 -1723073393
40.933 194 -1723073393
40.960 198 -1723073393
40.987 214 -1723073393
41.013 224 -1723073393
41.040 227 -1723073393
41.067 238 -1723073393
41.093 248 -1723073393
41.120 250 -1723073393
41.147 253 -1723073393
41.173 256 -1723073393
41.200 250 -1723073393
41.227 241 -1723073393
41.253 233 -1723073393
41.280 212 -1723073393
41.307 187 -1723073393
41.333 167 -1723073393
41.360 143 -1723073393
41.387 120 -1723073393
41.413 103 -1723073393
41.440 83 -1723073393
41.467 63 -1723073393
41.493 56 -1723073393
41.520 50 -1723073393
41.547 44 -1723073393
41.573 50 -1723073393
41.600 52 -1723073393
41.627 44 -1723073393
41.653 44 -1723073393
41.680 44 -1723073393
41.707 30 -1723073393
41.733 22 -1723073393
41.760 16 -1723073393
41.787 0 -1723073393
41.813 -11 -1723073393
41.840 -11 -1723073393
41.867 -21 -1723073393
41.893 -34 -1723073393
41.920 -38 -1723073393
41.947 -50 -1723073393
41.973 -65 -1723073393
42.000 -64 -1723073393
42.027 -62 -1723073393
42.053 -60 -1723073393
42.080 -51 -1723073393
42.107 -48 -1723073393
42.133 -52 -1723073393
42.160 -43 -1723073393
42.187 -31 -1723073393
42.213 -27 -1723073393
42.240 -14 -1723073393
42.267 0 -1723073393
42.293 3 -1723073393
42.320 8 -1723073393
42.347 20 -1723073393
42.373 25 -1723073393
42.400 31 -1723073393
42.427 47 -1723073393
42.453 56 -1723073393
42.480 61 -1723073393
42.507 75 -1723073393
42.533 78 -1723073393
42.560 69 -1723073393
42.587 65 -1723073393
42.613 61 -1723073393
42.640 45 -1723073393
42.667 39 -1723073393
42.693 39 -1723073393
42.720 34 -1723073393
42.747 34 -1723073393
42.773 44 -1723073393
42.800 43 -1723073393
42.827 37 -1723073393
42.853 42 -1723073393
42.880 48 -1723073393
42.907 57 -1723073393
42.933 76 -1723073393
42.960 88 -1723073393
42.987 89 -1723073393
43.013 101 -1723073393
43.040 110 -1723073393
43.067 107 -1723073393
43.093 108 -1723073393
43.120 110 -1723073393
43.147 103 -1723073393
43.173 99 -1723073393
43.200 99 -1723073393
43.227 85 -1723073393
43.253 71 -1723073393
43.280 73 -1723073393
43.307 71 -1723073393
43.333 66 -1723073393
43.360 71 -1723073393
43.387 67 -1723073393
43.413 51 -1723073393
43.440 39 -1723073393
43.467 22 -1723073393
43.493 -5 -1723073393
43.520 -28 -1723073393
43.547 -48 -1723073393
43.573 -77 -1723073393
43.600 -99 -1723073393
43.627 -110 -1723073393
43.653 -131 -1723073393
43.680 -147 -1723073393
43.707 -151 -1723073393
43.733 -161 -1723073393
43.760 -167 -1723073393
43.787 -153 -1723073393
43.813 -139 -1723073393
43.840 -127 -1723073393
43.867 -101 -1723073393
43.893 -76 -1723073393
43.920 -60 -1723073393
43.947 -35 -1723073393
43.973 -13 -1723073393
44.000 -8 -1723073393
44.027 1 -1723073393
44.053 14 -1723073393
44.080 8 -1723073393
44.107 -2 -1723073393
44.133 -5 -1723073393
44.160 -26 -1723073393
44.187 -59 -1723073393
44.213 -80 -1723073393
44.240 -106 -1723073393
44.267 -138 -1723073393
44.293 -152 -1723073393
44.320 -161 -1723073393
44.347 -172 -1723073393
44.373 -163 -1723073393
44.400 -141 -1723073393
44.427 -120 -1723073393
44.453 -87 -1723073393
44.480 -45 -1723073393
44.507 -8 -1723073393
44.533 37 -1723073393
44.560 94 -1723073393
44.587 146 -1723073393
44.613 188 -1723073393
44.640 232 -1723073393
44.667 266 -1723073393
44.693 287 -1723073393
44.720 310 -1723073393
44.747 326 -1723073393
44.773 327 -1723073393
44.800 324 -1723073393
44.827 318 -1723073393
44.853 295 -1723073393
44.880 264 -1723073393
44.907 238 -1723073393
44.933 207 -1723073393
44.960 171 -1723073393
44.987 139 -1723073393
45.013 103 -1723073393
45.040 63 -1723073393
45.067 34 -1723073393
45.093 8 -1723073393
45.120 -17 -1723073393
45.147 -33 -1723073393
45.173 -47 -1723073393
45.200 -63 -1723073393
45.227 -70 -1723073393
45.253 -72 -1723073393
45.280 -80 -1723073393
45.307 -85 -1723073393
45.333 -78 -1723073393
45.360 -74 -1723073393
45.387 -74 -1723073393
45.413 -67 -1723073393
45.440 -66 -1723073393
45.467 -67 -1723073393
45.493 -56 -1723073393
45.520 -44 -1723073393
45.547 -35 -1723073393
45.573 -16 -1723073393
45.600 4 -1723073393
45.627 16 -1723073393
45.653 35 -1723073393
45.680 61 -1723073393
45.707 76 -1723073393
45.733 87 -1723073393
45.760 100 -1723073393
45.787 104 -1723073393
45.813 99 -1723073393
45.840 98 -1723073393
45.867 90 -1723073393
45.893 74 -1723073393
45.920 63 -1723073393
45.947 52 -1723073393
45.973 33 -1723073393
46.000 17 -1723073393
46.027 6 -1723073393
46.053 -8 -1723073393
46.080 -15 -1723073393
46.107 -15 -1723073393
46.133 -19 -1723073393
46.160 -21 -1723073393
46.187 -8 -1723073393
46.213 4 -1723073393
46.240 15 -1723073393
46.267 39 -1723073393
46.293 67 -1723073393
46.320 91 -1723073393
46.347 124 -1723073393
46.373 155 -1723073393
46.400 174 -1723073393
46.427 193 -1723073393
46.453 217 -1723073393
46.480 234 -1723073393
46.507 250 -1723073393
46.533 270 -1723073393
46.560 284 -1723073393
46.587 295 -1723073393
46.613 310 -1723073393
46.640 319 -1723073393
46.667 320 -1723073393
46.693 315 -1723073393
46.720 301 -1723073393
46.747 277 -1723073393
46.773 251 -1723073393
46.800 226 -1723073393
46.827 197 -1723073393
46.853 170 -1723073393
46.880 144 -1723073393
46.907 115 -1723073393
46.933 86 -1723073393
46.960 61 -1723073393
46.987 38 -1723073393
47.013 18 -1723073393
47.040 6 -1723073393
47.067 -6 -1723073393
47.093 -18 -1723073393
47.120 -21 -1723073393
47.147 -15 -1723073393
47.173 -6 -1723073393
47.200 14 -1723073393
47.227 38 -1723073393
47.253 57 -1723073393
47.280 81 -1723073393
47.307 112 -1723073393
47.333 138 -1723073393
47.360 166 -1723073393
47.387 204 -1723073393
47.413 235 -1723073393
47.440 253 -1723073393
47.467 275 -1723073393
47.493 293 -1723073393
47.520 299 -1723073393
47.547 301 -1723073393
47.573 298 -1723073393
47.600 288 -1723073393
47.627 275 -1723073393
47.653 263 -1723073393
47.680 240 -1723073393
47.707 213 -1723073393
47.733 192 -1723073393
47.760 168 -1723073393
47.787 142 -1723073393
47.813 131 -1723073393
47.840 122 -1723073393
47.867 107 -1723073393
47.893 104 -1723073393
47.920 108 -1723073393
47.947 113 -1723073393
47.973 129 -1723073393
48.000 161 -1723073393
48.027 193 -1723073393
48.053 226 -1723073393
48.080 267 -1723073393
48.107 302 -1723073393
48.133 332 -1723073393
48.160 369 -1723073393
48.187 403 -1723073393
48.213 431 -1723073393
48.240 465 -1723073393
48.267 496 -1723073393
48.293 515 -1723073393
48.320 535 -1723073393
48.347 551 -1723073393
48.373 552 -1723073393
48.400 550 -1723073393
48.427 545 -1723073393
48.453 527 -1723073393
48.480 510 -1723073393
48.507 499 -1723073393
48.533 479 -1723073393
48.560 453 -1723073393
48.587 434 -1723073393
48.613 413 -1723073393
48.640 384 -1723073393
48.667 361 -1723073393
48.693 340 -1723073393
48.720 315 -1723073393
48.747 301 -1723073393
48.773 293 -1723073393
48.800 279 -1723073393
48.827 269 -1723073393
48.853 272 -1723073393
48.880 277 -1723073393
48.907 283 -1723073393
48.933 300 -1723073393
48.960 314 -1723073393
48.987 324 -1723073393
49.013 334 -1723073393
49.040 339 -1723073393
49.067 337 -1723073393
49.093 338 -1723073393
49.120 338 -1723073393
49.147 330 -1723073393
49.173 319 -1723073393
49.200 305 -1723073393
49.227 282 -1723073393
49.253 256 -1723073393
49.280 236 -1723073393
49.307 216 -1723073393
49.333 197 -1723073393
49.360 185 -1723073393
49.387 177 -1723073393
49.413 163 -1723073393
49.440 153 -1723073393
49.467 153 -1723073393
49.493 154 -1723073393
49.520 151 -1723073393
49.547 150 -1723073393
49.573 150 -1723073393
49.600 153 -1723073393
49.627 157 -1723073393
49.653 163 -1723073393
49.680 165 -1723073393
49.707 173 -1723073393
49.733 186 -1723073393
49.760 198 -1723073393
49.787 214 -1723073393
49.813 232 -1723073393
49.840 238 -1723073393
49.867 237 -1723073393
49.893 245 -1723073393
49.920 251 -1723073393
49.947 252 -1723073393
49.973 258 -1723073393
50.000 265 -1723073393
50.027 266 -1723073393
50.053 263 -1723073393
50.080 260 -1723073393
50.107 253 -1723073393
50.133 248 -1723073393
50.160 246 -1723073393
50.187 239 -1723073393
50.213 231 -1723073393
50.240 227 -1723073393
50.267 212 -1723073393
50.293 190 -1723073393
50.320 171 -1723073393
50.347 144 -1723073393
50.373 108 -1723073393
50.400 72 -1723073393
50.427 33 -1723073393
50.453 -11 -1723073393
50.480 -53 -1723073393
50.507 -90 -1723073393
50.533 -127 -1723073393
50.560 -161 -1723073393
50.587 -188 -1723073393
50.613 -206 -1723073393
50.640 -216 -1723073393
50.667 -221 -1723073393
50.693 -220 -1723073393
50.720 -220 -1723073393
50.747 -217 -1723073393
50.773 -206 -1723073393
50.800 -189 -1723073393
50.827 -177 -1723073393
50.853 -162 -1723073393
50.880 -143 -1723073393
50.907 -131 -1723073393
50.933 -122 -1723073393
50.960 -111 -1723073393
50.987 -105 -1723073393
51.013 -103 -1723073393
51.040 -98 -1723073393
51.067 -92 -1723073393
51.093 -89 -1723073393
51.120 -83 -1723073393
51.147 -78 -1723073393
51.173 -78 -1723073393
51.200 -76 -1723073393
51.227 -72 -1723073393
51.253 -71 -1723073393
51.280 -68 -1723073393
51.307 -59 -1723073393
51.333 -50 -1723073393
51.360 -41 -1723073393
51.387 -28 -1723073393
51.413 -13 -1723073393
51.440 4 -1723073393
51.467 27 -1723073393
51.493 53 -1723073393
51.520 80 -1723073393
51.547 112 -1723073393
51.573 147 -1723073393
51.600 177 -1723073393
51.627 209 -1723073393
51.653 244 -1723073393
51.680 274 -1723073393
51.707 300 -1723073393
51.733 324 -1723073393
51.760 341 -1723073393
51.787 355 -1723073393
51.813 365 -1723073393
51.840 365 -1723073393
51.867 360 -1723073393
51.893 354 -1723073393
51.920 340 -1723073393
51.947 324 -1723073393
51.973 314 -1723073393
52.000 303 -1723073393
52.027 289 -1723073393
52.053 282 -1723073393
52.080 274 -1723073393
52.107 262 -1723073393
52.133 253 -1723073393
52.160 247 -1723073393
52.187 236 -1723073393
52.213 223 -1723073393
52.240 214 -1723073393
52.267 206 -1723073393
52.293 196 -1723073393
52.320 191 -1723073393
52.347 184 -1723073393
52.373 176 -1723073393
52.400 171 -1723073393
52.427 167 -1723073393
52.453 163 -1723073393
52.480 161 -1723073393
52.507 161 -1723073393
52.533 157 -1723073393
52.560 155 -1723073393
52.587 163 -1723073393
52.613 173 -1723073393
52.640 179 -1723073393
52.667 183 -1723073393
52.693 184 -1723073393
52.720 179 -1723073393
52.747 172 -1723073393
52.773 163 -1723073393
52.800 153 -1723073393
52.827 146 -1723073393
52.853 140 -1723073393
52.880 130 -1723073393
52.907 121 -1723073393
52.933 113 -1723073393
52.960 103 -1723073393
52.987 92 -1723073393
53.013 84 -1723073393
53.040 77 -1723073393
53.067 74 -1723073393
53.093 73 -1723073393
53.120 75 -1723073393
53.147 81 -1723073393
53.173 90 -1723073393
53.200 97 -1723073393
53.227 106 -1723073393
53.253 114 -1723073393
53.280 117 -1723073393
53.307 118 -1723073393
53.333 121 -1723073393
53.360 122 -1723073393
53.387 124 -1723073393
53.413 128 -1723073393
53.440 130 -1723073393
53.467 132 -1723073393
53.493 135 -1723073393
53.520 136 -1723073393
53.547 137 -1723073393
53.573 139 -1723073393
53.600 144 -1723073393
53.627 149 -1723073393
53.653 157 -1723073393
53.680 173 -1723073393
53.707 191 -1723073393
53.733 208 -1723073393
53.760 222 -1723073393
53.787 235 -1723073393
53.813 251 -1723073393
53.840 263 -1723073393
53.867 273 -1723073393
53.893 282 -1723073393
53.920 287 -1723073393
53.947 283 -1723073393
53.973 275 -1723073393
54.000 265 -1723073393
54.027 247 -1723073393
54.053 225 -1723073393
54.080 201 -1723073393
54.107 172 -1723073393
54.133 138 -1723073393
54.160 105 -1723073393
54.187 70 -1723073393
54.213 40 -1723073393
54.240 19 -1723073393
54.267 5 -1723073393
54.293 -9 -1723073393
54.320 -26 -1723073393
54.347 -39 -1723073393
54.373 -42 -1723073393
54.400 -42 -1723073393
54.427 -43 -1723073393
54.453 -34 -1723073393
54.480 -22 -1723073393
54.507 -17 -1723073393
54.533 -12 -1723073393
54.560 -6 -1723073393
54.587 -3 -1723073393
54.613 -1 -1723073393
54.640 3 -1723073393
54.667 6 -1723073393
54.693 9 -1723073393
54.720 15 -1723073393
54.747 15 -1723073393
54.773 10 -1723073393
54.800 8 -1723073393
54.827 11 -1723073393
54.853 10 -1723073393
54.880 12 -1723073393
54.907 19 -1723073393
54.933 24 -1723073393
54.960 35 -1723073393
54.987 52 -1723073393
55.013 66 -1723073393
55.040 77 -1723073393
55.067 94 -1723073393
55.093 116 -1723073393
55.120 141 -1723073393
55.147 170 -1723073393
55.173 200 -1723073393
55.200 227 -1723073393
55.227 253 -1723073393
55.253 281 -1723073393
55.280 309 -1723073393
55.307 339 -1723073393
55.333 367 -1723073393
55.360 390 -1723073393
55.387 410 -1723073393
55.413 425 -1723073393
55.440 430 -1723073393
55.467 438 -1723073393
55.493 447 -1723073393
55.520 446 -1723073393
55.547 450 -1723073393
55.573 459 -1723073393
55.600 462 -1723073393
55.627 462 -1723073393
55.653 473 -1723073393
55.680 484 -1723073393
55.707 486 -1723073393
55.733 494 -1723073393
55.760 504 -1723073393
55.787 507 -1723073393
55.813 512 -1723073393
55.840 522 -1723073393
55.867 522 -1723073393
55.893 515 -1723073393
55.920 512 -1723073393
55.947 499 -1723073393
55.973 475 -1723073393
56.000 457 -1723073393
56.027 439 -1723073393
56.053 408 -1723073393
56.080 382 -1723073393
56.107 363 -1723073393
56.133 335 -1723073393
56.160 303 -1723073393
56.187 281 -1723073393
56.213 257 -1723073393
56.240 224 -1723073393
56.267 196 -1723073393
56.293 173 -1723073393
56.320 149 -1723073393
56.347 130 -1723073393
56.373 117 -1723073393
56.400 107 -1723073393
56.427 92 -1723073393
56.453 76 -1723073393
56.480 64 -1723073393
56.507 53 -1723073393
56.533 49 -1723073393
56.560 53 -1723073393
56.587 55 -1723073393
56.613 52 -1723073393
56.640 50 -1723073393
56.667 50 -1723073393
56.693 42 -1723073393
56.720 29 -1723073393
56.747 21 -1723073393
56.773 10 -1723073393
56.800 -4 -1723073393
56.827 -12 -1723073393
56.853 -18 -1723073393
56.880 -27 -1723073393
56.907 -31 -1723073393
56.933 -29 -1723073393
56.960 -37 -1723073393
56.987 -43 -1723073393
57.013 -37 -1723073393
57.040 -32 -1723073393
57.067 -31 -1723073393
57.093 -24 -1723073393
57.120 -18 -1723073393
57.147 -19 -1723073393
57.173 -14 -1723073393
57.200 -3 -1723073393
57.227 1 -1723073393
57.253 11 -1723073393
57.280 32 -1723073393
57.307 55 -1723073393
57.333 74 -1723073393
57.360 98 -1723073393
57.387 120 -1723073393
57.413 137 -1723073393
57.440 160 -1723073393
57.467 190 -1723073393
57.493 217 -1723073393
57.520 239 -1723073393
57.547 258 -1723073393
57.573 273 -1723073393
57.600 287 -1723073393
57.627 301 -1723073393
57.653 313 -1723073393
57.680 322 -1723073393
57.707 329 -1723073393
57.733 332 -1723073393
57.760 333 -1723073393
57.787 336 -1723073393
57.813 337 -1723073393
57.840 338 -1723073393
57.867 343 -1723073393
57.893 351 -1723073393
57.920 358 -1723073393
57.947 365 -1723073393
57.973 376 -1723073393
58.000 386 -1723073393
58.027 395 -1723073393
58.053 405 -1723073393
58.080 415 -1723073393
58.107 428 -1723073393
58.133 443 -1723073393
58.160 454 -1723073393
58.187 461 -1723073393
58.213 473 -1723073393
58.240 482 -1723073393
58.267 489 -1723073393
58.293 503 -1723073393
58.320 518 -1723073393
58.347 525 -1723073393
58.373 536 -1723073393
58.400 554 -1723073393
58.427 564 -1723073393
58.453 570 -1723073393
58.480 583 -1723073393
58.507 593 -1723073393
58.533 598 -1723073393
58.560 615 -1723073393
58.587 637 -1723073393
58.613 650 -1723073393
58.640 662 -1723073393
58.667 676 -1723073393
58.693 676 -1723073393
58.720 676 -1723073393
58.747 686 -1723073393
58.773 690 -1723073393
58.800 683 -1723073393
58.827 683 -1723073393
58.853 684 -1723073393
58.880 670 -1723073393
58.907 656 -1723073393
58.933 649 -1723073393
58.960 637 -1723073393
58.987 623 -1723073393
59.013 619 -1723073393
59.040 615 -1723073393
59.067 603 -1723073393
59.093 597 -1723073393
59.120 596 -1723073393
59.147 585 -1723073393
59.173 568 -1723073393
59.200 557 -1723073393
59.227 542 -1723073393
59.253 526 -1723073393
59.280 521 -1723073393
59.307 516 -1723073393
59.333 502 -1723073393
59.360 490 -1723073393
59.387 484 -1723073393
59.413 472 -1723073393
59.440 461 -1723073393
59.467 457 -1723073393
59.493 446 -1723073393
59.520 429 -1723073393
59.547 418 -1723073393
59.573 401 -1723073393
59.600 376 -1723073393
59.627 350 -1723073393
59.653 320 -1723073393
59.680 278 -1723073393
59.707 235 -1723073393
59.733 195 -1723073393
59.760 153 -1723073393
59.787 108 -1723073393
59.813 68 -1723073393
59.840 35 -1723073393
59.867 2 -1723073393
59.893 -32 -1723073393
59.920 -58 -1723073393
59.947 -72 -1723073393
59.973 -87 -1723073393
60.000 -101 -1723073393
60.027 -100 -1723073393
60.053 -90 -1723073393
60.080 -85 -1723073393
60.107 -72 -1723073393
60.133 -51 -1723073393
60.160 -36 -1723073393
60.187 -20 -1723073393
60.213 2 -1723073393
60.240 15 -1723073393
60.267 16 -1723073393
60.293 19 -1723073393
60.320 16 -1723073393
60.347 5 -1723073393
60.373 -1 -1723073393
60.400 -8 -1723073393
60.427 -23 -1723073393
60.453 -42 -1723073393
60.480 -60 -1723073393
60.507 -84 -1723073393
60.533 -114 -1723073393
60.560 -137 -1723073393
60.587 -155 -1723073393
60.613 -179 -1723073393
60.640 -192 -1723073393
60.667 -193 -1723073393
60.693 -201 -1723073393
60.720 -207 -1723073393
60.747 -196 -1723073393
60.773 -190 -1723073393
60.800 -197 -1723073393
60.827 -195 -1723073393
60.853 -183 -1723073393
60.880 -183 -1723073393
60.907 -182 -1723073393
60.933 -169 -1723073393
60.960 -165 -1723073393
60.987 -169 -1723073393
61.013 -158 -1723073393
61.040 -149 -1723073393
61.067 -152 -1723073393
61.093 -151 -1723073393
61.120 -146 -1723073393
61.147 -155 -1723073393
61.173 -162 -1723073393
61.200 -158 -1723073393
61.227 -164 -1723073393
61.253 -178 -1723073393
61.280 -180 -1723073393
61.307 -181 -1723073393
61.333 -197 -1723073393
61.360 -212 -1723073393
61.387 -220 -1723073393
61.413 -241 -1723073393
61.440 -264 -1723073393
61.467 -270 -1723073393
61.493 -282 -1723073393
61.520 -306 -1723073393
61.547 -315 -1723073393
61.573 -319 -1723073393
61.600 -333 -1723073393
61.627 -336 -1723073393
61.653 -324 -1723073393
61.680 -327 -1723073393
61.707 -324 -1723073393
61.733 -295 -1723073393
61.760 -274 -1723073393
61.787 -265 -1723073393
61.813 -238 -1723073393
61.840 -205 -1723073393
61.867 -187 -1723073393
61.893 -162 -1723073393
61.920 -122 -1723073393
61.947 -100 -1723073393
61.973 -87 -1723073393
62.000 -61 -1723073393
62.027 -42 -1723073393
62.053 -34 -1723073393
62.080 -16 -1723073393
62.107 0 -1723073393
62.133 3 -1723073393
62.160 5 -1723073393
62.187 6 -1723073393
62.213 -5 -1723073393
62.240 -20 -1723073393
62.267 -32 -1723073393
62.293 -48 -1723073393
62.320 -72 -1723073393
62.347 -89 -1723073393
62.373 -107 -1723073393
62.400 -132 -1723073393
62.427 -148 -1723073393
62.453 -155 -1723073393
62.480 -171 -1723073393
62.507 -185 -1723073393
62.533 -184 -1723073393
62.560 -184 -1723073393
62.587 -192 -1723073393
62.613 -186 -1723073393
62.640 -176 -1723073393
62.667 -179 -1723073393
62.693 -174 -1723073393
62.720 -153 -1723073393
62.747 -140 -1723073393
62.773 -132 -1723073393
62.800 -109 -1723073393
62.827 -87 -1723073393
62.853 -75 -1723073393
62.880 -56 -1723073393
62.907 -37 -1723073393
62.933 -36 -1723073393
62.960 -36 -1723073393
62.987 -29 -1723073393
63.013 -31 -1723073393
63.040 -37 -1723073393
63.067 -38 -1723073393
63.093 -50 -1723073393
63.120 -76 -1723073393
63.147 -101 -1723073393
63.173 -124 -1723073393
63.200 -154 -1723073393
63.227 -184 -1723073393
63.253 -206 -1723073393
63.280 -231 -1723073393
63.307 -260 -1723073393
63.333 -277 -1723073393
63.360 -292 -1723073393
63.387 -320 -1723073393
63.413 -335 -1723073393
63.440 -331 -1723073393
63.467 -334 -1723073393
63.493 -335 -1723073393
63.520 -312 -1723073393
63.547 -290 -1723073393
63.573 -277 -1723073393
63.600 -245 -1723073393
63.627 -204 -1723073393
63.653 -181 -1723073393
63.680 -155 -1723073393
63.707 -113 -1723073393
63.733 -84 -1723073393
63.760 -68 -1723073393
63.787 -45 -1723073393
63.813 -28 -1723073393
63.840 -26 -1723073393
63.867 -23 -1723073393
63.893 -16 -1723073393
63.920 -24 -1723073393
63.947 -36 -1723073393
63.973 -45 -1723073393
64.000 -66 -1723073393
64.027 -93 -1723073393
64.053 -111 -1723073393
64.080 -128 -1723073393
64.107 -154 -1723073393
64.133 -177 -1723073393
64.160 -189 -1723073393
64.187 -205 -1723073393
64.213 -221 -1723073393
64.240 -219 -1723073393
64.267 -216 -1723073393
64.293 -215 -1723073393
64.320 -191 -1723073393
64.347 -157 -1723073393
64.373 -139 -1723073393
64.400 -112 -1723073393
64.427 -71 -1723073393
64.453 -42 -1723073393
64.480 -17 -1723073393
64.507 25 -1723073393
64.533 66 -1723073393
64.560 89 -1723073393
64.587 111 -1723073393
64.613 132 -1723073393
64.640 139 -1723073393
64.667 141 -1723073393
64.693 146 -1723073393
64.720 144 -1723073393
64.747 137 -1723073393
64.773 132 -1723073393
64.800 124 -1723073393
64.827 110 -1723073393
64.853 97 -1723073393
64.880 86 -1723073393
64.907 68 -1723073393
64.933 49 -1723073393
64.960 37 -1723073393
64.987 23 -1723073393
65.013 8 -1723073393
65.040 1 -1723073393
65.067 -2 -1723073393
65.093 -8 -1723073393
65.120 -8 -1723073393
65.147 2 -1723073393
65.173 9 -1723073393
65.200 16 -1723073393
65.227 35 -1723073393
65.253 54 -1723073393
65.280 68 -1723073393
65.307 87 -1723073393
65.333 110 -1723073393
65.360 127 -1723073393
65.387 145 -1723073393
65.413 166 -1723073393
65.440 184 -1723073393
65.467 200 -1723073393
65.493 223 -1723073393
65.520 245 -1723073393
65.547 260 -1723073393
65.573 273 -1723073393
65.600 289 -1723073393
65.627 302 -1723073393
65.653 308 -1723073393
65.680 311 -1723073393
65.707 313 -1723073393
65.733 314 -1723073393
65.760 312 -1723073393
65.787 312 -1723073393
65.813 310 -1723073393
65.840 306 -1723073393
65.867 302 -1723073393
65.893 299 -1723073393
65.920 294 -1723073393
65.947 292 -1723073393
65.973 291 -1723073393
66.000 286 -1723073393
66.027 281 -1723073393
66.053 278 -1723073393
66.080 272 -1723073393
66.107 265 -1723073393
66.133 260 -1723073393
66.160 257 -1723073393
66.187 248 -1723073393
66.213 237 -1723073393
66.240 229 -1723073393
66.267 223 -1723073393
66.293 219 -1723073393
66.320 221 -1723073393
66.347 223 -1723073393
66.373 224 -1723073393
66.400 229 -1723073393
66.427 236 -1723073393
66.453 239 -1723073393
66.480 239 -1723073393
66.507 242 -1723073393
66.533 241 -1723073393
66.560 241 -1723073393
66.587 243 -1723073393
66.613 241 -1723073393
66.640 232 -1723073393
66.667 224 -1723073393
66.693 223 -1723073393
66.720 222 -1723073393
66.747 219 -1723073393
66.773 217 -1723073393
66.800 212 -1723073393
66.827 208 -1723073393
66.853 214 -1723073393
66.880 225 -1723073393
66.907 234 -1723073393
66.933 243 -1723073393
66.960 258 -1723073393
66.987 271 -1723073393
67.013 284 -1723073393
67.040 304 -1723073393
67.067 327 -1723073393
67.093 346 -1723073393
67.120 366 -1723073393
67.147 394 -1723073393
67.173 420 -1723073393
67.200 440 -1723073393
67.227 461 -1723073393
67.253 484 -1723073393
67.280 497 -1723073393
67.307 506 -1723073393
67.333 521 -1723073393
67.360 529 -1723073393
67.387 524 -1723073393
67.413 519 -1723073393
67.440 516 -1723073393
67.467 501 -1723073393
67.493 486 -1723073393
67.520 476 -1723073393
67.547 461 -1723073393
67.573 442 -1723073393
67.600 429 -1723073393
67.627 418 -1723073393
67.653 402 -1723073393
67.680 391 -1723073393
67.707 385 -1723073393
67.733 375 -1723073393
67.760 366 -1723073393
67.787 361 -1723073393
67.813 354 -1723073393
67.840 348 -1723073393
67.867 346 -1723073393
67.893 341 -1723073393
67.920 332 -1723073393
67.947 324 -1723073393
67.973 319 -1723073393
68.000 312 -1723073393
68.027 303 -1723073393
68.053 297 -1723073393
68.080 290 -1723073393
68.107 279 -1723073393
68.133 268 -1723073393
68.160 259 -1723073393
68.187 249 -1723073393
68.213 244 -1723073393
68.240 246 -1723073393
68.267 246 -1723073393
68.293 247 -1723073393
68.320 247 -1723073393
68.347 245 -1723073393
68.373 248 -1723073393
68.400 256 -1723073393
68.427 262 -1723073393
68.453 266 -1723073393
68.480 269 -1723073393
68.507 268 -1723073393
68.533 263 -1723073393
68.560 261 -1723073393
68.587 258 -1723073393
68.613 246 -1723073393
68.640 234 -1723073393
68.667 232 -1723073393
68.693 234 -1723073393
68.720 239 -1723073393
68.747 249 -1723073393
68.773 261 -1723073393
68.800 268 -1723073393
68.827 272 -1723073393
68.853 279 -1723073393
68.880 288 -1723073393
68.907 296 -1723073393
68.933 303 -1723073393
68.960 309 -1723073393
68.987 312 -1723073393
69.013 320 -1723073393
69.040 330 -1723073393
69.067 336 -1723073393
69.093 339 -1723073393
69.120 344 -1723073393
69.147 346 -1723073393
69.173 346 -1723073393
69.200 351 -1723073393
69.227 356 -1723073393
69.253 358 -1723073393
69.280 361 -1723073393
69.307 368 -1723073393
69.333 374 -1723073393
69.360 380 -1723073393
69.387 389 -1723073393
69.413 400 -1723073393
69.440 405 -1723073393
69.467 408 -1723073393
69.493 413 -1723073393
69.520 412 -1723073393
69.547 404 -1723073393
69.573 393 -1723073393
69.600 378 -1723073393
69.627 354 -1723073393
69.653 327 -1723073393
69.680 302 -1723073393
69.707 277 -1723073393
69.733 250 -1723073393
69.760 225 -1723073393
69.787 202 -1723073393
69.813 177 -1723073393
69.840 155 -1723073393
69.867 135 -1723073393
69.893 122 -1723073393
69.920 115 -1723073393
69.947 110 -1723073393
69.973 107 -1723073393
70.000 112 -1723073393
70.027 119 -1723073393
70.053 129 -1723073393
70.080 151 -1723073393
70.107 179 -1723073393
70.133 199 -1723073393
70.160 217 -1723073393
70.187 238 -1723073393
70.213 258 -1723073393
70.240 279 -1723073393
70.267 303 -1723073393
70.293 320 -1723073393
70.320 329 -1723073393
70.347 334 -1723073393
70.373 340 -1723073393
70.400 344 -1723073393
70.427 342 -1723073393
70.453 339 -1723073393
70.480 334 -1723073393
70.507 329 -1723073393
70.533 324 -1723073393
70.560 318 -1723073393
70.587 307 -1723073393
70.613 298 -1723073393
70.640 289 -1723073393
70.667 283 -1723073393
70.693 281 -1723073393
70.720 282 -1723073393
70.747 283 -1723073393
70.773 284 -1723073393
70.800 287 -1723073393
70.827 294 -1723073393
70.853 300 -1723073393
70.880 304 -1723073393
70.907 310 -1723073393
70.933 318 -1723073393
70.960 321 -1723073393
70.987 319 -1723073393
71.013 318 -1723073393
71.040 315 -1723073393
71.067 311 -1723073393
71.093 311 -1723073393
71.120 316 -1723073393
71.147 320 -1723073393
71.173 324 -1723073393
71.200 333 -1723073393
71.227 340 -1723073393
71.253 345 -1723073393
71.280 351 -1723073393
71.307 359 -1723073393
71.333 366 -1723073393
71.360 375 -1723073393
71.387 381 -1723073393
71.413 377 -1723073393
71.440 369 -1723073393
71.467 367 -1723073393
71.493 366 -1723073393
71.520 359 -1723073393
71.547 351 -1723073393
71.573 345 -1723073393
71.600 336 -1723073393
71.627 327 -1723073393
71.653 314 -1723073393
71.680 298 -1723073393
71.707 286 -1723073393
71.733 282 -1723073393
71.760 276 -1723073393
71.787 268 -1723073393
71.813 262 -1723073393
71.840 257 -1723073393
71.867 252 -1723073393
71.893 252 -1723073393
71.920 254 -1723073393
71.947 254 -1723073393
71.973 257 -1723073393
72.000 260 -1723073393
72.027 260 -1723073393
72.053 261 -1723073393
72.080 259 -1723073393
72.107 252 -1723073393
72.133 244 -1723073393
72.160 238 -1723073393
72.187 235 -1723073393
72.213 227 -1723073393
72.240 213 -1723073393
72.267 200 -1723073393
72.293 189 -1723073393
72.320 179 -1723073393
72.347 174 -1723073393
72.373 169 -1723073393
72.400 169 -1723073393
72.427 179 -1723073393
72.453 190 -1723073393
72.480 197 -1723073393
72.507 209 -1723073393
72.533 222 -1723073393
72.560 228 -1723073393
72.587 237 -1723073393
72.613 250 -1723073393
72.640 260 -1723073393
72.667 266 -1723073393
72.693 275 -1723073393
72.720 283 -1723073393
72.747 282 -1723073393
72.773 278 -1723073393
72.800 278 -1723073393
72.827 279 -1723073393
72.853 277 -1723073393
72.880 275 -1723073393
72.907 274 -1723073393
72.933 270 -1723073393
72.960 263 -1723073393
72.987 256 -1723073393
73.013 248 -1723073393
73.040 239 -1723073393
73.067 231 -1723073393
73.093 225 -1723073393
73.120 217 -1723073393
73.147 209 -1723073393
73.173 202 -1723073393
73.200 195 -1723073393
73.227 188 -1723073393
73.253 185 -1723073393
73.280 185 -1723073393
73.307 184 -1723073393
73.333 181 -1723073393
73.360 176 -1723073393
73.387 168 -1723073393
73.413 164 -1723073393
73.440 164 -1723073393
73.467 166 -1723073393
73.493 176 -1723073393
73.520 190 -1723073393
73.547 199 -1723073393
73.573 209 -1723073393
73.600 226 -1723073393
73.627 241 -1723073393
73.653 253 -1723073393
73.680 269 -1723073393
73.707 285 -1723073393
73.733 295 -1723073393
73.760 303 -1723073393
73.787 313 -1723073393
73.813 319 -1723073393
73.840 321 -1723073393
73.867 322 -1723073393
73.893 325 -1723073393
73.920 321 -1723073393
73.947 307 -1723073393
73.973 293 -1723073393
74.000 278 -1723073393
74.027 260 -1723073393
74.053 245 -1723073393
74.080 230 -1723073393
74.107 209 -1723073393
74.133 185 -1723073393
74.160 170 -1723073393
74.187 158 -1723073393
74.213 143 -1723073393
74.240 135 -1723073393
74.267 132 -1723073393
74.293 127 -1723073393
74.320 126 -1723073393
74.347 126 -1723073393
74.373 127 -1723073393
74.400 135 -1723073393
74.427 144 -1723073393
74.453 151 -1723073393
74.480 158 -1723073393
74.507 168 -1723073393
74.533 175 -1723073393
74.560 182 -1723073393
74.587 194 -1723073393
74.613 203 -1723073393
74.640 207 -1723073393
74.667 215 -1723073393
74.693 225 -1723073393
74.720 231 -1723073393
74.747 235 -1723073393
74.773 237 -1723073393
74.800 235 -1723073393
74.827 237 -1723073393
74.853 244 -1723073393
74.880 248 -1723073393
74.907 248 -1723073393
74.933 250 -1723073393
74.960 255 -1723073393
74.987 258 -1723073393
75.013 258 -1723073393
75.040 262 -1723073393
75.067 269 -1723073393
75.093 277 -1723073393
75.120 282 -1723073393
75.147 288 -1723073393
75.173 290 -1723073393
75.200 294 -1723073393
75.227 301 -1723073393
75.253 302 -1723073393
75.280 299 -1723073393
75.307 295 -1723073393
75.333 291 -1723073393
75.360 284 -1723073393
75.387 282 -1723073393
75.413 282 -1723073393
75.440 276 -1723073393
75.467 273 -1723073393
75.493 277 -1723073393
75.520 281 -1723073393
75.547 287 -1723073393
75.573 295 -1723073393
75.600 304 -1723073393
75.627 309 -1723073393
75.653 316 -1723073393
75.680 321 -1723073393
75.707 323 -1723073393
75.733 324 -1723073393
75.760 323 -1723073393
75.787 313 -1723073393
75.813 297 -1723073393
75.840 279 -1723073393
75.867 255 -1723073393
75.893 228 -1723073393
75.920 203 -1723073393
75.947 176 -1723073393
75.973 150 -1723073393
76.000 130 -1723073393
76.027 112 -1723073393
76.053 93 -1723073393
76.080 79 -1723073393
76.107 71 -1723073393
76.133 67 -1723073393
76.160 71 -1723073393
76.187 84 -1723073393
76.213 94 -1723073393
76.240 106 -1723073393
76.267 131 -1723073393
76.293 156 -1723073393
76.320 179 -1723073393
76.347 204 -1723073393
76.373 227 -1723073393
76.400 245 -1723073393
76.427 265 -1723073393
76.453 286 -1723073393
76.480 304 -1723073393
76.507 317 -1723073393
76.533 330 -1723073393
76.560 344 -1723073393
76.587 354 -1723073393
76.613 359 -1723073393
76.640 365 -1723073393
76.667 373 -1723073393
76.693 374 -1723073393
76.720 374 -1723073393
76.747 375 -1723073393
76.773 369 -1723073393
76.800 356 -1723073393
76.827 350 -1723073393
76.853 346 -1723073393
76.880 336 -1723073393
76.907 329 -1723073393
76.933 327 -1723073393
76.960 323 -1723073393
76.987 322 -1723073393
77.013 325 -1723073393
77.040 322 -1723073393
77.067 314 -1723073393
77.093 307 -1723073393
77.120 303 -1723073393
77.147 302 -1723073393
77.173 303 -1723073393
77.200 309 -1723073393
77.227 316 -1723073393
77.253 326 -1723073393
77.280 339 -1723073393
77.307 346 -1723073393
77.333 350 -1723073393
77.360 353 -1723073393
77.387 357 -1723073393
77.413 361 -1723073393
77.440 366 -1723073393
77.467 367 -1723073393
77.493 364 -1723073393
77.520 358 -1723073393
77.547 354 -1723073393
77.573 345 -1723073393
77.600 336 -1723073393
77.627 330 -1723073393
77.653 321 -1723073393
77.680 305 -1723073393
77.707 289 -1723073393
77.733 277 -1723073393
77.760 266 -1723073393
77.787 258 -1723073393
77.813 254 -1723073393
77.840 253 -1723073393
77.867 250 -1723073393
77.893 246 -1723073393
77.920 243 -1723073393
77.947 241 -1723073393
77.973 239 -1723073393
78.000 239 -1723073393
78.027 237 -1723073393
78.053 237 -1723073393
78.080 239 -1723073393
78.107 242 -1723073393
78.133 252 -1723073393
78.160 264 -1723073393
78.187 276 -1723073393
78.213 286 -1723073393
78.240 292 -1723073393
78.267 294 -1723073393
78.293 295 -1723073393
78.320 296 -1723073393
78.347 300 -1723073393
78.373 304 -1723073393
78.400 310 -1723073393
78.427 310 -1723073393
78.453 302 -1723073393
78.480 295 -1723073393
78.507 289 -1723073393
78.533 281 -1723073393
78.560 274 -1723073393
78.587 264 -1723073393
78.613 253 -1723073393
78.640 239 -1723073393
78.667 227 -1723073393
78.693 212 -1723073393
78.720 193 -1723073393
78.747 174 -1723073393
78.773 157 -1723073393
78.800 143 -1723073393
78.827 133 -1723073393
78.853 122 -1723073393
78.880 110 -1723073393
78.907 106 -1723073393
78.933 107 -1723073393
78.960 109 -1723073393
78.987 114 -1723073393
79.013 120 -1723073393
79.040 126 -1723073393
79.067 137 -1723073393
79.093 149 -1723073393
79.120 158 -1723073393
79.147 169 -1723073393
79.173 184 -1723073393
79.200 194 -1723073393
79.227 200 -1723073393
79.253 206 -1723073393
79.280 213 -1723073393
79.307 217 -1723073393
79.333 219 -1723073393
79.360 218 -1723073393
79.387 209 -1723073393
79.413 201 -1723073393
79.440 194 -1723073393
79.467 180 -1723073393
79.493 163 -1723073393
79.520 150 -1723073393
79.547 133 -1723073393
79.573 115 -1723073393
79.600 101 -1723073393
79.627 86 -1723073393
79.653 69 -1723073393
79.680 61 -1723073393
79.707 56 -1723073393
79.733 41 -1723073393
79.760 34 -1723073393
79.787 40 -1723073393
79.813 40 -1723073393
79.840 43 -1723073393
79.867 64 -1723073393
79.893 84 -1723073393
79.920 99 -1723073393
79.947 126 -1723073393
79.973 153 -1723073393
80.000 171 -1723073393
80.027 198 -1723073393
80.053 228 -1723073393
80.080 247 -1723073393
80.107 264 -1723073393
80.133 281 -1723073393
80.160 288 -1723073393
80.187 289 -1723073393
80.213 291 -1723073393
80.240 290 -1723073393
80.267 285 -1723073393
80.293 282 -1723073393
80.320 278 -1723073393
80.347 270 -1723073393
80.373 267 -1723073393
80.400 267 -1723073393
80.427 256 -1723073393
80.453 246 -1723073393
80.480 244 -1723073393
80.507 237 -1723073393
80.533 233 -1723073393
80.560 238 -1723073393
80.587 242 -1723073393
80.613 242 -1723073393
80.640 246 -1723073393
80.667 249 -1723073393
80.693 248 -1723073393
80.720 254 -1723073393
80.747 264 -1723073393
80.773 267 -1723073393
80.800 272 -1723073393
80.827 280 -1723073393
80.853 280 -1723073393
80.880 278 -1723073393
80.907 283 -1723073393
80.933 288 -1723073393
80.960 289 -1723073393
80.987 290 -1723073393
81.013 284 -1723073393
81.040 270 -1723073393
81.067 257 -1723073393
81.093 248 -1723073393
81.120 235 -1723073393
81.147 223 -1723073393
81.173 214 -1723073393
81.200 200 -1723073393
81.227 181 -1723073393
81.253 164 -1723073393
81.280 144 -1723073393
81.307 124 -1723073393
81.333 116 -1723073393
81.360 106 -1723073393
81.387 93 -1723073393
81.413 89 -1723073393
81.440 91 -1723073393
81.467 90 -1723073393
81.493 95 -1723073393
81.520 105 -1723073393
81.547 111 -1723073393
81.573 122 -1723073393
81.600 139 -1723073393
81.627 149 -1723073393
81.653 160 -1723073393
81.680 177 -1723073393
81.707 189 -1723073393
81.733 199 -1723073393
81.760 214 -1723073393
81.787 226 -1723073393
81.813 239 -1723073393
81.840 258 -1723073393
81.867 277 -1723073393
81.893 288 -1723073393
81.920 298 -1723073393
81.947 309 -1723073393
81.973 316 -1723073393
82.000 321 -1723073393
82.027 328 -1723073393
82.053 335 -1723073393
82.080 343 -1723073393
82.107 350 -1723073393
82.133 353 -1723073393
82.160 350 -1723073393
82.187 345 -1723073393
82.213 341 -1723073393
82.240 334 -1723073393
82.267 326 -1723073393
82.293 316 -1723073393
82.320 303 -1723073393
82.347 292 -1723073393
82.373 283 -1723073393
82.400 275 -1723073393
82.427 265 -1723073393
82.453 259 -1723073393
82.480 254 -1723073393
82.507 250 -1723073393
82.533 255 -1723073393
82.560 257 -1723073393
82.587 256 -1723073393
82.613 258 -1723073393
82.640 261 -1723073393
82.667 261 -1723073393
82.693 261 -1723073393
82.720 262 -1723073393
82.747 261 -1723073393
82.773 263 -1723073393
82.800 267 -1723073393
82.827 267 -1723073393
82.853 266 -1723073393
82.880 266 -1723073393
82.907 261 -1723073393
82.933 254 -1723073393
82.960 249 -1723073393
82.987 243 -1723073393
83.013 236 -1723073393
83.040 232 -1723073393
83.067 224 -1723073393
83.093 212 -1723073393
83.120 204 -1723073393
83.147 193 -1723073393
83.173 178 -1723073393
83.200 174 -1723073393
83.227 170 -1723073393
83.253 160 -1723073393
83.280 156 -1723073393
83.307 163 -1723073393
83.333 168 -1723073393
83.360 178 -1723073393
83.387 192 -1723073393
83.413 198 -1723073393
83.440 204 -1723073393
83.467 214 -1723073393
83.493 218 -1723073393
83.520 221 -1723073393
83.547 232 -1723073393
83.573 238 -1723073393
83.600 240 -1723073393
83.627 249 -1723073393
83.653 253 -1723073393
83.680 247 -1723073393
83.707 245 -1723073393
83.733 243 -1723073393
83.760 232 -1723073393
83.787 225 -1723073393
83.813 223 -1723073393
83.840 219 -1723073393
83.867 216 -1723073393
83.893 221 -1723073393
83.920 223 -1723073393
83.947 223 -1723073393
83.973 222 -1723073393
84.000 217 -1723073393
84.027 211 -1723073393
84.053 208 -1723073393
84.080 207 -1723073393
84.107 206 -1723073393
84.133 211 -1723073393
84.160 215 -1723073393
84.187 214 -1723073393
84.213 217 -1723073393
84.240 226 -1723073393
84.267 231 -1723073393
84.293 237 -1723073393
84.320 244 -1723073393
84.347 243 -1723073393
84.373 240 -1723073393
84.400 242 -1723073393
84.427 237 -1723073393
84.453 235 -1723073393
84.480 238 -1723073393
84.507 236 -1723073393
84.533 233 -1723073393
84.560 233 -1723073393
84.587 229 -1723073393
84.613 224 -1723073393
84.640 226 -1723073393
84.667 225 -1723073393
84.693 219 -1723073393
84.720 215 -1723073393
84.747 211 -1723073393
84.773 202 -1723073393
84.800 196 -1723073393
84.827 191 -1723073393
84.853 186 -1723073393
84.880 187 -1723073393
84.907 185 -1723073393
84.933 177 -1723073393
84.960 175 -1723073393
84.987 174 -1723073393
85.013 168 -1723073393
85.040 167 -1723073393
85.067 172 -1723073393
85.093 174 -1723073393
85.120 181 -1723073393
85.147 192 -1723073393
85.173 194 -1723073393
85.200 195 -1723073393
85.227 199 -1723073393
85.253 196 -1723073393
85.280 196 -1723073393
85.307 200 -1723073393
85.333 196 -1723073393
85.360 190 -1723073393
85.387 195 -1723073393
85.413 197 -1723073393
85.440 195 -1723073393
85.467 195 -1723073393
85.493 194 -1723073393
85.520 194 -1723073393
85.547 205 -1723073393
85.573 213 -1723073393
85.600 222 -1723073393
85.627 237 -1723073393
85.653 247 -1723073393
85.680 253 -1723073393
85.707 263 -1723073393
85.733 267 -1723073393
85.760 266 -1723073393
85.787 273 -1723073393
85.813 283 -1723073393
85.840 290 -1723073393
85.867 299 -1723073393
85.893 304 -1723073393
85.920 303 -1723073393
85.947 305 -1723073393
85.973 306 -1723073393
86.000 299 -1723073393
86.027 290 -1723073393
86.053 280 -1723073393
86.080 261 -1723073393
86.107 247 -1723073393
86.133 235 -1723073393
86.160 217 -1723073393
86.187 207 -1723073393
86.213 206 -1723073393
86.240 207 -1723073393
86.267 207 -1723073393
86.293 211 -1723073393
86.320 212 -1723073393
86.347 214 -1723073393
86.373 220 -1723073393
86.400 223 -1723073393
86.427 222 -1723073393
86.453 224 -1723073393
86.480 219 -1723073393
86.507 211 -1723073393
86.533 210 -1723073393
86.560 202 -1723073393
86.587 192 -1723073393
86.613 191 -1723073393
86.640 184 -1723073393
86.667 176 -1723073393
86.693 175 -1723073393
86.720 166 -1723073393
86.747 152 -1723073393
86.773 152 -1723073393
86.800 150 -1723073393
86.827 142 -1723073393
86.853 144 -1723073393
86.880 144 -1723073393
86.907 143 -1723073393
86.933 147 -1723073393
86.960 153 -1723073393
86.987 154 -1723073393
87.013 165 -1723073393
87.040 182 -1723073393
87.067 189 -1723073393
87.093 198 -1723073393
87.120 209 -1723073393
87.147 212 -1723073393
87.173 220 -1723073393
87.200 230 -1723073393
87.227 233 -1723073393
87.253 237 -1723073393
87.280 238 -1723073393
87.307 233 -1723073393
87.333 233 -1723073393
87.360 234 -1723073393
87.387 231 -1723073393
87.413 235 -1723073393
87.440 243 -1723073393
87.467 243 -1723073393
87.493 242 -1723073393
87.520 239 -1723073393
87.547 233 -1723073393
87.573 237 -1723073393
87.600 243 -1723073393
87.627 245 -1723073393
87.653 250 -1723073393
87.680 255 -1723073393
87.707 256 -1723073393
87.733 257 -1723073393
87.760 256 -1723073393
87.787 249 -1723073393
87.813 244 -1723073393
87.840 241 -1723073393
87.867 233 -1723073393
87.893 226 -1723073393
87.920 222 -1723073393
87.947 215 -1723073393
87.973 210 -1723073393
88.000 201 -1723073393
88.027 190 -1723073393
88.053 186 -1723073393
88.080 185 -1723073393
88.107 181 -1723073393
88.133 185 -1723073393
88.160 192 -1723073393
88.187 193 -1723073393
88.213 200 -1723073393
88.240 205 -1723073393
88.267 206 -1723073393
88.293 212 -1723073393
88.320 221 -1723073393
88.347 221 -1723073393
88.373 219 -1723073393
88.400 214 -1723073393
88.427 207 -1723073393
88.453 203 -1723073393
88.480 201 -1723073393
88.507 196 -1723073393
88.533 195 -1723073393
88.560 194 -1723073393
88.587 185 -1723073393
88.613 181 -1723073393
88.640 180 -1723073393
88.667 169 -1723073393
88.693 164 -1723073393
88.720 163 -1723073393
88.747 150 -1723073393
88.773 143 -1723073393
88.800 141 -1723073393
88.827 135 -1723073393
88.853 134 -1723073393
88.880 132 -1723073393
88.907 124 -1723073393
88.933 126 -1723073393
88.960 128 -1723073393
88.987 123 -1723073393
89.013 131 -1723073393
89.040 140 -1723073393
89.067 142 -1723073393
89.093 152 -1723073393
89.120 156 -1723073393
89.147 153 -1723073393
89.173 162 -1723073393
89.200 174 -1723073393
89.227 182 -1723073393
89.253 195 -1723073393
89.280 203 -1723073393
89.307 206 -1723073393
89.333 213 -1723073393
89.360 214 -1723073393
89.387 212 -1723073393
89.413 217 -1723073393
89.440 218 -1723073393
89.467 216 -1723073393
89.493 221 -1723073393
89.520 217 -1723073393
89.547 204 -1723073393
89.573 197 -1723073393
89.600 184 -1723073393
89.627 171 -1723073393
89.653 166 -1723073393
89.680 158 -1723073393
89.707 151 -1723073393
89.733 149 -1723073393
89.760 137 -1723073393
89.787 129 -1723073393
89.813 127 -1723073393
89.840 122 -1723073393
89.867 120 -1723073393
89.893 123 -1723073393
89.920 119 -1723073393
89.947 126 -1723073393
89.973 137 -1723073393
90.000 139 -1723073393
90.027 149 -1723073393
90.053 164 -1723073393
90.080 169 -1723073393
90.107 180 -1723073393
90.133 187 -1723073393
90.160 181 -1723073393
90.187 184 -1723073393
90.213 185 -1723073393
90.240 179 -1723073393
90.267 182 -1723073393
90.293 182 -1723073393
90.320 172 -1723073393
90.347 166 -1723073393
90.373 155 -1723073393
90.400 139 -1723073393
90.427 135 -1723073393
90.453 124 -1723073393
90.480 116 -1723073393
90.507 116 -1723073393
90.533 111 -1723073393
90.560 111 -1723073393
90.587 119 -1723073393
90.613 121 -1723073393
90.640 128 -1723073393
90.667 138 -1723073393
90.693 142 -1723073393
90.720 158 -1723073393
90.747 171 -1723073393
90.773 173 -1723073393
90.800 186 -1723073393
90.827 198 -1723073393
90.853 204 -1723073393
90.880 212 -1723073393
90.907 215 -1723073393
90.933 220 -1723073393
90.960 235 -1723073393
90.987 251 -1723073393
91.013 268 -1723073393
91.040 291 -1723073393
91.067 308 -1723073393
91.093 318 -1723073393
91.120 328 -1723073393
91.147 334 -1723073393
91.173 340 -1723073393
91.200 351 -1723073393
91.227 358 -1723073393
91.253 363 -1723073393
91.280 369 -1723073393
91.307 376 -1723073393
91.333 384 -1723073393
91.360 385 -1723073393
91.387 385 -1723073393
91.413 391 -1723073393
91.440 390 -1723073393
91.467 383 -1723073393
91.493 373 -1723073393
91.520 355 -1723073393
91.547 343 -1723073393
91.573 333 -1723073393
91.600 321 -1723073393
91.627 314 -1723073393
91.653 306 -1723073393
91.680 300 -1723073393
91.707 296 -1723073393
91.733 294 -1723073393
91.760 296 -1723073393
91.787 301 -1723073393
91.813 304 -1723073393
91.840 308 -1723073393
91.867 314 -1723073393
91.893 319 -1723073393
91.920 330 -1723073393
91.947 342 -1723073393
91.973 348 -1723073393
92.000 354 -1723073393
92.027 361 -1723073393
92.053 366 -1723073393
92.080 377 -1723073393
92.107 382 -1723073393
92.133 380 -1723073393
92.160 373 -1723073393
92.187 362 -1723073393
92.213 358 -1723073393
92.240 357 -1723073393
92.267 350 -1723073393
92.293 345 -1723073393
92.320 339 -1723073393
92.347 331 -1723073393
92.373 322 -1723073393
92.400 313 -1723073393
92.427 305 -1723073393
92.453 304 -1723073393
92.480 301 -1723073393
92.507 299 -1723073393
92.533 305 -1723073393
92.560 305 -1723073393
92.587 309 -1723073393
92.613 318 -1723073393
92.640 320 -1723073393
92.667 328 -1723073393
92.693 341 -1723073393
92.720 350 -1723073393
92.747 362 -1723073393
92.773 372 -1723073393
92.800 379 -1723073393
92.827 389 -1723073393
92.853 394 -1723073393
92.880 398 -1723073393
92.907 408 -1723073393
92.933 418 -1723073393
92.960 423 -1723073393
92.987 421 -1723073393
93.013 414 -1723073393
93.040 410 -1723073393
93.067 400 -1723073393
93.093 391 -1723073393
93.120 386 -1723073393
93.147 376 -1723073393
93.173 368 -1723073393
93.200 359 -1723073393
93.227 351 -1723073393
93.253 346 -1723073393
93.280 340 -1723073393
93.307 330 -1723073393
93.333 323 -1723073393
93.360 317 -1723073393
93.387 315 -1723073393
93.413 318 -1723073393
93.440 314 -1723073393
93.467 307 -1723073393
93.493 302 -1723073393
93.520 302 -1723073393
93.547 314 -1723073393
93.573 327 -1723073393
93.600 332 -1723073393
93.627 337 -1723073393
93.653 339 -1723073393
93.680 344 -1723073393
93.707 352 -1723073393
93.733 350 -1723073393
93.760 355 -1723073393
93.787 361 -1723073393
93.813 362 -1723073393
93.840 365 -1723073393
93.867 363 -1723073393
93.893 360 -1723073393
93.920 359 -1723073393
93.947 351 -1723073393
93.973 339 -1723073393
94.000 328 -1723073393
94.027 317 -1723073393
94.053 307 -1723073393
94.080 299 -1723073393
94.107 294 -1723073393
94.133 294 -1723073393
94.160 289 -1723073393
94.187 289 -1723073393
94.213 282 -1723073393
94.240 275 -1723073393
94.267 280 -1723073393
94.293 283 -1723073393
94.320 286 -1723073393
94.347 291 -1723073393
94.373 288 -1723073393
94.400 295 -1723073393
94.427 300 -1723073393
94.453 306 -1723073393
94.480 319 -1723073393
94.507 322 -1723073393
94.533 325 -1723073393
94.560 329 -1723073393
94.587 329 -1723073393
94.613 333 -1723073393
94.640 337 -1723073393
94.667 342 -1723073393
94.693 346 -1723073393
94.720 345 -1723073393
94.747 345 -1723073393
94.773 341 -1723073393
94.800 333 -1723073393
94.827 326 -1723073393
94.853 320 -1723073393
94.880 317 -1723073393
94.907 319 -1723073393
94.933 322 -1723073393
94.960 322 -1723073393
94.987 318 -1723073393
95.013 314 -1723073393
95.040 306 -1723073393
95.067 299 -1723073393
95.093 294 -1723073393
95.120 287 -1723073393
95.147 285 -1723073393
95.173 283 -1723073393
95.200 279 -1723073393
95.227 278 -1723073393
95.253 270 -1723073393
95.280 261 -1723073393
95.307 255 -1723073393
95.333 246 -1723073393
95.360 244 -1723073393
95.387 241 -1723073393
95.413 239 -1723073393
95.440 243 -1723073393
95.467 245 -1723073393
95.493 251 -1723073393
95.520 253 -1723073393
95.547 252 -1723073393
95.573 248 -1723073393
95.600 241 -1723073393
95.627 236 -1723073393
95.653 225 -1723073393
95.680 219 -1723073393
95.707 215 -1723073393
95.733 199 -1723073393
95.760 191 -1723073393
95.787 181 -1723073393
95.813 166 -1723073393
95.840 159 -1723073393
95.867 148 -1723073393
95.893 140 -1723073393
95.920 128 -1723073393
95.947 114 -1723073393
95.973 107 -1723073393
96.000 98 -1723073393
96.027 101 -1723073393
96.053 97 -1723073393
96.080 91 -1723073393
96.107 96 -1723073393
96.133 93 -1723073393
96.160 104 -1723073393
96.187 111 -1723073393
96.213 118 -1723073393
96.240 134 -1723073393
96.267 135 -1723073393
96.293 146 -1723073393
96.320 148 -1723073393
96.347 152 -1723073393
96.373 164 -1723073393
96.400 160 -1723073393
96.427 169 -1723073393
96.453 172 -1723073393
96.480 174 -1723073393
96.507 179 -1723073393
96.533 170 -1723073393
96.560 175 -1723073393
96.587 166 -1723073393
96.613 159 -1723073393
96.640 151 -1723073393
96.667 137 -1723073393
96.693 136 -1723073393
96.720 125 -1723073393
96.747 122 -1723073393
96.773 110 -1723073393
96.800 93 -1723073393
96.827 90 -1723073393
96.853 80 -1723073393
96.880 81 -1723073393
96.907 66 -1723073393
96.933 66 -1723073393
96.960 67 -1723073393
96.987 59 -1723073393
97.013 65 -1723073393
97.040 53 -1723073393
97.067 64 -1723073393
97.093 67 -1723073393
97.120 69 -1723073393
97.147 76 -1723073393
97.173 69 -1723073393
97.200 75 -1723073393
97.227 67 -1723073393
97.253 72 -1723073393
97.280 72 -1723073393
97.307 65 -1723073393
97.333 71 -1723073393
97.360 62 -1723073393
97.387 63 -1723073393
97.413 54 -1723073393
97.440 47 -1723073393
97.467 32 -1723073393
97.493 17 -1723073393
97.520 16 -1723073393
97.547 0 -1723073393
97.573 6 -1723073393
97.600 0 -1723073393
97.627 4 -1723073393
97.653 0 -1723073393
97.680 -7 -1723073393
97.707 2 -1723073393
97.733 -4 -1723073393
97.760 5 -1723073393
97.787 0 -1723073393
97.813 8 -1723073393
97.840 15 -1723073393
97.867 28 -1723073393
97.893 35 -1723073393
97.920 33 -1723073393
97.947 53 -1723073393
97.973 58 -1723073393
98.000 72 -1723073393
98.027 66 -1723073393
98.053 70 -1723073393
98.080 72 -1723073393
98.107 75 -1723073393
98.133 81 -1723073393
98.160 78 -1723073393
98.187 90 -1723073393
98.213 86 -1723073393
98.240 97 -1723073393
98.267 100 -1723073393
98.293 104 -1723073393
98.320 105 -1723073393
98.347 108 -1723073393
98.373 112 -1723073393
98.400 107 -1723073393
98.427 109 -1723073393
98.453 103 -1723073393
98.480 107 -1723073393
98.507 94 -1723073393
98.533 91 -1723073393
98.560 83 -1723073393
98.587 71 -1723073393
98.613 61 -1723073393
98.640 45 -1723073393
98.667 45 -1723073393
98.693 32 -1723073393
98.720 25 -1723073393
98.747 12 -1723073393
98.773 13 -1723073393
98.800 1 -1723073393
98.827 4 -1723073393
98.853 4 -1723073393
98.880 10 -1723073393
98.907 10 -1723073393
98.933 12 -1723073393
98.960 16 -1723073393
98.987 9 -1723073393
99.013 15 -1723073393
99.040 0 -1723073393
99.067 6 -1723073393
99.093 0 -1723073393
99.120 10 -1723073393
99.147 8 -1723073393
99.173 16 -1723073393
99.200 11 -1723073393
99.227 16 -1723073393
99.253 18 -1723073393
99.280 23 -1723073393
99.307 10 -1723073393
99.333 6 -1723073393
99.360 5 -1723073393
99.387 1 -1723073393
99.413 -3 -1723073393
99.440 -16 -1723073393
99.467 -15 -1723073393
99.493 -26 -1723073393
99.520 -22 -1723073393
99.547 -30 -1723073393
99.573 -25 -1723073393
99.600 -31 -1723073393
99.627 -24 -1723073393
99.653 -30 -1723073393
99.680 -22 -1723073393
99.707 -36 -1723073393
99.733 -34 -1723073393
99.760 -43 -1723073393
99.787 -36 -1723073393
99.813 -38 -1723073393
99.840 -19 -1723073393
99.867 -18 -1723073393
99.893 -3 -1723073393
99.920 -12 -1723073393
99.947 3 -1723073393
99.973 -2 -1723073393
100.000 0 -1723073393
