0.000 10 -1723073393
0.027 9 -1723073393
0.053 14 -1723073393
0.080 13 -1723073393
0.107 14 -1723073393
0.133 14 -1723073393
0.160 4 -1723073393
0.187 7 -1723073393
0.213 10 -1723073393
0.240 8 -1723073393
0.267 15 -1723073393
0.293 17 -1723073393
0.320 15 -1723073393
0.347 17 -1723073393
0.373 10 -1723073393
0.400 11 -1723073393
0.427 16 -1723073393
0.453 13 -1723073393
0.480 19 -1723073393
0.507 18 -1723073393
0.533 12 -1723073393
0.560 15 -1723073393
0.587 12 -1723073393
0.613 15 -1723073393
0.640 21 -1723073393
0.667 18 -1723073393
0.693 13 -1723073393
0.720 10 -1723073393
0.747 2 -1723073393
0.773 0 -1723073393
0.800 -1 -1723073393
0.827 -4 -1723073393
0.853 -3 -1723073393
0.880 -6 -1723073393
0.907 -1 -1723073393
0.933 5 -1723073393
0.960 5 -1723073393
0.987 4 -1723073393
1.013 7 -1723073393
1.040 7 -1723073393
1.067 8 -1723073393
1.093 5 -1723073393
1.120 5 -1723073393
1.147 11 -1723073393
1.173 8 -1723073393
1.200 7 -1723073393
1.227 9 -1723073393
1.253 5 -1723073393
1.280 0 -1723073393
1.307 -3 -1723073393
1.333 -10 -1723073393
1.360 -13 -1723073393
1.387 -13 -1723073393
1.413 -9 -1723073393
1.440 -4 -1723073393
1.467 -6 -1723073393
1.493 -5 -1723073393
1.520 0 -1723073393
1.547 -1 -1723073393
1.573 0 -1723073393
1.600 3 -1723073393
1.627 1 -1723073393
1.653 3 -1723073393
1.680 3 -1723073393
1.707 0 -1723073393
1.733 0 -1723073393
1.760 -1 -1723073393
1.787 -5 -1723073393
1.813 -5 -1723073393
1.840 -11 -1723073393
1.867 -18 -1723073393
1.893 -21 -1723073393
1.920 -23 -1723073393
1.947 -16 -1723073393
1.973 -8 -1723073393
2.000 -7 -1723073393
2.027 -3 -1723073393
2.053 -2 -1723073393
2.080 -2 -1723073393
2.107 1 -1723073393
2.133 0 -1723073393
2.160 -6 -1723073393
2.187 -6 -1723073393
2.213 -6 -1723073393
2.240 -8 -1723073393
2.267 -13 -1723073393
2.293 -20 -1723073393
2.320 -21 -1723073393
2.347 -18 -1723073393
2.373 -19 -1723073393
2.400 -19 -1723073393
2.427 -22 -1723073393
2.453 -21 -1723073393
2.480 -18 -1723073393
2.507 -25 -1723073393
2.533 -23 -1723073393
2.560 -20 -1723073393
2.587 -20 -1723073393
2.613 -17 -1723073393
2.640 -17 -1723073393
2.667 -21 -1723073393
2.693 -18 -1723073393
2.720 -16 -1723073393
2.747 -15 -1723073393
2.773 -12 -1723073393
2.800 -14 -1723073393
2.827 -16 -1723073393
2.853 -17 -1723073393
2.880 -21 -1723073393
2.907 -16 -1723073393
2.933 -12 -1723073393
2.960 -14 -1723073393
2.987 -10 -1723073393
3.013 -11 -1723073393
3.040 -18 -1723073393
3.067 -19 -1723073393
3.093 -25 -1723073393
3.120 -30 -1723073393
3.147 -30 -1723073393
3.173 -35 -1723073393
3.200 -31 -1723073393
3.227 -22 -1723073393
3.253 -22 -1723073393
3.280 -18 -1723073393
3.307 -16 -1723073393
3.333 -19 -1723073393
3.360 -18 -1723073393
3.387 -21 -1723073393
3.413 -26 -1723073393
3.440 -27 -1723073393
3.467 -31 -1723073393
3.493 -32 -1723073393
3.520 -30 -1723073393
3.547 -32 -1723073393
3.573 -26 -1723073393
3.600 -17 -1723073393
3.627 -15 -1723073393
3.653 -14 -1723073393
3.680 -18 -1723073393
3.707 -19 -1723073393
3.733 -14 -1723073393
3.760 -15 -1723073393
3.787 -20 -1723073393
3.813 -23 -1723073393
3.840 -29 -1723073393
3.867 -32 -1723073393
3.893 -33 -1723073393
3.920 -32 -1723073393
3.947 -30 -1723073393
3.973 -35 -1723073393
4.000 -38 -1723073393
4.027 -29 -1723073393
4.053 -22 -1723073393
4.080 -18 -1723073393
4.107 -17 -1723073393
4.133 -25 -1723073393
4.160 -30 -1723073393
4.187 -36 -1723073393
4.213 -44 -1723073393
4.240 -41 -1723073393
4.267 -33 -1723073393
4.293 -31 -1723073393
4.320 -27 -1723073393
4.347 -28 -1723073393
4.373 -30 -1723073393
4.400 -29 -1723073393
4.427 -28 -1723073393
4.453 -22 -1723073393
4.480 -19 -1723073393
4.507 -23 -1723073393
4.533 -25 -1723073393
4.560 -27 -1723073393
4.587 -26 -1723073393
4.613 -20 -1723073393
4.640 -17 -1723073393
4.667 -11 -1723073393
4.693 -9 -1723073393
4.720 -14 -1723073393
4.747 -13 -1723073393
4.773 -9 -1723073393
4.800 -7 -1723073393
4.827 0 -1723073393
4.853 -1 -1723073393
4.880 -11 -1723073393
4.907 -15 -1723073393
4.933 -16 -1723073393
4.960 -18 -1723073393
4.987 -21 -1723073393
5.013 -19 -1723073393
5.040 -14 -1723073393
5.067 -17 -1723073393
5.093 -17 -1723073393
5.120 -12 -1723073393
5.147 -10 -1723073393
5.173 -10 -1723073393
5.200 -7 -1723073393
5.227 -4 -1723073393
5.253 -3 -1723073393
5.280 -1 -1723073393
5.307 -4 -1723073393
5.333 -9 -1723073393
5.360 -15 -1723073393
5.387 -19 -1723073393
5.413 -17 -1723073393
5.440 -14 -1723073393
5.467 -10 -1723073393
5.493 -7 -1723073393
5.520 -12 -1723073393
5.547 -16 -1723073393
5.573 -15 -1723073393
5.600 -12 -1723073393
5.627 -9 -1723073393
5.653 -6 -1723073393
5.680 -6 -1723073393
5.707 -10 -1723073393
5.733 -11 -1723073393
5.760 -15 -1723073393
5.787 -19 -1723073393
5.813 -19 -1723073393
5.840 -13 -1723073393
5.867 -7 -1723073393
5.893 -4 -1723073393
5.920 -2 -1723073393
5.947 -3 -1723073393
5.973 -7 -1723073393
6.000 -5 -1723073393
6.027 3 -1723073393
6.053 5 -1723073393
6.080 0 -1723073393
6.107 -2 -1723073393
6.133 -3 -1723073393
6.160 -7 -1723073393
6.187 -7 -1723073393
6.213 -4 -1723073393
6.240 -2 -1723073393
6.267 -1 -1723073393
6.293 0 -1723073393
6.320 2 -1723073393
6.347 1 -1723073393
6.373 3 -1723073393
6.400 11 -1723073393
6.427 12 -1723073393
6.453 11 -1723073393
6.480 13 -1723073393
6.507 7 -1723073393
6.533 3 -1723073393
6.560 4 -1723073393
6.587 4 -1723073393
6.613 8 -1723073393
6.640 10 -1723073393
6.667 4 -1723073393
6.693 0 -1723073393
6.720 -3 -1723073393
6.747 -5 -1723073393
6.773 -4 -1723073393
6.800 -6 -1723073393
6.827 -10 -1723073393
6.853 -6 -1723073393
6.880 -6 -1723073393
6.907 -10 -1723073393
6.933 -13 -1723073393
6.960 -21 -1723073393
6.987 -22 -1723073393
7.013 -17 -1723073393
7.040 -15 -1723073393
7.067 -14 -1723073393
7.093 -14 -1723073393
7.120 -18 -1723073393
7.147 -18 -1723073393
7.173 -17 -1723073393
7.200 -16 -1723073393
7.227 -13 -1723073393
7.253 -13 -1723073393
7.280 -11 -1723073393
7.307 -8 -1723073393
7.333 -10 -1723073393
7.360 -3 -1723073393
7.387 0 -1723073393
7.413 -4 -1723073393
7.440 -6 -1723073393
7.467 -9 -1723073393
7.493 -13 -1723073393
7.520 -14 -1723073393
7.547 -18 -1723073393
7.573 -23 -1723073393
7.600 -23 -1723073393
7.627 -20 -1723073393
7.653 -16 -1723073393
7.680 -11 -1723073393
7.707 -18 -1723073393
7.733 -24 -1723073393
7.760 -26 -1723073393
7.787 -25 -1723073393
7.813 -24 -1723073393
7.840 -20 -1723073393
7.867 -14 -1723073393
7.893 -11 -1723073393
7.920 -17 -1723073393
7.947 -22 -1723073393
7.973 -23 -1723073393
8.000 -31 -1723073393
8.027 -34 -1723073393
8.053 -28 -1723073393
8.080 -26 -1723073393
8.107 -23 -1723073393
8.133 -22 -1723073393
8.160 -25 -1723073393
8.187 -25 -1723073393
8.213 -24 -1723073393
8.240 -27 -1723073393
8.267 -27 -1723073393
8.293 -24 -1723073393
8.320 -18 -1723073393
8.347 -14 -1723073393
8.373 -15 -1723073393
8.400 -14 -1723073393
8.427 -12 -1723073393
8.453 -17 -1723073393
8.480 -15 -1723073393
8.507 -13 -1723073393
8.533 -16 -1723073393
8.560 -14 -1723073393
8.587 -18 -1723073393
8.613 -23 -1723073393
8.640 -19 -1723073393
8.667 -12 -1723073393
8.693 -9 -1723073393
8.720 -7 -1723073393
8.747 -9 -1723073393
8.773 -13 -1723073393
8.800 -10 -1723073393
8.827 -7 -1723073393
8.853 -1 -1723073393
8.880 1 -1723073393
8.907 -4 -1723073393
8.933 -5 -1723073393
8.960 -6 -1723073393
8.987 -13 -1723073393
9.013 -14 -1723073393
9.040 -13 -1723073393
9.067 -13 -1723073393
9.093 -10 -1723073393
9.120 -14 -1723073393
9.147 -20 -1723073393
9.173 -21 -1723073393
9.200 -26 -1723073393
9.227 -30 -1723073393
9.253 -30 -1723073393
9.280 -28 -1723073393
9.307 -24 -1723073393
9.333 -21 -1723073393
9.360 -23 -1723073393
9.387 -21 -1723073393
9.413 -24 -1723073393
9.440 -27 -1723073393
9.467 -23 -1723073393
9.493 -25 -1723073393
9.520 -27 -1723073393
9.547 -25 -1723073393
9.573 -31 -1723073393
9.600 -31 -1723073393
9.627 -29 -1723073393
9.653 -33 -1723073393
9.680 -28 -1723073393
9.707 -22 -1723073393
9.733 -24 -1723073393
9.760 -25 -1723073393
9.787 -30 -1723073393
9.813 -36 -1723073393
9.840 -33 -1723073393
9.867 -36 -1723073393
9.893 -36 -1723073393
9.920 -33 -1723073393
9.947 -38 -1723073393
9.973 -41 -1723073393
10.000 -40 -1723073393
10.027 -42 -1723073393
10.053 -41 -1723073393
10.080 -42 -1723073393
10.107 -43 -1723073393
10.133 -36 -1723073393
10.160 -29 -1723073393
10.187 -25 -1723073393
10.213 -18 -1723073393
10.240 -14 -1723073393
10.267 -13 -1723073393
10.293 -12 -1723073393
10.320 -10 -1723073393
10.347 1 -1723073393
10.373 17 -1723073393
10.400 34 -1723073393
10.427 53 -1723073393
10.453 77 -1723073393
10.480 96 -1723073393
10.507 113 -1723073393
10.533 133 -1723073393
10.560 147 -1723073393
10.587 160 -1723073393
10.613 175 -1723073393
10.640 183 -1723073393
10.667 191 -1723073393
10.693 198 -1723073393
10.720 198 -1723073393
10.747 195 -1723073393
10.773 184 -1723073393
10.800 169 -1723073393
10.827 159 -1723073393
10.853 145 -1723073393
10.880 131 -1723073393
10.907 120 -1723073393
10.933 102 -1723073393
10.960 83 -1723073393
10.987 58 -1723073393
11.013 30 -1723073393
11.040 9 -1723073393
11.067 -10 -1723073393
11.093 -29 -1723073393
11.120 -43 -1723073393
11.147 -57 -1723073393
11.173 -68 -1723073393
11.200 -74 -1723073393
11.227 -81 -1723073393
11.253 -85 -1723073393
11.280 -86 -1723073393
11.307 -89 -1723073393
11.333 -92 -1723073393
11.360 -95 -1723073393
11.387 -101 -1723073393
11.413 -106 -1723073393
11.440 -113 -1723073393
11.467 -120 -1723073393
11.493 -124 -1723073393
11.520 -125 -1723073393
11.547 -124 -1723073393
11.573 -118 -1723073393
11.600 -110 -1723073393
11.627 -98 -1723073393
11.653 -86 -1723073393
11.680 -75 -1723073393
11.707 -64 -1723073393
11.733 -51 -1723073393
11.760 -41 -1723073393
11.787 -29 -1723073393
11.813 -9 -1723073393
11.840 11 -1723073393
11.867 32 -1723073393
11.893 54 -1723073393
11.920 68 -1723073393
11.947 74 -1723073393
11.973 79 -1723073393
12.000 82 -1723073393
12.027 84 -1723073393
12.053 77 -1723073393
12.080 67 -1723073393
12.107 63 -1723073393
12.133 62 -1723073393
12.160 61 -1723073393
12.187 65 -1723073393
12.213 63 -1723073393
12.240 63 -1723073393
12.267 70 -1723073393
12.293 72 -1723073393
12.320 73 -1723073393
12.347 82 -1723073393
12.373 96 -1723073393
12.400 111 -1723073393
12.427 129 -1723073393
12.453 146 -1723073393
12.480 167 -1723073393
12.507 191 -1723073393
12.533 210 -1723073393
12.560 232 -1723073393
12.587 252 -1723073393
12.613 262 -1723073393
12.640 270 -1723073393
12.667 272 -1723073393
12.693 267 -1723073393
12.720 257 -1723073393
12.747 238 -1723073393
12.773 220 -1723073393
12.800 200 -1723073393
12.827 169 -1723073393
12.853 133 -1723073393
12.880 102 -1723073393
12.907 68 -1723073393
12.933 39 -1723073393
12.960 9 -1723073393
12.987 -26 -1723073393
13.013 -57 -1723073393
13.040 -82 -1723073393
13.067 -107 -1723073393
13.093 -124 -1723073393
13.120 -136 -1723073393
13.147 -150 -1723073393
13.173 -153 -1723073393
13.200 -156 -1723073393
13.227 -165 -1723073393
13.253 -161 -1723073393
13.280 -157 -1723073393
13.307 -154 -1723073393
13.333 -145 -1723073393
13.360 -145 -1723073393
13.387 -148 -1723073393
13.413 -140 -1723073393
13.440 -143 -1723073393
13.467 -146 -1723073393
13.493 -143 -1723073393
13.520 -148 -1723073393
13.547 -144 -1723073393
13.573 -132 -1723073393
13.600 -131 -1723073393
13.627 -127 -1723073393
13.653 -118 -1723073393
13.680 -117 -1723073393
13.707 -105 -1723073393
13.733 -85 -1723073393
13.760 -68 -1723073393
13.787 -42 -1723073393
13.813 -17 -1723073393
13.840 0 -1723073393
13.867 22 -1723073393
13.893 44 -1723073393
13.920 62 -1723073393
13.947 82 -1723073393
13.973 90 -1723073393
14.000 90 -1723073393
14.027 86 -1723073393
14.053 74 -1723073393
14.080 61 -1723073393
14.107 43 -1723073393
14.133 12 -1723073393
14.160 -19 -1723073393
14.187 -54 -1723073393
14.213 -94 -1723073393
14.240 -126 -1723073393
14.267 -159 -1723073393
14.293 -196 -1723073393
14.320 -223 -1723073393
14.347 -256 -1723073393
14.373 -290 -1723073393
14.400 -310 -1723073393
14.427 -333 -1723073393
14.453 -352 -1723073393
14.480 -355 -1723073393
14.507 -371 -1723073393
14.533 -381 -1723073393
14.560 -381 -1723073393
14.587 -395 -1723073393
14.613 -401 -1723073393
14.640 -401 -1723073393
14.667 -413 -1723073393
14.693 -412 -1723073393
14.720 -415 -1723073393
14.747 -428 -1723073393
14.773 -426 -1723073393
14.800 -427 -1723073393
14.827 -440 -1723073393
14.853 -441 -1723073393
14.880 -454 -1723073393
14.907 -471 -1723073393
14.933 -472 -1723073393
14.960 -484 -1723073393
14.987 -496 -1723073393
15.013 -489 -1723073393
15.040 -493 -1723073393
15.067 -489 -1723073393
15.093 -473 -1723073393
15.120 -473 -1723073393
15.147 -466 -1723073393
15.173 -455 -1723073393
15.200 -459 -1723073393
15.227 -450 -1723073393
15.253 -438 -1723073393
15.280 -436 -1723073393
15.307 -422 -1723073393
15.333 -412 -1723073393
15.360 -411 -1723073393
15.387 -399 -1723073393
15.413 -400 -1723073393
15.440 -409 -1723073393
15.467 -407 -1723073393
15.493 -420 -1723073393
15.520 -441 -1723073393
15.547 -460 -1723073393
15.573 -498 -1723073393
15.600 -526 -1723073393
15.627 -545 -1723073393
15.653 -587 -1723073393
15.680 -618 -1723073393
15.707 -646 -1723073393
15.733 -693 -1723073393
15.760 -726 -1723073393
15.787 -754 -1723073393
15.813 -797 -1723073393
15.840 -826 -1723073393
15.867 -861 -1723073393
15.893 -907 -1723073393
15.920 -937 -1723073393
15.947 -980 -1723073393
15.973 -1030 -1723073393
16.000 -1052 -1723073393
16.027 -1093 -1723073393
16.053 -1139 -1723073393
16.080 -1159 -1723073393
16.107 -1203 -1723073393
16.133 -1240 -1723073393
16.160 -1249 -1723073393
16.187 -1279 -1723073393
16.213 -1284 -1723073393
16.240 -1257 -1723073393
16.267 -1251 -1723073393
16.293 -1205 -1723073393
16.320 -1116 -1723073393
16.347 -1031 -1723073393
16.373 -882 -1723073393
16.400 -686 -1723073393
16.427 -467 -1723073393
16.453 -151 -1723073393
16.480 210 -1723073393
16.507 620 -1723073393
16.533 1130 -1723073393
16.560 1685 -1723073393
16.587 2299 -1723073393
16.613 2965 -1723073393
16.640 3651 -1723073393
16.667 4365 -1723073393
16.693 5069 -1723073393
16.720 5784 -1723073393
16.747 6426 -1723073393
16.773 6939 -1723073393
16.800 7434 -1723073393
16.827 7763 -1723073393
16.853 7878 -1723073393
16.880 7974 -1723073393
16.907 7815 -1723073393
16.933 7456 -1723073393
16.960 7117 -1723073393
16.987 6502 -1723073393
17.013 5788 -1723073393
17.040 5141 -1723073393
17.067 4268 -1723073393
17.093 3401 -1723073393
17.120 2621 -1723073393
17.147 1707 -1723073393
17.173 879 -1723073393
17.200 122 -1723073393
17.227 -687 -1723073393
17.253 -1415 -1723073393
17.280 -2059 -1723073393
17.307 -2668 -1723073393
17.333 -3213 -1723073393
17.360 -3678 -1723073393
17.387 -4063 -1723073393
17.413 -4414 -1723073393
17.440 -4657 -1723073393
17.467 -4805 -1723073393
17.493 -4973 -1723073393
17.520 -5014 -1723073393
17.547 -4984 -1723073393
17.573 -5008 -1723073393
17.600 -4892 -1723073393
17.627 -4752 -1723073393
17.653 -4675 -1723073393
17.680 -4449 -1723073393
17.707 -4249 -1723073393
17.733 -4097 -1723073393
17.760 -3817 -1723073393
17.787 -3590 -1723073393
17.813 -3391 -1723073393
17.840 -3080 -1723073393
17.867 -2838 -1723073393
17.893 -2593 -1723073393
17.920 -2258 -1723073393
17.947 -2004 -1723073393
17.973 -1732 -1723073393
18.000 -1412 -1723073393
18.027 -1170 -1723073393
18.053 -920 -1723073393
18.080 -667 -1723073393
18.107 -484 -1723073393
18.133 -302 -1723073393
18.160 -140 -1723073393
18.187 -21 -1723073393
18.213 107 -1723073393
18.240 234 -1723073393
18.267 371 -1723073393
18.293 549 -1723073393
18.320 778 -1723073393
18.347 1073 -1723073393
18.373 1455 -1723073393
18.400 1938 -1723073393
18.427 2542 -1723073393
18.453 3281 -1723073393
18.480 4140 -1723073393
18.507 5123 -1723073393
18.533 6209 -1723073393
18.560 7422 -1723073393
18.587 8728 -1723073393
18.613 10018 -1723073393
18.640 11379 -1723073393
18.667 12674 -1723073393
18.693 13821 -1723073393
18.720 15011 -1723073393
18.747 15890 -1723073393
18.773 16484 -1723073393
18.800 17073 -1723073393
18.827 17185 -1723073393
18.853 16972 -1723073393
18.880 16781 -1723073393
18.907 16016 -1723073393
18.933 15057 -1723073393
18.960 14157 -1723073393
18.987 12709 -1723073393
19.013 11285 -1723073393
19.040 9966 -1723073393
19.067 8259 -1723073393
19.093 6723 -1723073393
19.120 5307 -1723073393
19.147 3700 -1723073393
19.173 2359 -1723073393
19.200 1136 -1723073393
19.227 -132 -1723073393
19.253 -1203 -1723073393
19.280 -2149 -1723073393
19.307 -3042 -1723073393
19.333 -3809 -1723073393
19.360 -4476 -1723073393
19.387 -5071 -1723073393
19.413 -5614 -1723073393
19.440 -6037 -1723073393
19.467 -6388 -1723073393
19.493 -6759 -1723073393
19.520 -7001 -1723073393
19.547 -7181 -1723073393
19.573 -7412 -1723073393
19.600 -7495 -1723073393
19.627 -7561 -1723073393
19.653 -7700 -1723073393
19.680 -7663 -1723073393
19.707 -7654 -1723073393
19.733 -7700 -1723073393
19.760 -7570 -1723073393
19.787 -7485 -1723073393
19.813 -7423 -1723073393
19.840 -7186 -1723073393
19.867 -7026 -1723073393
19.893 -6846 -1723073393
19.920 -6494 -1723073393
19.947 -6256 -1723073393
19.973 -5969 -1723073393
20.000 -5549 -1723073393
20.027 -5256 -1723073393
20.053 -4910 -1723073393
20.080 -4495 -1723073393
20.107 -4232 -1723073393
20.133 -3930 -1723073393
20.160 -3613 -1723073393
20.187 -3450 -1723073393
20.213 -3281 -1723073393
20.240 -3161 -1723073393
20.267 -3181 -1723073393
20.293 -3205 -1723073393
20.320 -3297 -1723073393
20.347 -3516 -1723073393
20.373 -3735 -1723073393
20.400 -4017 -1723073393
20.427 -4375 -1723073393
20.453 -4705 -1723073393
20.480 -5073 -1723073393
20.507 -5460 -1723073393
20.533 -5769 -1723073393
20.560 -6109 -1723073393
20.587 -6440 -1723073393
20.613 -6638 -1723073393
20.640 -6869 -1723073393
20.667 -7052 -1723073393
20.693 -7091 -1723073393
20.720 -7175 -1723073393
20.747 -7171 -1723073393
20.773 -7026 -1723073393
20.800 -6952 -1723073393
20.827 -6771 -1723073393
20.853 -6462 -1723073393
20.880 -6267 -1723073393
20.907 -5958 -1723073393
20.933 -5566 -1723073393
20.960 -5277 -1723073393
20.987 -4875 -1723073393
21.013 -4428 -1723073393
21.040 -4077 -1723073393
21.067 -3623 -1723073393
21.093 -3159 -1723073393
21.120 -2773 -1723073393
21.147 -2305 -1723073393
21.173 -1866 -1723073393
21.200 -1494 -1723073393
21.227 -1072 -1723073393
21.253 -675 -1723073393
21.280 -334 -1723073393
21.307 23 -1723073393
21.333 340 -1723073393
21.360 621 -1723073393
21.387 905 -1723073393
21.413 1149 -1723073393
21.440 1358 -1723073393
21.467 1546 -1723073393
21.493 1716 -1723073393
21.520 1864 -1723073393
21.547 1983 -1723073393
21.573 2094 -1723073393
21.600 2175 -1723073393
21.627 2215 -1723073393
21.653 2262 -1723073393
21.680 2279 -1723073393
21.707 2272 -1723073393
21.733 2293 -1723073393
21.760 2290 -1723073393
21.787 2264 -1723073393
21.813 2270 -1723073393
21.840 2248 -1723073393
21.867 2210 -1723073393
21.893 2199 -1723073393
21.920 2145 -1723073393
21.947 2074 -1723073393
21.973 2021 -1723073393
22.000 1923 -1723073393
22.027 1812 -1723073393
22.053 1713 -1723073393
22.080 1570 -1723073393
22.107 1430 -1723073393
22.133 1311 -1723073393
22.160 1171 -1723073393
22.187 1051 -1723073393
22.213 969 -1723073393
22.240 889 -1723073393
22.267 847 -1723073393
22.293 846 -1723073393
22.320 860 -1723073393
22.347 911 -1723073393
22.373 995 -1723073393
22.400 1099 -1723073393
22.427 1237 -1723073393
22.453 1400 -1723073393
22.480 1570 -1723073393
22.507 1763 -1723073393
22.533 1966 -1723073393
22.560 2161 -1723073393
22.587 2365 -1723073393
22.613 2546 -1723073393
22.640 2691 -1723073393
22.667 2831 -1723073393
22.693 2926 -1723073393
22.720 2979 -1723073393
22.747 3034 -1723073393
22.773 3029 -1723073393
22.800 2976 -1723073393
22.827 2930 -1723073393
22.853 2827 -1723073393
22.880 2695 -1723073393
22.907 2591 -1723073393
22.933 2446 -1723073393
22.960 2292 -1723073393
22.987 2175 -1723073393
23.013 2032 -1723073393
23.040 1897 -1723073393
23.067 1794 -1723073393
23.093 1669 -1723073393
23.120 1547 -1723073393
23.147 1456 -1723073393
23.173 1348 -1723073393
23.200 1254 -1723073393
23.227 1181 -1723073393
23.253 1099 -1723073393
23.280 1027 -1723073393
23.307 966 -1723073393
23.333 897 -1723073393
23.360 837 -1723073393
23.387 782 -1723073393
23.413 720 -1723073393
23.440 667 -1723073393
23.467 620 -1723073393
23.493 569 -1723073393
23.520 521 -1723073393
23.547 476 -1723073393
23.573 429 -1723073393
23.600 386 -1723073393
23.627 343 -1723073393
23.653 300 -1723073393
23.680 264 -1723073393
23.707 230 -1723073393
23.733 198 -1723073393
23.760 170 -1723073393
23.787 148 -1723073393
23.813 131 -1723073393
23.840 120 -1723073393
23.867 118 -1723073393
23.893 114 -1723073393
23.920 108 -1723073393
23.947 105 -1723073393
23.973 101 -1723073393
24.000 100 -1723073393
24.027 115 -1723073393
24.053 134 -1723073393
24.080 154 -1723073393
24.107 191 -1723073393
24.133 232 -1723073393
24.160 277 -1723073393
24.187 328 -1723073393
24.213 371 -1723073393
24.240 405 -1723073393
24.267 441 -1723073393
24.293 469 -1723073393
24.320 489 -1723073393
24.347 499 -1723073393
24.373 496 -1723073393
24.400 482 -1723073393
24.427 451 -1723073393
24.453 410 -1723073393
24.480 372 -1723073393
24.507 331 -1723073393
24.533 286 -1723073393
24.560 251 -1723073393
24.587 219 -1723073393
24.613 196 -1723073393
24.640 185 -1723073393
24.667 175 -1723073393
24.693 175 -1723073393
24.720 192 -1723073393
24.747 216 -1723073393
24.773 247 -1723073393
24.800 287 -1723073393
24.827 328 -1723073393
24.853 367 -1723073393
24.880 401 -1723073393
24.907 425 -1723073393
24.933 439 -1723073393
24.960 442 -1723073393
24.987 430 -1723073393
25.013 409 -1723073393
25.040 377 -1723073393
25.067 331 -1723073393
25.093 279 -1723073393
25.120 224 -1723073393
25.147 171 -1723073393
25.173 130 -1723073393
25.200 99 -1723073393
25.227 77 -1723073393
25.253 63 -1723073393
25.280 59 -1723073393
25.307 67 -1723073393
25.333 84 -1723073393
25.360 118 -1723073393
25.387 160 -1723073393
25.413 193 -1723073393
25.440 224 -1723073393
25.467 261 -1723073393
25.493 289 -1723073393
25.520 307 -1723073393
25.547 318 -1723073393
25.573 317 -1723073393
25.600 307 -1723073393
25.627 291 -1723073393
25.653 265 -1723073393
25.680 232 -1723073393
25.707 189 -1723073393
25.733 139 -1723073393
25.760 85 -1723073393
25.787 27 -1723073393
25.813 -36 -1723073393
25.840 -99 -1723073393
25.867 -154 -1723073393
25.893 -207 -1723073393
25.920 -252 -1723073393
25.947 -281 -1723073393
25.973 -298 -1723073393
26.000 -303 -1723073393
26.027 -291 -1723073393
26.053 -269 -1723073393
26.080 -228 -1723073393
26.107 -180 -1723073393
26.133 -128 -1723073393
26.160 -59 -1723073393
26.187 15 -1723073393
26.213 77 -1723073393
26.240 140 -1723073393
26.267 198 -1723073393
26.293 240 -1723073393
26.320 279 -1723073393
26.347 313 -1723073393
26.373 335 -1723073393
26.400 346 -1723073393
26.427 347 -1723073393
26.453 341 -1723073393
26.480 330 -1723073393
26.507 320 -1723073393
26.533 310 -1723073393
26.560 294 -1723073393
26.587 275 -1723073393
26.613 257 -1723073393
26.640 235 -1723073393
26.667 211 -1723073393
26.693 188 -1723073393
26.720 168 -1723073393
26.747 149 -1723073393
26.773 133 -1723073393
26.800 119 -1723073393
26.827 96 -1723073393
26.853 62 -1723073393
26.880 33 -1723073393
26.907 3 -1723073393
26.933 -35 -1723073393
26.960 -63 -1723073393
26.987 -89 -1723073393
27.013 -123 -1723073393
27.040 -156 -1723073393
27.067 -184 -1723073393
27.093 -205 -1723073393
27.120 -215 -1723073393
27.147 -228 -1723073393
27.173 -242 -1723073393
27.200 -244 -1723073393
27.227 -246 -1723073393
27.253 -246 -1723073393
27.280 -233 -1723073393
27.307 -221 -1723073393
27.333 -216 -1723073393
27.360 -202 -1723073393
27.387 -185 -1723073393
27.413 -170 -1723073393
27.440 -148 -1723073393
27.467 -131 -1723073393
27.493 -123 -1723073393
27.520 -110 -1723073393
27.547 -100 -1723073393
27.573 -96 -1723073393
27.600 -94 -1723073393
27.627 -98 -1723073393
27.653 -108 -1723073393
27.680 -115 -1723073393
27.707 -126 -1723073393
27.733 -139 -1723073393
27.760 -144 -1723073393
27.787 -149 -1723073393
27.813 -153 -1723073393
27.840 -152 -1723073393
27.867 -154 -1723073393
27.893 -155 -1723073393
27.920 -144 -1723073393
27.947 -134 -1723073393
27.973 -129 -1723073393
28.000 -112 -1723073393
28.027 -93 -1723073393
28.053 -78 -1723073393
28.080 -55 -1723073393
28.107 -28 -1723073393
28.133 0 -1723073393
28.160 33 -1723073393
28.187 72 -1723073393
28.213 106 -1723073393
28.240 141 -1723073393
28.267 178 -1723073393
28.293 212 -1723073393
28.320 245 -1723073393
28.347 277 -1723073393
28.373 306 -1723073393
28.400 340 -1723073393
28.427 367 -1723073393
28.453 376 -1723073393
28.480 375 -1723073393
28.507 371 -1723073393
28.533 356 -1723073393
28.560 329 -1723073393
28.587 298 -1723073393
28.613 263 -1723073393
28.640 224 -1723073393
28.667 188 -1723073393
28.693 149 -1723073393
28.720 110 -1723073393
28.747 76 -1723073393
28.773 39 -1723073393
28.800 8 -1723073393
28.827 -17 -1723073393
28.853 -43 -1723073393
28.880 -58 -1723073393
28.907 -66 -1723073393
28.933 -68 -1723073393
28.960 -61 -1723073393
28.987 -45 -1723073393
29.013 -27 -1723073393
29.040 2 -1723073393
29.067 44 -1723073393
29.093 85 -1723073393
29.120 126 -1723073393
29.147 161 -1723073393
29.173 182 -1723073393
29.200 195 -1723073393
29.227 205 -1723073393
29.253 210 -1723073393
29.280 203 -1723073393
29.307 184 -1723073393
29.333 157 -1723073393
29.360 125 -1723073393
29.387 89 -1723073393
29.413 52 -1723073393
29.440 14 -1723073393
29.467 -23 -1723073393
29.493 -57 -1723073393
29.520 -86 -1723073393
29.547 -110 -1723073393
29.573 -129 -1723073393
29.600 -141 -1723073393
29.627 -148 -1723073393
29.653 -151 -1723073393
29.680 -144 -1723073393
29.707 -133 -1723073393
29.733 -117 -1723073393
29.760 -90 -1723073393
29.787 -57 -1723073393
29.813 -21 -1723073393
29.840 18 -1723073393
29.867 52 -1723073393
29.893 84 -1723073393
29.920 120 -1723073393
29.947 151 -1723073393
29.973 170 -1723073393
30.000 183 -1723073393
30.027 194 -1723073393
30.053 208 -1723073393
30.080 224 -1723073393
30.107 235 -1723073393
30.133 243 -1723073393
30.160 255 -1723073393
30.187 271 -1723073393
30.213 291 -1723073393
30.240 309 -1723073393
30.267 325 -1723073393
30.293 344 -1723073393
30.320 359 -1723073393
30.347 369 -1723073393
30.373 381 -1723073393
30.400 384 -1723073393
30.427 373 -1723073393
30.453 359 -1723073393
30.480 332 -1723073393
30.507 295 -1723073393
30.533 255 -1723073393
30.560 210 -1723073393
30.587 154 -1723073393
30.613 101 -1723073393
30.640 51 -1723073393
30.667 -1 -1723073393
30.693 -48 -1723073393
30.720 -89 -1723073393
30.747 -124 -1723073393
30.773 -149 -1723073393
30.800 -159 -1723073393
30.827 -163 -1723073393
30.853 -164 -1723073393
30.880 -152 -1723073393
30.907 -127 -1723073393
30.933 -96 -1723073393
30.960 -54 -1723073393
30.987 -6 -1723073393
31.013 37 -1723073393
31.040 77 -1723073393
31.067 116 -1723073393
31.093 151 -1723073393
31.120 176 -1723073393
31.147 185 -1723073393
31.173 185 -1723073393
31.200 174 -1723073393
31.227 154 -1723073393
31.253 124 -1723073393
31.280 83 -1723073393
31.307 36 -1723073393
31.333 -8 -1723073393
31.360 -55 -1723073393
31.387 -98 -1723073393
31.413 -134 -1723073393
31.440 -163 -1723073393
31.467 -180 -1723073393
31.493 -187 -1723073393
31.520 -191 -1723073393
31.547 -185 -1723073393
31.573 -168 -1723073393
31.600 -148 -1723073393
31.627 -115 -1723073393
31.653 -81 -1723073393
31.680 -54 -1723073393
31.707 -22 -1723073393
31.733 15 -1723073393
31.760 56 -1723073393
31.787 104 -1723073393
31.813 152 -1723073393
31.840 194 -1723073393
31.867 236 -1723073393
31.893 270 -1723073393
31.920 299 -1723073393
31.947 324 -1723073393
31.973 349 -1723073393
32.000 363 -1723073393
32.027 367 -1723073393
32.053 365 -1723073393
32.080 354 -1723073393
32.107 339 -1723073393
32.133 323 -1723073393
32.160 299 -1723073393
32.187 265 -1723073393
32.213 229 -1723073393
32.240 187 -1723073393
32.267 138 -1723073393
32.293 97 -1723073393
32.320 62 -1723073393
32.347 19 -1723073393
32.373 -21 -1723073393
32.400 -60 -1723073393
32.427 -95 -1723073393
32.453 -130 -1723073393
32.480 -158 -1723073393
32.507 -170 -1723073393
32.533 -164 -1723073393
32.560 -151 -1723073393
32.587 -127 -1723073393
32.613 -91 -1723073393
32.640 -51 -1723073393
32.667 -4 -1723073393
32.693 46 -1723073393
32.720 100 -1723073393
32.747 155 -1723073393
32.773 209 -1723073393
32.800 259 -1723073393
32.827 296 -1723073393
32.853 317 -1723073393
32.880 320 -1723073393
32.907 306 -1723073393
32.933 279 -1723073393
32.960 238 -1723073393
32.987 183 -1723073393
33.013 120 -1723073393
33.040 53 -1723073393
33.067 -17 -1723073393
33.093 -89 -1723073393
33.120 -156 -1723073393
33.147 -211 -1723073393
33.173 -253 -1723073393
33.200 -283 -1723073393
33.227 -299 -1723073393
33.253 -300 -1723073393
33.280 -288 -1723073393
33.307 -265 -1723073393
33.333 -222 -1723073393
33.360 -173 -1723073393
33.387 -119 -1723073393
33.413 -51 -1723073393
33.440 13 -1723073393
33.467 70 -1723073393
33.493 128 -1723073393
33.520 183 -1723073393
33.547 229 -1723073393
33.573 276 -1723073393
33.600 324 -1723073393
33.627 360 -1723073393
33.653 389 -1723073393
33.680 417 -1723073393
33.707 437 -1723073393
33.733 445 -1723073393
33.760 451 -1723073393
33.787 454 -1723073393
33.813 449 -1723073393
33.840 444 -1723073393
33.867 447 -1723073393
33.893 449 -1723073393
33.920 452 -1723073393
33.947 455 -1723073393
33.973 450 -1723073393
34.000 438 -1723073393
34.027 422 -1723073393
34.053 393 -1723073393
34.080 353 -1723073393
34.107 314 -1723073393
34.133 266 -1723073393
34.160 210 -1723073393
34.187 158 -1723073393
34.213 107 -1723073393
34.240 55 -1723073393
34.267 8 -1723073393
34.293 -32 -1723073393
34.320 -62 -1723073393
34.347 -77 -1723073393
34.373 -70 -1723073393
34.400 -42 -1723073393
34.427 -6 -1723073393
34.453 40 -1723073393
34.480 103 -1723073393
34.507 168 -1723073393
34.533 233 -1723073393
34.560 300 -1723073393
34.587 362 -1723073393
34.613 410 -1723073393
34.640 444 -1723073393
34.667 463 -1723073393
34.693 461 -1723073393
34.720 435 -1723073393
34.747 392 -1723073393
34.773 337 -1723073393
34.800 268 -1723073393
34.827 192 -1723073393
34.853 109 -1723073393
34.880 21 -1723073393
34.907 -64 -1723073393
34.933 -144 -1723073393
34.960 -207 -1723073393
34.987 -255 -1723073393
35.013 -292 -1723073393
35.040 -308 -1723073393
35.067 -301 -1723073393
35.093 -280 -1723073393
35.120 -236 -1723073393
35.147 -176 -1723073393
35.173 -119 -1723073393
35.200 -47 -1723073393
35.227 38 -1723073393
35.253 112 -1723073393
35.280 180 -1723073393
35.307 252 -1723073393
35.333 318 -1723073393
35.360 375 -1723073393
35.387 427 -1723073393
35.413 467 -1723073393
35.440 494 -1723073393
35.467 514 -1723073393
35.493 532 -1723073393
35.520 538 -1723073393
35.547 536 -1723073393
35.573 533 -1723073393
35.600 522 -1723073393
35.627 502 -1723073393
35.653 480 -1723073393
35.680 450 -1723073393
35.707 412 -1723073393
35.733 376 -1723073393
35.760 338 -1723073393
35.787 291 -1723073393
35.813 245 -1723073393
35.840 198 -1723073393
35.867 149 -1723073393
35.893 104 -1723073393
35.920 57 -1723073393
35.947 17 -1723073393
35.973 -13 -1723073393
36.000 -42 -1723073393
36.027 -61 -1723073393
36.053 -67 -1723073393
36.080 -66 -1723073393
36.107 -49 -1723073393
36.133 -16 -1723073393
36.160 15 -1723073393
36.187 58 -1723073393
36.213 109 -1723073393
36.240 157 -1723073393
36.267 208 -1723073393
36.293 261 -1723073393
36.320 306 -1723073393
36.347 344 -1723073393
36.373 376 -1723073393
36.400 397 -1723073393
36.427 403 -1723073393
36.453 402 -1723073393
36.480 390 -1723073393
36.507 363 -1723073393
36.533 325 -1723073393
36.560 279 -1723073393
36.587 227 -1723073393
36.613 172 -1723073393
36.640 120 -1723073393
36.667 73 -1723073393
36.693 33 -1723073393
36.720 -1 -1723073393
36.747 -28 -1723073393
36.773 -43 -1723073393
36.800 -51 -1723073393
36.827 -51 -1723073393
36.853 -35 -1723073393
36.880 -11 -1723073393
36.907 19 -1723073393
36.933 58 -1723073393
36.960 102 -1723073393
36.987 141 -1723073393
37.013 184 -1723073393
37.040 233 -1723073393
37.067 278 -1723073393
37.093 319 -1723073393
37.120 351 -1723073393
37.147 376 -1723073393
37.173 393 -1723073393
37.200 406 -1723073393
37.227 414 -1723073393
37.253 411 -1723073393
37.280 403 -1723073393
37.307 397 -1723073393
37.333 392 -1723073393
37.360 385 -1723073393
37.387 378 -1723073393
37.413 369 -1723073393
37.440 359 -1723073393
37.467 353 -1723073393
37.493 352 -1723073393
37.520 349 -1723073393
37.547 345 -1723073393
37.573 339 -1723073393
37.600 330 -1723073393
37.627 323 -1723073393
37.653 315 -1723073393
37.680 303 -1723073393
37.707 291 -1723073393
37.733 279 -1723073393
37.760 264 -1723073393
37.787 248 -1723073393
37.813 237 -1723073393
37.840 221 -1723073393
37.867 201 -1723073393
37.893 183 -1723073393
37.920 172 -1723073393
37.947 169 -1723073393
37.973 171 -1723073393
38.000 177 -1723073393
38.027 190 -1723073393
38.053 208 -1723073393
38.080 229 -1723073393
38.107 253 -1723073393
38.133 278 -1723073393
38.160 302 -1723073393
38.187 317 -1723073393
38.213 324 -1723073393
38.240 319 -1723073393
38.267 301 -1723073393
38.293 276 -1723073393
38.320 245 -1723073393
38.347 204 -1723073393
38.373 159 -1723073393
38.400 115 -1723073393
38.427 69 -1723073393
38.453 18 -1723073393
38.480 -34 -1723073393
38.507 -85 -1723073393
38.533 -127 -1723073393
38.560 -156 -1723073393
38.587 -174 -1723073393
38.613 -182 -1723073393
38.640 -179 -1723073393
38.667 -162 -1723073393
38.693 -135 -1723073393
38.720 -102 -1723073393
38.747 -60 -1723073393
38.773 -9 -1723073393
38.800 38 -1723073393
38.827 85 -1723073393
38.853 132 -1723073393
38.880 171 -1723073393
38.907 205 -1723073393
38.933 238 -1723073393
38.960 265 -1723073393
38.987 280 -1723073393
39.013 286 -1723073393
39.040 286 -1723073393
39.067 277 -1723073393
39.093 263 -1723073393
39.120 255 -1723073393
39.147 247 -1723073393
39.173 239 -1723073393
39.200 236 -1723073393
39.227 232 -1723073393
39.253 227 -1723073393
39.280 227 -1723073393
39.307 226 -1723073393
39.333 220 -1723073393
39.360 210 -1723073393
39.387 202 -1723073393
39.413 198 -1723073393
39.440 199 -1723073393
39.467 197 -1723073393
39.493 195 -1723073393
39.520 196 -1723073393
39.547 198 -1723073393
39.573 198 -1723073393
39.600 204 -1723073393
39.627 212 -1723073393
39.653 213 -1723073393
39.680 213 -1723073393
39.707 215 -1723073393
39.733 215 -1723073393
39.760 211 -1723073393
39.787 209 -1723073393
39.813 207 -1723073393
39.840 205 -1723073393
39.867 202 -1723073393
39.893 194 -1723073393
39.920 177 -1723073393
39.947 158 -1723073393
39.973 136 -1723073393
40.000 110 -1723073393
40.027 86 -1723073393
40.053 60 -1723073393
40.080 29 -1723073393
40.107 0 -1723073393
40.133 -23 -1723073393
40.160 -37 -1723073393
40.187 -44 -1723073393
40.213 -51 -1723073393
40.240 -57 -1723073393
40.267 -51 -1723073393
40.293 -38 -1723073393
40.320 -20 -1723073393
40.347 9 -1723073393
40.373 45 -1723073393
40.400 77 -1723073393
40.427 116 -1723073393
40.453 157 -1723073393
40.480 185 -1723073393
40.507 211 -1723073393
40.533 239 -1723073393
40.560 258 -1723073393
40.587 276 -1723073393
40.613 290 -1723073393
40.640 294 -1723073393
40.667 286 -1723073393
40.693 273 -1723073393
40.720 260 -1723073393
40.747 240 -1723073393
40.773 217 -1723073393
40.800 201 -1723073393
40.827 193 -1723073393
40.853 187 -1723073393
40.880 185 -1723073393
40.907 185 -1723073393
40.933 189 -1723073393
40.960 198 -1723073393
40.987 205 -1723073393
41.013 214 -1723073393
41.040 222 -1723073393
41.067 227 -1723073393
41.093 232 -1723073393
41.120 238 -1723073393
41.147 243 -1723073393
41.173 242 -1723073393
41.200 239 -1723073393
41.227 231 -1723073393
41.253 214 -1723073393
41.280 191 -1723073393
41.307 166 -1723073393
41.333 140 -1723073393
41.360 114 -1723073393
41.387 92 -1723073393
41.413 78 -1723073393
41.440 73 -1723073393
41.467 68 -1723073393
41.493 61 -1723073393
41.520 59 -1723073393
41.547 59 -1723073393
41.573 55 -1723073393
41.600 54 -1723073393
41.627 57 -1723073393
41.653 56 -1723073393
41.680 55 -1723073393
41.707 54 -1723073393
41.733 48 -1723073393
41.760 36 -1723073393
41.787 24 -1723073393
41.813 9 -1723073393
41.840 -7 -1723073393
41.867 -19 -1723073393
41.893 -32 -1723073393
41.920 -48 -1723073393
41.947 -58 -1723073393
41.973 -65 -1723073393
42.000 -73 -1723073393
42.027 -72 -1723073393
42.053 -70 -1723073393
42.080 -70 -1723073393
42.107 -60 -1723073393
42.133 -49 -1723073393
42.160 -44 -1723073393
42.187 -37 -1723073393
42.213 -24 -1723073393
42.240 -16 -1723073393
42.267 -7 -1723073393
42.293 3 -1723073393
42.320 9 -1723073393
42.347 10 -1723073393
42.373 17 -1723073393
42.400 24 -1723073393
42.427 32 -1723073393
42.453 43 -1723073393
42.480 50 -1723073393
42.507 55 -1723073393
42.533 65 -1723073393
42.560 68 -1723073393
42.587 59 -1723073393
42.613 51 -1723073393
42.640 44 -1723073393
42.667 36 -1723073393
42.693 33 -1723073393
42.720 33 -1723073393
42.747 30 -1723073393
42.773 30 -1723073393
42.800 42 -1723073393
42.827 51 -1723073393
42.853 63 -1723073393
42.880 83 -1723073393
42.907 97 -1723073393
42.933 102 -1723073393
42.960 111 -1723073393
42.987 117 -1723073393
43.013 118 -1723073393
43.040 121 -1723073393
43.067 119 -1723073393
43.093 113 -1723073393
43.120 110 -1723073393
43.147 105 -1723073393
43.173 99 -1723073393
43.200 98 -1723073393
43.227 99 -1723073393
43.253 93 -1723073393
43.280 88 -1723073393
43.307 86 -1723073393
43.333 82 -1723073393
43.360 77 -1723073393
43.387 73 -1723073393
43.413 60 -1723073393
43.440 38 -1723073393
43.467 21 -1723073393
43.493 4 -1723073393
43.520 -25 -1723073393
43.547 -49 -1723073393
43.573 -72 -1723073393
43.600 -102 -1723073393
43.627 -125 -1723073393
43.653 -137 -1723073393
43.680 -153 -1723073393
43.707 -164 -1723073393
43.733 -162 -1723073393
43.760 -164 -1723073393
43.787 -167 -1723073393
43.813 -148 -1723073393
43.840 -127 -1723073393
43.867 -108 -1723073393
43.893 -78 -1723073393
43.920 -50 -1723073393
43.947 -33 -1723073393
43.973 -17 -1723073393
44.000 -1 -1723073393
44.027 4 -1723073393
44.053 8 -1723073393
44.080 10 -1723073393
44.107 2 -1723073393
44.133 -11 -1723073393
44.160 -28 -1723073393
44.187 -58 -1723073393
44.213 -92 -1723073393
44.240 -121 -1723073393
44.267 -148 -1723073393
44.293 -172 -1723073393
44.320 -177 -1723073393
44.347 -172 -1723073393
44.373 -166 -1723073393
44.400 -145 -1723073393
44.427 -115 -1723073393
44.453 -80 -1723073393
44.480 -34 -1723073393
44.507 14 -1723073393
44.533 56 -1723073393
44.560 100 -1723073393
44.587 153 -1723073393
44.613 199 -1723073393
44.640 240 -1723073393
44.667 277 -1723073393
44.693 300 -1723073393
44.720 314 -1723073393
44.747 324 -1723073393
44.773 325 -1723073393
44.800 318 -1723073393
44.827 301 -1723073393
44.853 281 -1723073393
44.880 262 -1723073393
44.907 240 -1723073393
44.933 210 -1723073393
44.960 180 -1723073393
44.987 148 -1723073393
45.013 111 -1723073393
45.040 74 -1723073393
45.067 41 -1723073393
45.093 11 -1723073393
45.120 -18 -1723073393
45.147 -40 -1723073393
45.173 -54 -1723073393
45.200 -69 -1723073393
45.227 -81 -1723073393
45.253 -83 -1723073393
45.280 -83 -1723073393
45.307 -85 -1723073393
45.333 -80 -1723073393
45.360 -72 -1723073393
45.387 -74 -1723073393
45.413 -72 -1723073393
45.440 -60 -1723073393
45.467 -55 -1723073393
45.493 -51 -1723073393
45.520 -38 -1723073393
45.547 -28 -1723073393
45.573 -14 -1723073393
45.600 11 -1723073393
45.627 34 -1723073393
45.653 53 -1723073393
45.680 72 -1723073393
45.707 87 -1723073393
45.733 97 -1723073393
45.760 109 -1723073393
45.787 116 -1723073393
45.813 114 -1723073393
45.840 109 -1723073393
45.867 99 -1723073393
45.893 84 -1723073393
45.920 69 -1723073393
45.947 50 -1723073393
45.973 31 -1723073393
46.000 19 -1723073393
46.027 7 -1723073393
46.053 -9 -1723073393
46.080 -21 -1723073393
46.107 -23 -1723073393
46.133 -21 -1723073393
46.160 -14 -1723073393
46.187 0 -1723073393
46.213 18 -1723073393
46.240 34 -1723073393
46.267 53 -1723073393
46.293 74 -1723073393
46.320 94 -1723073393
46.347 114 -1723073393
46.373 139 -1723073393
46.400 159 -1723073393
46.427 178 -1723073393
46.453 201 -1723073393
46.480 222 -1723073393
46.507 241 -1723073393
46.533 262 -1723073393
46.560 277 -1723073393
46.587 287 -1723073393
46.613 298 -1723073393
46.640 307 -1723073393
46.667 310 -1723073393
46.693 307 -1723073393
46.720 300 -1723073393
46.747 284 -1723073393
46.773 261 -1723073393
46.800 233 -1723073393
46.827 204 -1723073393
46.853 175 -1723073393
46.880 150 -1723073393
46.907 126 -1723073393
46.933 105 -1723073393
46.960 86 -1723073393
46.987 62 -1723073393
47.013 36 -1723073393
47.040 19 -1723073393
47.067 12 -1723073393
47.093 6 -1723073393
47.120 5 -1723073393
47.147 13 -1723073393
47.173 18 -1723073393
47.200 26 -1723073393
47.227 45 -1723073393
47.253 64 -1723073393
47.280 80 -1723073393
47.307 105 -1723073393
47.333 136 -1723073393
47.360 167 -1723073393
47.387 202 -1723073393
47.413 234 -1723073393
47.440 255 -1723073393
47.467 276 -1723073393
47.493 296 -1723073393
47.520 310 -1723073393
47.547 315 -1723073393
47.573 312 -1723073393
47.600 300 -1723073393
47.627 283 -1723073393
47.653 261 -1723073393
47.680 233 -1723073393
47.707 208 -1723073393
47.733 185 -1723073393
47.760 165 -1723073393
47.787 147 -1723073393
47.813 134 -1723073393
47.840 127 -1723073393
47.867 120 -1723073393
47.893 114 -1723073393
47.920 119 -1723073393
47.947 129 -1723073393
47.973 145 -1723073393
48.000 170 -1723073393
48.027 195 -1723073393
48.053 220 -1723073393
48.080 254 -1723073393
48.107 292 -1723073393
48.133 328 -1723073393
48.160 367 -1723073393
48.187 408 -1723073393
48.213 447 -1723073393
48.240 480 -1723073393
48.267 505 -1723073393
48.293 525 -1723073393
48.320 543 -1723073393
48.347 554 -1723073393
48.373 558 -1723073393
48.400 559 -1723073393
48.427 551 -1723073393
48.453 534 -1723073393
48.480 519 -1723073393
48.507 499 -1723073393
48.533 469 -1723073393
48.560 447 -1723073393
48.587 429 -1723073393
48.613 401 -1723073393
48.640 376 -1723073393
48.667 357 -1723073393
48.693 331 -1723073393
48.720 304 -1723073393
48.747 285 -1723073393
48.773 269 -1723073393
48.800 260 -1723073393
48.827 259 -1723073393
48.853 266 -1723073393
48.880 279 -1723073393
48.907 292 -1723073393
48.933 300 -1723073393
48.960 310 -1723073393
48.987 318 -1723073393
49.013 323 -1723073393
49.040 329 -1723073393
49.067 335 -1723073393
49.093 335 -1723073393
49.120 329 -1723073393
49.147 326 -1723073393
49.173 321 -1723073393
49.200 307 -1723073393
49.227 285 -1723073393
49.253 263 -1723073393
49.280 241 -1723073393
49.307 219 -1723073393
49.333 207 -1723073393
49.360 203 -1723073393
49.387 197 -1723073393
49.413 191 -1723073393
49.440 184 -1723073393
49.467 172 -1723073393
49.493 161 -1723073393
49.520 159 -1723073393
49.547 161 -1723073393
49.573 164 -1723073393
49.600 169 -1723073393
49.627 176 -1723073393
49.653 187 -1723073393
49.680 199 -1723073393
49.707 208 -1723073393
49.733 221 -1723073393
49.760 231 -1723073393
49.787 238 -1723073393
49.813 246 -1723073393
49.840 253 -1723073393
49.867 259 -1723073393
49.893 263 -1723073393
49.920 266 -1723073393
49.947 266 -1723073393
49.973 265 -1723073393
50.000 264 -1723073393
50.027 261 -1723073393
50.053 257 -1723073393
50.080 253 -1723073393
50.107 248 -1723073393
50.133 247 -1723073393
50.160 249 -1723073393
50.187 246 -1723073393
50.213 237 -1723073393
50.240 226 -1723073393
50.267 210 -1723073393
50.293 186 -1723073393
50.320 156 -1723073393
50.347 122 -1723073393
50.373 87 -1723073393
50.400 51 -1723073393
50.427 17 -1723073393
50.453 -19 -1723073393
50.480 -54 -1723073393
50.507 -87 -1723073393
50.533 -123 -1723073393
50.560 -154 -1723073393
50.587 -175 -1723073393
50.613 -188 -1723073393
50.640 -205 -1723073393
50.667 -212 -1723073393
50.693 -204 -1723073393
50.720 -198 -1723073393
50.747 -198 -1723073393
50.773 -184 -1723073393
50.800 -170 -1723073393
50.827 -163 -1723073393
50.853 -145 -1723073393
50.880 -127 -1723073393
50.907 -120 -1723073393
50.933 -110 -1723073393
50.960 -93 -1723073393
50.987 -87 -1723073393
51.013 -82 -1723073393
51.040 -70 -1723073393
51.067 -67 -1723073393
51.093 -70 -1723073393
51.120 -67 -1723073393
51.147 -68 -1723073393
51.173 -70 -1723073393
51.200 -61 -1723073393
51.227 -51 -1723073393
51.253 -49 -1723073393
51.280 -42 -1723073393
51.307 -34 -1723073393
51.333 -34 -1723073393
51.360 -34 -1723073393
51.387 -24 -1723073393
51.413 -15 -1723073393
51.440 -4 -1723073393
51.467 20 -1723073393
51.493 47 -1723073393
51.520 71 -1723073393
51.547 105 -1723073393
51.573 141 -1723073393
51.600 170 -1723073393
51.627 203 -1723073393
51.653 240 -1723073393
51.680 270 -1723073393
51.707 295 -1723073393
51.733 318 -1723073393
51.760 334 -1723073393
51.787 346 -1723073393
51.813 352 -1723073393
51.840 352 -1723073393
51.867 348 -1723073393
51.893 339 -1723073393
51.920 329 -1723073393
51.947 322 -1723073393
51.973 316 -1723073393
52.000 306 -1723073393
52.027 296 -1723073393
52.053 287 -1723073393
52.080 273 -1723073393
52.107 260 -1723073393
52.133 252 -1723073393
52.160 245 -1723073393
52.187 237 -1723073393
52.213 233 -1723073393
52.240 231 -1723073393
52.267 222 -1723073393
52.293 208 -1723073393
52.320 201 -1723073393
52.347 194 -1723073393
52.373 184 -1723073393
52.400 178 -1723073393
52.427 175 -1723073393
52.453 170 -1723073393
52.480 165 -1723073393
52.507 164 -1723073393
52.533 161 -1723073393
52.560 159 -1723073393
52.587 163 -1723073393
52.613 173 -1723073393
52.640 181 -1723073393
52.667 188 -1723073393
52.693 194 -1723073393
52.720 189 -1723073393
52.747 180 -1723073393
52.773 173 -1723073393
52.800 160 -1723073393
52.827 147 -1723073393
52.853 140 -1723073393
52.880 133 -1723073393
52.907 121 -1723073393
52.933 110 -1723073393
52.960 99 -1723073393
52.987 84 -1723073393
53.013 74 -1723073393
53.040 70 -1723073393
53.067 65 -1723073393
53.093 65 -1723073393
53.120 74 -1723073393
53.147 79 -1723073393
53.173 81 -1723073393
53.200 90 -1723073393
53.227 99 -1723073393
53.253 103 -1723073393
53.280 107 -1723073393
53.307 118 -1723073393
53.333 123 -1723073393
53.360 123 -1723073393
53.387 125 -1723073393
53.413 128 -1723073393
53.440 129 -1723073393
53.467 134 -1723073393
53.493 141 -1723073393
53.520 143 -1723073393
53.547 145 -1723073393
53.573 155 -1723073393
53.600 165 -1723073393
53.627 177 -1723073393
53.653 194 -1723073393
53.680 209 -1723073393
53.707 216 -1723073393
53.733 226 -1723073393
53.760 241 -1723073393
53.787 257 -1723073393
53.813 269 -1723073393
53.840 281 -1723073393
53.867 291 -1723073393
53.893 294 -1723073393
53.920 294 -1723073393
53.947 295 -1723073393
53.973 294 -1723073393
54.000 284 -1723073393
54.027 268 -1723073393
54.053 248 -1723073393
54.080 219 -1723073393
54.107 183 -1723073393
54.133 145 -1723073393
54.160 112 -1723073393
54.187 82 -1723073393
54.213 52 -1723073393
54.240 28 -1723073393
54.267 13 -1723073393
54.293 -2 -1723073393
54.320 -15 -1723073393
54.347 -17 -1723073393
54.373 -21 -1723073393
54.400 -31 -1723073393
54.427 -33 -1723073393
54.453 -28 -1723073393
54.480 -27 -1723073393
54.507 -17 -1723073393
54.533 2 -1723073393
54.560 11 -1723073393
54.587 14 -1723073393
54.613 24 -1723073393
54.640 26 -1723073393
54.667 19 -1723073393
54.693 18 -1723073393
54.720 22 -1723073393
54.747 20 -1723073393
54.773 21 -1723073393
54.800 24 -1723073393
54.827 23 -1723073393
54.853 21 -1723073393
54.880 27 -1723073393
54.907 35 -1723073393
54.933 40 -1723073393
54.960 55 -1723073393
54.987 74 -1723073393
55.013 85 -1723073393
55.040 103 -1723073393
55.067 128 -1723073393
55.093 147 -1723073393
55.120 165 -1723073393
55.147 190 -1723073393
55.173 212 -1723073393
55.200 232 -1723073393
55.227 261 -1723073393
55.253 293 -1723073393
55.280 320 -1723073393
55.307 346 -1723073393
55.333 374 -1723073393
55.360 398 -1723073393
55.387 415 -1723073393
55.413 429 -1723073393
55.440 442 -1723073393
55.467 452 -1723073393
55.493 454 -1723073393
55.520 456 -1723073393
55.547 463 -1723073393
55.573 468 -1723073393
55.600 471 -1723073393
55.627 480 -1723073393
55.653 490 -1723073393
55.680 495 -1723073393
55.707 502 -1723073393
55.733 512 -1723073393
55.760 514 -1723073393
55.787 514 -1723073393
55.813 519 -1723073393
55.840 519 -1723073393
55.867 517 -1723073393
55.893 516 -1723073393
55.920 507 -1723073393
55.947 491 -1723073393
55.973 475 -1723073393
56.000 458 -1723073393
56.027 434 -1723073393
56.053 409 -1723073393
56.080 388 -1723073393
56.107 361 -1723073393
56.133 334 -1723073393
56.160 314 -1723073393
56.187 295 -1723073393
56.213 272 -1723073393
56.240 247 -1723073393
56.267 225 -1723073393
56.293 203 -1723073393
56.320 180 -1723073393
56.347 157 -1723073393
56.373 143 -1723073393
56.400 129 -1723073393
56.427 114 -1723073393
56.453 104 -1723073393
56.480 97 -1723073393
56.507 86 -1723073393
56.533 76 -1723073393
56.560 73 -1723073393
56.587 67 -1723073393
56.613 60 -1723073393
56.640 59 -1723073393
56.667 54 -1723073393
56.693 43 -1723073393
56.720 39 -1723073393
56.747 36 -1723073393
56.773 22 -1723073393
56.800 9 -1723073393
56.827 4 -1723073393
56.853 -7 -1723073393
56.880 -19 -1723073393
56.907 -20 -1723073393
56.933 -25 -1723073393
56.960 -39 -1723073393
56.987 -41 -1723073393
57.013 -37 -1723073393
57.040 -43 -1723073393
57.067 -42 -1723073393
57.093 -30 -1723073393
57.120 -29 -1723073393
57.147 -28 -1723073393
57.173 -10 -1723073393
57.200 2 -1723073393
57.227 9 -1723073393
57.253 31 -1723073393
57.280 51 -1723073393
57.307 59 -1723073393
57.333 77 -1723073393
57.360 102 -1723073393
57.387 119 -1723073393
57.413 139 -1723073393
57.440 172 -1723073393
57.467 200 -1723073393
57.493 222 -1723073393
57.520 249 -1723073393
57.547 273 -1723073393
57.573 286 -1723073393
57.600 297 -1723073393
57.627 309 -1723073393
57.653 318 -1723073393
57.680 325 -1723073393
57.707 332 -1723073393
57.733 337 -1723073393
57.760 341 -1723073393
57.787 344 -1723073393
57.813 348 -1723073393
57.840 350 -1723073393
57.867 353 -1723073393
57.893 360 -1723073393
57.920 368 -1723073393
57.947 378 -1723073393
57.973 387 -1723073393
58.000 394 -1723073393
58.027 404 -1723073393
58.053 417 -1723073393
58.080 427 -1723073393
58.107 436 -1723073393
58.133 447 -1723073393
58.160 458 -1723073393
58.187 467 -1723073393
58.213 477 -1723073393
58.240 487 -1723073393
58.267 495 -1723073393
58.293 503 -1723073393
58.320 512 -1723073393
58.347 523 -1723073393
58.373 537 -1723073393
58.400 549 -1723073393
58.427 560 -1723073393
58.453 573 -1723073393
58.480 586 -1723073393
58.507 601 -1723073393
58.533 618 -1723073393
58.560 632 -1723073393
58.587 643 -1723073393
58.613 655 -1723073393
58.640 667 -1723073393
58.667 675 -1723073393
58.693 678 -1723073393
58.720 682 -1723073393
58.747 682 -1723073393
58.773 679 -1723073393
58.800 678 -1723073393
58.827 679 -1723073393
58.853 671 -1723073393
58.880 660 -1723073393
58.907 658 -1723073393
58.933 652 -1723073393
58.960 646 -1723073393
58.987 646 -1723073393
59.013 643 -1723073393
59.040 630 -1723073393
59.067 621 -1723073393
59.093 619 -1723073393
59.120 606 -1723073393
59.147 587 -1723073393
59.173 575 -1723073393
59.200 558 -1723073393
59.227 534 -1723073393
59.253 518 -1723073393
59.280 510 -1723073393
59.307 499 -1723073393
59.333 491 -1723073393
59.360 489 -1723073393
59.387 483 -1723073393
59.413 474 -1723073393
59.440 468 -1723073393
59.467 457 -1723073393
59.493 440 -1723073393
59.520 426 -1723073393
59.547 414 -1723073393
59.573 396 -1723073393
59.600 371 -1723073393
59.627 344 -1723073393
59.653 308 -1723073393
59.680 268 -1723073393
59.707 232 -1723073393
59.733 194 -1723073393
59.760 150 -1723073393
59.787 109 -1723073393
59.813 75 -1723073393
59.840 41 -1723073393
59.867 5 -1723073393
59.893 -19 -1723073393
59.920 -35 -1723073393
59.947 -56 -1723073393
59.973 -74 -1723073393
60.000 -75 -1723073393
60.027 -70 -1723073393
60.053 -73 -1723073393
60.080 -65 -1723073393
60.107 -42 -1723073393
60.133 -27 -1723073393
60.160 -19 -1723073393
60.187 2 -1723073393
60.213 17 -1723073393
60.240 19 -1723073393
60.267 28 -1723073393
60.293 37 -1723073393
60.320 30 -1723073393
60.347 22 -1723073393
60.373 13 -1723073393
60.400 -7 -1723073393
60.427 -29 -1723073393
60.453 -42 -1723073393
60.480 -60 -1723073393
60.507 -88 -1723073393
60.533 -105 -1723073393
60.560 -121 -1723073393
60.587 -144 -1723073393
60.613 -156 -1723073393
60.640 -159 -1723073393
60.667 -171 -1723073393
60.693 -182 -1723073393
60.720 -177 -1723073393
60.747 -180 -1723073393
60.773 -191 -1723073393
60.800 -185 -1723073393
60.827 -174 -1723073393
60.853 -181 -1723073393
60.880 -185 -1723073393
60.907 -171 -1723073393
60.933 -167 -1723073393
60.960 -172 -1723073393
60.987 -163 -1723073393
61.013 -161 -1723073393
61.040 -171 -1723073393
61.067 -166 -1723073393
61.093 -154 -1723073393
61.120 -154 -1723073393
61.147 -153 -1723073393
61.173 -144 -1723073393
61.200 -146 -1723073393
61.227 -155 -1723073393
61.253 -153 -1723073393
61.280 -157 -1723073393
61.307 -174 -1723073393
61.333 -184 -1723073393
61.360 -192 -1723073393
61.387 -214 -1723073393
61.413 -235 -1723073393
61.440 -242 -1723073393
61.467 -259 -1723073393
61.493 -283 -1723073393
61.520 -290 -1723073393
61.547 -297 -1723073393
61.573 -318 -1723073393
61.600 -323 -1723073393
61.627 -313 -1723073393
61.653 -318 -1723073393
61.680 -320 -1723073393
61.707 -295 -1723073393
61.733 -277 -1723073393
61.760 -272 -1723073393
61.787 -242 -1723073393
61.813 -208 -1723073393
61.840 -197 -1723073393
61.867 -177 -1723073393
61.893 -135 -1723073393
61.920 -108 -1723073393
61.947 -93 -1723073393
61.973 -61 -1723073393
62.000 -36 -1723073393
62.027 -26 -1723073393
62.053 -5 -1723073393
62.080 12 -1723073393
62.107 9 -1723073393
62.133 6 -1723073393
62.160 11 -1723073393
62.187 0 -1723073393
62.213 -20 -1723073393
62.240 -28 -1723073393
62.267 -43 -1723073393
62.293 -66 -1723073393
62.320 -78 -1723073393
62.347 -86 -1723073393
62.373 -107 -1723073393
62.400 -126 -1723073393
62.427 -134 -1723073393
62.453 -154 -1723073393
62.480 -178 -1723073393
62.507 -182 -1723073393
62.533 -183 -1723073393
62.560 -195 -1723073393
62.587 -194 -1723073393
62.613 -180 -1723073393
62.640 -178 -1723073393
62.667 -172 -1723073393
62.693 -147 -1723073393
62.720 -131 -1723073393
62.747 -125 -1723073393
62.773 -99 -1723073393
62.800 -75 -1723073393
62.827 -72 -1723073393
62.853 -58 -1723073393
62.880 -30 -1723073393
62.907 -23 -1723073393
62.933 -22 -1723073393
62.960 -10 -1723073393
62.987 -5 -1723073393
63.013 -15 -1723073393
63.040 -20 -1723073393
63.067 -30 -1723073393
63.093 -54 -1723073393
63.120 -74 -1723073393
63.147 -88 -1723073393
63.173 -115 -1723073393
63.200 -146 -1723073393
63.227 -166 -1723073393
63.253 -194 -1723073393
63.280 -234 -1723073393
63.307 -260 -1723073393
63.333 -277 -1723073393
63.360 -304 -1723073393
63.387 -321 -1723073393
63.413 -321 -1723073393
63.440 -330 -1723073393
63.467 -342 -1723073393
63.493 -325 -1723073393
63.520 -304 -1723073393
63.547 -297 -1723073393
63.573 -268 -1723073393
63.600 -225 -1723073393
63.627 -205 -1723073393
63.653 -186 -1723073393
63.680 -144 -1723073393
63.707 -112 -1723073393
63.733 -93 -1723073393
63.760 -61 -1723073393
63.787 -29 -1723073393
63.813 -21 -1723073393
63.840 -11 -1723073393
63.867 2 -1723073393
63.893 -2 -1723073393
63.920 -15 -1723073393
63.947 -22 -1723073393
63.973 -36 -1723073393
64.000 -65 -1723073393
64.027 -85 -1723073393
64.053 -100 -1723073393
64.080 -126 -1723073393
64.107 -146 -1723073393
64.133 -157 -1723073393
64.160 -179 -1723073393
64.187 -200 -1723073393
64.213 -200 -1723073393
64.240 -194 -1723073393
64.267 -194 -1723073393
64.293 -171 -1723073393
64.320 -140 -1723073393
64.347 -125 -1723073393
64.373 -104 -1723073393
64.400 -67 -1723073393
64.427 -42 -1723073393
64.453 -23 -1723073393
64.480 12 -1723073393
64.507 44 -1723073393
64.533 63 -1723073393
64.560 90 -1723073393
64.587 119 -1723073393
64.613 131 -1723073393
64.640 136 -1723073393
64.667 146 -1723073393
64.693 147 -1723073393
64.720 142 -1723073393
64.747 137 -1723073393
64.773 129 -1723073393
64.800 116 -1723073393
64.827 108 -1723073393
64.853 99 -1723073393
64.880 82 -1723073393
64.907 62 -1723073393
64.933 46 -1723073393
64.960 28 -1723073393
64.987 10 -1723073393
65.013 2 -1723073393
65.040 -3 -1723073393
65.067 -13 -1723073393
65.093 -11 -1723073393
65.120 0 -1723073393
65.147 5 -1723073393
65.173 12 -1723073393
65.200 31 -1723073393
65.227 42 -1723073393
65.253 46 -1723073393
65.280 66 -1723073393
65.307 91 -1723073393
65.333 106 -1723073393
65.360 128 -1723073393
65.387 158 -1723073393
65.413 179 -1723073393
65.440 194 -1723073393
65.467 218 -1723073393
65.493 244 -1723073393
65.520 267 -1723073393
65.547 288 -1723073393
65.573 302 -1723073393
65.600 308 -1723073393
65.627 313 -1723073393
65.653 316 -1723073393
65.680 320 -1723073393
65.707 327 -1723073393
65.733 330 -1723073393
65.760 327 -1723073393
65.787 324 -1723073393
65.813 323 -1723073393
65.840 320 -1723073393
65.867 315 -1723073393
65.893 313 -1723073393
65.920 311 -1723073393
65.947 306 -1723073393
65.973 301 -1723073393
66.000 299 -1723073393
66.027 297 -1723073393
66.053 287 -1723073393
66.080 276 -1723073393
66.107 268 -1723073393
66.133 259 -1723073393
66.160 251 -1723073393
66.187 250 -1723073393
66.213 249 -1723073393
66.240 245 -1723073393
66.267 240 -1723073393
66.293 235 -1723073393
66.320 228 -1723073393
66.347 224 -1723073393
66.373 227 -1723073393
66.400 228 -1723073393
66.427 229 -1723073393
66.453 231 -1723073393
66.480 230 -1723073393
66.507 226 -1723073393
66.533 227 -1723073393
66.560 232 -1723073393
66.587 233 -1723073393
66.613 231 -1723073393
66.640 233 -1723073393
66.667 231 -1723073393
66.693 225 -1723073393
66.720 223 -1723073393
66.747 222 -1723073393
66.773 216 -1723073393
66.800 213 -1723073393
66.827 216 -1723073393
66.853 217 -1723073393
66.880 218 -1723073393
66.907 226 -1723073393
66.933 235 -1723073393
66.960 248 -1723073393
66.987 270 -1723073393
67.013 293 -1723073393
67.040 309 -1723073393
67.067 329 -1723073393
67.093 358 -1723073393
67.120 386 -1723073393
67.147 410 -1723073393
67.173 437 -1723073393
67.200 465 -1723073393
67.227 489 -1723073393
67.253 508 -1723073393
67.280 517 -1723073393
67.307 522 -1723073393
67.333 526 -1723073393
67.360 525 -1723073393
67.387 520 -1723073393
67.413 517 -1723073393
67.440 507 -1723073393
67.467 493 -1723073393
67.493 484 -1723073393
67.520 480 -1723073393
67.547 470 -1723073393
67.573 458 -1723073393
67.600 448 -1723073393
67.627 437 -1723073393
67.653 422 -1723073393
67.680 410 -1723073393
67.707 399 -1723073393
67.733 388 -1723073393
67.760 379 -1723073393
67.787 372 -1723073393
67.813 365 -1723073393
67.840 359 -1723073393
67.867 354 -1723073393
67.893 350 -1723073393
67.920 345 -1723073393
67.947 339 -1723073393
67.973 334 -1723073393
68.000 330 -1723073393
68.027 323 -1723073393
68.053 311 -1723073393
68.080 297 -1723073393
68.107 284 -1723073393
68.133 271 -1723073393
68.160 261 -1723073393
68.187 252 -1723073393
68.213 241 -1723073393
68.240 232 -1723073393
68.267 230 -1723073393
68.293 231 -1723073393
68.320 231 -1723073393
68.347 237 -1723073393
68.373 246 -1723073393
68.400 253 -1723073393
68.427 259 -1723073393
68.453 262 -1723073393
68.480 258 -1723073393
68.507 253 -1723073393
68.533 256 -1723073393
68.560 260 -1723073393
68.587 260 -1723073393
68.613 262 -1723073393
68.640 264 -1723073393
68.667 263 -1723073393
68.693 263 -1723073393
68.720 260 -1723073393
68.747 254 -1723073393
68.773 251 -1723073393
68.800 255 -1723073393
68.827 261 -1723073393
68.853 268 -1723073393
68.880 280 -1723073393
68.907 293 -1723073393
68.933 301 -1723073393
68.960 308 -1723073393
68.987 316 -1723073393
69.013 322 -1723073393
69.040 330 -1723073393
69.067 338 -1723073393
69.093 343 -1723073393
69.120 344 -1723073393
69.147 348 -1723073393
69.173 357 -1723073393
69.200 370 -1723073393
69.227 384 -1723073393
69.253 392 -1723073393
69.280 397 -1723073393
69.307 402 -1723073393
69.333 407 -1723073393
69.360 417 -1723073393
69.387 428 -1723073393
69.413 436 -1723073393
69.440 437 -1723073393
69.467 432 -1723073393
69.493 425 -1723073393
69.520 415 -1723073393
69.547 400 -1723073393
69.573 385 -1723073393
69.600 371 -1723073393
69.627 353 -1723073393
69.653 331 -1723073393
69.680 305 -1723073393
69.707 280 -1723073393
69.733 254 -1723073393
69.760 227 -1723073393
69.787 199 -1723073393
69.813 176 -1723073393
69.840 158 -1723073393
69.867 149 -1723073393
69.893 143 -1723073393
69.920 133 -1723073393
69.947 125 -1723073393
69.973 129 -1723073393
70.000 135 -1723073393
70.027 140 -1723073393
70.053 156 -1723073393
70.080 178 -1723073393
70.107 194 -1723073393
70.133 209 -1723073393
70.160 231 -1723073393
70.187 251 -1723073393
70.213 266 -1723073393
70.240 288 -1723073393
70.267 308 -1723073393
70.293 318 -1723073393
70.320 326 -1723073393
70.347 333 -1723073393
70.373 335 -1723073393
70.400 335 -1723073393
70.427 338 -1723073393
70.453 340 -1723073393
70.480 338 -1723073393
70.507 333 -1723073393
70.533 327 -1723073393
70.560 322 -1723073393
70.587 316 -1723073393
70.613 313 -1723073393
70.640 311 -1723073393
70.667 309 -1723073393
70.693 307 -1723073393
70.720 309 -1723073393
70.747 311 -1723073393
70.773 308 -1723073393
70.800 306 -1723073393
70.827 306 -1723073393
70.853 307 -1723073393
70.880 311 -1723073393
70.907 314 -1723073393
70.933 319 -1723073393
70.960 327 -1723073393
70.987 334 -1723073393
71.013 335 -1723073393
71.040 338 -1723073393
71.067 341 -1723073393
71.093 343 -1723073393
71.120 347 -1723073393
71.147 352 -1723073393
71.173 355 -1723073393
71.200 358 -1723073393
71.227 359 -1723073393
71.253 362 -1723073393
71.280 366 -1723073393
71.307 375 -1723073393
71.333 384 -1723073393
71.360 390 -1723073393
71.387 397 -1723073393
71.413 400 -1723073393
71.440 398 -1723073393
71.467 398 -1723073393
71.493 398 -1723073393
71.520 393 -1723073393
71.547 386 -1723073393
71.573 376 -1723073393
71.600 363 -1723073393
71.627 346 -1723073393
71.653 328 -1723073393
71.680 311 -1723073393
71.707 297 -1723073393
71.733 282 -1723073393
71.760 269 -1723073393
71.787 264 -1723073393
71.813 261 -1723073393
71.840 260 -1723073393
71.867 264 -1723073393
71.893 264 -1723073393
71.920 261 -1723073393
71.947 264 -1723073393
71.973 266 -1723073393
72.000 262 -1723073393
72.027 260 -1723073393
72.053 265 -1723073393
72.080 267 -1723073393
72.107 263 -1723073393
72.133 258 -1723073393
72.160 250 -1723073393
72.187 242 -1723073393
72.213 236 -1723073393
72.240 229 -1723073393
72.267 217 -1723073393
72.293 207 -1723073393
72.320 201 -1723073393
72.347 194 -1723073393
72.373 188 -1723073393
72.400 190 -1723073393
72.427 194 -1723073393
72.453 196 -1723073393
72.480 199 -1723073393
72.507 208 -1723073393
72.533 213 -1723073393
72.560 214 -1723073393
72.587 225 -1723073393
72.613 237 -1723073393
72.640 247 -1723073393
72.667 260 -1723073393
72.693 271 -1723073393
72.720 274 -1723073393
72.747 275 -1723073393
72.773 279 -1723073393
72.800 281 -1723073393
72.827 278 -1723073393
72.853 278 -1723073393
72.880 279 -1723073393
72.907 276 -1723073393
72.933 270 -1723073393
72.960 264 -1723073393
72.987 255 -1723073393
73.013 246 -1723073393
73.040 239 -1723073393
73.067 230 -1723073393
73.093 218 -1723073393
73.120 212 -1723073393
73.147 207 -1723073393
73.173 199 -1723073393
73.200 197 -1723073393
73.227 200 -1723073393
73.253 196 -1723073393
73.280 192 -1723073393
73.307 191 -1723073393
73.333 184 -1723073393
73.360 178 -1723073393
73.387 184 -1723073393
73.413 194 -1723073393
73.440 201 -1723073393
73.467 212 -1723073393
73.493 221 -1723073393
73.520 223 -1723073393
73.547 229 -1723073393
73.573 247 -1723073393
73.600 259 -1723073393
73.627 265 -1723073393
73.653 281 -1723073393
73.680 295 -1723073393
73.707 301 -1723073393
73.733 311 -1723073393
73.760 327 -1723073393
73.787 336 -1723073393
73.813 340 -1723073393
73.840 343 -1723073393
73.867 342 -1723073393
73.893 338 -1723073393
73.920 331 -1723073393
73.947 321 -1723073393
73.973 308 -1723073393
74.000 293 -1723073393
74.027 273 -1723073393
74.053 251 -1723073393
74.080 231 -1723073393
74.107 214 -1723073393
74.133 197 -1723073393
74.160 182 -1723073393
74.187 168 -1723073393
74.213 155 -1723073393
74.240 140 -1723073393
74.267 130 -1723073393
74.293 125 -1723073393
74.320 116 -1723073393
74.347 111 -1723073393
74.373 120 -1723073393
74.400 128 -1723073393
74.427 130 -1723073393
74.453 138 -1723073393
74.480 148 -1723073393
74.507 155 -1723073393
74.533 167 -1723073393
74.560 182 -1723073393
74.587 191 -1723073393
74.613 198 -1723073393
74.640 211 -1723073393
74.667 222 -1723073393
74.693 228 -1723073393
74.720 238 -1723073393
74.747 247 -1723073393
74.773 246 -1723073393
74.800 248 -1723073393
74.827 256 -1723073393
74.853 261 -1723073393
74.880 265 -1723073393
74.907 268 -1723073393
74.933 271 -1723073393
74.960 273 -1723073393
74.987 274 -1723073393
75.013 275 -1723073393
75.040 276 -1723073393
75.067 280 -1723073393
75.093 284 -1723073393
75.120 289 -1723073393
75.147 294 -1723073393
75.173 297 -1723073393
75.200 295 -1723073393
75.227 290 -1723073393
75.253 288 -1723073393
75.280 289 -1723073393
75.307 286 -1723073393
75.333 284 -1723073393
75.360 286 -1723073393
75.387 286 -1723073393
75.413 282 -1723073393
75.440 281 -1723073393
75.467 280 -1723073393
75.493 278 -1723073393
75.520 285 -1723073393
75.547 293 -1723073393
75.573 295 -1723073393
75.600 301 -1723073393
75.627 312 -1723073393
75.653 316 -1723073393
75.680 314 -1723073393
75.707 313 -1723073393
75.733 312 -1723073393
75.760 306 -1723073393
75.787 297 -1723073393
75.813 285 -1723073393
75.840 269 -1723073393
75.867 251 -1723073393
75.893 232 -1723073393
75.920 208 -1723073393
75.947 185 -1723073393
75.973 164 -1723073393
76.000 138 -1723073393
76.027 113 -1723073393
76.053 96 -1723073393
76.080 88 -1723073393
76.107 81 -1723073393
76.133 85 -1723073393
76.160 98 -1723073393
76.187 107 -1723073393
76.213 114 -1723073393
76.240 136 -1723073393
76.267 160 -1723073393
76.293 179 -1723073393
76.320 207 -1723073393
76.347 234 -1723073393
76.373 247 -1723073393
76.400 264 -1723073393
76.427 288 -1723073393
76.453 302 -1723073393
76.480 313 -1723073393
76.507 328 -1723073393
76.533 344 -1723073393
76.560 358 -1723073393
76.587 374 -1723073393
76.613 387 -1723073393
76.640 394 -1723073393
76.667 397 -1723073393
76.693 398 -1723073393
76.720 394 -1723073393
76.747 387 -1723073393
76.773 377 -1723073393
76.800 367 -1723073393
76.827 361 -1723073393
76.853 356 -1723073393
76.880 348 -1723073393
76.907 341 -1723073393
76.933 338 -1723073393
76.960 333 -1723073393
76.987 325 -1723073393
77.013 319 -1723073393
77.040 314 -1723073393
77.067 304 -1723073393
77.093 299 -1723073393
77.120 301 -1723073393
77.147 305 -1723073393
77.173 312 -1723073393
77.200 324 -1723073393
77.227 331 -1723073393
77.253 334 -1723073393
77.280 340 -1723073393
77.307 349 -1723073393
77.333 356 -1723073393
77.360 363 -1723073393
77.387 371 -1723073393
77.413 375 -1723073393
77.440 374 -1723073393
77.467 371 -1723073393
77.493 367 -1723073393
77.520 363 -1723073393
77.547 357 -1723073393
77.573 347 -1723073393
77.600 335 -1723073393
77.627 324 -1723073393
77.653 314 -1723073393
77.680 304 -1723073393
77.707 298 -1723073393
77.733 292 -1723073393
77.760 283 -1723073393
77.787 276 -1723073393
77.813 270 -1723073393
77.840 263 -1723073393
77.867 256 -1723073393
77.893 251 -1723073393
77.920 247 -1723073393
77.947 243 -1723073393
77.973 235 -1723073393
78.000 234 -1723073393
78.027 238 -1723073393
78.053 240 -1723073393
78.080 246 -1723073393
78.107 254 -1723073393
78.133 259 -1723073393
78.160 264 -1723073393
78.187 271 -1723073393
78.213 276 -1723073393
78.240 279 -1723073393
78.267 289 -1723073393
78.293 301 -1723073393
78.320 307 -1723073393
78.347 311 -1723073393
78.373 315 -1723073393
78.400 315 -1723073393
78.427 312 -1723073393
78.453 311 -1723073393
78.480 309 -1723073393
78.507 299 -1723073393
78.533 290 -1723073393
78.560 277 -1723073393
78.587 262 -1723073393
78.613 250 -1723073393
78.640 239 -1723073393
78.667 228 -1723073393
78.693 216 -1723073393
78.720 204 -1723073393
78.747 186 -1723073393
78.773 169 -1723073393
78.800 161 -1723073393
78.827 151 -1723073393
78.853 141 -1723073393
78.880 135 -1723073393
78.907 130 -1723073393
78.933 124 -1723073393
78.960 129 -1723073393
78.987 139 -1723073393
79.013 145 -1723073393
79.040 155 -1723073393
79.067 166 -1723073393
79.093 170 -1723073393
79.120 180 -1723073393
79.147 197 -1723073393
79.173 207 -1723073393
79.200 210 -1723073393
79.227 220 -1723073393
79.253 226 -1723073393
79.280 228 -1723073393
79.307 231 -1723073393
79.333 230 -1723073393
79.360 224 -1723073393
79.387 220 -1723073393
79.413 216 -1723073393
79.440 205 -1723073393
79.467 190 -1723073393
79.493 174 -1723073393
79.520 153 -1723073393
79.547 134 -1723073393
79.573 122 -1723073393
79.600 106 -1723073393
79.627 86 -1723073393
79.653 75 -1723073393
79.680 65 -1723073393
79.707 51 -1723073393
79.733 49 -1723073393
79.760 51 -1723073393
79.787 44 -1723073393
79.813 45 -1723073393
79.840 59 -1723073393
79.867 72 -1723073393
79.893 86 -1723073393
79.920 115 -1723073393
79.947 144 -1723073393
79.973 165 -1723073393
80.000 191 -1723073393
80.027 215 -1723073393
80.053 234 -1723073393
80.080 256 -1723073393
80.107 277 -1723073393
80.133 291 -1723073393
80.160 303 -1723073393
80.187 313 -1723073393
80.213 320 -1723073393
80.240 323 -1723073393
80.267 326 -1723073393
80.293 325 -1723073393
80.320 318 -1723073393
80.347 312 -1723073393
80.373 304 -1723073393
80.400 292 -1723073393
80.427 281 -1723073393
80.453 270 -1723073393
80.480 255 -1723073393
80.507 245 -1723073393
80.533 239 -1723073393
80.560 231 -1723073393
80.587 229 -1723073393
80.613 239 -1723073393
80.640 247 -1723073393
80.667 252 -1723073393
80.693 260 -1723073393
80.720 269 -1723073393
80.747 274 -1723073393
80.773 280 -1723073393
80.800 287 -1723073393
80.827 290 -1723073393
80.853 294 -1723073393
80.880 296 -1723073393
80.907 295 -1723073393
80.933 295 -1723073393
80.960 298 -1723073393
80.987 294 -1723073393
81.013 283 -1723073393
81.040 275 -1723073393
81.067 262 -1723073393
81.093 248 -1723073393
81.120 238 -1723073393
81.147 227 -1723073393
81.173 214 -1723073393
81.200 203 -1723073393
81.227 188 -1723073393
81.253 168 -1723073393
81.280 152 -1723073393
81.307 142 -1723073393
81.333 127 -1723073393
81.360 112 -1723073393
81.387 113 -1723073393
81.413 110 -1723073393
81.440 102 -1723073393
81.467 105 -1723073393
81.493 110 -1723073393
81.520 110 -1723073393
81.547 120 -1723073393
81.573 135 -1723073393
81.600 140 -1723073393
81.627 151 -1723073393
81.653 173 -1723073393
81.680 189 -1723073393
81.707 202 -1723073393
81.733 222 -1723073393
81.760 241 -1723073393
81.787 256 -1723073393
81.813 276 -1723073393
81.840 294 -1723073393
81.867 307 -1723073393
81.893 319 -1723073393
81.920 330 -1723073393
81.947 335 -1723073393
81.973 343 -1723073393
82.000 353 -1723073393
82.027 360 -1723073393
82.053 368 -1723073393
82.080 375 -1723073393
82.107 377 -1723073393
82.133 373 -1723073393
82.160 364 -1723073393
82.187 353 -1723073393
82.213 342 -1723073393
82.240 329 -1723073393
82.267 315 -1723073393
82.293 302 -1723073393
82.320 288 -1723073393
82.347 273 -1723073393
82.373 260 -1723073393
82.400 250 -1723073393
82.427 243 -1723073393
82.453 241 -1723073393
82.480 244 -1723073393
82.507 251 -1723073393
82.533 255 -1723073393
82.560 257 -1723073393
82.587 260 -1723073393
82.613 263 -1723073393
82.640 265 -1723073393
82.667 268 -1723073393
82.693 269 -1723073393
82.720 271 -1723073393
82.747 273 -1723073393
82.773 277 -1723073393
82.800 282 -1723073393
82.827 284 -1723073393
82.853 282 -1723073393
82.880 278 -1723073393
82.907 274 -1723073393
82.933 269 -1723073393
82.960 261 -1723073393
82.987 255 -1723073393
83.013 248 -1723073393
83.040 239 -1723073393
83.067 230 -1723073393
83.093 223 -1723073393
83.120 213 -1723073393
83.147 202 -1723073393
83.173 197 -1723073393
83.200 192 -1723073393
83.227 182 -1723073393
83.253 174 -1723073393
83.280 170 -1723073393
83.307 169 -1723073393
83.333 174 -1723073393
83.360 182 -1723073393
83.387 191 -1723073393
83.413 201 -1723073393
83.440 212 -1723073393
83.467 218 -1723073393
83.493 222 -1723073393
83.520 228 -1723073393
83.547 235 -1723073393
83.573 240 -1723073393
83.600 246 -1723073393
83.627 252 -1723073393
83.653 258 -1723073393
83.680 260 -1723073393
83.707 263 -1723073393
83.733 265 -1723073393
83.760 262 -1723073393
83.787 255 -1723073393
83.813 248 -1723073393
83.840 240 -1723073393
83.867 233 -1723073393
83.893 228 -1723073393
83.920 228 -1723073393
83.947 229 -1723073393
83.973 227 -1723073393
84.000 225 -1723073393
84.027 223 -1723073393
84.053 221 -1723073393
84.080 220 -1723073393
84.107 222 -1723073393
84.133 224 -1723073393
84.160 227 -1723073393
84.187 234 -1723073393
84.213 238 -1723073393
84.240 241 -1723073393
84.267 246 -1723073393
84.293 245 -1723073393
84.320 239 -1723073393
84.347 241 -1723073393
84.373 242 -1723073393
84.400 240 -1723073393
84.427 247 -1723073393
84.453 254 -1723073393
84.480 255 -1723073393
84.507 257 -1723073393
84.533 258 -1723073393
84.560 252 -1723073393
84.587 247 -1723073393
84.613 242 -1723073393
84.640 232 -1723073393
84.667 224 -1723073393
84.693 218 -1723073393
84.720 207 -1723073393
84.747 202 -1723073393
84.773 202 -1723073393
84.800 196 -1723073393
84.827 189 -1723073393
84.853 188 -1723073393
84.880 180 -1723073393
84.907 173 -1723073393
84.933 178 -1723073393
84.960 178 -1723073393
84.987 173 -1723073393
85.013 178 -1723073393
85.040 180 -1723073393
85.067 176 -1723073393
85.093 181 -1723073393
85.120 184 -1723073393
85.147 183 -1723073393
85.173 189 -1723073393
85.200 194 -1723073393
85.227 191 -1723073393
85.253 194 -1723073393
85.280 200 -1723073393
85.307 195 -1723073393
85.333 191 -1723073393
85.360 193 -1723073393
85.387 196 -1723073393
85.413 202 -1723073393
85.440 206 -1723073393
85.467 205 -1723073393
85.493 206 -1723073393
85.520 208 -1723073393
85.547 209 -1723073393
85.573 219 -1723073393
85.600 236 -1723073393
85.627 250 -1723073393
85.653 257 -1723073393
85.680 267 -1723073393
85.707 275 -1723073393
85.733 284 -1723073393
85.760 296 -1723073393
85.787 298 -1723073393
85.813 300 -1723073393
85.840 307 -1723073393
85.867 310 -1723073393
85.893 307 -1723073393
85.920 304 -1723073393
85.947 296 -1723073393
85.973 286 -1723073393
86.000 275 -1723073393
86.027 261 -1723073393
86.053 250 -1723073393
86.080 245 -1723073393
86.107 241 -1723073393
86.133 236 -1723073393
86.160 235 -1723073393
86.187 230 -1723073393
86.213 223 -1723073393
86.240 220 -1723073393
86.267 216 -1723073393
86.293 209 -1723073393
86.320 207 -1723073393
86.347 211 -1723073393
86.373 212 -1723073393
86.400 214 -1723073393
86.427 215 -1723073393
86.453 209 -1723073393
86.480 203 -1723073393
86.507 200 -1723073393
86.533 192 -1723073393
86.560 184 -1723073393
86.587 180 -1723073393
86.613 172 -1723073393
86.640 167 -1723073393
86.667 171 -1723073393
86.693 167 -1723073393
86.720 156 -1723073393
86.747 148 -1723073393
86.773 138 -1723073393
86.800 135 -1723073393
86.827 145 -1723073393
86.853 150 -1723073393
86.880 151 -1723073393
86.907 159 -1723073393
86.933 165 -1723073393
86.960 169 -1723073393
86.987 181 -1723073393
87.013 187 -1723073393
87.040 186 -1723073393
87.067 198 -1723073393
87.093 208 -1723073393
87.120 214 -1723073393
87.147 226 -1723073393
87.173 234 -1723073393
87.200 236 -1723073393
87.227 242 -1723073393
87.253 243 -1723073393
87.280 241 -1723073393
87.307 246 -1723073393
87.333 245 -1723073393
87.360 240 -1723073393
87.387 241 -1723073393
87.413 237 -1723073393
87.440 230 -1723073393
87.467 236 -1723073393
87.493 238 -1723073393
87.520 236 -1723073393
87.547 244 -1723073393
87.573 247 -1723073393
87.600 244 -1723073393
87.627 251 -1723073393
87.653 255 -1723073393
87.680 255 -1723073393
87.707 260 -1723073393
87.733 259 -1723073393
87.760 249 -1723073393
87.787 247 -1723073393
87.813 244 -1723073393
87.840 233 -1723073393
87.867 236 -1723073393
87.893 241 -1723073393
87.920 230 -1723073393
87.947 226 -1723073393
87.973 222 -1723073393
88.000 212 -1723073393
88.027 211 -1723073393
88.053 211 -1723073393
88.080 206 -1723073393
88.107 210 -1723073393
88.133 216 -1723073393
88.160 215 -1723073393
88.187 215 -1723073393
88.213 209 -1723073393
88.240 203 -1723073393
88.267 204 -1723073393
88.293 204 -1723073393
88.320 201 -1723073393
88.347 206 -1723073393
88.373 210 -1723073393
88.400 208 -1723073393
88.427 211 -1723073393
88.453 210 -1723073393
88.480 210 -1723073393
88.507 217 -1723073393
88.533 216 -1723073393
88.560 208 -1723073393
88.587 203 -1723073393
88.613 195 -1723073393
88.640 186 -1723073393
88.667 185 -1723073393
88.693 183 -1723073393
88.720 176 -1723073393
88.747 173 -1723073393
88.773 163 -1723073393
88.800 148 -1723073393
88.827 141 -1723073393
88.853 130 -1723073393
88.880 119 -1723073393
88.907 118 -1723073393
88.933 113 -1723073393
88.960 110 -1723073393
88.987 120 -1723073393
89.013 127 -1723073393
89.040 135 -1723073393
89.067 149 -1723073393
89.093 156 -1723073393
89.120 160 -1723073393
89.147 170 -1723073393
89.173 174 -1723073393
89.200 177 -1723073393
89.227 187 -1723073393
89.253 190 -1723073393
89.280 192 -1723073393
89.307 200 -1723073393
89.333 207 -1723073393
89.360 215 -1723073393
89.387 222 -1723073393
89.413 220 -1723073393
89.440 220 -1723073393
89.467 224 -1723073393
89.493 219 -1723073393
89.520 215 -1723073393
89.547 213 -1723073393
89.573 202 -1723073393
89.600 193 -1723073393
89.627 186 -1723073393
89.653 175 -1723073393
89.680 168 -1723073393
89.707 164 -1723073393
89.733 152 -1723073393
89.760 145 -1723073393
89.787 139 -1723073393
89.813 130 -1723073393
89.840 134 -1723073393
89.867 138 -1723073393
89.893 134 -1723073393
89.920 142 -1723073393
89.947 150 -1723073393
89.973 152 -1723073393
90.000 163 -1723073393
90.027 169 -1723073393
90.053 170 -1723073393
90.080 179 -1723073393
90.107 179 -1723073393
90.133 180 -1723073393
90.160 189 -1723073393
90.187 188 -1723073393
90.213 189 -1723073393
90.240 198 -1723073393
90.267 194 -1723073393
90.293 190 -1723073393
90.320 187 -1723073393
90.347 176 -1723073393
90.373 170 -1723073393
90.400 163 -1723073393
90.427 145 -1723073393
90.453 132 -1723073393
90.480 125 -1723073393
90.507 114 -1723073393
90.533 118 -1723073393
90.560 125 -1723073393
90.587 122 -1723073393
90.613 123 -1723073393
90.640 126 -1723073393
90.667 130 -1723073393
90.693 144 -1723073393
90.720 152 -1723073393
90.747 153 -1723073393
90.773 168 -1723073393
90.800 179 -1723073393
90.827 188 -1723073393
90.853 207 -1723073393
90.880 218 -1723073393
90.907 231 -1723073393
90.933 251 -1723073393
90.960 262 -1723073393
90.987 277 -1723073393
91.013 297 -1723073393
91.040 307 -1723073393
91.067 315 -1723073393
91.093 321 -1723073393
91.120 327 -1723073393
91.147 341 -1723073393
91.173 350 -1723073393
91.200 355 -1723073393
91.227 361 -1723073393
91.253 366 -1723073393
91.280 372 -1723073393
91.307 381 -1723073393
91.333 385 -1723073393
91.360 385 -1723073393
91.387 383 -1723073393
91.413 373 -1723073393
91.440 368 -1723073393
91.467 363 -1723073393
91.493 355 -1723073393
91.520 345 -1723073393
91.547 332 -1723073393
91.573 322 -1723073393
91.600 319 -1723073393
91.627 310 -1723073393
91.653 302 -1723073393
91.680 303 -1723073393
91.707 299 -1723073393
91.733 300 -1723073393
91.760 305 -1723073393
91.787 308 -1723073393
91.813 313 -1723073393
91.840 317 -1723073393
91.867 320 -1723073393
91.893 329 -1723073393
91.920 338 -1723073393
91.947 349 -1723073393
91.973 364 -1723073393
92.000 376 -1723073393
92.027 382 -1723073393
92.053 384 -1723073393
92.080 380 -1723073393
92.107 377 -1723073393
92.133 369 -1723073393
92.160 358 -1723073393
92.187 353 -1723073393
92.213 350 -1723073393
92.240 350 -1723073393
92.267 352 -1723073393
92.293 345 -1723073393
92.320 335 -1723073393
92.347 325 -1723073393
92.373 316 -1723073393
92.400 311 -1723073393
92.427 311 -1723073393
92.453 309 -1723073393
92.480 307 -1723073393
92.507 309 -1723073393
92.533 304 -1723073393
92.560 303 -1723073393
92.587 307 -1723073393
92.613 309 -1723073393
92.640 316 -1723073393
92.667 321 -1723073393
92.693 329 -1723073393
92.720 342 -1723073393
92.747 355 -1723073393
92.773 371 -1723073393
92.800 388 -1723073393
92.827 396 -1723073393
92.853 408 -1723073393
92.880 418 -1723073393
92.907 419 -1723073393
92.933 424 -1723073393
92.960 420 -1723073393
92.987 412 -1723073393
93.013 413 -1723073393
93.040 406 -1723073393
93.067 396 -1723073393
93.093 388 -1723073393
93.120 380 -1723073393
93.147 379 -1723073393
93.173 375 -1723073393
93.200 362 -1723073393
93.227 357 -1723073393
93.253 351 -1723073393
93.280 340 -1723073393
93.307 333 -1723073393
93.333 323 -1723073393
93.360 322 -1723073393
93.387 323 -1723073393
93.413 320 -1723073393
93.440 324 -1723073393
93.467 323 -1723073393
93.493 319 -1723073393
93.520 326 -1723073393
93.547 331 -1723073393
93.573 333 -1723073393
93.600 338 -1723073393
93.627 339 -1723073393
93.653 348 -1723073393
93.680 356 -1723073393
93.707 364 -1723073393
93.733 375 -1723073393
93.760 372 -1723073393
93.787 367 -1723073393
93.813 369 -1723073393
93.840 364 -1723073393
93.867 367 -1723073393
93.893 370 -1723073393
93.920 366 -1723073393
93.947 363 -1723073393
93.973 357 -1723073393
94.000 351 -1723073393
94.027 350 -1723073393
94.053 339 -1723073393
94.080 326 -1723073393
94.107 313 -1723073393
94.133 301 -1723073393
94.160 291 -1723073393
94.187 286 -1723073393
94.213 287 -1723073393
94.240 287 -1723073393
94.267 285 -1723073393
94.293 287 -1723073393
94.320 283 -1723073393
94.347 287 -1723073393
94.373 296 -1723073393
94.400 299 -1723073393
94.427 306 -1723073393
94.453 313 -1723073393
94.480 313 -1723073393
94.507 320 -1723073393
94.533 322 -1723073393
94.560 323 -1723073393
94.587 332 -1723073393
94.613 336 -1723073393
94.640 346 -1723073393
94.667 350 -1723073393
94.693 350 -1723073393
94.720 353 -1723073393
94.747 349 -1723073393
94.773 352 -1723073393
94.800 355 -1723073393
94.827 348 -1723073393
94.853 347 -1723073393
94.880 344 -1723073393
94.907 343 -1723073393
94.933 340 -1723073393
94.960 326 -1723073393
94.987 326 -1723073393
95.013 325 -1723073393
95.040 319 -1723073393
95.067 316 -1723073393
95.093 304 -1723073393
95.120 296 -1723073393
95.147 290 -1723073393
95.173 280 -1723073393
95.200 278 -1723073393
95.227 268 -1723073393
95.253 260 -1723073393
95.280 256 -1723073393
95.307 248 -1723073393
95.333 246 -1723073393
95.360 244 -1723073393
95.387 245 -1723073393
95.413 252 -1723073393
95.440 254 -1723073393
95.467 261 -1723073393
95.493 261 -1723073393
95.520 259 -1723073393
95.547 263 -1723073393
95.573 261 -1723073393
95.600 261 -1723073393
95.627 250 -1723073393
95.653 236 -1723073393
95.680 235 -1723073393
95.707 229 -1723073393
95.733 220 -1723073393
95.760 208 -1723073393
95.787 193 -1723073393
95.813 184 -1723073393
95.840 165 -1723073393
95.867 157 -1723073393
95.893 147 -1723073393
95.920 137 -1723073393
95.947 134 -1723073393
95.973 127 -1723073393
96.000 128 -1723073393
96.027 120 -1723073393
96.053 119 -1723073393
96.080 125 -1723073393
96.107 122 -1723073393
96.133 129 -1723073393
96.160 125 -1723073393
96.187 126 -1723073393
96.213 134 -1723073393
96.240 140 -1723073393
96.267 160 -1723073393
96.293 175 -1723073393
96.320 184 -1723073393
96.347 196 -1723073393
96.373 203 -1723073393
96.400 216 -1723073393
96.427 213 -1723073393
96.453 209 -1723073393
96.480 210 -1723073393
96.507 205 -1723073393
96.533 203 -1723073393
96.560 189 -1723073393
96.587 180 -1723073393
96.613 172 -1723073393
96.640 161 -1723073393
96.667 156 -1723073393
96.693 141 -1723073393
96.720 125 -1723073393
96.747 109 -1723073393
96.773 99 -1723073393
96.800 88 -1723073393
96.827 70 -1723073393
96.853 59 -1723073393
96.880 53 -1723073393
96.907 53 -1723073393
96.933 53 -1723073393
96.960 50 -1723073393
96.987 52 -1723073393
97.013 55 -1723073393
97.040 60 -1723073393
97.067 61 -1723073393
97.093 60 -1723073393
97.120 67 -1723073393
97.147 69 -1723073393
97.173 71 -1723073393
97.200 70 -1723073393
97.227 75 -1723073393
97.253 76 -1723073393
97.280 79 -1723073393
97.307 79 -1723073393
97.333 68 -1723073393
97.360 65 -1723073393
97.387 61 -1723073393
97.413 59 -1723073393
97.440 51 -1723073393
97.467 38 -1723073393
97.493 34 -1723073393
97.520 29 -1723073393
97.547 31 -1723073393
97.573 24 -1723073393
97.600 21 -1723073393
97.627 19 -1723073393
97.653 21 -1723073393
97.680 30 -1723073393
97.707 27 -1723073393
97.733 33 -1723073393
97.760 31 -1723073393
97.787 33 -1723073393
97.813 39 -1723073393
97.840 41 -1723073393
97.867 49 -1723073393
97.893 48 -1723073393
97.920 56 -1723073393
97.947 59 -1723073393
97.973 65 -1723073393
98.000 68 -1723073393
98.027 73 -1723073393
98.053 81 -1723073393
98.080 86 -1723073393
98.107 90 -1723073393
98.133 87 -1723073393
98.160 95 -1723073393
98.187 99 -1723073393
98.213 103 -1723073393
98.240 97 -1723073393
98.267 95 -1723073393
98.293 97 -1723073393
98.320 95 -1723073393
98.347 99 -1723073393
98.373 93 -1723073393
98.400 101 -1723073393
98.427 95 -1723073393
98.453 92 -1723073393
98.480 82 -1723073393
98.507 80 -1723073393
98.533 78 -1723073393
98.560 77 -1723073393
98.587 74 -1723073393
98.613 65 -1723073393
98.640 57 -1723073393
98.667 42 -1723073393
98.693 37 -1723073393
98.720 29 -1723073393
98.747 26 -1723073393
98.773 21 -1723073393
98.800 26 -1723073393
98.827 30 -1723073393
98.853 27 -1723073393
98.880 14 -1723073393
98.907 4 -1723073393
98.933 1 -1723073393
98.960 1 -1723073393
98.987 6 -1723073393
99.013 3 -1723073393
99.040 10 -1723073393
99.067 9 -1723073393
99.093 17 -1723073393
99.120 16 -1723073393
99.147 13 -1723073393
99.173 10 -1723073393
99.200 9 -1723073393
99.227 4 -1723073393
99.253 5 -1723073393
99.280 -1 -1723073393
99.307 0 -1723073393
99.333 0 -1723073393
99.360 -1 -1723073393
99.387 0 -1723073393
99.413 -5 -1723073393
99.440 -11 -1723073393
99.467 -13 -1723073393
99.493 -10 -1723073393
99.520 -17 -1723073393
99.547 -25 -1723073393
99.573 -37 -1723073393
99.600 -36 -1723073393
99.627 -40 -1723073393
99.653 -37 -1723073393
99.680 -35 -1723073393
99.707 -30 -1723073393
99.733 -35 -1723073393
99.760 -40 -1723073393
99.787 -37 -1723073393
99.813 -24 -1723073393
99.840 -19 -1723073393
99.867 -15 -1723073393
99.893 -10 -1723073393
99.920 0 -1723073393
99.947 10 -1723073393
99.973 16 -1723073393
100.000 0 -1723073393
