0.000 28 -1723073393
0.027 29 -1723073393
0.053 28 -1723073393
0.080 25 -1723073393
0.107 18 -1723073393
0.133 24 -1723073393
0.160 29 -1723073393
0.187 29 -1723073393
0.213 30 -1723073393
0.240 22 -1723073393
0.267 16 -1723073393
0.293 18 -1723073393
0.320 17 -1723073393
0.347 21 -1723073393
0.373 23 -1723073393
0.400 23 -1723073393
0.427 25 -1723073393
0.453 20 -1723073393
0.480 16 -1723073393
0.507 13 -1723073393
0.533 9 -1723073393
0.560 13 -1723073393
0.587 13 -1723073393
0.613 9 -1723073393
0.640 7 -1723073393
0.667 0 -1723073393
0.693 1 -1723073393
0.720 9 -1723073393
0.747 16 -1723073393
0.773 25 -1723073393
0.800 30 -1723073393
0.827 27 -1723073393
0.853 21 -1723073393
0.880 10 -1723073393
0.907 5 -1723073393
0.933 4 -1723073393
0.960 0 -1723073393
0.987 2 -1723073393
1.013 0 -1723073393
1.040 -5 -1723073393
1.067 -3 -1723073393
1.093 -1 -1723073393
1.120 8 -1723073393
1.147 13 -1723073393
1.173 14 -1723073393
1.200 14 -1723073393
1.227 7 -1723073393
1.253 -1 -1723073393
1.280 -5 -1723073393
1.307 -8 -1723073393
1.333 -8 -1723073393
1.360 -6 -1723073393
1.387 -6 -1723073393
1.413 -4 -1723073393
1.440 -8 -1723073393
1.467 -9 -1723073393
1.493 -10 -1723073393
1.520 -20 -1723073393
1.547 -25 -1723073393
1.573 -25 -1723073393
1.600 -24 -1723073393
1.627 -23 -1723073393
1.653 -26 -1723073393
1.680 -20 -1723073393
1.707 -15 -1723073393
1.733 -15 -1723073393
1.760 -6 -1723073393
1.787 -9 -1723073393
1.813 -16 -1723073393
1.840 -17 -1723073393
1.867 -23 -1723073393
1.893 -23 -1723073393
1.920 -17 -1723073393
1.947 -13 -1723073393
1.973 -2 -1723073393
2.000 -2 -1723073393
2.027 -7 -1723073393
2.053 -4 -1723073393
2.080 -9 -1723073393
2.107 -12 -1723073393
2.133 -8 -1723073393
2.160 -17 -1723073393
2.187 -18 -1723073393
2.213 -20 -1723073393
2.240 -25 -1723073393
2.267 -20 -1723073393
2.293 -21 -1723073393
2.320 -21 -1723073393
2.347 -16 -1723073393
2.373 -20 -1723073393
2.400 -11 -1723073393
2.427 -2 -1723073393
2.453 -3 -1723073393
2.480 -2 -1723073393
2.507 -12 -1723073393
2.533 -18 -1723073393
2.560 -15 -1723073393
2.587 -24 -1723073393
2.613 -26 -1723073393
2.640 -31 -1723073393
2.667 -35 -1723073393
2.693 -24 -1723073393
2.720 -24 -1723073393
2.747 -24 -1723073393
2.773 -23 -1723073393
2.800 -30 -1723073393
2.827 -29 -1723073393
2.853 -30 -1723073393
2.880 -33 -1723073393
2.907 -22 -1723073393
2.933 -22 -1723073393
2.960 -26 -1723073393
2.987 -20 -1723073393
3.013 -26 -1723073393
3.040 -23 -1723073393
3.067 -20 -1723073393
3.093 -25 -1723073393
3.120 -25 -1723073393
3.147 -33 -1723073393
3.173 -37 -1723073393
3.200 -29 -1723073393
3.227 -35 -1723073393
3.253 -38 -1723073393
3.280 -39 -1723073393
3.307 -47 -1723073393
3.333 -42 -1723073393
3.360 -39 -1723073393
3.387 -37 -1723073393
3.413 -23 -1723073393
3.440 -26 -1723073393
3.467 -27 -1723073393
3.493 -23 -1723073393
3.520 -34 -1723073393
3.547 -30 -1723073393
3.573 -27 -1723073393
3.600 -32 -1723073393
3.627 -22 -1723073393
3.653 -24 -1723073393
3.680 -27 -1723073393
3.707 -17 -1723073393
3.733 -24 -1723073393
3.760 -27 -1723073393
3.787 -26 -1723073393
3.813 -31 -1723073393
3.840 -23 -1723073393
3.867 -24 -1723073393
3.893 -31 -1723073393
3.920 -23 -1723073393
3.947 -25 -1723073393
3.973 -23 -1723073393
4.000 -19 -1723073393
4.027 -35 -1723073393
4.053 -33 -1723073393
4.080 -31 -1723073393
4.107 -35 -1723073393
4.133 -26 -1723073393
4.160 -28 -1723073393
4.187 -29 -1723073393
4.213 -19 -1723073393
4.240 -20 -1723073393
4.267 -18 -1723073393
4.293 -18 -1723073393
4.320 -28 -1723073393
4.347 -22 -1723073393
4.373 -23 -1723073393
4.400 -33 -1723073393
4.427 -29 -1723073393
4.453 -29 -1723073393
4.480 -26 -1723073393
4.507 -17 -1723073393
4.533 -23 -1723073393
4.560 -27 -1723073393
4.587 -27 -1723073393
4.613 -31 -1723073393
4.640 -26 -1723073393
4.667 -23 -1723073393
4.693 -28 -1723073393
4.720 -19 -1723073393
4.747 -14 -1723073393
4.773 -6 -1723073393
4.800 1 -1723073393
4.827 -7 -1723073393
4.853 -10 -1723073393
4.880 -14 -1723073393
4.907 -25 -1723073393
4.933 -22 -1723073393
4.960 -21 -1723073393
4.987 -20 -1723073393
5.013 -11 -1723073393
5.040 -11 -1723073393
5.067 -9 -1723073393
5.093 -11 -1723073393
5.120 -23 -1723073393
5.147 -22 -1723073393
5.173 -25 -1723073393
5.200 -24 -1723073393
5.227 -10 -1723073393
5.253 -10 -1723073393
5.280 -8 -1723073393
5.307 -8 -1723073393
5.333 -23 -1723073393
5.360 -24 -1723073393
5.387 -19 -1723073393
5.413 -19 -1723073393
5.440 -11 -1723073393
5.467 -15 -1723073393
5.493 -19 -1723073393
5.520 -16 -1723073393
5.547 -25 -1723073393
5.573 -20 -1723073393
5.600 -9 -1723073393
5.627 -5 -1723073393
5.653 2 -1723073393
5.680 1 -1723073393
5.707 -5 -1723073393
5.733 -5 -1723073393
5.760 -9 -1723073393
5.787 -7 -1723073393
5.813 -1 -1723073393
5.840 -8 -1723073393
5.867 -9 -1723073393
5.893 -10 -1723073393
5.920 -21 -1723073393
5.947 -20 -1723073393
5.973 -21 -1723073393
6.000 -26 -1723073393
6.027 -19 -1723073393
6.053 -19 -1723073393
6.080 -18 -1723073393
6.107 -14 -1723073393
6.133 -20 -1723073393
6.160 -18 -1723073393
6.187 -15 -1723073393
6.213 -21 -1723073393
6.240 -17 -1723073393
6.267 -19 -1723073393
6.293 -26 -1723073393
6.320 -19 -1723073393
6.347 -20 -1723073393
6.373 -20 -1723073393
6.400 -20 -1723073393
6.427 -31 -1723073393
6.453 -33 -1723073393
6.480 -31 -1723073393
6.507 -35 -1723073393
6.533 -27 -1723073393
6.560 -27 -1723073393
6.587 -29 -1723073393
6.613 -19 -1723073393
6.640 -19 -1723073393
6.667 -17 -1723073393
6.693 -9 -1723073393
6.720 -17 -1723073393
6.747 -16 -1723073393
6.773 -15 -1723073393
6.800 -19 -1723073393
6.827 -11 -1723073393
6.853 -14 -1723073393
6.880 -21 -1723073393
6.907 -20 -1723073393
6.933 -30 -1723073393
6.960 -29 -1723073393
6.987 -21 -1723073393
7.013 -25 -1723073393
7.040 -21 -1723073393
7.067 -23 -1723073393
7.093 -31 -1723073393
7.120 -29 -1723073393
7.147 -34 -1723073393
7.173 -36 -1723073393
7.200 -28 -1723073393
7.227 -30 -1723073393
7.253 -31 -1723073393
7.280 -29 -1723073393
7.307 -30 -1723073393
7.333 -23 -1723073393
7.360 -19 -1723073393
7.387 -25 -1723073393
7.413 -23 -1723073393
7.440 -27 -1723073393
7.467 -30 -1723073393
7.493 -24 -1723073393
7.520 -26 -1723073393
7.547 -25 -1723073393
7.573 -25 -1723073393
7.600 -33 -1723073393
7.627 -32 -1723073393
7.653 -31 -1723073393
7.680 -35 -1723073393
7.707 -34 -1723073393
7.733 -39 -1723073393
7.760 -37 -1723073393
7.787 -29 -1723073393
7.813 -31 -1723073393
7.840 -27 -1723073393
7.867 -21 -1723073393
7.893 -23 -1723073393
7.920 -17 -1723073393
7.947 -15 -1723073393
7.973 -17 -1723073393
8.000 -8 -1723073393
8.027 -8 -1723073393
8.053 -12 -1723073393
8.080 -15 -1723073393
8.107 -27 -1723073393
8.133 -34 -1723073393
8.160 -31 -1723073393
8.187 -32 -1723073393
8.213 -27 -1723073393
8.240 -27 -1723073393
8.267 -32 -1723073393
8.293 -32 -1723073393
8.320 -37 -1723073393
8.347 -36 -1723073393
8.373 -27 -1723073393
8.400 -34 -1723073393
8.427 -34 -1723073393
8.453 -25 -1723073393
8.480 -29 -1723073393
8.507 -23 -1723073393
8.533 -17 -1723073393
8.560 -26 -1723073393
8.587 -23 -1723073393
8.613 -18 -1723073393
8.640 -16 -1723073393
8.667 -8 -1723073393
8.693 -11 -1723073393
8.720 -13 -1723073393
8.747 -9 -1723073393
8.773 -15 -1723073393
8.800 -12 -1723073393
8.827 -6 -1723073393
8.853 -5 -1723073393
8.880 7 -1723073393
8.907 13 -1723073393
8.933 11 -1723073393
8.960 11 -1723073393
8.987 -2 -1723073393
9.013 -15 -1723073393
9.040 -20 -1723073393
9.067 -26 -1723073393
9.093 -26 -1723073393
9.120 -22 -1723073393
9.147 -22 -1723073393
9.173 -16 -1723073393
9.200 -15 -1723073393
9.227 -17 -1723073393
9.253 -14 -1723073393
9.280 -19 -1723073393
9.307 -26 -1723073393
9.333 -24 -1723073393
9.360 -29 -1723073393
9.387 -31 -1723073393
9.413 -28 -1723073393
9.440 -32 -1723073393
9.467 -33 -1723073393
9.493 -38 -1723073393
9.520 -48 -1723073393
9.547 -48 -1723073393
9.573 -49 -1723073393
9.600 -48 -1723073393
9.627 -47 -1723073393
9.653 -56 -1723073393
9.680 -58 -1723073393
9.707 -53 -1723073393
9.733 -53 -1723073393
9.760 -47 -1723073393
9.787 -47 -1723073393
9.813 -54 -1723073393
9.840 -51 -1723073393
9.867 -52 -1723073393
9.893 -47 -1723073393
9.920 -35 -1723073393
9.947 -33 -1723073393
9.973 -30 -1723073393
10.000 -25 -1723073393
10.027 -29 -1723073393
10.053 -29 -1723073393
10.080 -32 -1723073393
10.107 -38 -1723073393
10.133 -33 -1723073393
10.160 -26 -1723073393
10.187 -20 -1723073393
10.213 -13 -1723073393
10.240 -9 -1723073393
10.267 -2 -1723073393
10.293 5 -1723073393
10.320 6 -1723073393
10.347 11 -1723073393
10.373 20 -1723073393
10.400 29 -1723073393
10.427 41 -1723073393
10.453 55 -1723073393
10.480 69 -1723073393
10.507 87 -1723073393
10.533 98 -1723073393
10.560 104 -1723073393
10.587 108 -1723073393
10.613 111 -1723073393
10.640 119 -1723073393
10.667 133 -1723073393
10.693 140 -1723073393
10.720 141 -1723073393
10.747 143 -1723073393
10.773 143 -1723073393
10.800 134 -1723073393
10.827 117 -1723073393
10.853 103 -1723073393
10.880 87 -1723073393
10.907 61 -1723073393
10.933 38 -1723073393
10.960 19 -1723073393
10.987 0 -1723073393
11.013 -15 -1723073393
11.040 -31 -1723073393
11.067 -44 -1723073393
11.093 -52 -1723073393
11.120 -62 -1723073393
11.147 -73 -1723073393
11.173 -80 -1723073393
11.200 -94 -1723073393
11.227 -101 -1723073393
11.253 -98 -1723073393
11.280 -98 -1723073393
11.307 -95 -1723073393
11.333 -92 -1723073393
11.360 -95 -1723073393
11.387 -93 -1723073393
11.413 -90 -1723073393
11.440 -87 -1723073393
11.467 -80 -1723073393
11.493 -81 -1723073393
11.520 -86 -1723073393
11.547 -86 -1723073393
11.573 -89 -1723073393
11.600 -91 -1723073393
11.627 -89 -1723073393
11.653 -91 -1723073393
11.680 -94 -1723073393
11.707 -91 -1723073393
11.733 -86 -1723073393
11.760 -78 -1723073393
11.787 -72 -1723073393
11.813 -63 -1723073393
11.840 -44 -1723073393
11.867 -24 -1723073393
11.893 -3 -1723073393
11.920 20 -1723073393
11.947 44 -1723073393
11.973 67 -1723073393
12.000 87 -1723073393
12.027 103 -1723073393
12.053 116 -1723073393
12.080 130 -1723073393
12.107 149 -1723073393
12.133 169 -1723073393
12.160 188 -1723073393
12.187 207 -1723073393
12.213 227 -1723073393
12.240 243 -1723073393
12.267 256 -1723073393
12.293 265 -1723073393
12.320 272 -1723073393
12.347 279 -1723073393
12.373 282 -1723073393
12.400 285 -1723073393
12.427 286 -1723073393
12.453 280 -1723073393
12.480 271 -1723073393
12.507 260 -1723073393
12.533 244 -1723073393
12.560 226 -1723073393
12.587 206 -1723073393
12.613 185 -1723073393
12.640 165 -1723073393
12.667 141 -1723073393
12.693 108 -1723073393
12.720 76 -1723073393
12.747 44 -1723073393
12.773 15 -1723073393
12.800 -13 -1723073393
12.827 -38 -1723073393
12.853 -55 -1723073393
12.880 -69 -1723073393
12.907 -85 -1723073393
12.933 -104 -1723073393
12.960 -125 -1723073393
12.987 -142 -1723073393
13.013 -157 -1723073393
13.040 -166 -1723073393
13.067 -171 -1723073393
13.093 -175 -1723073393
13.120 -176 -1723073393
13.147 -174 -1723073393
13.173 -173 -1723073393
13.200 -172 -1723073393
13.227 -169 -1723073393
13.253 -169 -1723073393
13.280 -166 -1723073393
13.307 -162 -1723073393
13.333 -159 -1723073393
13.360 -153 -1723073393
13.387 -144 -1723073393
13.413 -131 -1723073393
13.440 -115 -1723073393
13.467 -98 -1723073393
13.493 -79 -1723073393
13.520 -54 -1723073393
13.547 -31 -1723073393
13.573 -11 -1723073393
13.600 7 -1723073393
13.627 21 -1723073393
13.653 41 -1723073393
13.680 61 -1723073393
13.707 71 -1723073393
13.733 73 -1723073393
13.760 70 -1723073393
13.787 65 -1723073393
13.813 64 -1723073393
13.840 55 -1723073393
13.867 38 -1723073393
13.893 22 -1723073393
13.920 -4 -1723073393
13.947 -37 -1723073393
13.973 -71 -1723073393
14.000 -110 -1723073393
14.027 -146 -1723073393
14.053 -181 -1723073393
14.080 -217 -1723073393
14.107 -247 -1723073393
14.133 -271 -1723073393
14.160 -300 -1723073393
14.187 -329 -1723073393
14.213 -349 -1723073393
14.240 -366 -1723073393
14.267 -375 -1723073393
14.293 -376 -1723073393
14.320 -373 -1723073393
14.347 -364 -1723073393
14.373 -360 -1723073393
14.400 -359 -1723073393
14.427 -353 -1723073393
14.453 -352 -1723073393
14.480 -344 -1723073393
14.507 -333 -1723073393
14.533 -333 -1723073393
14.560 -333 -1723073393
14.587 -330 -1723073393
14.613 -335 -1723073393
14.640 -333 -1723073393
14.667 -332 -1723073393
14.693 -339 -1723073393
14.720 -342 -1723073393
14.747 -352 -1723073393
14.773 -365 -1723073393
14.800 -377 -1723073393
14.827 -396 -1723073393
14.853 -415 -1723073393
14.880 -421 -1723073393
14.907 -429 -1723073393
14.933 -429 -1723073393
14.960 -424 -1723073393
14.987 -422 -1723073393
15.013 -410 -1723073393
15.040 -402 -1723073393
15.067 -401 -1723073393
15.093 -391 -1723073393
15.120 -381 -1723073393
15.147 -373 -1723073393
15.173 -363 -1723073393
15.200 -361 -1723073393
15.227 -360 -1723073393
15.253 -355 -1723073393
15.280 -361 -1723073393
15.307 -371 -1723073393
15.333 -378 -1723073393
15.360 -390 -1723073393
15.387 -401 -1723073393
15.413 -412 -1723073393
15.440 -431 -1723073393
15.467 -444 -1723073393
15.493 -456 -1723073393
15.520 -476 -1723073393
15.547 -491 -1723073393
15.573 -503 -1723073393
15.600 -517 -1723073393
15.627 -526 -1723073393
15.653 -541 -1723073393
15.680 -550 -1723073393
15.707 -551 -1723073393
15.733 -557 -1723073393
15.760 -560 -1723073393
15.787 -559 -1723073393
15.813 -569 -1723073393
15.840 -575 -1723073393
15.867 -583 -1723073393
15.893 -597 -1723073393
15.920 -609 -1723073393
15.947 -633 -1723073393
15.973 -666 -1723073393
16.000 -692 -1723073393
16.027 -723 -1723073393
16.053 -755 -1723073393
16.080 -778 -1723073393
16.107 -807 -1723073393
16.133 -830 -1723073393
16.160 -844 -1723073393
16.187 -866 -1723073393
16.213 -877 -1723073393
16.240 -880 -1723073393
16.267 -893 -1723073393
16.293 -885 -1723073393
16.320 -858 -1723073393
16.347 -826 -1723073393
16.373 -758 -1723073393
16.400 -667 -1723073393
16.427 -543 -1723073393
16.453 -361 -1723073393
16.480 -148 -1723073393
16.507 106 -1723073393
16.533 427 -1723073393
16.560 799 -1723073393
16.587 1234 -1723073393
16.613 1725 -1723073393
16.640 2260 -1723073393
16.667 2835 -1723073393
16.693 3445 -1723073393
16.720 4077 -1723073393
16.747 4676 -1723073393
16.773 5249 -1723073393
16.800 5784 -1723073393
16.827 6209 -1723073393
16.853 6541 -1723073393
16.880 6770 -1723073393
16.907 6807 -1723073393
16.933 6732 -1723073393
16.960 6528 -1723073393
16.987 6106 -1723073393
17.013 5615 -1723073393
17.040 5008 -1723073393
17.067 4249 -1723073393
17.093 3490 -1723073393
17.120 2664 -1723073393
17.147 1799 -1723073393
17.173 1003 -1723073393
17.200 214 -1723073393
17.227 -542 -1723073393
17.253 -1219 -1723073393
17.280 -1830 -1723073393
17.307 -2366 -1723073393
17.333 -2816 -1723073393
17.360 -3174 -1723073393
17.387 -3463 -1723073393
17.413 -3681 -1723073393
17.440 -3804 -1723073393
17.467 -3896 -1723073393
17.493 -3942 -1723073393
17.520 -3913 -1723073393
17.547 -3909 -1723073393
17.573 -3882 -1723073393
17.600 -3810 -1723073393
17.627 -3783 -1723073393
17.653 -3730 -1723073393
17.680 -3652 -1723073393
17.707 -3618 -1723073393
17.733 -3540 -1723073393
17.760 -3444 -1723073393
17.787 -3380 -1723073393
17.813 -3260 -1723073393
17.840 -3140 -1723073393
17.867 -3038 -1723073393
17.893 -2860 -1723073393
17.920 -2668 -1723073393
17.947 -2461 -1723073393
17.973 -2167 -1723073393
18.000 -1859 -1723073393
18.027 -1503 -1723073393
18.053 -1048 -1723073393
18.080 -583 -1723073393
18.107 -50 -1723073393
18.133 568 -1723073393
18.160 1227 -1723073393
18.187 1970 -1723073393
18.213 2777 -1723073393
18.240 3643 -1723073393
18.267 4592 -1723073393
18.293 5627 -1723073393
18.320 6754 -1723073393
18.347 7890 -1723073393
18.373 9075 -1723073393
18.400 10301 -1723073393
18.427 11463 -1723073393
18.453 12628 -1723073393
18.480 13715 -1723073393
18.507 14581 -1723073393
18.533 15377 -1723073393
18.560 16007 -1723073393
18.587 16289 -1723073393
18.613 16484 -1723073393
18.640 16396 -1723073393
18.667 15924 -1723073393
18.693 15403 -1723073393
18.720 14558 -1723073393
18.747 13431 -1723073393
18.773 12334 -1723073393
18.800 10966 -1723073393
18.827 9460 -1723073393
18.853 8063 -1723073393
18.880 6507 -1723073393
18.907 4981 -1723073393
18.933 3612 -1723073393
18.960 2179 -1723073393
18.987 856 -1723073393
19.013 -284 -1723073393
19.040 -1377 -1723073393
19.067 -2331 -1723073393
19.093 -3157 -1723073393
19.120 -3884 -1723073393
19.147 -4485 -1723073393
19.173 -4978 -1723073393
19.200 -5344 -1723073393
19.227 -5663 -1723073393
19.253 -5893 -1723073393
19.280 -6013 -1723073393
19.307 -6142 -1723073393
19.333 -6175 -1723073393
19.360 -6140 -1723073393
19.387 -6173 -1723073393
19.413 -6120 -1723073393
19.440 -6054 -1723073393
19.467 -6060 -1723073393
19.493 -5973 -1723073393
19.520 -5896 -1723073393
19.547 -5888 -1723073393
19.573 -5785 -1723073393
19.600 -5718 -1723073393
19.627 -5694 -1723073393
19.653 -5575 -1723073393
19.680 -5528 -1723073393
19.707 -5498 -1723073393
19.733 -5381 -1723073393
19.760 -5332 -1723073393
19.787 -5273 -1723073393
19.813 -5147 -1723073393
19.840 -5102 -1723073393
19.867 -5042 -1723073393
19.893 -4950 -1723073393
19.920 -4962 -1723073393
19.947 -4961 -1723073393
19.973 -4978 -1723073393
20.000 -5111 -1723073393
20.027 -5236 -1723073393
20.053 -5405 -1723073393
20.080 -5689 -1723073393
20.107 -5945 -1723073393
20.133 -6251 -1723073393
20.160 -6645 -1723073393
20.187 -6971 -1723073393
20.213 -7329 -1723073393
20.240 -7717 -1723073393
20.267 -7962 -1723073393
20.293 -8209 -1723073393
20.320 -8420 -1723073393
20.347 -8430 -1723073393
20.373 -8444 -1723073393
20.400 -8363 -1723073393
20.427 -8064 -1723073393
20.453 -7786 -1723073393
20.480 -7389 -1723073393
20.507 -6816 -1723073393
20.533 -6300 -1723073393
20.560 -5664 -1723073393
20.587 -4924 -1723073393
20.613 -4302 -1723073393
20.640 -3607 -1723073393
20.667 -2907 -1723073393
20.693 -2332 -1723073393
20.720 -1731 -1723073393
20.747 -1206 -1723073393
20.773 -799 -1723073393
20.800 -416 -1723073393
20.827 -117 -1723073393
20.853 88 -1723073393
20.880 257 -1723073393
20.907 363 -1723073393
20.933 418 -1723073393
20.960 439 -1723073393
20.987 427 -1723073393
21.013 397 -1723073393
21.040 362 -1723073393
21.067 326 -1723073393
21.093 292 -1723073393
21.120 265 -1723073393
21.147 251 -1723073393
21.173 252 -1723073393
21.200 272 -1723073393
21.227 312 -1723073393
21.253 369 -1723073393
21.280 440 -1723073393
21.307 518 -1723073393
21.333 599 -1723073393
21.360 680 -1723073393
21.387 760 -1723073393
21.413 835 -1723073393
21.440 907 -1723073393
21.467 983 -1723073393
21.493 1047 -1723073393
21.520 1104 -1723073393
21.547 1163 -1723073393
21.573 1218 -1723073393
21.600 1287 -1723073393
21.627 1366 -1723073393
21.653 1440 -1723073393
21.680 1533 -1723073393
21.707 1638 -1723073393
21.733 1737 -1723073393
21.760 1858 -1723073393
21.787 1985 -1723073393
21.813 2094 -1723073393
21.840 2219 -1723073393
21.867 2338 -1723073393
21.893 2433 -1723073393
21.920 2548 -1723073393
21.947 2628 -1723073393
21.973 2664 -1723073393
22.000 2712 -1723073393
22.027 2717 -1723073393
22.053 2673 -1723073393
22.080 2637 -1723073393
22.107 2545 -1723073393
22.133 2416 -1723073393
22.160 2306 -1723073393
22.187 2153 -1723073393
22.213 1999 -1723073393
22.240 1884 -1723073393
22.267 1748 -1723073393
22.293 1628 -1723073393
22.320 1544 -1723073393
22.347 1449 -1723073393
22.373 1373 -1723073393
22.400 1321 -1723073393
22.427 1259 -1723073393
22.453 1211 -1723073393
22.480 1176 -1723073393
22.507 1121 -1723073393
22.533 1070 -1723073393
22.560 1023 -1723073393
22.587 960 -1723073393
22.613 912 -1723073393
22.640 862 -1723073393
22.667 803 -1723073393
22.693 759 -1723073393
22.720 720 -1723073393
22.747 691 -1723073393
22.773 682 -1723073393
22.800 677 -1723073393
22.827 681 -1723073393
22.853 711 -1723073393
22.880 755 -1723073393
22.907 807 -1723073393
22.933 868 -1723073393
22.960 930 -1723073393
22.987 995 -1723073393
23.013 1061 -1723073393
23.040 1116 -1723073393
23.067 1167 -1723073393
23.093 1214 -1723073393
23.120 1241 -1723073393
23.147 1259 -1723073393
23.173 1272 -1723073393
23.200 1255 -1723073393
23.227 1227 -1723073393
23.253 1200 -1723073393
23.280 1151 -1723073393
23.307 1099 -1723073393
23.333 1045 -1723073393
23.360 962 -1723073393
23.387 879 -1723073393
23.413 800 -1723073393
23.440 710 -1723073393
23.467 628 -1723073393
23.493 546 -1723073393
23.520 458 -1723073393
23.547 384 -1723073393
23.573 317 -1723073393
23.600 259 -1723073393
23.627 209 -1723073393
23.653 164 -1723073393
23.680 123 -1723073393
23.707 80 -1723073393
23.733 38 -1723073393
23.760 -1 -1723073393
23.787 -44 -1723073393
23.813 -78 -1723073393
23.840 -104 -1723073393
23.867 -131 -1723073393
23.893 -141 -1723073393
23.920 -140 -1723073393
23.947 -145 -1723073393
23.973 -136 -1723073393
24.000 -118 -1723073393
24.027 -98 -1723073393
24.053 -58 -1723073393
24.080 -12 -1723073393
24.107 32 -1723073393
24.133 95 -1723073393
24.160 168 -1723073393
24.187 238 -1723073393
24.213 314 -1723073393
24.240 387 -1723073393
24.267 452 -1723073393
24.293 518 -1723073393
24.320 580 -1723073393
24.347 631 -1723073393
24.373 682 -1723073393
24.400 730 -1723073393
24.427 771 -1723073393
24.453 805 -1723073393
24.480 839 -1723073393
24.507 864 -1723073393
24.533 877 -1723073393
24.560 889 -1723073393
24.587 891 -1723073393
24.613 878 -1723073393
24.640 865 -1723073393
24.667 847 -1723073393
24.693 819 -1723073393
24.720 792 -1723073393
24.747 752 -1723073393
24.773 700 -1723073393
24.800 654 -1723073393
24.827 598 -1723073393
24.853 536 -1723073393
24.880 481 -1723073393
24.907 419 -1723073393
24.933 356 -1723073393
24.960 301 -1723073393
24.987 251 -1723073393
25.013 207 -1723073393
25.040 172 -1723073393
25.067 147 -1723073393
25.093 127 -1723073393
25.120 110 -1723073393
25.147 111 -1723073393
25.173 115 -1723073393
25.200 117 -1723073393
25.227 131 -1723073393
25.253 150 -1723073393
25.280 164 -1723073393
25.307 186 -1723073393
25.333 207 -1723073393
25.360 221 -1723073393
25.387 241 -1723073393
25.413 253 -1723073393
25.440 253 -1723073393
25.467 253 -1723073393
25.493 248 -1723073393
25.520 234 -1723073393
25.547 216 -1723073393
25.573 187 -1723073393
25.600 153 -1723073393
25.627 119 -1723073393
25.653 76 -1723073393
25.680 34 -1723073393
25.707 -3 -1723073393
25.733 -49 -1723073393
25.760 -92 -1723073393
25.787 -120 -1723073393
25.813 -148 -1723073393
25.840 -162 -1723073393
25.867 -156 -1723073393
25.893 -154 -1723073393
25.920 -140 -1723073393
25.947 -112 -1723073393
25.973 -99 -1723073393
26.000 -74 -1723073393
26.027 -39 -1723073393
26.053 -17 -1723073393
26.080 16 -1723073393
26.107 48 -1723073393
26.133 64 -1723073393
26.160 88 -1723073393
26.187 111 -1723073393
26.213 119 -1723073393
26.240 131 -1723073393
26.267 136 -1723073393
26.293 126 -1723073393
26.320 118 -1723073393
26.347 108 -1723073393
26.373 93 -1723073393
26.400 84 -1723073393
26.427 70 -1723073393
26.453 51 -1723073393
26.480 40 -1723073393
26.507 33 -1723073393
26.533 30 -1723073393
26.560 39 -1723073393
26.587 49 -1723073393
26.613 57 -1723073393
26.640 76 -1723073393
26.667 85 -1723073393
26.693 84 -1723073393
26.720 85 -1723073393
26.747 77 -1723073393
26.773 62 -1723073393
26.800 42 -1723073393
26.827 6 -1723073393
26.853 -31 -1723073393
26.880 -66 -1723073393
26.907 -113 -1723073393
26.933 -157 -1723073393
26.960 -183 -1723073393
26.987 -213 -1723073393
27.013 -234 -1723073393
27.040 -237 -1723073393
27.067 -243 -1723073393
27.093 -241 -1723073393
27.120 -220 -1723073393
27.147 -204 -1723073393
27.173 -176 -1723073393
27.200 -134 -1723073393
27.227 -108 -1723073393
27.253 -77 -1723073393
27.280 -40 -1723073393
27.307 -23 -1723073393
27.333 -10 -1723073393
27.360 3 -1723073393
27.387 5 -1723073393
27.413 6 -1723073393
27.440 3 -1723073393
27.467 -14 -1723073393
27.493 -36 -1723073393
27.520 -62 -1723073393
27.547 -102 -1723073393
27.573 -135 -1723073393
27.600 -172 -1723073393
27.627 -218 -1723073393
27.653 -247 -1723073393
27.680 -269 -1723073393
27.707 -301 -1723073393
27.733 -315 -1723073393
27.760 -318 -1723073393
27.787 -326 -1723073393
27.813 -311 -1723073393
27.840 -282 -1723073393
27.867 -260 -1723073393
27.893 -217 -1723073393
27.920 -165 -1723073393
27.947 -123 -1723073393
27.973 -59 -1723073393
28.000 8 -1723073393
28.027 62 -1723073393
28.053 128 -1723073393
28.080 188 -1723073393
28.107 236 -1723073393
28.133 287 -1723073393
28.160 324 -1723073393
28.187 347 -1723073393
28.213 366 -1723073393
28.240 378 -1723073393
28.267 381 -1723073393
28.293 379 -1723073393
28.320 377 -1723073393
28.347 375 -1723073393
28.373 372 -1723073393
28.400 370 -1723073393
28.427 365 -1723073393
28.453 360 -1723073393
28.480 355 -1723073393
28.507 347 -1723073393
28.533 331 -1723073393
28.560 312 -1723073393
28.587 289 -1723073393
28.613 259 -1723073393
28.640 230 -1723073393
28.667 204 -1723073393
28.693 172 -1723073393
28.720 137 -1723073393
28.747 108 -1723073393
28.773 83 -1723073393
28.800 56 -1723073393
28.827 36 -1723073393
28.853 21 -1723073393
28.880 1 -1723073393
28.907 -12 -1723073393
28.933 -19 -1723073393
28.960 -34 -1723073393
28.987 -40 -1723073393
29.013 -32 -1723073393
29.040 -31 -1723073393
29.067 -23 -1723073393
29.093 -9 -1723073393
29.120 -3 -1723073393
29.147 11 -1723073393
29.173 34 -1723073393
29.200 46 -1723073393
29.227 62 -1723073393
29.253 80 -1723073393
29.280 83 -1723073393
29.307 91 -1723073393
29.333 100 -1723073393
29.360 89 -1723073393
29.387 76 -1723073393
29.413 57 -1723073393
29.440 28 -1723073393
29.467 9 -1723073393
29.493 -4 -1723073393
29.520 -26 -1723073393
29.547 -40 -1723073393
29.573 -54 -1723073393
29.600 -76 -1723073393
29.627 -81 -1723073393
29.653 -77 -1723073393
29.680 -84 -1723073393
29.707 -74 -1723073393
29.733 -55 -1723073393
29.760 -37 -1723073393
29.787 -2 -1723073393
29.813 31 -1723073393
29.840 55 -1723073393
29.867 94 -1723073393
29.893 136 -1723073393
29.920 171 -1723073393
29.947 208 -1723073393
29.973 242 -1723073393
30.000 270 -1723073393
30.027 305 -1723073393
30.053 333 -1723073393
30.080 353 -1723073393
30.107 373 -1723073393
30.133 386 -1723073393
30.160 395 -1723073393
30.187 402 -1723073393
30.213 401 -1723073393
30.240 393 -1723073393
30.267 375 -1723073393
30.293 347 -1723073393
30.320 320 -1723073393
30.347 288 -1723073393
30.373 254 -1723073393
30.400 219 -1723073393
30.427 176 -1723073393
30.453 125 -1723073393
30.480 75 -1723073393
30.507 27 -1723073393
30.533 -23 -1723073393
30.560 -72 -1723073393
30.587 -114 -1723073393
30.613 -155 -1723073393
30.640 -191 -1723073393
30.667 -207 -1723073393
30.693 -217 -1723073393
30.720 -215 -1723073393
30.747 -182 -1723073393
30.773 -143 -1723073393
30.800 -99 -1723073393
30.827 -31 -1723073393
30.853 30 -1723073393
30.880 87 -1723073393
30.907 158 -1723073393
30.933 222 -1723073393
30.960 278 -1723073393
30.987 328 -1723073393
31.013 353 -1723073393
31.040 365 -1723073393
31.067 366 -1723073393
31.093 351 -1723073393
31.120 322 -1723073393
31.147 274 -1723073393
31.173 210 -1723073393
31.200 138 -1723073393
31.227 60 -1723073393
31.253 -27 -1723073393
31.280 -114 -1723073393
31.307 -193 -1723073393
31.333 -270 -1723073393
31.360 -331 -1723073393
31.387 -356 -1723073393
31.413 -376 -1723073393
31.440 -380 -1723073393
31.467 -346 -1723073393
31.493 -309 -1723073393
31.520 -266 -1723073393
31.547 -193 -1723073393
31.573 -125 -1723073393
31.600 -60 -1723073393
31.627 22 -1723073393
31.653 90 -1723073393
31.680 147 -1723073393
31.707 207 -1723073393
31.733 244 -1723073393
31.760 264 -1723073393
31.787 286 -1723073393
31.813 294 -1723073393
31.840 292 -1723073393
31.867 290 -1723073393
31.893 282 -1723073393
31.920 278 -1723073393
31.947 281 -1723073393
31.973 279 -1723073393
32.000 274 -1723073393
32.027 272 -1723073393
32.053 269 -1723073393
32.080 270 -1723073393
32.107 272 -1723073393
32.133 264 -1723073393
32.160 255 -1723073393
32.187 243 -1723073393
32.213 218 -1723073393
32.240 187 -1723073393
32.267 158 -1723073393
32.293 120 -1723073393
32.320 78 -1723073393
32.347 44 -1723073393
32.373 3 -1723073393
32.400 -40 -1723073393
32.427 -69 -1723073393
32.453 -96 -1723073393
32.480 -115 -1723073393
32.507 -110 -1723073393
32.533 -103 -1723073393
32.560 -85 -1723073393
32.587 -42 -1723073393
32.613 -4 -1723073393
32.640 37 -1723073393
32.667 100 -1723073393
32.693 154 -1723073393
32.720 201 -1723073393
32.747 248 -1723073393
32.773 274 -1723073393
32.800 285 -1723073393
32.827 291 -1723073393
32.853 279 -1723073393
32.880 247 -1723073393
32.907 204 -1723073393
32.933 147 -1723073393
32.960 74 -1723073393
32.987 -9 -1723073393
33.013 -101 -1723073393
33.040 -196 -1723073393
33.067 -275 -1723073393
33.093 -345 -1723073393
33.120 -394 -1723073393
33.147 -403 -1723073393
33.173 -403 -1723073393
33.200 -386 -1723073393
33.227 -329 -1723073393
33.253 -272 -1723073393
33.280 -215 -1723073393
33.307 -126 -1723073393
33.333 -40 -1723073393
33.360 38 -1723073393
33.387 132 -1723073393
33.413 210 -1723073393
33.440 275 -1723073393
33.467 340 -1723073393
33.493 395 -1723073393
33.520 438 -1723073393
33.547 479 -1723073393
33.573 514 -1723073393
33.600 541 -1723073393
33.627 557 -1723073393
33.653 570 -1723073393
33.680 585 -1723073393
33.707 594 -1723073393
33.733 599 -1723073393
33.760 597 -1723073393
33.787 580 -1723073393
33.813 556 -1723073393
33.840 527 -1723073393
33.867 487 -1723073393
33.893 443 -1723073393
33.920 399 -1723073393
33.947 344 -1723073393
33.973 279 -1723073393
34.000 216 -1723073393
34.027 156 -1723073393
34.053 93 -1723073393
34.080 31 -1723073393
34.107 -18 -1723073393
34.133 -64 -1723073393
34.160 -101 -1723073393
34.187 -109 -1723073393
34.213 -107 -1723073393
34.240 -99 -1723073393
34.267 -65 -1723073393
34.293 -24 -1723073393
34.320 13 -1723073393
34.347 73 -1723073393
34.373 134 -1723073393
34.400 184 -1723073393
34.427 250 -1723073393
34.453 315 -1723073393
34.480 366 -1723073393
34.507 417 -1723073393
34.533 451 -1723073393
34.560 464 -1723073393
34.587 466 -1723073393
34.613 451 -1723073393
34.640 422 -1723073393
34.667 370 -1723073393
34.693 294 -1723073393
34.720 206 -1723073393
34.747 115 -1723073393
34.773 24 -1723073393
34.800 -58 -1723073393
34.827 -131 -1723073393
34.853 -193 -1723073393
34.880 -245 -1723073393
34.907 -272 -1723073393
34.933 -279 -1723073393
34.960 -282 -1723073393
34.987 -255 -1723073393
35.013 -205 -1723073393
35.040 -163 -1723073393
35.067 -97 -1723073393
35.093 -5 -1723073393
35.120 69 -1723073393
35.147 148 -1723073393
35.173 237 -1723073393
35.200 307 -1723073393
35.227 368 -1723073393
35.253 428 -1723073393
35.280 473 -1723073393
35.307 504 -1723073393
35.333 526 -1723073393
35.360 533 -1723073393
35.387 524 -1723073393
35.413 503 -1723073393
35.440 478 -1723073393
35.467 450 -1723073393
35.493 414 -1723073393
35.520 377 -1723073393
35.547 337 -1723073393
35.573 299 -1723073393
35.600 265 -1723073393
35.627 227 -1723073393
35.653 191 -1723073393
35.680 160 -1723073393
35.707 128 -1723073393
35.733 107 -1723073393
35.760 88 -1723073393
35.787 70 -1723073393
35.813 68 -1723073393
35.840 67 -1723073393
35.867 61 -1723073393
35.893 66 -1723073393
35.920 69 -1723073393
35.947 70 -1723073393
35.973 86 -1723073393
36.000 101 -1723073393
36.027 103 -1723073393
36.053 114 -1723073393
36.080 135 -1723073393
36.107 153 -1723073393
36.133 185 -1723073393
36.160 223 -1723073393
36.187 256 -1723073393
36.213 296 -1723073393
36.240 335 -1723073393
36.267 358 -1723073393
36.293 383 -1723073393
36.320 410 -1723073393
36.347 425 -1723073393
36.373 432 -1723073393
36.400 427 -1723073393
36.427 407 -1723073393
36.453 373 -1723073393
36.480 333 -1723073393
36.507 278 -1723073393
36.533 211 -1723073393
36.560 143 -1723073393
36.587 73 -1723073393
36.613 6 -1723073393
36.640 -52 -1723073393
36.667 -105 -1723073393
36.693 -139 -1723073393
36.720 -154 -1723073393
36.747 -169 -1723073393
36.773 -172 -1723073393
36.800 -144 -1723073393
36.827 -113 -1723073393
36.853 -69 -1723073393
36.880 1 -1723073393
36.907 67 -1723073393
36.933 128 -1723073393
36.960 195 -1723073393
36.987 249 -1723073393
37.013 288 -1723073393
37.040 330 -1723073393
37.067 362 -1723073393
37.093 382 -1723073393
37.120 399 -1723073393
37.147 409 -1723073393
37.173 411 -1723073393
37.200 408 -1723073393
37.227 401 -1723073393
37.253 393 -1723073393
37.280 388 -1723073393
37.307 384 -1723073393
37.333 380 -1723073393
37.360 374 -1723073393
37.387 372 -1723073393
37.413 371 -1723073393
37.440 367 -1723073393
37.467 360 -1723073393
37.493 354 -1723073393
37.520 350 -1723073393
37.547 344 -1723073393
37.573 332 -1723073393
37.600 318 -1723073393
37.627 304 -1723073393
37.653 288 -1723073393
37.680 270 -1723073393
37.707 258 -1723073393
37.733 244 -1723073393
37.760 232 -1723073393
37.787 232 -1723073393
37.813 229 -1723073393
37.840 228 -1723073393
37.867 234 -1723073393
37.893 236 -1723073393
37.920 238 -1723073393
37.947 249 -1723073393
37.973 259 -1723073393
38.000 267 -1723073393
38.027 278 -1723073393
38.053 279 -1723073393
38.080 270 -1723073393
38.107 261 -1723073393
38.133 244 -1723073393
38.160 213 -1723073393
38.187 175 -1723073393
38.213 130 -1723073393
38.240 78 -1723073393
38.267 22 -1723073393
38.293 -32 -1723073393
38.320 -84 -1723073393
38.347 -122 -1723073393
38.373 -155 -1723073393
38.400 -189 -1723073393
38.427 -203 -1723073393
38.453 -204 -1723073393
38.480 -207 -1723073393
38.507 -184 -1723073393
38.533 -141 -1723073393
38.560 -107 -1723073393
38.587 -52 -1723073393
38.613 19 -1723073393
38.640 67 -1723073393
38.667 118 -1723073393
38.693 175 -1723073393
38.720 215 -1723073393
38.747 247 -1723073393
38.773 282 -1723073393
38.800 300 -1723073393
38.827 302 -1723073393
38.853 305 -1723073393
38.880 301 -1723073393
38.907 291 -1723073393
38.933 283 -1723073393
38.960 272 -1723073393
38.987 255 -1723073393
39.013 245 -1723073393
39.040 237 -1723073393
39.067 229 -1723073393
39.093 230 -1723073393
39.120 232 -1723073393
39.147 231 -1723073393
39.173 234 -1723073393
39.200 239 -1723073393
39.227 238 -1723073393
39.253 242 -1723073393
39.280 246 -1723073393
39.307 242 -1723073393
39.333 240 -1723073393
39.360 242 -1723073393
39.387 235 -1723073393
39.413 230 -1723073393
39.440 225 -1723073393
39.467 214 -1723073393
39.493 206 -1723073393
39.520 201 -1723073393
39.547 187 -1723073393
39.573 174 -1723073393
39.600 171 -1723073393
39.627 164 -1723073393
39.653 155 -1723073393
39.680 156 -1723073393
39.707 154 -1723073393
39.733 147 -1723073393
39.760 145 -1723073393
39.787 136 -1723073393
39.813 124 -1723073393
39.840 121 -1723073393
39.867 114 -1723073393
39.893 99 -1723073393
39.920 94 -1723073393
39.947 90 -1723073393
39.973 76 -1723073393
40.000 71 -1723073393
40.027 71 -1723073393
40.053 58 -1723073393
40.080 53 -1723073393
40.107 53 -1723073393
40.133 43 -1723073393
40.160 37 -1723073393
40.187 46 -1723073393
40.213 50 -1723073393
40.240 57 -1723073393
40.267 79 -1723073393
40.293 92 -1723073393
40.320 105 -1723073393
40.347 128 -1723073393
40.373 146 -1723073393
40.400 162 -1723073393
40.427 192 -1723073393
40.453 214 -1723073393
40.480 224 -1723073393
40.507 237 -1723073393
40.533 248 -1723073393
40.560 249 -1723073393
40.587 246 -1723073393
40.613 239 -1723073393
40.640 226 -1723073393
40.667 214 -1723073393
40.693 203 -1723073393
40.720 191 -1723073393
40.747 181 -1723073393
40.773 174 -1723073393
40.800 164 -1723073393
40.827 156 -1723073393
40.853 155 -1723073393
40.880 150 -1723073393
40.907 145 -1723073393
40.933 150 -1723073393
40.960 157 -1723073393
40.987 160 -1723073393
41.013 167 -1723073393
41.040 169 -1723073393
41.067 166 -1723073393
41.093 168 -1723073393
41.120 164 -1723073393
41.147 153 -1723073393
41.173 147 -1723073393
41.200 144 -1723073393
41.227 134 -1723073393
41.253 127 -1723073393
41.280 120 -1723073393
41.307 113 -1723073393
41.333 117 -1723073393
41.360 127 -1723073393
41.387 130 -1723073393
41.413 133 -1723073393
41.440 141 -1723073393
41.467 145 -1723073393
41.493 148 -1723073393
41.520 155 -1723073393
41.547 156 -1723073393
41.573 152 -1723073393
41.600 148 -1723073393
41.627 132 -1723073393
41.653 111 -1723073393
41.680 94 -1723073393
41.707 68 -1723073393
41.733 33 -1723073393
41.760 2 -1723073393
41.787 -30 -1723073393
41.813 -71 -1723073393
41.840 -100 -1723073393
41.867 -120 -1723073393
41.893 -147 -1723073393
41.920 -157 -1723073393
41.947 -156 -1723073393
41.973 -163 -1723073393
42.000 -151 -1723073393
42.027 -120 -1723073393
42.053 -97 -1723073393
42.080 -66 -1723073393
42.107 -23 -1723073393
42.133 6 -1723073393
42.160 35 -1723073393
42.187 71 -1723073393
42.213 86 -1723073393
42.240 86 -1723073393
42.267 85 -1723073393
42.293 72 -1723073393
42.320 51 -1723073393
42.347 39 -1723073393
42.373 23 -1723073393
42.400 0 -1723073393
42.427 -22 -1723073393
42.453 -43 -1723073393
42.480 -62 -1723073393
42.507 -63 -1723073393
42.533 -58 -1723073393
42.560 -62 -1723073393
42.587 -53 -1723073393
42.613 -28 -1723073393
42.640 -8 -1723073393
42.667 14 -1723073393
42.693 51 -1723073393
42.720 80 -1723073393
42.747 108 -1723073393
42.773 146 -1723073393
42.800 173 -1723073393
42.827 190 -1723073393
42.853 212 -1723073393
42.880 229 -1723073393
42.907 236 -1723073393
42.933 243 -1723073393
42.960 243 -1723073393
42.987 234 -1723073393
43.013 225 -1723073393
43.040 212 -1723073393
43.067 191 -1723073393
43.093 171 -1723073393
43.120 149 -1723073393
43.147 120 -1723073393
43.173 93 -1723073393
43.200 73 -1723073393
43.227 47 -1723073393
43.253 23 -1723073393
43.280 7 -1723073393
43.307 -14 -1723073393
43.333 -37 -1723073393
43.360 -49 -1723073393
43.387 -66 -1723073393
43.413 -89 -1723073393
43.440 -103 -1723073393
43.467 -121 -1723073393
43.493 -148 -1723073393
43.520 -160 -1723073393
43.547 -169 -1723073393
43.573 -184 -1723073393
43.600 -181 -1723073393
43.627 -171 -1723073393
43.653 -172 -1723073393
43.680 -162 -1723073393
43.707 -139 -1723073393
43.733 -126 -1723073393
43.760 -100 -1723073393
43.787 -52 -1723073393
43.813 -23 -1723073393
43.840 0 -1723073393
43.867 27 -1723073393
43.893 40 -1723073393
43.920 40 -1723073393
43.947 44 -1723073393
43.973 39 -1723073393
44.000 17 -1723073393
44.027 0 -1723073393
44.053 -19 -1723073393
44.080 -50 -1723073393
44.107 -73 -1723073393
44.133 -87 -1723073393
44.160 -109 -1723073393
44.187 -119 -1723073393
44.213 -111 -1723073393
44.240 -107 -1723073393
44.267 -95 -1723073393
44.293 -66 -1723073393
44.320 -42 -1723073393
44.347 -16 -1723073393
44.373 28 -1723073393
44.400 68 -1723073393
44.427 101 -1723073393
44.453 141 -1723073393
44.480 175 -1723073393
44.507 196 -1723073393
44.533 220 -1723073393
44.560 242 -1723073393
44.587 250 -1723073393
44.613 256 -1723073393
44.640 260 -1723073393
44.667 252 -1723073393
44.693 241 -1723073393
44.720 233 -1723073393
44.747 218 -1723073393
44.773 204 -1723073393
44.800 194 -1723073393
44.827 174 -1723073393
44.853 151 -1723073393
44.880 135 -1723073393
44.907 114 -1723073393
44.933 83 -1723073393
44.960 63 -1723073393
44.987 44 -1723073393
45.013 18 -1723073393
45.040 2 -1723073393
45.067 -9 -1723073393
45.093 -31 -1723073393
45.120 -45 -1723073393
45.147 -55 -1723073393
45.173 -74 -1723073393
45.200 -84 -1723073393
45.227 -80 -1723073393
45.253 -85 -1723073393
45.280 -80 -1723073393
45.307 -59 -1723073393
45.333 -50 -1723073393
45.360 -38 -1723073393
45.387 -9 -1723073393
45.413 8 -1723073393
45.440 21 -1723073393
45.467 52 -1723073393
45.493 79 -1723073393
45.520 92 -1723073393
45.547 114 -1723073393
45.573 136 -1723073393
45.600 144 -1723073393
45.627 158 -1723073393
45.653 176 -1723073393
45.680 177 -1723073393
45.707 170 -1723073393
45.733 164 -1723073393
45.760 144 -1723073393
45.787 117 -1723073393
45.813 96 -1723073393
45.840 63 -1723073393
45.867 22 -1723073393
45.893 -8 -1723073393
45.920 -40 -1723073393
45.947 -75 -1723073393
45.973 -93 -1723073393
46.000 -105 -1723073393
46.027 -121 -1723073393
46.053 -118 -1723073393
46.080 -105 -1723073393
46.107 -97 -1723073393
46.133 -72 -1723073393
46.160 -37 -1723073393
46.187 -15 -1723073393
46.213 13 -1723073393
46.240 51 -1723073393
46.267 79 -1723073393
46.293 112 -1723073393
46.320 154 -1723073393
46.347 185 -1723073393
46.373 210 -1723073393
46.400 242 -1723073393
46.427 272 -1723073393
46.453 292 -1723073393
46.480 309 -1723073393
46.507 324 -1723073393
46.533 329 -1723073393
46.560 330 -1723073393
46.587 328 -1723073393
46.613 322 -1723073393
46.640 311 -1723073393
46.667 290 -1723073393
46.693 261 -1723073393
46.720 225 -1723073393
46.747 184 -1723073393
46.773 144 -1723073393
46.800 110 -1723073393
46.827 75 -1723073393
46.853 38 -1723073393
46.880 8 -1723073393
46.907 -6 -1723073393
46.933 -11 -1723073393
46.960 -11 -1723073393
46.987 5 -1723073393
47.013 24 -1723073393
47.040 40 -1723073393
47.067 68 -1723073393
47.093 104 -1723073393
47.120 132 -1723073393
47.147 161 -1723073393
47.173 193 -1723073393
47.200 215 -1723073393
47.227 228 -1723073393
47.253 238 -1723073393
47.280 244 -1723073393
47.307 248 -1723073393
47.333 251 -1723073393
47.360 250 -1723073393
47.387 246 -1723073393
47.413 242 -1723073393
47.440 232 -1723073393
47.467 219 -1723073393
47.493 207 -1723073393
47.520 192 -1723073393
47.547 172 -1723073393
47.573 154 -1723073393
47.600 140 -1723073393
47.627 127 -1723073393
47.653 119 -1723073393
47.680 117 -1723073393
47.707 114 -1723073393
47.733 115 -1723073393
47.760 127 -1723073393
47.787 140 -1723073393
47.813 155 -1723073393
47.840 185 -1723073393
47.867 217 -1723073393
47.893 245 -1723073393
47.920 281 -1723073393
47.947 318 -1723073393
47.973 350 -1723073393
48.000 383 -1723073393
48.027 418 -1723073393
48.053 445 -1723073393
48.080 467 -1723073393
48.107 487 -1723073393
48.133 503 -1723073393
48.160 520 -1723073393
48.187 536 -1723073393
48.213 551 -1723073393
48.240 565 -1723073393
48.267 574 -1723073393
48.293 583 -1723073393
48.320 589 -1723073393
48.347 588 -1723073393
48.373 582 -1723073393
48.400 573 -1723073393
48.427 553 -1723073393
48.453 522 -1723073393
48.480 488 -1723073393
48.507 454 -1723073393
48.533 423 -1723073393
48.560 395 -1723073393
48.587 366 -1723073393
48.613 336 -1723073393
48.640 308 -1723073393
48.667 284 -1723073393
48.693 263 -1723073393
48.720 249 -1723073393
48.747 236 -1723073393
48.773 229 -1723073393
48.800 229 -1723073393
48.827 227 -1723073393
48.853 226 -1723073393
48.880 230 -1723073393
48.907 232 -1723073393
48.933 233 -1723073393
48.960 235 -1723073393
48.987 234 -1723073393
49.013 232 -1723073393
49.040 234 -1723073393
49.067 234 -1723073393
49.093 228 -1723073393
49.120 226 -1723073393
49.147 224 -1723073393
49.173 216 -1723073393
49.200 213 -1723073393
49.227 212 -1723073393
49.253 206 -1723073393
49.280 201 -1723073393
49.307 200 -1723073393
49.333 194 -1723073393
49.360 186 -1723073393
49.387 185 -1723073393
49.413 180 -1723073393
49.440 175 -1723073393
49.467 173 -1723073393
49.493 165 -1723073393
49.520 154 -1723073393
49.547 150 -1723073393
49.573 147 -1723073393
49.600 142 -1723073393
49.627 149 -1723073393
49.653 162 -1723073393
49.680 169 -1723073393
49.707 176 -1723073393
49.733 189 -1723073393
49.760 200 -1723073393
49.787 212 -1723073393
49.813 227 -1723073393
49.840 239 -1723073393
49.867 247 -1723073393
49.893 257 -1723073393
49.920 261 -1723073393
49.947 252 -1723073393
49.973 245 -1723073393
50.000 238 -1723073393
50.027 221 -1723073393
50.053 206 -1723073393
50.080 188 -1723073393
50.107 162 -1723073393
50.133 135 -1723073393
50.160 117 -1723073393
50.187 91 -1723073393
50.213 61 -1723073393
50.240 35 -1723073393
50.267 6 -1723073393
50.293 -29 -1723073393
50.320 -57 -1723073393
50.347 -80 -1723073393
50.373 -105 -1723073393
50.400 -120 -1723073393
50.427 -131 -1723073393
50.453 -149 -1723073393
50.480 -156 -1723073393
50.507 -147 -1723073393
50.533 -145 -1723073393
50.560 -143 -1723073393
50.587 -129 -1723073393
50.613 -118 -1723073393
50.640 -113 -1723073393
50.667 -99 -1723073393
50.693 -84 -1723073393
50.720 -74 -1723073393
50.747 -57 -1723073393
50.773 -40 -1723073393
50.800 -35 -1723073393
50.827 -28 -1723073393
50.853 -16 -1723073393
50.880 -13 -1723073393
50.907 -13 -1723073393
50.933 -11 -1723073393
50.960 -15 -1723073393
50.987 -18 -1723073393
51.013 -14 -1723073393
51.040 -12 -1723073393
51.067 -15 -1723073393
51.093 -14 -1723073393
51.120 -13 -1723073393
51.147 -18 -1723073393
51.173 -16 -1723073393
51.200 -6 -1723073393
51.227 -4 -1723073393
51.253 2 -1723073393
51.280 18 -1723073393
51.307 31 -1723073393
51.333 47 -1723073393
51.360 73 -1723073393
51.387 99 -1723073393
51.413 121 -1723073393
51.440 154 -1723073393
51.467 182 -1723073393
51.493 198 -1723073393
51.520 223 -1723073393
51.547 253 -1723073393
51.573 275 -1723073393
51.600 297 -1723073393
51.627 319 -1723073393
51.653 325 -1723073393
51.680 322 -1723073393
51.707 321 -1723073393
51.733 316 -1723073393
51.760 308 -1723073393
51.787 303 -1723073393
51.813 299 -1723073393
51.840 294 -1723073393
51.867 295 -1723073393
51.893 302 -1723073393
51.920 306 -1723073393
51.947 312 -1723073393
51.973 328 -1723073393
52.000 344 -1723073393
52.027 356 -1723073393
52.053 370 -1723073393
52.080 380 -1723073393
52.107 384 -1723073393
52.133 380 -1723073393
52.160 363 -1723073393
52.187 342 -1723073393
52.213 319 -1723073393
52.240 292 -1723073393
52.267 259 -1723073393
52.293 227 -1723073393
52.320 196 -1723073393
52.347 170 -1723073393
52.373 152 -1723073393
52.400 138 -1723073393
52.427 123 -1723073393
52.453 113 -1723073393
52.480 111 -1723073393
52.507 107 -1723073393
52.533 102 -1723073393
52.560 100 -1723073393
52.587 95 -1723073393
52.613 89 -1723073393
52.640 91 -1723073393
52.667 94 -1723073393
52.693 91 -1723073393
52.720 89 -1723073393
52.747 88 -1723073393
52.773 84 -1723073393
52.800 77 -1723073393
52.827 72 -1723073393
52.853 60 -1723073393
52.880 46 -1723073393
52.907 41 -1723073393
52.933 39 -1723073393
52.960 31 -1723073393
52.987 29 -1723073393
53.013 33 -1723073393
53.040 27 -1723073393
53.067 20 -1723073393
53.093 20 -1723073393
53.120 16 -1723073393
53.147 13 -1723073393
53.173 23 -1723073393
53.200 32 -1723073393
53.227 37 -1723073393
53.253 51 -1723073393
53.280 64 -1723073393
53.307 74 -1723073393
53.333 94 -1723073393
53.360 120 -1723073393
53.387 139 -1723073393
53.413 161 -1723073393
53.440 189 -1723073393
53.467 211 -1723073393
53.493 228 -1723073393
53.520 250 -1723073393
53.547 265 -1723073393
53.573 271 -1723073393
53.600 279 -1723073393
53.627 285 -1723073393
53.653 281 -1723073393
53.680 278 -1723073393
53.707 272 -1723073393
53.733 261 -1723073393
53.760 251 -1723073393
53.787 245 -1723073393
53.813 234 -1723073393
53.840 222 -1723073393
53.867 214 -1723073393
53.893 201 -1723073393
53.920 185 -1723073393
53.947 172 -1723073393
53.973 160 -1723073393
54.000 142 -1723073393
54.027 128 -1723073393
54.053 117 -1723073393
54.080 98 -1723073393
54.107 78 -1723073393
54.133 69 -1723073393
54.160 55 -1723073393
54.187 40 -1723073393
54.213 34 -1723073393
54.240 30 -1723073393
54.267 22 -1723073393
54.293 22 -1723073393
54.320 29 -1723073393
54.347 33 -1723073393
54.373 40 -1723073393
54.400 51 -1723073393
54.427 56 -1723073393
54.453 60 -1723073393
54.480 69 -1723073393
54.507 74 -1723073393
54.533 75 -1723073393
54.560 84 -1723073393
54.587 92 -1723073393
54.613 95 -1723073393
54.640 99 -1723073393
54.667 105 -1723073393
54.693 100 -1723073393
54.720 99 -1723073393
54.747 106 -1723073393
54.773 109 -1723073393
54.800 113 -1723073393
54.827 127 -1723073393
54.853 142 -1723073393
54.880 152 -1723073393
54.907 165 -1723073393
54.933 176 -1723073393
54.960 181 -1723073393
54.987 193 -1723073393
55.013 211 -1723073393
55.040 224 -1723073393
55.067 241 -1723073393
55.093 262 -1723073393
55.120 274 -1723073393
55.147 284 -1723073393
55.173 302 -1723073393
55.200 319 -1723073393
55.227 329 -1723073393
55.253 341 -1723073393
55.280 353 -1723073393
55.307 356 -1723073393
55.333 362 -1723073393
55.360 372 -1723073393
55.387 377 -1723073393
55.413 386 -1723073393
55.440 400 -1723073393
55.467 410 -1723073393
55.493 418 -1723073393
55.520 431 -1723073393
55.547 445 -1723073393
55.573 459 -1723073393
55.600 479 -1723073393
55.627 499 -1723073393
55.653 510 -1723073393
55.680 517 -1723073393
55.707 524 -1723073393
55.733 521 -1723073393
55.760 513 -1723073393
55.787 504 -1723073393
55.813 491 -1723073393
55.840 471 -1723073393
55.867 450 -1723073393
55.893 424 -1723073393
55.920 392 -1723073393
55.947 364 -1723073393
55.973 337 -1723073393
56.000 302 -1723073393
56.027 269 -1723073393
56.053 249 -1723073393
56.080 227 -1723073393
56.107 205 -1723073393
56.133 190 -1723073393
56.160 179 -1723073393
56.187 166 -1723073393
56.213 158 -1723073393
56.240 148 -1723073393
56.267 131 -1723073393
56.293 112 -1723073393
56.320 92 -1723073393
56.347 66 -1723073393
56.373 40 -1723073393
56.400 21 -1723073393
56.427 4 -1723073393
56.453 -13 -1723073393
56.480 -26 -1723073393
56.507 -42 -1723073393
56.533 -60 -1723073393
56.560 -70 -1723073393
56.587 -77 -1723073393
56.613 -88 -1723073393
56.640 -92 -1723073393
56.667 -86 -1723073393
56.693 -84 -1723073393
56.720 -83 -1723073393
56.747 -75 -1723073393
56.773 -74 -1723073393
56.800 -75 -1723073393
56.827 -70 -1723073393
56.853 -64 -1723073393
56.880 -60 -1723073393
56.907 -53 -1723073393
56.933 -44 -1723073393
56.960 -34 -1723073393
56.987 -21 -1723073393
57.013 -4 -1723073393
57.040 14 -1723073393
57.067 38 -1723073393
57.093 68 -1723073393
57.120 98 -1723073393
57.147 125 -1723073393
57.173 151 -1723073393
57.200 173 -1723073393
57.227 188 -1723073393
57.253 205 -1723073393
57.280 226 -1723073393
57.307 244 -1723073393
57.333 256 -1723073393
57.360 268 -1723073393
57.387 280 -1723073393
57.413 293 -1723073393
57.440 310 -1723073393
57.467 328 -1723073393
57.493 348 -1723073393
57.520 371 -1723073393
57.547 394 -1723073393
57.573 412 -1723073393
57.600 430 -1723073393
57.627 448 -1723073393
57.653 462 -1723073393
57.680 477 -1723073393
57.707 492 -1723073393
57.733 501 -1723073393
57.760 509 -1723073393
57.787 522 -1723073393
57.813 532 -1723073393
57.840 534 -1723073393
57.867 532 -1723073393
57.893 527 -1723073393
57.920 517 -1723073393
57.947 507 -1723073393
57.973 498 -1723073393
58.000 485 -1723073393
58.027 474 -1723073393
58.053 467 -1723073393
58.080 460 -1723073393
58.107 451 -1723073393
58.133 446 -1723073393
58.160 450 -1723073393
58.187 460 -1723073393
58.213 480 -1723073393
58.240 504 -1723073393
58.267 526 -1723073393
58.293 549 -1723073393
58.320 577 -1723073393
58.347 605 -1723073393
58.373 627 -1723073393
58.400 649 -1723073393
58.427 669 -1723073393
58.453 683 -1723073393
58.480 693 -1723073393
58.507 701 -1723073393
58.533 703 -1723073393
58.560 703 -1723073393
58.587 701 -1723073393
58.613 690 -1723073393
58.640 675 -1723073393
58.667 658 -1723073393
58.693 642 -1723073393
58.720 631 -1723073393
58.747 622 -1723073393
58.773 611 -1723073393
58.800 601 -1723073393
58.827 593 -1723073393
58.853 584 -1723073393
58.880 573 -1723073393
58.907 565 -1723073393
58.933 555 -1723073393
58.960 536 -1723073393
58.987 515 -1723073393
59.013 496 -1723073393
59.040 481 -1723073393
59.067 468 -1723073393
59.093 456 -1723073393
59.120 443 -1723073393
59.147 430 -1723073393
59.173 418 -1723073393
59.200 410 -1723073393
59.227 400 -1723073393
59.253 388 -1723073393
59.280 378 -1723073393
59.307 372 -1723073393
59.333 366 -1723073393
59.360 359 -1723073393
59.387 352 -1723073393
59.413 336 -1723073393
59.440 313 -1723073393
59.467 288 -1723073393
59.493 257 -1723073393
59.520 219 -1723073393
59.547 181 -1723073393
59.573 144 -1723073393
59.600 108 -1723073393
59.627 67 -1723073393
59.653 24 -1723073393
59.680 -15 -1723073393
59.707 -49 -1723073393
59.733 -75 -1723073393
59.760 -96 -1723073393
59.787 -118 -1723073393
59.813 -135 -1723073393
59.840 -141 -1723073393
59.867 -141 -1723073393
59.893 -135 -1723073393
59.920 -123 -1723073393
59.947 -113 -1723073393
59.973 -103 -1723073393
60.000 -85 -1723073393
60.027 -66 -1723073393
60.053 -48 -1723073393
60.080 -28 -1723073393
60.107 -11 -1723073393
60.133 0 -1723073393
60.160 11 -1723073393
60.187 20 -1723073393
60.213 20 -1723073393
60.240 15 -1723073393
60.267 11 -1723073393
60.293 3 -1723073393
60.320 -7 -1723073393
60.347 -19 -1723073393
60.373 -31 -1723073393
60.400 -45 -1723073393
60.427 -59 -1723073393
60.453 -75 -1723073393
60.480 -93 -1723073393
60.507 -113 -1723073393
60.533 -129 -1723073393
60.560 -145 -1723073393
60.587 -159 -1723073393
60.613 -170 -1723073393
60.640 -181 -1723073393
60.667 -192 -1723073393
60.693 -199 -1723073393
60.720 -204 -1723073393
60.747 -206 -1723073393
60.773 -204 -1723073393
60.800 -198 -1723073393
60.827 -191 -1723073393
60.853 -181 -1723073393
60.880 -168 -1723073393
60.907 -153 -1723073393
60.933 -137 -1723073393
60.960 -117 -1723073393
60.987 -95 -1723073393
61.013 -76 -1723073393
61.040 -62 -1723073393
61.067 -52 -1723073393
61.093 -48 -1723073393
61.120 -48 -1723073393
61.147 -49 -1723073393
61.173 -52 -1723073393
61.200 -55 -1723073393
61.227 -57 -1723073393
61.253 -71 -1723073393
61.280 -89 -1723073393
61.307 -105 -1723073393
61.333 -120 -1723073393
61.360 -137 -1723073393
61.387 -154 -1723073393
61.413 -169 -1723073393
61.440 -188 -1723073393
61.467 -208 -1723073393
61.493 -220 -1723073393
61.520 -225 -1723073393
61.547 -229 -1723073393
61.573 -231 -1723073393
61.600 -227 -1723073393
61.627 -220 -1723073393
61.653 -209 -1723073393
61.680 -194 -1723073393
61.707 -178 -1723073393
61.733 -158 -1723073393
61.760 -133 -1723073393
61.787 -105 -1723073393
61.813 -74 -1723073393
61.840 -40 -1723073393
61.867 -8 -1723073393
61.893 19 -1723073393
61.920 40 -1723073393
61.947 52 -1723073393
61.973 59 -1723073393
62.000 61 -1723073393
62.027 52 -1723073393
62.053 34 -1723073393
62.080 12 -1723073393
62.107 -9 -1723073393
62.133 -34 -1723073393
62.160 -61 -1723073393
62.187 -90 -1723073393
62.213 -117 -1723073393
62.240 -144 -1723073393
62.267 -170 -1723073393
62.293 -191 -1723073393
62.320 -209 -1723073393
62.347 -225 -1723073393
62.373 -235 -1723073393
62.400 -235 -1723073393
62.427 -232 -1723073393
62.453 -224 -1723073393
62.480 -206 -1723073393
62.507 -183 -1723073393
62.533 -158 -1723073393
62.560 -128 -1723073393
62.587 -95 -1723073393
62.613 -67 -1723073393
62.640 -43 -1723073393
62.667 -18 -1723073393
62.693 3 -1723073393
62.720 18 -1723073393
62.747 34 -1723073393
62.773 45 -1723073393
62.800 47 -1723073393
62.827 46 -1723073393
62.853 43 -1723073393
62.880 34 -1723073393
62.907 18 -1723073393
62.933 -1 -1723073393
62.960 -30 -1723073393
62.987 -66 -1723073393
63.013 -99 -1723073393
63.040 -132 -1723073393
63.067 -168 -1723073393
63.093 -202 -1723073393
63.120 -235 -1723073393
63.147 -269 -1723073393
63.173 -302 -1723073393
63.200 -329 -1723073393
63.227 -353 -1723073393
63.253 -376 -1723073393
63.280 -388 -1723073393
63.307 -387 -1723073393
63.333 -378 -1723073393
63.360 -362 -1723073393
63.387 -341 -1723073393
63.413 -319 -1723073393
63.440 -295 -1723073393
63.467 -270 -1723073393
63.493 -241 -1723073393
63.520 -209 -1723073393
63.547 -176 -1723073393
63.573 -148 -1723073393
63.600 -126 -1723073393
63.627 -102 -1723073393
63.653 -79 -1723073393
63.680 -62 -1723073393
63.707 -48 -1723073393
63.733 -38 -1723073393
63.760 -36 -1723073393
63.787 -38 -1723073393
63.813 -43 -1723073393
63.840 -52 -1723073393
63.867 -62 -1723073393
63.893 -72 -1723073393
63.920 -83 -1723073393
63.947 -92 -1723073393
63.973 -101 -1723073393
64.000 -111 -1723073393
64.027 -122 -1723073393
64.053 -131 -1723073393
64.080 -136 -1723073393
64.107 -135 -1723073393
64.133 -126 -1723073393
64.160 -111 -1723073393
64.187 -94 -1723073393
64.213 -76 -1723073393
64.240 -56 -1723073393
64.267 -36 -1723073393
64.293 -19 -1723073393
64.320 1 -1723073393
64.347 23 -1723073393
64.373 39 -1723073393
64.400 50 -1723073393
64.427 59 -1723073393
64.453 65 -1723073393
64.480 68 -1723073393
64.507 75 -1723073393
64.533 81 -1723073393
64.560 84 -1723073393
64.587 90 -1723073393
64.613 93 -1723073393
64.640 91 -1723073393
64.667 83 -1723073393
64.693 75 -1723073393
64.720 65 -1723073393
64.747 57 -1723073393
64.773 51 -1723073393
64.800 43 -1723073393
64.827 36 -1723073393
64.853 34 -1723073393
64.880 32 -1723073393
64.907 25 -1723073393
64.933 19 -1723073393
64.960 14 -1723073393
64.987 10 -1723073393
65.013 7 -1723073393
65.040 8 -1723073393
65.067 10 -1723073393
65.093 14 -1723073393
65.120 27 -1723073393
65.147 46 -1723073393
65.173 64 -1723073393
65.200 88 -1723073393
65.227 119 -1723073393
65.253 149 -1723073393
65.280 174 -1723073393
65.307 199 -1723073393
65.333 222 -1723073393
65.360 241 -1723073393
65.387 265 -1723073393
65.413 291 -1723073393
65.440 311 -1723073393
65.467 324 -1723073393
65.493 335 -1723073393
65.520 344 -1723073393
65.547 350 -1723073393
65.573 352 -1723073393
65.600 350 -1723073393
65.627 345 -1723073393
65.653 341 -1723073393
65.680 335 -1723073393
65.707 323 -1723073393
65.733 308 -1723073393
65.760 290 -1723073393
65.787 277 -1723073393
65.813 270 -1723073393
65.840 264 -1723073393
65.867 260 -1723073393
65.893 257 -1723073393
65.920 254 -1723073393
65.947 254 -1723073393
65.973 251 -1723073393
66.000 245 -1723073393
66.027 238 -1723073393
66.053 237 -1723073393
66.080 238 -1723073393
66.107 237 -1723073393
66.133 237 -1723073393
66.160 242 -1723073393
66.187 248 -1723073393
66.213 250 -1723073393
66.240 250 -1723073393
66.267 251 -1723073393
66.293 246 -1723073393
66.320 236 -1723073393
66.347 229 -1723073393
66.373 230 -1723073393
66.400 231 -1723073393
66.427 231 -1723073393
66.453 233 -1723073393
66.480 235 -1723073393
66.507 236 -1723073393
66.533 240 -1723073393
66.560 246 -1723073393
66.587 245 -1723073393
66.613 244 -1723073393
66.640 246 -1723073393
66.667 245 -1723073393
66.693 246 -1723073393
66.720 247 -1723073393
66.747 249 -1723073393
66.773 254 -1723073393
66.800 264 -1723073393
66.827 278 -1723073393
66.853 295 -1723073393
66.880 315 -1723073393
66.907 339 -1723073393
66.933 360 -1723073393
66.960 375 -1723073393
66.987 389 -1723073393
67.013 404 -1723073393
67.040 417 -1723073393
67.067 427 -1723073393
67.093 438 -1723073393
67.120 443 -1723073393
67.147 445 -1723073393
67.173 449 -1723073393
67.200 452 -1723073393
67.227 449 -1723073393
67.253 445 -1723073393
67.280 445 -1723073393
67.307 449 -1723073393
67.333 452 -1723073393
67.360 456 -1723073393
67.387 457 -1723073393
67.413 452 -1723073393
67.440 446 -1723073393
67.467 444 -1723073393
67.493 446 -1723073393
67.520 448 -1723073393
67.547 448 -1723073393
67.573 445 -1723073393
67.600 441 -1723073393
67.627 443 -1723073393
67.653 446 -1723073393
67.680 444 -1723073393
67.707 441 -1723073393
67.733 436 -1723073393
67.760 428 -1723073393
67.787 418 -1723073393
67.813 408 -1723073393
67.840 393 -1723073393
67.867 373 -1723073393
67.893 351 -1723073393
67.920 324 -1723073393
67.947 295 -1723073393
67.973 272 -1723073393
68.000 254 -1723073393
68.027 237 -1723073393
68.053 222 -1723073393
68.080 213 -1723073393
68.107 206 -1723073393
68.133 202 -1723073393
68.160 203 -1723073393
68.187 204 -1723073393
68.213 206 -1723073393
68.240 215 -1723073393
68.267 229 -1723073393
68.293 243 -1723073393
68.320 259 -1723073393
68.347 272 -1723073393
68.373 278 -1723073393
68.400 281 -1723073393
68.427 286 -1723073393
68.453 290 -1723073393
68.480 290 -1723073393
68.507 292 -1723073393
68.533 290 -1723073393
68.560 284 -1723073393
68.587 278 -1723073393
68.613 272 -1723073393
68.640 268 -1723073393
68.667 261 -1723073393
68.693 256 -1723073393
68.720 255 -1723073393
68.747 254 -1723073393
68.773 254 -1723073393
68.800 259 -1723073393
68.827 266 -1723073393
68.853 273 -1723073393
68.880 283 -1723073393
68.907 294 -1723073393
68.933 305 -1723073393
68.960 319 -1723073393
68.987 334 -1723073393
69.013 343 -1723073393
69.040 349 -1723073393
69.067 357 -1723073393
69.093 365 -1723073393
69.120 369 -1723073393
69.147 373 -1723073393
69.173 382 -1723073393
69.200 390 -1723073393
69.227 398 -1723073393
69.253 405 -1723073393
69.280 407 -1723073393
69.307 403 -1723073393
69.333 399 -1723073393
69.360 399 -1723073393
69.387 396 -1723073393
69.413 389 -1723073393
69.440 379 -1723073393
69.467 363 -1723073393
69.493 346 -1723073393
69.520 333 -1723073393
69.547 320 -1723073393
69.573 305 -1723073393
69.600 290 -1723073393
69.627 280 -1723073393
69.653 269 -1723073393
69.680 255 -1723073393
69.707 243 -1723073393
69.733 229 -1723073393
69.760 219 -1723073393
69.787 214 -1723073393
69.813 209 -1723073393
69.840 206 -1723073393
69.867 206 -1723073393
69.893 208 -1723073393
69.920 211 -1723073393
69.947 219 -1723073393
69.973 231 -1723073393
70.000 240 -1723073393
70.027 249 -1723073393
70.053 261 -1723073393
70.080 274 -1723073393
70.107 285 -1723073393
70.133 299 -1723073393
70.160 312 -1723073393
70.187 323 -1723073393
70.213 330 -1723073393
70.240 328 -1723073393
70.267 319 -1723073393
70.293 312 -1723073393
70.320 306 -1723073393
70.347 300 -1723073393
70.373 296 -1723073393
70.400 293 -1723073393
70.427 284 -1723073393
70.453 270 -1723073393
70.480 255 -1723073393
70.507 246 -1723073393
70.533 242 -1723073393
70.560 243 -1723073393
70.587 248 -1723073393
70.613 254 -1723073393
70.640 265 -1723073393
70.667 279 -1723073393
70.693 289 -1723073393
70.720 301 -1723073393
70.747 317 -1723073393
70.773 332 -1723073393
70.800 343 -1723073393
70.827 352 -1723073393
70.853 361 -1723073393
70.880 370 -1723073393
70.907 379 -1723073393
70.933 386 -1723073393
70.960 391 -1723073393
70.987 395 -1723073393
71.013 400 -1723073393
71.040 404 -1723073393
71.067 410 -1723073393
71.093 415 -1723073393
71.120 418 -1723073393
71.147 419 -1723073393
71.173 418 -1723073393
71.200 416 -1723073393
71.227 408 -1723073393
71.253 396 -1723073393
71.280 385 -1723073393
71.307 374 -1723073393
71.333 362 -1723073393
71.360 346 -1723073393
71.387 328 -1723073393
71.413 313 -1723073393
71.440 298 -1723073393
71.467 286 -1723073393
71.493 274 -1723073393
71.520 260 -1723073393
71.547 249 -1723073393
71.573 237 -1723073393
71.600 223 -1723073393
71.627 212 -1723073393
71.653 203 -1723073393
71.680 197 -1723073393
71.707 196 -1723073393
71.733 200 -1723073393
71.760 206 -1723073393
71.787 215 -1723073393
71.813 226 -1723073393
71.840 235 -1723073393
71.867 242 -1723073393
71.893 250 -1723073393
71.920 260 -1723073393
71.947 272 -1723073393
71.973 283 -1723073393
72.000 292 -1723073393
72.027 303 -1723073393
72.053 312 -1723073393
72.080 314 -1723073393
72.107 313 -1723073393
72.133 311 -1723073393
72.160 308 -1723073393
72.187 303 -1723073393
72.213 298 -1723073393
72.240 294 -1723073393
72.267 285 -1723073393
72.293 274 -1723073393
72.320 266 -1723073393
72.347 259 -1723073393
72.373 250 -1723073393
72.400 244 -1723073393
72.427 240 -1723073393
72.453 237 -1723073393
72.480 237 -1723073393
72.507 241 -1723073393
72.533 243 -1723073393
72.560 243 -1723073393
72.587 244 -1723073393
72.613 245 -1723073393
72.640 246 -1723073393
72.667 246 -1723073393
72.693 247 -1723073393
72.720 246 -1723073393
72.747 241 -1723073393
72.773 233 -1723073393
72.800 226 -1723073393
72.827 217 -1723073393
72.853 208 -1723073393
72.880 198 -1723073393
72.907 188 -1723073393
72.933 180 -1723073393
72.960 177 -1723073393
72.987 179 -1723073393
73.013 181 -1723073393
73.040 185 -1723073393
73.067 187 -1723073393
73.093 186 -1723073393
73.120 190 -1723073393
73.147 201 -1723073393
73.173 214 -1723073393
73.200 228 -1723073393
73.227 245 -1723073393
73.253 264 -1723073393
73.280 282 -1723073393
73.307 297 -1723073393
73.333 310 -1723073393
73.360 319 -1723073393
73.387 322 -1723073393
73.413 323 -1723073393
73.440 322 -1723073393
73.467 323 -1723073393
73.493 324 -1723073393
73.520 326 -1723073393
73.547 324 -1723073393
73.573 324 -1723073393
73.600 328 -1723073393
73.627 328 -1723073393
73.653 327 -1723073393
73.680 330 -1723073393
73.707 334 -1723073393
73.733 335 -1723073393
73.760 333 -1723073393
73.787 330 -1723073393
73.813 324 -1723073393
73.840 316 -1723073393
73.867 306 -1723073393
73.893 294 -1723073393
73.920 278 -1723073393
73.947 259 -1723073393
73.973 238 -1723073393
74.000 214 -1723073393
74.027 188 -1723073393
74.053 161 -1723073393
74.080 139 -1723073393
74.107 118 -1723073393
74.133 100 -1723073393
74.160 84 -1723073393
74.187 73 -1723073393
74.213 69 -1723073393
74.240 69 -1723073393
74.267 73 -1723073393
74.293 83 -1723073393
74.320 99 -1723073393
74.347 114 -1723073393
74.373 130 -1723073393
74.400 147 -1723073393
74.427 166 -1723073393
74.453 185 -1723073393
74.480 206 -1723073393
74.507 227 -1723073393
74.533 246 -1723073393
74.560 262 -1723073393
74.587 277 -1723073393
74.613 289 -1723073393
74.640 299 -1723073393
74.667 307 -1723073393
74.693 309 -1723073393
74.720 310 -1723073393
74.747 313 -1723073393
74.773 312 -1723073393
74.800 308 -1723073393
74.827 304 -1723073393
74.853 297 -1723073393
74.880 292 -1723073393
74.907 293 -1723073393
74.933 290 -1723073393
74.960 288 -1723073393
74.987 290 -1723073393
75.013 292 -1723073393
75.040 290 -1723073393
75.067 287 -1723073393
75.093 285 -1723073393
75.120 280 -1723073393
75.147 272 -1723073393
75.173 267 -1723073393
75.200 258 -1723073393
75.227 246 -1723073393
75.253 234 -1723073393
75.280 225 -1723073393
75.307 217 -1723073393
75.333 216 -1723073393
75.360 221 -1723073393
75.387 228 -1723073393
75.413 239 -1723073393
75.440 254 -1723073393
75.467 267 -1723073393
75.493 275 -1723073393
75.520 281 -1723073393
75.547 283 -1723073393
75.573 280 -1723073393
75.600 281 -1723073393
75.627 279 -1723073393
75.653 274 -1723073393
75.680 265 -1723073393
75.707 252 -1723073393
75.733 244 -1723073393
75.760 236 -1723073393
75.787 227 -1723073393
75.813 218 -1723073393
75.840 206 -1723073393
75.867 193 -1723073393
75.893 183 -1723073393
75.920 172 -1723073393
75.947 166 -1723073393
75.973 165 -1723073393
76.000 165 -1723073393
76.027 162 -1723073393
76.053 163 -1723073393
76.080 168 -1723073393
76.107 177 -1723073393
76.133 193 -1723073393
76.160 213 -1723073393
76.187 231 -1723073393
76.213 242 -1723073393
76.240 251 -1723073393
76.267 260 -1723073393
76.293 267 -1723073393
76.320 278 -1723073393
76.347 296 -1723073393
76.373 314 -1723073393
76.400 330 -1723073393
76.427 345 -1723073393
76.453 357 -1723073393
76.480 365 -1723073393
76.507 371 -1723073393
76.533 373 -1723073393
76.560 373 -1723073393
76.587 375 -1723073393
76.613 377 -1723073393
76.640 377 -1723073393
76.667 379 -1723073393
76.693 381 -1723073393
76.720 377 -1723073393
76.747 370 -1723073393
76.773 362 -1723073393
76.800 357 -1723073393
76.827 355 -1723073393
76.853 352 -1723073393
76.880 341 -1723073393
76.907 327 -1723073393
76.933 313 -1723073393
76.960 303 -1723073393
76.987 298 -1723073393
77.013 296 -1723073393
77.040 296 -1723073393
77.067 297 -1723073393
77.093 303 -1723073393
77.120 311 -1723073393
77.147 319 -1723073393
77.173 329 -1723073393
77.200 340 -1723073393
77.227 352 -1723073393
77.253 362 -1723073393
77.280 370 -1723073393
77.307 374 -1723073393
77.333 374 -1723073393
77.360 378 -1723073393
77.387 381 -1723073393
77.413 383 -1723073393
77.440 388 -1723073393
77.467 391 -1723073393
77.493 389 -1723073393
77.520 388 -1723073393
77.547 387 -1723073393
77.573 377 -1723073393
77.600 364 -1723073393
77.627 350 -1723073393
77.653 337 -1723073393
77.680 319 -1723073393
77.707 301 -1723073393
77.733 284 -1723073393
77.760 264 -1723073393
77.787 246 -1723073393
77.813 229 -1723073393
77.840 211 -1723073393
77.867 193 -1723073393
77.893 182 -1723073393
77.920 179 -1723073393
77.947 179 -1723073393
77.973 184 -1723073393
78.000 192 -1723073393
78.027 199 -1723073393
78.053 206 -1723073393
78.080 218 -1723073393
78.107 234 -1723073393
78.133 246 -1723073393
78.160 253 -1723073393
78.187 261 -1723073393
78.213 271 -1723073393
78.240 279 -1723073393
78.267 286 -1723073393
78.293 294 -1723073393
78.320 301 -1723073393
78.347 303 -1723073393
78.373 301 -1723073393
78.400 294 -1723073393
78.427 280 -1723073393
78.453 264 -1723073393
78.480 250 -1723073393
78.507 235 -1723073393
78.533 218 -1723073393
78.560 200 -1723073393
78.587 183 -1723073393
78.613 172 -1723073393
78.640 167 -1723073393
78.667 162 -1723073393
78.693 160 -1723073393
78.720 160 -1723073393
78.747 159 -1723073393
78.773 160 -1723073393
78.800 163 -1723073393
78.827 170 -1723073393
78.853 180 -1723073393
78.880 189 -1723073393
78.907 200 -1723073393
78.933 216 -1723073393
78.960 230 -1723073393
78.987 239 -1723073393
79.013 245 -1723073393
79.040 248 -1723073393
79.067 249 -1723073393
79.093 246 -1723073393
79.120 242 -1723073393
79.147 240 -1723073393
79.173 236 -1723073393
79.200 228 -1723073393
79.227 221 -1723073393
79.253 213 -1723073393
79.280 200 -1723073393
79.307 183 -1723073393
79.333 164 -1723073393
79.360 144 -1723073393
79.387 128 -1723073393
79.413 115 -1723073393
79.440 102 -1723073393
79.467 89 -1723073393
79.493 76 -1723073393
79.520 65 -1723073393
79.547 55 -1723073393
79.573 47 -1723073393
79.600 47 -1723073393
79.627 51 -1723073393
79.653 55 -1723073393
79.680 61 -1723073393
79.707 70 -1723073393
79.733 85 -1723073393
79.760 111 -1723073393
79.787 142 -1723073393
79.813 172 -1723073393
79.840 198 -1723073393
79.867 222 -1723073393
79.893 239 -1723073393
79.920 255 -1723073393
79.947 272 -1723073393
79.973 289 -1723073393
80.000 302 -1723073393
80.027 313 -1723073393
80.053 324 -1723073393
80.080 332 -1723073393
80.107 339 -1723073393
80.133 347 -1723073393
80.160 349 -1723073393
80.187 345 -1723073393
80.213 340 -1723073393
80.240 335 -1723073393
80.267 328 -1723073393
80.293 321 -1723073393
80.320 315 -1723073393
80.347 304 -1723073393
80.373 291 -1723073393
80.400 282 -1723073393
80.427 273 -1723073393
80.453 263 -1723073393
80.480 260 -1723073393
80.507 259 -1723073393
80.533 257 -1723073393
80.560 258 -1723073393
80.587 260 -1723073393
80.613 260 -1723073393
80.640 260 -1723073393
80.667 264 -1723073393
80.693 263 -1723073393
80.720 257 -1723073393
80.747 257 -1723073393
80.773 256 -1723073393
80.800 251 -1723073393
80.827 248 -1723073393
80.853 251 -1723073393
80.880 253 -1723073393
80.907 253 -1723073393
80.933 254 -1723073393
80.960 249 -1723073393
80.987 240 -1723073393
81.013 230 -1723073393
81.040 223 -1723073393
81.067 216 -1723073393
81.093 211 -1723073393
81.120 202 -1723073393
81.147 189 -1723073393
81.173 181 -1723073393
81.200 174 -1723073393
81.227 169 -1723073393
81.253 167 -1723073393
81.280 159 -1723073393
81.307 149 -1723073393
81.333 144 -1723073393
81.360 141 -1723073393
81.387 141 -1723073393
81.413 146 -1723073393
81.440 151 -1723073393
81.467 159 -1723073393
81.493 172 -1723073393
81.520 189 -1723073393
81.547 201 -1723073393
81.573 210 -1723073393
81.600 223 -1723073393
81.627 237 -1723073393
81.653 256 -1723073393
81.680 279 -1723073393
81.707 296 -1723073393
81.733 306 -1723073393
81.760 317 -1723073393
81.787 326 -1723073393
81.813 332 -1723073393
81.840 340 -1723073393
81.867 344 -1723073393
81.893 342 -1723073393
81.920 340 -1723073393
81.947 338 -1723073393
81.973 328 -1723073393
82.000 316 -1723073393
82.027 306 -1723073393
82.053 292 -1723073393
82.080 281 -1723073393
82.107 276 -1723073393
82.133 268 -1723073393
82.160 260 -1723073393
82.187 254 -1723073393
82.213 246 -1723073393
82.240 240 -1723073393
82.267 243 -1723073393
82.293 246 -1723073393
82.320 247 -1723073393
82.347 250 -1723073393
82.373 254 -1723073393
82.400 256 -1723073393
82.427 259 -1723073393
82.453 264 -1723073393
82.480 270 -1723073393
82.507 280 -1723073393
82.533 287 -1723073393
82.560 290 -1723073393
82.587 297 -1723073393
82.613 300 -1723073393
82.640 298 -1723073393
82.667 301 -1723073393
82.693 307 -1723073393
82.720 308 -1723073393
82.747 309 -1723073393
82.773 309 -1723073393
82.800 301 -1723073393
82.827 292 -1723073393
82.853 284 -1723073393
82.880 271 -1723073393
82.907 256 -1723073393
82.933 244 -1723073393
82.960 228 -1723073393
82.987 213 -1723073393
83.013 201 -1723073393
83.040 191 -1723073393
83.067 183 -1723073393
83.093 180 -1723073393
83.120 178 -1723073393
83.147 175 -1723073393
83.173 174 -1723073393
83.200 177 -1723073393
83.227 179 -1723073393
83.253 182 -1723073393
83.280 190 -1723073393
83.307 194 -1723073393
83.333 194 -1723073393
83.360 198 -1723073393
83.387 204 -1723073393
83.413 208 -1723073393
83.440 213 -1723073393
83.467 216 -1723073393
83.493 213 -1723073393
83.520 210 -1723073393
83.547 206 -1723073393
83.573 201 -1723073393
83.600 201 -1723073393
83.627 203 -1723073393
83.653 204 -1723073393
83.680 209 -1723073393
83.707 213 -1723073393
83.733 213 -1723073393
83.760 216 -1723073393
83.787 225 -1723073393
83.813 230 -1723073393
83.840 237 -1723073393
83.867 247 -1723073393
83.893 254 -1723073393
83.920 260 -1723073393
83.947 269 -1723073393
83.973 280 -1723073393
84.000 290 -1723073393
84.027 300 -1723073393
84.053 302 -1723073393
84.080 297 -1723073393
84.107 297 -1723073393
84.133 298 -1723073393
84.160 292 -1723073393
84.187 286 -1723073393
84.213 282 -1723073393
84.240 276 -1723073393
84.267 269 -1723073393
84.293 263 -1723073393
84.320 251 -1723073393
84.347 244 -1723073393
84.373 241 -1723073393
84.400 234 -1723073393
84.427 230 -1723073393
84.453 232 -1723073393
84.480 229 -1723073393
84.507 230 -1723073393
84.533 236 -1723073393
84.560 233 -1723073393
84.587 223 -1723073393
84.613 215 -1723073393
84.640 208 -1723073393
84.667 203 -1723073393
84.693 202 -1723073393
84.720 200 -1723073393
84.747 192 -1723073393
84.773 187 -1723073393
84.800 182 -1723073393
84.827 180 -1723073393
84.853 181 -1723073393
84.880 180 -1723073393
84.907 174 -1723073393
84.933 170 -1723073393
84.960 170 -1723073393
84.987 173 -1723073393
85.013 179 -1723073393
85.040 188 -1723073393
85.067 191 -1723073393
85.093 194 -1723073393
85.120 200 -1723073393
85.147 201 -1723073393
85.173 202 -1723073393
85.200 209 -1723073393
85.227 218 -1723073393
85.253 225 -1723073393
85.280 232 -1723073393
85.307 235 -1723073393
85.333 235 -1723073393
85.360 240 -1723073393
85.387 245 -1723073393
85.413 247 -1723073393
85.440 254 -1723073393
85.467 263 -1723073393
85.493 262 -1723073393
85.520 260 -1723073393
85.547 265 -1723073393
85.573 264 -1723073393
85.600 265 -1723073393
85.627 269 -1723073393
85.653 267 -1723073393
85.680 270 -1723073393
85.707 277 -1723073393
85.733 276 -1723073393
85.760 272 -1723073393
85.787 271 -1723073393
85.813 265 -1723073393
85.840 261 -1723073393
85.867 259 -1723073393
85.893 251 -1723073393
85.920 246 -1723073393
85.947 244 -1723073393
85.973 237 -1723073393
86.000 230 -1723073393
86.027 227 -1723073393
86.053 221 -1723073393
86.080 214 -1723073393
86.107 207 -1723073393
86.133 199 -1723073393
86.160 195 -1723073393
86.187 198 -1723073393
86.213 202 -1723073393
86.240 207 -1723073393
86.267 215 -1723073393
86.293 215 -1723073393
86.320 213 -1723073393
86.347 215 -1723073393
86.373 213 -1723073393
86.400 209 -1723073393
86.427 207 -1723073393
86.453 199 -1723073393
86.480 189 -1723073393
86.507 187 -1723073393
86.533 187 -1723073393
86.560 189 -1723073393
86.587 197 -1723073393
86.613 202 -1723073393
86.640 205 -1723073393
86.667 210 -1723073393
86.693 210 -1723073393
86.720 212 -1723073393
86.747 221 -1723073393
86.773 230 -1723073393
86.800 236 -1723073393
86.827 242 -1723073393
86.853 240 -1723073393
86.880 235 -1723073393
86.907 238 -1723073393
86.933 234 -1723073393
86.960 221 -1723073393
86.987 216 -1723073393
87.013 216 -1723073393
87.040 215 -1723073393
87.067 220 -1723073393
87.093 222 -1723073393
87.120 220 -1723073393
87.147 223 -1723073393
87.173 230 -1723073393
87.200 232 -1723073393
87.227 236 -1723073393
87.253 236 -1723073393
87.280 229 -1723073393
87.307 227 -1723073393
87.333 226 -1723073393
87.360 226 -1723073393
87.387 230 -1723073393
87.413 232 -1723073393
87.440 234 -1723073393
87.467 243 -1723073393
87.493 252 -1723073393
87.520 255 -1723073393
87.547 257 -1723073393
87.573 256 -1723073393
87.600 251 -1723073393
87.627 252 -1723073393
87.653 252 -1723073393
87.680 250 -1723073393
87.707 252 -1723073393
87.733 254 -1723073393
87.760 253 -1723073393
87.787 254 -1723073393
87.813 253 -1723073393
87.840 248 -1723073393
87.867 245 -1723073393
87.893 238 -1723073393
87.920 228 -1723073393
87.947 225 -1723073393
87.973 225 -1723073393
88.000 220 -1723073393
88.027 218 -1723073393
88.053 218 -1723073393
88.080 210 -1723073393
88.107 211 -1723073393
88.133 214 -1723073393
88.160 214 -1723073393
88.187 221 -1723073393
88.213 230 -1723073393
88.240 229 -1723073393
88.267 228 -1723073393
88.293 231 -1723073393
88.320 227 -1723073393
88.347 223 -1723073393
88.373 223 -1723073393
88.400 216 -1723073393
88.427 208 -1723073393
88.453 201 -1723073393
88.480 188 -1723073393
88.507 172 -1723073393
88.533 160 -1723073393
88.560 146 -1723073393
88.587 135 -1723073393
88.613 127 -1723073393
88.640 114 -1723073393
88.667 106 -1723073393
88.693 101 -1723073393
88.720 92 -1723073393
88.747 87 -1723073393
88.773 83 -1723073393
88.800 81 -1723073393
88.827 90 -1723073393
88.853 101 -1723073393
88.880 109 -1723073393
88.907 120 -1723073393
88.933 132 -1723073393
88.960 145 -1723073393
88.987 163 -1723073393
89.013 175 -1723073393
89.040 185 -1723073393
89.067 199 -1723073393
89.093 203 -1723073393
89.120 203 -1723073393
89.147 210 -1723073393
89.173 210 -1723073393
89.200 211 -1723073393
89.227 218 -1723073393
89.253 216 -1723073393
89.280 211 -1723073393
89.307 215 -1723073393
89.333 212 -1723073393
89.360 209 -1723073393
89.387 209 -1723073393
89.413 198 -1723073393
89.440 191 -1723073393
89.467 192 -1723073393
89.493 186 -1723073393
89.520 187 -1723073393
89.547 196 -1723073393
89.573 195 -1723073393
89.600 189 -1723073393
89.627 186 -1723073393
89.653 171 -1723073393
89.680 158 -1723073393
89.707 151 -1723073393
89.733 140 -1723073393
89.760 135 -1723073393
89.787 132 -1723073393
89.813 125 -1723073393
89.840 126 -1723073393
89.867 128 -1723073393
89.893 129 -1723073393
89.920 137 -1723073393
89.947 140 -1723073393
89.973 141 -1723073393
90.000 151 -1723073393
90.027 158 -1723073393
90.053 160 -1723073393
90.080 167 -1723073393
90.107 170 -1723073393
90.133 171 -1723073393
90.160 177 -1723073393
90.187 178 -1723073393
90.213 173 -1723073393
90.240 174 -1723073393
90.267 174 -1723073393
90.293 172 -1723073393
90.320 173 -1723073393
90.347 168 -1723073393
90.373 162 -1723073393
90.400 163 -1723073393
90.427 164 -1723073393
90.453 164 -1723073393
90.480 168 -1723073393
90.507 170 -1723073393
90.533 174 -1723073393
90.560 174 -1723073393
90.587 173 -1723073393
90.613 178 -1723073393
90.640 182 -1723073393
90.667 188 -1723073393
90.693 206 -1723073393
90.720 220 -1723073393
90.747 232 -1723073393
90.773 249 -1723073393
90.800 257 -1723073393
90.827 266 -1723073393
90.853 280 -1723073393
90.880 289 -1723073393
90.907 300 -1723073393
90.933 316 -1723073393
90.960 328 -1723073393
90.987 341 -1723073393
91.013 351 -1723073393
91.040 359 -1723073393
91.067 371 -1723073393
91.093 383 -1723073393
91.120 387 -1723073393
91.147 388 -1723073393
91.173 388 -1723073393
91.200 385 -1723073393
91.227 383 -1723073393
91.253 382 -1723073393
91.280 377 -1723073393
91.307 374 -1723073393
91.333 364 -1723073393
91.360 347 -1723073393
91.387 334 -1723073393
91.413 324 -1723073393
91.440 317 -1723073393
91.467 311 -1723073393
91.493 300 -1723073393
91.520 292 -1723073393
91.547 283 -1723073393
91.573 276 -1723073393
91.600 276 -1723073393
91.627 279 -1723073393
91.653 280 -1723073393
91.680 286 -1723073393
91.707 298 -1723073393
91.733 311 -1723073393
91.760 328 -1723073393
91.787 342 -1723073393
91.813 356 -1723073393
91.840 369 -1723073393
91.867 375 -1723073393
91.893 384 -1723073393
91.920 392 -1723073393
91.947 388 -1723073393
91.973 389 -1723073393
92.000 392 -1723073393
92.027 389 -1723073393
92.053 388 -1723073393
92.080 382 -1723073393
92.107 375 -1723073393
92.133 367 -1723073393
92.160 355 -1723073393
92.187 343 -1723073393
92.213 334 -1723073393
92.240 324 -1723073393
92.267 312 -1723073393
92.293 307 -1723073393
92.320 301 -1723073393
92.347 292 -1723073393
92.373 287 -1723073393
92.400 283 -1723073393
92.427 283 -1723073393
92.453 286 -1723073393
92.480 287 -1723073393
92.507 296 -1723073393
92.533 306 -1723073393
92.560 316 -1723073393
92.587 327 -1723073393
92.613 339 -1723073393
92.640 354 -1723073393
92.667 367 -1723073393
92.693 373 -1723073393
92.720 375 -1723073393
92.747 370 -1723073393
92.773 367 -1723073393
92.800 370 -1723073393
92.827 377 -1723073393
92.853 386 -1723073393
92.880 395 -1723073393
92.907 396 -1723073393
92.933 394 -1723073393
92.960 387 -1723073393
92.987 378 -1723073393
93.013 371 -1723073393
93.040 368 -1723073393
93.067 363 -1723073393
93.093 360 -1723073393
93.120 354 -1723073393
93.147 351 -1723073393
93.173 349 -1723073393
93.200 343 -1723073393
93.227 340 -1723073393
93.253 339 -1723073393
93.280 340 -1723073393
93.307 338 -1723073393
93.333 335 -1723073393
93.360 336 -1723073393
93.387 341 -1723073393
93.413 345 -1723073393
93.440 351 -1723073393
93.467 350 -1723073393
93.493 350 -1723073393
93.520 355 -1723073393
93.547 362 -1723073393
93.573 367 -1723073393
93.600 370 -1723073393
93.627 369 -1723073393
93.653 368 -1723073393
93.680 369 -1723073393
93.707 366 -1723073393
93.733 364 -1723073393
93.760 361 -1723073393
93.787 358 -1723073393
93.813 355 -1723073393
93.840 346 -1723073393
93.867 336 -1723073393
93.893 328 -1723073393
93.920 319 -1723073393
93.947 312 -1723073393
93.973 304 -1723073393
94.000 293 -1723073393
94.027 282 -1723073393
94.053 267 -1723073393
94.080 260 -1723073393
94.107 254 -1723073393
94.133 247 -1723073393
94.160 248 -1723073393
94.187 253 -1723073393
94.213 261 -1723073393
94.240 272 -1723073393
94.267 278 -1723073393
94.293 290 -1723073393
94.320 302 -1723073393
94.347 312 -1723073393
94.373 328 -1723073393
94.400 334 -1723073393
94.427 338 -1723073393
94.453 349 -1723073393
94.480 351 -1723073393
94.507 355 -1723073393
94.533 363 -1723073393
94.560 370 -1723073393
94.587 375 -1723073393
94.613 376 -1723073393
94.640 375 -1723073393
94.667 366 -1723073393
94.693 352 -1723073393
94.720 348 -1723073393
94.747 343 -1723073393
94.773 337 -1723073393
94.800 334 -1723073393
94.827 327 -1723073393
94.853 324 -1723073393
94.880 320 -1723073393
94.907 313 -1723073393
94.933 303 -1723073393
94.960 291 -1723073393
94.987 285 -1723073393
95.013 282 -1723073393
95.040 277 -1723073393
95.067 272 -1723073393
95.093 266 -1723073393
95.120 264 -1723073393
95.147 260 -1723073393
95.173 258 -1723073393
95.200 261 -1723073393
95.227 262 -1723073393
95.253 268 -1723073393
95.280 271 -1723073393
95.307 271 -1723073393
95.333 270 -1723073393
95.360 261 -1723073393
95.387 250 -1723073393
95.413 245 -1723073393
95.440 237 -1723073393
95.467 233 -1723073393
95.493 225 -1723073393
95.520 212 -1723073393
95.547 205 -1723073393
95.573 193 -1723073393
95.600 185 -1723073393
95.627 178 -1723073393
95.653 167 -1723073393
95.680 165 -1723073393
95.707 153 -1723073393
95.733 149 -1723073393
95.760 145 -1723073393
95.787 135 -1723073393
95.813 132 -1723073393
95.840 123 -1723073393
95.867 120 -1723073393
95.893 121 -1723073393
95.920 125 -1723073393
95.947 138 -1723073393
95.973 139 -1723073393
96.000 141 -1723073393
96.027 148 -1723073393
96.053 154 -1723073393
96.080 168 -1723073393
96.107 179 -1723073393
96.133 189 -1723073393
96.160 196 -1723073393
96.187 200 -1723073393
96.213 209 -1723073393
96.240 208 -1723073393
96.267 207 -1723073393
96.293 202 -1723073393
96.320 201 -1723073393
96.347 199 -1723073393
96.373 199 -1723073393
96.400 195 -1723073393
96.427 183 -1723073393
96.453 175 -1723073393
96.480 159 -1723073393
96.507 149 -1723073393
96.533 146 -1723073393
96.560 138 -1723073393
96.587 132 -1723073393
96.613 122 -1723073393
96.640 116 -1723073393
96.667 110 -1723073393
96.693 99 -1723073393
96.720 98 -1723073393
96.747 93 -1723073393
96.773 90 -1723073393
96.800 84 -1723073393
96.827 84 -1723073393
96.853 91 -1723073393
96.880 90 -1723073393
96.907 94 -1723073393
96.933 94 -1723073393
96.960 90 -1723073393
96.987 86 -1723073393
97.013 76 -1723073393
97.040 77 -1723073393
97.067 78 -1723073393
97.093 80 -1723073393
97.120 84 -1723073393
97.147 85 -1723073393
97.173 85 -1723073393
97.200 78 -1723073393
97.227 77 -1723073393
97.253 72 -1723073393
97.280 69 -1723073393
97.307 68 -1723073393
97.333 65 -1723073393
97.360 67 -1723073393
97.387 65 -1723073393
97.413 64 -1723073393
97.440 64 -1723073393
97.467 66 -1723073393
97.493 69 -1723073393
97.520 68 -1723073393
97.547 65 -1723073393
97.573 60 -1723073393
97.600 56 -1723073393
97.627 52 -1723073393
97.653 46 -1723073393
97.680 39 -1723073393
97.707 35 -1723073393
97.733 36 -1723073393
97.760 39 -1723073393
97.787 49 -1723073393
97.813 51 -1723073393
97.840 51 -1723073393
97.867 49 -1723073393
97.893 47 -1723073393
97.920 49 -1723073393
97.947 50 -1723073393
97.973 58 -1723073393
98.000 64 -1723073393
98.027 77 -1723073393
98.053 83 -1723073393
98.080 79 -1723073393
98.107 75 -1723073393
98.133 79 -1723073393
98.160 85 -1723073393
98.187 88 -1723073393
98.213 93 -1723073393
98.240 92 -1723073393
98.267 89 -1723073393
98.293 85 -1723073393
98.320 89 -1723073393
98.347 91 -1723073393
98.373 94 -1723073393
98.400 95 -1723073393
98.427 90 -1723073393
98.453 85 -1723073393
98.480 75 -1723073393
98.507 68 -1723073393
98.533 55 -1723073393
98.560 47 -1723073393
98.587 38 -1723073393
98.613 35 -1723073393
98.640 37 -1723073393
98.667 29 -1723073393
98.693 23 -1723073393
98.720 13 -1723073393
98.747 11 -1723073393
98.773 6 -1723073393
98.800 8 -1723073393
98.827 8 -1723073393
98.853 17 -1723073393
98.880 28 -1723073393
98.907 36 -1723073393
98.933 39 -1723073393
98.960 36 -1723073393
98.987 36 -1723073393
99.013 30 -1723073393
99.040 26 -1723073393
99.067 19 -1723073393
99.093 16 -1723073393
99.120 4 -1723073393
99.147 0 -1723073393
99.173 -7 -1723073393
99.200 -17 -1723073393
99.227 -31 -1723073393
99.253 -43 -1723073393
99.280 -51 -1723073393
99.307 -53 -1723073393
99.333 -55 -1723073393
99.360 -68 -1723073393
99.387 -68 -1723073393
99.413 -70 -1723073393
99.440 -62 -1723073393
99.467 -54 -1723073393
99.493 -44 -1723073393
99.520 -39 -1723073393
99.547 -31 -1723073393
99.573 -35 -1723073393
99.600 -27 -1723073393
99.627 -19 -1723073393
99.653 -7 -1723073393
99.680 -5 -1723073393
99.707 -7 -1723073393
99.733 -7 -1723073393
99.760 -2 -1723073393
99.787 3 -1723073393
99.813 6 -1723073393
99.840 7 -1723073393
99.867 15 -1723073393
99.893 30 -1723073393
99.920 44 -1723073393
99.947 56 -1723073393
99.973 64 -1723073393
100.000 0 -1723073393
