0.000 31 -1723073393
0.027 30 -1723073393
0.053 34 -1723073393
0.080 39 -1723073393
0.107 35 -1723073393
0.133 33 -1723073393
0.160 24 -1723073393
0.187 14 -1723073393
0.213 16 -1723073393
0.240 15 -1723073393
0.267 18 -1723073393
0.293 24 -1723073393
0.320 21 -1723073393
0.347 22 -1723073393
0.373 16 -1723073393
0.400 8 -1723073393
0.427 13 -1723073393
0.453 12 -1723073393
0.480 14 -1723073393
0.507 16 -1723073393
0.533 11 -1723073393
0.560 10 -1723073393
0.587 8 -1723073393
0.613 10 -1723073393
0.640 13 -1723073393
0.667 10 -1723073393
0.693 15 -1723073393
0.720 21 -1723073393
0.747 21 -1723073393
0.773 26 -1723073393
0.800 23 -1723073393
0.827 20 -1723073393
0.853 26 -1723073393
0.880 26 -1723073393
0.907 26 -1723073393
0.933 23 -1723073393
0.960 17 -1723073393
0.987 17 -1723073393
1.013 11 -1723073393
1.040 4 -1723073393
1.067 7 -1723073393
1.093 5 -1723073393
1.120 6 -1723073393
1.147 9 -1723073393
1.173 0 -1723073393
1.200 -5 -1723073393
1.227 -9 -1723073393
1.253 -17 -1723073393
1.280 -15 -1723073393
1.307 -14 -1723073393
1.333 -12 -1723073393
1.360 -5 -1723073393
1.387 -4 -1723073393
1.413 -2 -1723073393
1.440 -3 -1723073393
1.467 -11 -1723073393
1.493 -14 -1723073393
1.520 -14 -1723073393
1.547 -14 -1723073393
1.573 -10 -1723073393
1.600 -4 -1723073393
1.627 -2 -1723073393
1.653 1 -1723073393
1.680 1 -1723073393
1.707 -3 -1723073393
1.733 -8 -1723073393
1.760 -9 -1723073393
1.787 -9 -1723073393
1.813 -10 -1723073393
1.840 -14 -1723073393
1.867 -15 -1723073393
1.893 -16 -1723073393
1.920 -16 -1723073393
1.947 -11 -1723073393
1.973 -14 -1723073393
2.000 -18 -1723073393
2.027 -16 -1723073393
2.053 -16 -1723073393
2.080 -15 -1723073393
2.107 -19 -1723073393
2.133 -26 -1723073393
2.160 -22 -1723073393
2.187 -23 -1723073393
2.213 -22 -1723073393
2.240 -23 -1723073393
2.267 -28 -1723073393
2.293 -24 -1723073393
2.320 -17 -1723073393
2.347 -18 -1723073393
2.373 -15 -1723073393
2.400 -20 -1723073393
2.427 -30 -1723073393
2.453 -27 -1723073393
2.480 -29 -1723073393
2.507 -31 -1723073393
2.533 -28 -1723073393
2.560 -31 -1723073393
2.587 -22 -1723073393
2.613 -21 -1723073393
2.640 -26 -1723073393
2.667 -21 -1723073393
2.693 -26 -1723073393
2.720 -30 -1723073393
2.747 -25 -1723073393
2.773 -32 -1723073393
2.800 -29 -1723073393
2.827 -30 -1723073393
2.853 -41 -1723073393
2.880 -36 -1723073393
2.907 -31 -1723073393
2.933 -30 -1723073393
2.960 -22 -1723073393
2.987 -25 -1723073393
3.013 -31 -1723073393
3.040 -31 -1723073393
3.067 -38 -1723073393
3.093 -36 -1723073393
3.120 -34 -1723073393
3.147 -37 -1723073393
3.173 -28 -1723073393
3.200 -27 -1723073393
3.227 -27 -1723073393
3.253 -17 -1723073393
3.280 -23 -1723073393
3.307 -22 -1723073393
3.333 -20 -1723073393
3.360 -31 -1723073393
3.387 -28 -1723073393
3.413 -29 -1723073393
3.440 -28 -1723073393
3.467 -19 -1723073393
3.493 -29 -1723073393
3.520 -33 -1723073393
3.547 -30 -1723073393
3.573 -39 -1723073393
3.600 -34 -1723073393
3.627 -34 -1723073393
3.653 -41 -1723073393
3.680 -29 -1723073393
3.707 -29 -1723073393
3.733 -34 -1723073393
3.760 -33 -1723073393
3.787 -41 -1723073393
3.813 -36 -1723073393
3.840 -24 -1723073393
3.867 -29 -1723073393
3.893 -26 -1723073393
3.920 -26 -1723073393
3.947 -26 -1723073393
3.973 -18 -1723073393
4.000 -23 -1723073393
4.027 -23 -1723073393
4.053 -15 -1723073393
4.080 -23 -1723073393
4.107 -23 -1723073393
4.133 -24 -1723073393
4.160 -29 -1723073393
4.187 -20 -1723073393
4.213 -18 -1723073393
4.240 -22 -1723073393
4.267 -17 -1723073393
4.293 -20 -1723073393
4.320 -22 -1723073393
4.347 -22 -1723073393
4.373 -31 -1723073393
4.400 -26 -1723073393
4.427 -21 -1723073393
4.453 -17 -1723073393
4.480 -6 -1723073393
4.507 -12 -1723073393
4.533 -16 -1723073393
4.560 -11 -1723073393
4.587 -16 -1723073393
4.613 -13 -1723073393
4.640 -10 -1723073393
4.667 -12 -1723073393
4.693 -2 -1723073393
4.720 -7 -1723073393
4.747 -12 -1723073393
4.773 -5 -1723073393
4.800 -11 -1723073393
4.827 -10 -1723073393
4.853 -3 -1723073393
4.880 -7 -1723073393
4.907 -2 -1723073393
4.933 -3 -1723073393
4.960 -6 -1723073393
4.987 0 -1723073393
5.013 -9 -1723073393
5.040 -14 -1723073393
5.067 -12 -1723073393
5.093 -17 -1723073393
5.120 -11 -1723073393
5.147 -13 -1723073393
5.173 -23 -1723073393
5.200 -18 -1723073393
5.227 -19 -1723073393
5.253 -21 -1723073393
5.280 -13 -1723073393
5.307 -14 -1723073393
5.333 -2 -1723073393
5.360 9 -1723073393
5.387 5 -1723073393
5.413 9 -1723073393
5.440 3 -1723073393
5.467 -9 -1723073393
5.493 -8 -1723073393
5.520 -16 -1723073393
5.547 -18 -1723073393
5.573 -14 -1723073393
5.600 -16 -1723073393
5.627 -7 -1723073393
5.653 -1 -1723073393
5.680 -5 -1723073393
5.707 2 -1723073393
5.733 0 -1723073393
5.760 -6 -1723073393
5.787 -5 -1723073393
5.813 -10 -1723073393
5.840 -8 -1723073393
5.867 -8 -1723073393
5.893 -21 -1723073393
5.920 -20 -1723073393
5.947 -18 -1723073393
5.973 -16 -1723073393
6.000 -5 -1723073393
6.027 -6 -1723073393
6.053 -9 -1723073393
6.080 -4 -1723073393
6.107 -9 -1723073393
6.133 -13 -1723073393
6.160 -11 -1723073393
6.187 -19 -1723073393
6.213 -15 -1723073393
6.240 -10 -1723073393
6.267 -12 -1723073393
6.293 -12 -1723073393
6.320 -18 -1723073393
6.347 -19 -1723073393
6.373 -13 -1723073393
6.400 -13 -1723073393
6.427 -7 -1723073393
6.453 -3 -1723073393
6.480 -8 -1723073393
6.507 -9 -1723073393
6.533 -11 -1723073393
6.560 -12 -1723073393
6.587 -9 -1723073393
6.613 -16 -1723073393
6.640 -17 -1723073393
6.667 -18 -1723073393
6.693 -25 -1723073393
6.720 -22 -1723073393
6.747 -20 -1723073393
6.773 -19 -1723073393
6.800 -14 -1723073393
6.827 -16 -1723073393
6.853 -15 -1723073393
6.880 -9 -1723073393
6.907 -10 -1723073393
6.933 -12 -1723073393
6.960 -14 -1723073393
6.987 -16 -1723073393
7.013 -16 -1723073393
7.040 -22 -1723073393
7.067 -19 -1723073393
7.093 -13 -1723073393
7.120 -17 -1723073393
7.147 -13 -1723073393
7.173 -11 -1723073393
7.200 -13 -1723073393
7.227 -15 -1723073393
7.253 -24 -1723073393
7.280 -29 -1723073393
7.307 -26 -1723073393
7.333 -24 -1723073393
7.360 -20 -1723073393
7.387 -17 -1723073393
7.413 -20 -1723073393
7.440 -22 -1723073393
7.467 -27 -1723073393
7.493 -31 -1723073393
7.520 -31 -1723073393
7.547 -33 -1723073393
7.573 -34 -1723073393
7.600 -34 -1723073393
7.627 -35 -1723073393
7.653 -36 -1723073393
7.680 -35 -1723073393
7.707 -34 -1723073393
7.733 -35 -1723073393
7.760 -36 -1723073393
7.787 -36 -1723073393
7.813 -35 -1723073393
7.840 -32 -1723073393
7.867 -29 -1723073393
7.893 -26 -1723073393
7.920 -25 -1723073393
7.947 -28 -1723073393
7.973 -28 -1723073393
8.000 -31 -1723073393
8.027 -35 -1723073393
8.053 -40 -1723073393
8.080 -44 -1723073393
8.107 -45 -1723073393
8.133 -44 -1723073393
8.160 -37 -1723073393
8.187 -35 -1723073393
8.213 -31 -1723073393
8.240 -33 -1723073393
8.267 -42 -1723073393
8.293 -48 -1723073393
8.320 -48 -1723073393
8.347 -44 -1723073393
8.373 -33 -1723073393
8.400 -25 -1723073393
8.427 -22 -1723073393
8.453 -15 -1723073393
8.480 -15 -1723073393
8.507 -18 -1723073393
8.533 -17 -1723073393
8.560 -16 -1723073393
8.587 -12 -1723073393
8.613 -16 -1723073393
8.640 -20 -1723073393
8.667 -20 -1723073393
8.693 -15 -1723073393
8.720 -5 -1723073393
8.747 5 -1723073393
8.773 11 -1723073393
8.800 13 -1723073393
8.827 12 -1723073393
8.853 12 -1723073393
8.880 11 -1723073393
8.907 10 -1723073393
8.933 15 -1723073393
8.960 15 -1723073393
8.987 14 -1723073393
9.013 14 -1723073393
9.040 9 -1723073393
9.067 3 -1723073393
9.093 2 -1723073393
9.120 -1 -1723073393
9.147 -4 -1723073393
9.173 -6 -1723073393
9.200 -9 -1723073393
9.227 -10 -1723073393
9.253 -10 -1723073393
9.280 -8 -1723073393
9.307 -3 -1723073393
9.333 -6 -1723073393
9.360 -12 -1723073393
9.387 -13 -1723073393
9.413 -13 -1723073393
9.440 -16 -1723073393
9.467 -22 -1723073393
9.493 -27 -1723073393
9.520 -31 -1723073393
9.547 -36 -1723073393
9.573 -36 -1723073393
9.600 -38 -1723073393
9.627 -40 -1723073393
9.653 -38 -1723073393
9.680 -41 -1723073393
9.707 -49 -1723073393
9.733 -49 -1723073393
9.760 -49 -1723073393
9.787 -49 -1723073393
9.813 -42 -1723073393
9.840 -44 -1723073393
9.867 -42 -1723073393
9.893 -40 -1723073393
9.920 -47 -1723073393
9.947 -48 -1723073393
9.973 -48 -1723073393
10.000 -50 -1723073393
10.027 -45 -1723073393
10.053 -43 -1723073393
10.080 -40 -1723073393
10.107 -33 -1723073393
10.133 -28 -1723073393
10.160 -23 -1723073393
10.187 -24 -1723073393
10.213 -28 -1723073393
10.240 -19 -1723073393
10.267 -11 -1723073393
10.293 -6 -1723073393
10.320 -2 -1723073393
10.347 -1 -1723073393
10.373 6 -1723073393
10.400 21 -1723073393
10.427 36 -1723073393
10.453 52 -1723073393
10.480 63 -1723073393
10.507 73 -1723073393
10.533 83 -1723073393
10.560 89 -1723073393
10.587 99 -1723073393
10.613 112 -1723073393
10.640 121 -1723073393
10.667 131 -1723073393
10.693 142 -1723073393
10.720 147 -1723073393
10.747 149 -1723073393
10.773 147 -1723073393
10.800 136 -1723073393
10.827 119 -1723073393
10.853 101 -1723073393
10.880 85 -1723073393
10.907 75 -1723073393
10.933 60 -1723073393
10.960 45 -1723073393
10.987 29 -1723073393
11.013 9 -1723073393
11.040 -8 -1723073393
11.067 -26 -1723073393
11.093 -44 -1723073393
11.120 -54 -1723073393
11.147 -68 -1723073393
11.173 -80 -1723073393
11.200 -86 -1723073393
11.227 -94 -1723073393
11.253 -94 -1723073393
11.280 -88 -1723073393
11.307 -90 -1723073393
11.333 -87 -1723073393
11.360 -84 -1723073393
11.387 -83 -1723073393
11.413 -76 -1723073393
11.440 -72 -1723073393
11.467 -72 -1723073393
11.493 -71 -1723073393
11.520 -77 -1723073393
11.547 -78 -1723073393
11.573 -76 -1723073393
11.600 -80 -1723073393
11.627 -79 -1723073393
11.653 -79 -1723073393
11.680 -85 -1723073393
11.707 -83 -1723073393
11.733 -81 -1723073393
11.760 -75 -1723073393
11.787 -59 -1723073393
11.813 -48 -1723073393
11.840 -34 -1723073393
11.867 -17 -1723073393
11.893 -3 -1723073393
11.920 16 -1723073393
11.947 36 -1723073393
11.973 50 -1723073393
12.000 71 -1723073393
12.027 90 -1723073393
12.053 106 -1723073393
12.080 128 -1723073393
12.107 146 -1723073393
12.133 168 -1723073393
12.160 191 -1723073393
12.187 209 -1723073393
12.213 229 -1723073393
12.240 246 -1723073393
12.267 257 -1723073393
12.293 268 -1723073393
12.320 275 -1723073393
12.347 277 -1723073393
12.373 279 -1723073393
12.400 278 -1723073393
12.427 278 -1723073393
12.453 273 -1723073393
12.480 262 -1723073393
12.507 246 -1723073393
12.533 231 -1723073393
12.560 212 -1723073393
12.587 197 -1723073393
12.613 185 -1723073393
12.640 164 -1723073393
12.667 138 -1723073393
12.693 110 -1723073393
12.720 78 -1723073393
12.747 53 -1723073393
12.773 23 -1723073393
12.800 -4 -1723073393
12.827 -23 -1723073393
12.853 -47 -1723073393
12.880 -66 -1723073393
12.907 -82 -1723073393
12.933 -104 -1723073393
12.960 -117 -1723073393
12.987 -135 -1723073393
13.013 -149 -1723073393
13.040 -148 -1723073393
13.067 -151 -1723073393
13.093 -155 -1723073393
13.120 -155 -1723073393
13.147 -161 -1723073393
13.173 -157 -1723073393
13.200 -152 -1723073393
13.227 -157 -1723073393
13.253 -152 -1723073393
13.280 -148 -1723073393
13.307 -150 -1723073393
13.333 -140 -1723073393
13.360 -133 -1723073393
13.387 -126 -1723073393
13.413 -105 -1723073393
13.440 -92 -1723073393
13.467 -75 -1723073393
13.493 -56 -1723073393
13.520 -48 -1723073393
13.547 -36 -1723073393
13.573 -21 -1723073393
13.600 -7 -1723073393
13.627 9 -1723073393
13.653 24 -1723073393
13.680 41 -1723073393
13.707 56 -1723073393
13.733 65 -1723073393
13.760 73 -1723073393
13.787 77 -1723073393
13.813 66 -1723073393
13.840 53 -1723073393
13.867 38 -1723073393
13.893 15 -1723073393
13.920 -8 -1723073393
13.947 -36 -1723073393
13.973 -70 -1723073393
14.000 -103 -1723073393
14.027 -138 -1723073393
14.053 -173 -1723073393
14.080 -198 -1723073393
14.107 -228 -1723073393
14.133 -258 -1723073393
14.160 -282 -1723073393
14.187 -308 -1723073393
14.213 -324 -1723073393
14.240 -339 -1723073393
14.267 -356 -1723073393
14.293 -357 -1723073393
14.320 -355 -1723073393
14.347 -359 -1723073393
14.373 -354 -1723073393
14.400 -352 -1723073393
14.427 -348 -1723073393
14.453 -334 -1723073393
14.480 -331 -1723073393
14.507 -321 -1723073393
14.533 -307 -1723073393
14.560 -308 -1723073393
14.587 -309 -1723073393
14.613 -313 -1723073393
14.640 -330 -1723073393
14.667 -340 -1723073393
14.693 -351 -1723073393
14.720 -366 -1723073393
14.747 -368 -1723073393
14.773 -380 -1723073393
14.800 -394 -1723073393
14.827 -398 -1723073393
14.853 -408 -1723073393
14.880 -412 -1723073393
14.907 -408 -1723073393
14.933 -414 -1723073393
14.960 -410 -1723073393
14.987 -399 -1723073393
15.013 -398 -1723073393
15.040 -385 -1723073393
15.067 -371 -1723073393
15.093 -368 -1723073393
15.120 -357 -1723073393
15.147 -353 -1723073393
15.173 -354 -1723073393
15.200 -352 -1723073393
15.227 -354 -1723073393
15.253 -354 -1723073393
15.280 -349 -1723073393
15.307 -352 -1723073393
15.333 -350 -1723073393
15.360 -353 -1723073393
15.387 -367 -1723073393
15.413 -377 -1723073393
15.440 -389 -1723073393
15.467 -406 -1723073393
15.493 -419 -1723073393
15.520 -433 -1723073393
15.547 -449 -1723073393
15.573 -458 -1723073393
15.600 -470 -1723073393
15.627 -484 -1723073393
15.653 -497 -1723073393
15.680 -513 -1723073393
15.707 -524 -1723073393
15.733 -529 -1723073393
15.760 -534 -1723073393
15.787 -538 -1723073393
15.813 -546 -1723073393
15.840 -563 -1723073393
15.867 -572 -1723073393
15.893 -581 -1723073393
15.920 -598 -1723073393
15.947 -608 -1723073393
15.973 -621 -1723073393
16.000 -641 -1723073393
16.027 -661 -1723073393
16.053 -684 -1723073393
16.080 -713 -1723073393
16.107 -741 -1723073393
16.133 -778 -1723073393
16.160 -811 -1723073393
16.187 -837 -1723073393
16.213 -860 -1723073393
16.240 -873 -1723073393
16.267 -880 -1723073393
16.293 -884 -1723073393
16.320 -867 -1723073393
16.347 -835 -1723073393
16.373 -787 -1723073393
16.400 -710 -1723073393
16.427 -603 -1723073393
16.453 -462 -1723073393
16.480 -277 -1723073393
16.507 -51 -1723073393
16.533 219 -1723073393
16.560 552 -1723073393
16.587 946 -1723073393
16.613 1393 -1723073393
16.640 1897 -1723073393
16.667 2443 -1723073393
16.693 3031 -1723073393
16.720 3648 -1723073393
16.747 4257 -1723073393
16.773 4855 -1723073393
16.800 5395 -1723073393
16.827 5865 -1723073393
16.853 6259 -1723073393
16.880 6514 -1723073393
16.907 6649 -1723073393
16.933 6650 -1723073393
16.960 6480 -1723073393
16.987 6183 -1723073393
17.013 5755 -1723073393
17.040 5194 -1723073393
17.067 4549 -1723073393
17.093 3813 -1723073393
17.120 3013 -1723073393
17.147 2210 -1723073393
17.173 1396 -1723073393
17.200 611 -1723073393
17.227 -134 -1723073393
17.253 -848 -1723073393
17.280 -1479 -1723073393
17.307 -2037 -1723073393
17.333 -2512 -1723073393
17.360 -2912 -1723073393
17.387 -3234 -1723073393
17.413 -3462 -1723073393
17.440 -3637 -1723073393
17.467 -3747 -1723073393
17.493 -3800 -1723073393
17.520 -3840 -1723073393
17.547 -3832 -1723073393
17.573 -3801 -1723073393
17.600 -3770 -1723073393
17.627 -3708 -1723073393
17.653 -3654 -1723073393
17.680 -3612 -1723073393
17.707 -3534 -1723073393
17.733 -3469 -1723073393
17.760 -3410 -1723073393
17.787 -3316 -1723073393
17.813 -3236 -1723073393
17.840 -3138 -1723073393
17.867 -3003 -1723073393
17.893 -2872 -1723073393
17.920 -2698 -1723073393
17.947 -2485 -1723073393
17.973 -2249 -1723073393
18.000 -1948 -1723073393
18.027 -1600 -1723073393
18.053 -1211 -1723073393
18.080 -752 -1723073393
18.107 -236 -1723073393
18.133 328 -1723073393
18.160 973 -1723073393
18.187 1693 -1723073393
18.213 2470 -1723073393
18.240 3321 -1723073393
18.267 4249 -1723073393
18.293 5254 -1723073393
18.320 6323 -1723073393
18.347 7450 -1723073393
18.373 8610 -1723073393
18.400 9762 -1723073393
18.427 10955 -1723073393
18.453 12085 -1723073393
18.480 13096 -1723073393
18.507 14070 -1723073393
18.533 14816 -1723073393
18.560 15383 -1723073393
18.587 15861 -1723073393
18.613 15963 -1723073393
18.640 15877 -1723073393
18.667 15658 -1723073393
18.693 15011 -1723073393
18.720 14241 -1723073393
18.747 13359 -1723073393
18.773 12130 -1723073393
18.800 10894 -1723073393
18.827 9591 -1723073393
18.853 8065 -1723073393
18.880 6658 -1723073393
18.907 5253 -1723073393
18.933 3810 -1723073393
18.960 2507 -1723073393
18.987 1237 -1723073393
19.013 69 -1723073393
19.040 -953 -1723073393
19.067 -1886 -1723073393
19.093 -2714 -1723073393
19.120 -3443 -1723073393
19.147 -4031 -1723073393
19.173 -4522 -1723073393
19.200 -4935 -1723073393
19.227 -5211 -1723073393
19.253 -5456 -1723073393
19.280 -5645 -1723073393
19.307 -5715 -1723073393
19.333 -5804 -1723073393
19.360 -5855 -1723073393
19.387 -5814 -1723073393
19.413 -5826 -1723073393
19.440 -5801 -1723073393
19.467 -5728 -1723073393
19.493 -5732 -1723073393
19.520 -5683 -1723073393
19.547 -5621 -1723073393
19.573 -5628 -1723073393
19.600 -5560 -1723073393
19.627 -5493 -1723073393
19.653 -5484 -1723073393
19.680 -5396 -1723073393
19.707 -5337 -1723073393
19.733 -5325 -1723073393
19.760 -5224 -1723073393
19.787 -5169 -1723073393
19.813 -5143 -1723073393
19.840 -5043 -1723073393
19.867 -5013 -1723073393
19.893 -5005 -1723073393
19.920 -4952 -1723073393
19.947 -5000 -1723073393
19.973 -5060 -1723073393
20.000 -5108 -1723073393
20.027 -5272 -1723073393
20.053 -5444 -1723073393
20.080 -5642 -1723073393
20.107 -5955 -1723073393
20.133 -6240 -1723073393
20.160 -6552 -1723073393
20.187 -6954 -1723073393
20.213 -7254 -1723073393
20.240 -7556 -1723073393
20.267 -7888 -1723073393
20.293 -8046 -1723073393
20.320 -8197 -1723073393
20.347 -8325 -1723073393
20.373 -8227 -1723073393
20.400 -8127 -1723073393
20.427 -7961 -1723073393
20.453 -7556 -1723073393
20.480 -7188 -1723073393
20.507 -6742 -1723073393
20.533 -6117 -1723073393
20.560 -5558 -1723073393
20.587 -4925 -1723073393
20.613 -4216 -1723073393
20.640 -3615 -1723073393
20.667 -2986 -1723073393
20.693 -2352 -1723073393
20.720 -1831 -1723073393
20.747 -1331 -1723073393
20.773 -893 -1723073393
20.800 -554 -1723073393
20.827 -256 -1723073393
20.853 -30 -1723073393
20.880 117 -1723073393
20.907 223 -1723073393
20.933 281 -1723073393
20.960 303 -1723073393
20.987 294 -1723073393
21.013 261 -1723073393
21.040 224 -1723073393
21.067 184 -1723073393
21.093 147 -1723073393
21.120 126 -1723073393
21.147 117 -1723073393
21.173 119 -1723073393
21.200 148 -1723073393
21.227 197 -1723073393
21.253 254 -1723073393
21.280 324 -1723073393
21.307 399 -1723073393
21.333 479 -1723073393
21.360 569 -1723073393
21.387 654 -1723073393
21.413 738 -1723073393
21.440 819 -1723073393
21.467 889 -1723073393
21.493 961 -1723073393
21.520 1032 -1723073393
21.547 1105 -1723073393
21.573 1183 -1723073393
21.600 1249 -1723073393
21.627 1325 -1723073393
21.653 1425 -1723073393
21.680 1518 -1723073393
21.707 1626 -1723073393
21.733 1747 -1723073393
21.760 1854 -1723073393
21.787 1984 -1723073393
21.813 2113 -1723073393
21.840 2218 -1723073393
21.867 2341 -1723073393
21.893 2449 -1723073393
21.920 2528 -1723073393
21.947 2619 -1723073393
21.973 2670 -1723073393
22.000 2674 -1723073393
22.027 2686 -1723073393
22.053 2642 -1723073393
22.080 2563 -1723073393
22.107 2497 -1723073393
22.133 2375 -1723073393
22.160 2237 -1723073393
22.187 2119 -1723073393
22.213 1960 -1723073393
22.240 1812 -1723073393
22.267 1701 -1723073393
22.293 1569 -1723073393
22.320 1461 -1723073393
22.347 1389 -1723073393
22.373 1311 -1723073393
22.400 1258 -1723073393
22.427 1225 -1723073393
22.453 1177 -1723073393
22.480 1146 -1723073393
22.507 1119 -1723073393
22.533 1074 -1723073393
22.560 1040 -1723073393
22.587 1006 -1723073393
22.613 956 -1723073393
22.640 918 -1723073393
22.667 876 -1723073393
22.693 825 -1723073393
22.720 796 -1723073393
22.747 772 -1723073393
22.773 747 -1723073393
22.800 744 -1723073393
22.827 753 -1723073393
22.853 772 -1723073393
22.880 814 -1723073393
22.907 864 -1723073393
22.933 919 -1723073393
22.960 984 -1723073393
22.987 1043 -1723073393
23.013 1102 -1723073393
23.040 1165 -1723073393
23.067 1212 -1723073393
23.093 1253 -1723073393
23.120 1289 -1723073393
23.147 1294 -1723073393
23.173 1299 -1723073393
23.200 1295 -1723073393
23.227 1254 -1723073393
23.253 1218 -1723073393
23.280 1177 -1723073393
23.307 1108 -1723073393
23.333 1048 -1723073393
23.360 978 -1723073393
23.387 887 -1723073393
23.413 808 -1723073393
23.440 722 -1723073393
23.467 628 -1723073393
23.493 552 -1723073393
23.520 474 -1723073393
23.547 394 -1723073393
23.573 329 -1723073393
23.600 271 -1723073393
23.627 217 -1723073393
23.653 169 -1723073393
23.680 128 -1723073393
23.707 92 -1723073393
23.733 61 -1723073393
23.760 35 -1723073393
23.787 10 -1723073393
23.813 -16 -1723073393
23.840 -31 -1723073393
23.867 -45 -1723073393
23.893 -59 -1723073393
23.920 -61 -1723073393
23.947 -60 -1723073393
23.973 -55 -1723073393
24.000 -39 -1723073393
24.027 -23 -1723073393
24.053 -2 -1723073393
24.080 32 -1723073393
24.107 76 -1723073393
24.133 129 -1723073393
24.160 195 -1723073393
24.187 262 -1723073393
24.213 328 -1723073393
24.240 394 -1723073393
24.267 455 -1723073393
24.293 515 -1723073393
24.320 577 -1723073393
24.347 632 -1723073393
24.373 679 -1723073393
24.400 716 -1723073393
24.427 753 -1723073393
24.453 784 -1723073393
24.480 807 -1723073393
24.507 831 -1723073393
24.533 844 -1723073393
24.560 848 -1723073393
24.587 854 -1723073393
24.613 847 -1723073393
24.640 833 -1723073393
24.667 824 -1723073393
24.693 799 -1723073393
24.720 767 -1723073393
24.747 738 -1723073393
24.773 694 -1723073393
24.800 642 -1723073393
24.827 590 -1723073393
24.853 527 -1723073393
24.880 468 -1723073393
24.907 416 -1723073393
24.933 364 -1723073393
24.960 308 -1723073393
24.987 258 -1723073393
25.013 223 -1723073393
25.040 189 -1723073393
25.067 161 -1723073393
25.093 140 -1723073393
25.120 126 -1723073393
25.147 125 -1723073393
25.173 138 -1723073393
25.200 148 -1723073393
25.227 160 -1723073393
25.253 176 -1723073393
25.280 186 -1723073393
25.307 199 -1723073393
25.333 215 -1723073393
25.360 223 -1723073393
25.387 239 -1723073393
25.413 252 -1723073393
25.440 251 -1723073393
25.467 245 -1723073393
25.493 234 -1723073393
25.520 216 -1723073393
25.547 201 -1723073393
25.573 179 -1723073393
25.600 143 -1723073393
25.627 107 -1723073393
25.653 65 -1723073393
25.680 16 -1723073393
25.707 -22 -1723073393
25.733 -61 -1723073393
25.760 -102 -1723073393
25.787 -126 -1723073393
25.813 -145 -1723073393
25.840 -161 -1723073393
25.867 -158 -1723073393
25.893 -156 -1723073393
25.920 -157 -1723073393
25.947 -136 -1723073393
25.973 -114 -1723073393
26.000 -94 -1723073393
26.027 -57 -1723073393
26.053 -24 -1723073393
26.080 4 -1723073393
26.107 37 -1723073393
26.133 56 -1723073393
26.160 69 -1723073393
26.187 90 -1723073393
26.213 100 -1723073393
26.240 104 -1723073393
26.267 111 -1723073393
26.293 112 -1723073393
26.320 105 -1723073393
26.347 101 -1723073393
26.373 86 -1723073393
26.400 69 -1723073393
26.427 61 -1723073393
26.453 47 -1723073393
26.480 40 -1723073393
26.507 46 -1723073393
26.533 46 -1723073393
26.560 49 -1723073393
26.587 59 -1723073393
26.613 64 -1723073393
26.640 75 -1723073393
26.667 84 -1723073393
26.693 82 -1723073393
26.720 82 -1723073393
26.747 76 -1723073393
26.773 54 -1723073393
26.800 32 -1723073393
26.827 7 -1723073393
26.853 -28 -1723073393
26.880 -59 -1723073393
26.907 -93 -1723073393
26.933 -137 -1723073393
26.960 -169 -1723073393
26.987 -198 -1723073393
27.013 -228 -1723073393
27.040 -238 -1723073393
27.067 -240 -1723073393
27.093 -239 -1723073393
27.120 -221 -1723073393
27.147 -198 -1723073393
27.173 -172 -1723073393
27.200 -133 -1723073393
27.227 -94 -1723073393
27.253 -66 -1723073393
27.280 -38 -1723073393
27.307 -17 -1723073393
27.333 -4 -1723073393
27.360 12 -1723073393
27.387 19 -1723073393
27.413 15 -1723073393
27.440 11 -1723073393
27.467 -1 -1723073393
27.493 -27 -1723073393
27.520 -53 -1723073393
27.547 -81 -1723073393
27.573 -115 -1723073393
27.600 -146 -1723073393
27.627 -181 -1723073393
27.653 -212 -1723073393
27.680 -233 -1723073393
27.707 -259 -1723073393
27.733 -279 -1723073393
27.760 -279 -1723073393
27.787 -285 -1723073393
27.813 -282 -1723073393
27.840 -255 -1723073393
27.867 -230 -1723073393
27.893 -198 -1723073393
27.920 -147 -1723073393
27.947 -104 -1723073393
27.973 -55 -1723073393
28.000 9 -1723073393
28.027 64 -1723073393
28.053 122 -1723073393
28.080 185 -1723073393
28.107 234 -1723073393
28.133 277 -1723073393
28.160 316 -1723073393
28.187 344 -1723073393
28.213 364 -1723073393
28.240 377 -1723073393
28.267 383 -1723073393
28.293 383 -1723073393
28.320 378 -1723073393
28.347 370 -1723073393
28.373 368 -1723073393
28.400 366 -1723073393
28.427 363 -1723073393
28.453 364 -1723073393
28.480 359 -1723073393
28.507 348 -1723073393
28.533 335 -1723073393
28.560 318 -1723073393
28.587 295 -1723073393
28.613 269 -1723073393
28.640 237 -1723073393
28.667 201 -1723073393
28.693 167 -1723073393
28.720 133 -1723073393
28.747 104 -1723073393
28.773 84 -1723073393
28.800 66 -1723073393
28.827 49 -1723073393
28.853 39 -1723073393
28.880 19 -1723073393
28.907 -4 -1723073393
28.933 -17 -1723073393
28.960 -29 -1723073393
28.987 -43 -1723073393
29.013 -46 -1723073393
29.040 -50 -1723073393
29.067 -53 -1723073393
29.093 -36 -1723073393
29.120 -17 -1723073393
29.147 1 -1723073393
29.173 25 -1723073393
29.200 37 -1723073393
29.227 51 -1723073393
29.253 74 -1723073393
29.280 88 -1723073393
29.307 100 -1723073393
29.333 109 -1723073393
29.360 102 -1723073393
29.387 93 -1723073393
29.413 83 -1723073393
29.440 62 -1723073393
29.467 40 -1723073393
29.493 21 -1723073393
29.520 -3 -1723073393
29.547 -27 -1723073393
29.573 -43 -1723073393
29.600 -63 -1723073393
29.627 -78 -1723073393
29.653 -80 -1723073393
29.680 -84 -1723073393
29.707 -84 -1723073393
29.733 -74 -1723073393
29.760 -59 -1723073393
29.787 -34 -1723073393
29.813 1 -1723073393
29.840 34 -1723073393
29.867 70 -1723073393
29.893 112 -1723073393
29.920 145 -1723073393
29.947 182 -1723073393
29.973 223 -1723073393
30.000 251 -1723073393
30.027 277 -1723073393
30.053 305 -1723073393
30.080 324 -1723073393
30.107 343 -1723073393
30.133 360 -1723073393
30.160 371 -1723073393
30.187 385 -1723073393
30.213 396 -1723073393
30.240 397 -1723073393
30.267 393 -1723073393
30.293 377 -1723073393
30.320 354 -1723073393
30.347 331 -1723073393
30.373 296 -1723073393
30.400 252 -1723073393
30.427 208 -1723073393
30.453 161 -1723073393
30.480 109 -1723073393
30.507 57 -1723073393
30.533 3 -1723073393
30.560 -47 -1723073393
30.587 -90 -1723073393
30.613 -125 -1723073393
30.640 -156 -1723073393
30.667 -172 -1723073393
30.693 -174 -1723073393
30.720 -169 -1723073393
30.747 -146 -1723073393
30.773 -113 -1723073393
30.800 -80 -1723073393
30.827 -27 -1723073393
30.853 37 -1723073393
30.880 97 -1723073393
30.907 163 -1723073393
30.933 224 -1723073393
30.960 269 -1723073393
30.987 308 -1723073393
31.013 337 -1723073393
31.040 350 -1723073393
31.067 354 -1723073393
31.093 342 -1723073393
31.120 313 -1723073393
31.147 269 -1723073393
31.173 211 -1723073393
31.200 144 -1723073393
31.227 70 -1723073393
31.253 -10 -1723073393
31.280 -90 -1723073393
31.307 -158 -1723073393
31.333 -219 -1723073393
31.360 -274 -1723073393
31.387 -308 -1723073393
31.413 -333 -1723073393
31.440 -350 -1723073393
31.467 -335 -1723073393
31.493 -297 -1723073393
31.520 -249 -1723073393
31.547 -186 -1723073393
31.573 -119 -1723073393
31.600 -59 -1723073393
31.627 9 -1723073393
31.653 74 -1723073393
31.680 129 -1723073393
31.707 181 -1723073393
31.733 224 -1723073393
31.760 253 -1723073393
31.787 272 -1723073393
31.813 280 -1723073393
31.840 283 -1723073393
31.867 282 -1723073393
31.893 280 -1723073393
31.920 280 -1723073393
31.947 277 -1723073393
31.973 272 -1723073393
32.000 267 -1723073393
32.027 266 -1723073393
32.053 268 -1723073393
32.080 271 -1723073393
32.107 271 -1723073393
32.133 269 -1723073393
32.160 261 -1723073393
32.187 252 -1723073393
32.213 243 -1723073393
32.240 226 -1723073393
32.267 198 -1723073393
32.293 165 -1723073393
32.320 127 -1723073393
32.347 86 -1723073393
32.373 39 -1723073393
32.400 -7 -1723073393
32.427 -49 -1723073393
32.453 -86 -1723073393
32.480 -111 -1723073393
32.507 -115 -1723073393
32.533 -106 -1723073393
32.560 -89 -1723073393
32.587 -52 -1723073393
32.613 -5 -1723073393
32.640 39 -1723073393
32.667 90 -1723073393
32.693 142 -1723073393
32.720 185 -1723073393
32.747 226 -1723073393
32.773 258 -1723073393
32.800 284 -1723073393
32.827 294 -1723073393
32.853 284 -1723073393
32.880 258 -1723073393
32.907 221 -1723073393
32.933 168 -1723073393
32.960 103 -1723073393
32.987 26 -1723073393
33.013 -57 -1723073393
33.040 -144 -1723073393
33.067 -218 -1723073393
33.093 -278 -1723073393
33.120 -327 -1723073393
33.147 -350 -1723073393
33.173 -350 -1723073393
33.200 -342 -1723073393
33.227 -309 -1723073393
33.253 -257 -1723073393
33.280 -205 -1723073393
33.307 -136 -1723073393
33.333 -55 -1723073393
33.360 23 -1723073393
33.387 110 -1723073393
33.413 198 -1723073393
33.440 271 -1723073393
33.467 336 -1723073393
33.493 394 -1723073393
33.520 440 -1723073393
33.547 473 -1723073393
33.573 504 -1723073393
33.600 531 -1723073393
33.627 548 -1723073393
33.653 560 -1723073393
33.680 569 -1723073393
33.707 571 -1723073393
33.733 573 -1723073393
33.760 571 -1723073393
33.787 558 -1723073393
33.813 540 -1723073393
33.840 516 -1723073393
33.867 478 -1723073393
33.893 436 -1723073393
33.920 390 -1723073393
33.947 337 -1723073393
33.973 281 -1723073393
34.000 225 -1723073393
34.027 168 -1723073393
34.053 115 -1723073393
34.080 61 -1723073393
34.107 13 -1723073393
34.133 -25 -1723073393
34.160 -57 -1723073393
34.187 -76 -1723073393
34.213 -81 -1723073393
34.240 -78 -1723073393
34.267 -58 -1723073393
34.293 -25 -1723073393
34.320 12 -1723073393
34.347 60 -1723073393
34.373 114 -1723073393
34.400 167 -1723073393
34.427 226 -1723073393
34.453 290 -1723073393
34.480 345 -1723073393
34.507 391 -1723073393
34.533 426 -1723073393
34.560 443 -1723073393
34.587 441 -1723073393
34.613 424 -1723073393
34.640 392 -1723073393
34.667 345 -1723073393
34.693 286 -1723073393
34.720 217 -1723073393
34.747 142 -1723073393
34.773 59 -1723073393
34.800 -27 -1723073393
34.827 -109 -1723073393
34.853 -177 -1723073393
34.880 -229 -1723073393
34.907 -260 -1723073393
34.933 -268 -1723073393
34.960 -266 -1723073393
34.987 -245 -1723073393
35.013 -202 -1723073393
35.040 -152 -1723073393
35.067 -91 -1723073393
35.093 -9 -1723073393
35.120 68 -1723073393
35.147 141 -1723073393
35.173 221 -1723073393
35.200 291 -1723073393
35.227 353 -1723073393
35.253 412 -1723073393
35.280 453 -1723073393
35.307 482 -1723073393
35.333 502 -1723073393
35.360 509 -1723073393
35.387 508 -1723073393
35.413 497 -1723073393
35.440 475 -1723073393
35.467 448 -1723073393
35.493 414 -1723073393
35.520 376 -1723073393
35.547 338 -1723073393
35.573 302 -1723073393
35.600 267 -1723073393
35.627 234 -1723073393
35.653 202 -1723073393
35.680 171 -1723073393
35.707 143 -1723073393
35.733 121 -1723073393
35.760 103 -1723073393
35.787 88 -1723073393
35.813 79 -1723073393
35.840 73 -1723073393
35.867 66 -1723073393
35.893 67 -1723073393
35.920 74 -1723073393
35.947 80 -1723073393
35.973 87 -1723073393
36.000 97 -1723073393
36.027 107 -1723073393
36.053 123 -1723073393
36.080 144 -1723073393
36.107 164 -1723073393
36.133 186 -1723073393
36.160 212 -1723073393
36.187 239 -1723073393
36.213 274 -1723073393
36.240 314 -1723073393
36.267 356 -1723073393
36.293 390 -1723073393
36.320 414 -1723073393
36.347 432 -1723073393
36.373 437 -1723073393
36.400 428 -1723073393
36.427 413 -1723073393
36.453 387 -1723073393
36.480 351 -1723073393
36.507 310 -1723073393
36.533 257 -1723073393
36.560 197 -1723073393
36.587 133 -1723073393
36.613 64 -1723073393
36.640 0 -1723073393
36.667 -57 -1723073393
36.693 -102 -1723073393
36.720 -131 -1723073393
36.747 -150 -1723073393
36.773 -154 -1723073393
36.800 -133 -1723073393
36.827 -97 -1723073393
36.853 -53 -1723073393
36.880 4 -1723073393
36.907 59 -1723073393
36.933 109 -1723073393
36.960 168 -1723073393
36.987 228 -1723073393
37.013 275 -1723073393
37.040 317 -1723073393
37.067 351 -1723073393
37.093 374 -1723073393
37.120 396 -1723073393
37.147 413 -1723073393
37.173 418 -1723073393
37.200 417 -1723073393
37.227 415 -1723073393
37.253 410 -1723073393
37.280 400 -1723073393
37.307 389 -1723073393
37.333 381 -1723073393
37.360 370 -1723073393
37.387 366 -1723073393
37.413 368 -1723073393
37.440 369 -1723073393
37.467 371 -1723073393
37.493 371 -1723073393
37.520 368 -1723073393
37.547 363 -1723073393
37.573 350 -1723073393
37.600 330 -1723073393
37.627 310 -1723073393
37.653 291 -1723073393
37.680 274 -1723073393
37.707 260 -1723073393
37.733 248 -1723073393
37.760 239 -1723073393
37.787 230 -1723073393
37.813 225 -1723073393
37.840 227 -1723073393
37.867 232 -1723073393
37.893 237 -1723073393
37.920 242 -1723073393
37.947 252 -1723073393
37.973 260 -1723073393
38.000 264 -1723073393
38.027 270 -1723073393
38.053 273 -1723073393
38.080 271 -1723073393
38.107 266 -1723073393
38.133 253 -1723073393
38.160 227 -1723073393
38.187 194 -1723073393
38.213 154 -1723073393
38.240 106 -1723073393
38.267 56 -1723073393
38.293 2 -1723073393
38.320 -55 -1723073393
38.347 -106 -1723073393
38.373 -141 -1723073393
38.400 -170 -1723073393
38.427 -185 -1723073393
38.453 -184 -1723073393
38.480 -178 -1723073393
38.507 -160 -1723073393
38.533 -126 -1723073393
38.560 -91 -1723073393
38.587 -44 -1723073393
38.613 16 -1723073393
38.640 69 -1723073393
38.667 116 -1723073393
38.693 162 -1723073393
38.720 205 -1723073393
38.747 235 -1723073393
38.773 258 -1723073393
38.800 274 -1723073393
38.827 284 -1723073393
38.853 291 -1723073393
38.880 296 -1723073393
38.907 291 -1723073393
38.933 281 -1723073393
38.960 269 -1723073393
38.987 253 -1723073393
39.013 238 -1723073393
39.040 231 -1723073393
39.067 228 -1723073393
39.093 227 -1723073393
39.120 228 -1723073393
39.147 228 -1723073393
39.173 229 -1723073393
39.200 231 -1723073393
39.227 233 -1723073393
39.253 238 -1723073393
39.280 245 -1723073393
39.307 246 -1723073393
39.333 246 -1723073393
39.360 245 -1723073393
39.387 236 -1723073393
39.413 225 -1723073393
39.440 220 -1723073393
39.467 212 -1723073393
39.493 203 -1723073393
39.520 201 -1723073393
39.547 191 -1723073393
39.573 180 -1723073393
39.600 181 -1723073393
39.627 178 -1723073393
39.653 166 -1723073393
39.680 159 -1723073393
39.707 152 -1723073393
39.733 141 -1723073393
39.760 133 -1723073393
39.787 127 -1723073393
39.813 118 -1723073393
39.840 113 -1723073393
39.867 108 -1723073393
39.893 98 -1723073393
39.920 92 -1723073393
39.947 86 -1723073393
39.973 77 -1723073393
40.000 71 -1723073393
40.027 68 -1723073393
40.053 63 -1723073393
40.080 60 -1723073393
40.107 58 -1723073393
40.133 57 -1723073393
40.160 56 -1723073393
40.187 60 -1723073393
40.213 63 -1723073393
40.240 70 -1723073393
40.267 88 -1723073393
40.293 105 -1723073393
40.320 120 -1723073393
40.347 143 -1723073393
40.373 161 -1723073393
40.400 171 -1723073393
40.427 186 -1723073393
40.453 202 -1723073393
40.480 212 -1723073393
40.507 226 -1723073393
40.533 238 -1723073393
40.560 240 -1723073393
40.587 240 -1723073393
40.613 237 -1723073393
40.640 227 -1723073393
40.667 215 -1723073393
40.693 203 -1723073393
40.720 187 -1723073393
40.747 176 -1723073393
40.773 169 -1723073393
40.800 158 -1723073393
40.827 148 -1723073393
40.853 144 -1723073393
40.880 141 -1723073393
40.907 138 -1723073393
40.933 143 -1723073393
40.960 148 -1723073393
40.987 154 -1723073393
41.013 165 -1723073393
41.040 167 -1723073393
41.067 162 -1723073393
41.093 160 -1723073393
41.120 159 -1723073393
41.147 157 -1723073393
41.173 156 -1723073393
41.200 154 -1723073393
41.227 145 -1723073393
41.253 137 -1723073393
41.280 135 -1723073393
41.307 136 -1723073393
41.333 139 -1723073393
41.360 140 -1723073393
41.387 138 -1723073393
41.413 134 -1723073393
41.440 133 -1723073393
41.467 133 -1723073393
41.493 135 -1723073393
41.520 140 -1723073393
41.547 140 -1723073393
41.573 140 -1723073393
41.600 141 -1723073393
41.627 137 -1723073393
41.653 122 -1723073393
41.680 102 -1723073393
41.707 77 -1723073393
41.733 48 -1723073393
41.760 19 -1723073393
41.787 -8 -1723073393
41.813 -38 -1723073393
41.840 -64 -1723073393
41.867 -85 -1723073393
41.893 -105 -1723073393
41.920 -118 -1723073393
41.947 -126 -1723073393
41.973 -133 -1723073393
42.000 -129 -1723073393
42.027 -113 -1723073393
42.053 -90 -1723073393
42.080 -63 -1723073393
42.107 -31 -1723073393
42.133 -4 -1723073393
42.160 22 -1723073393
42.187 52 -1723073393
42.213 75 -1723073393
42.240 88 -1723073393
42.267 98 -1723073393
42.293 97 -1723073393
42.320 81 -1723073393
42.347 59 -1723073393
42.373 35 -1723073393
42.400 9 -1723073393
42.427 -10 -1723073393
42.453 -28 -1723073393
42.480 -45 -1723073393
42.507 -49 -1723073393
42.533 -44 -1723073393
42.560 -45 -1723073393
42.587 -41 -1723073393
42.613 -27 -1723073393
42.640 -11 -1723073393
42.667 10 -1723073393
42.693 40 -1723073393
42.720 68 -1723073393
42.747 99 -1723073393
42.773 130 -1723073393
42.800 155 -1723073393
42.827 175 -1723073393
42.853 198 -1723073393
42.880 221 -1723073393
42.907 235 -1723073393
42.933 243 -1723073393
42.960 245 -1723073393
42.987 238 -1723073393
43.013 228 -1723073393
43.040 216 -1723073393
43.067 196 -1723073393
43.093 174 -1723073393
43.120 151 -1723073393
43.147 126 -1723073393
43.173 104 -1723073393
43.200 86 -1723073393
43.227 64 -1723073393
43.253 39 -1723073393
43.280 15 -1723073393
43.307 -7 -1723073393
43.333 -29 -1723073393
43.360 -46 -1723073393
43.387 -63 -1723073393
43.413 -86 -1723073393
43.440 -102 -1723073393
43.467 -116 -1723073393
43.493 -134 -1723073393
43.520 -155 -1723073393
43.547 -171 -1723073393
43.573 -184 -1723073393
43.600 -189 -1723073393
43.627 -188 -1723073393
43.653 -183 -1723073393
43.680 -172 -1723073393
43.707 -150 -1723073393
43.733 -126 -1723073393
43.760 -99 -1723073393
43.787 -67 -1723073393
43.813 -37 -1723073393
43.840 -11 -1723073393
43.867 11 -1723073393
43.893 26 -1723073393
43.920 34 -1723073393
43.947 37 -1723073393
43.973 33 -1723073393
44.000 22 -1723073393
44.027 9 -1723073393
44.053 -9 -1723073393
44.080 -31 -1723073393
44.107 -51 -1723073393
44.133 -67 -1723073393
44.160 -81 -1723073393
44.187 -87 -1723073393
44.213 -89 -1723073393
44.240 -86 -1723073393
44.267 -74 -1723073393
44.293 -54 -1723073393
44.320 -31 -1723073393
44.347 -3 -1723073393
44.373 36 -1723073393
44.400 76 -1723073393
44.427 109 -1723073393
44.453 139 -1723073393
44.480 166 -1723073393
44.507 188 -1723073393
44.533 210 -1723073393
44.560 227 -1723073393
44.587 237 -1723073393
44.613 246 -1723073393
44.640 253 -1723073393
44.667 254 -1723073393
44.693 252 -1723073393
44.720 245 -1723073393
44.747 231 -1723073393
44.773 216 -1723073393
44.800 200 -1723073393
44.827 179 -1723073393
44.853 158 -1723073393
44.880 141 -1723073393
44.907 118 -1723073393
44.933 92 -1723073393
44.960 71 -1723073393
44.987 54 -1723073393
45.013 35 -1723073393
45.040 19 -1723073393
45.067 3 -1723073393
45.093 -14 -1723073393
45.120 -27 -1723073393
45.147 -41 -1723073393
45.173 -55 -1723073393
45.200 -59 -1723073393
45.227 -56 -1723073393
45.253 -56 -1723073393
45.280 -52 -1723073393
45.307 -45 -1723073393
45.333 -39 -1723073393
45.360 -31 -1723073393
45.387 -14 -1723073393
45.413 1 -1723073393
45.440 18 -1723073393
45.467 43 -1723073393
45.493 68 -1723073393
45.520 90 -1723073393
45.547 114 -1723073393
45.573 135 -1723073393
45.600 151 -1723073393
45.627 163 -1723073393
45.653 170 -1723073393
45.680 172 -1723073393
45.707 172 -1723073393
45.733 166 -1723073393
45.760 147 -1723073393
45.787 124 -1723073393
45.813 101 -1723073393
45.840 73 -1723073393
45.867 42 -1723073393
45.893 12 -1723073393
45.920 -20 -1723073393
45.947 -47 -1723073393
45.973 -73 -1723073393
46.000 -98 -1723073393
46.027 -113 -1723073393
46.053 -117 -1723073393
46.080 -117 -1723073393
46.107 -104 -1723073393
46.133 -80 -1723073393
46.160 -52 -1723073393
46.187 -20 -1723073393
46.213 15 -1723073393
46.240 54 -1723073393
46.267 92 -1723073393
46.293 130 -1723073393
46.320 164 -1723073393
46.347 193 -1723073393
46.373 222 -1723073393
46.400 250 -1723073393
46.427 276 -1723073393
46.453 299 -1723073393
46.480 318 -1723073393
46.507 329 -1723073393
46.533 334 -1723073393
46.560 338 -1723073393
46.587 336 -1723073393
46.613 325 -1723073393
46.640 310 -1723073393
46.667 294 -1723073393
46.693 268 -1723073393
46.720 236 -1723073393
46.747 204 -1723073393
46.773 169 -1723073393
46.800 134 -1723073393
46.827 99 -1723073393
46.853 66 -1723073393
46.880 40 -1723073393
46.907 19 -1723073393
46.933 0 -1723073393
46.960 -9 -1723073393
46.987 -4 -1723073393
47.013 6 -1723073393
47.040 26 -1723073393
47.067 56 -1723073393
47.093 86 -1723073393
47.120 113 -1723073393
47.147 142 -1723073393
47.173 169 -1723073393
47.200 194 -1723073393
47.227 218 -1723073393
47.253 238 -1723073393
47.280 252 -1723073393
47.307 259 -1723073393
47.333 261 -1723073393
47.360 257 -1723073393
47.387 249 -1723073393
47.413 240 -1723073393
47.440 230 -1723073393
47.467 214 -1723073393
47.493 201 -1723073393
47.520 191 -1723073393
47.547 180 -1723073393
47.573 169 -1723073393
47.600 157 -1723073393
47.627 141 -1723073393
47.653 127 -1723073393
47.680 116 -1723073393
47.707 107 -1723073393
47.733 107 -1723073393
47.760 116 -1723073393
47.787 127 -1723073393
47.813 145 -1723073393
47.840 171 -1723073393
47.867 197 -1723073393
47.893 225 -1723073393
47.920 257 -1723073393
47.947 285 -1723073393
47.973 313 -1723073393
48.000 347 -1723073393
48.027 384 -1723073393
48.053 419 -1723073393
48.080 450 -1723073393
48.107 478 -1723073393
48.133 501 -1723073393
48.160 520 -1723073393
48.187 538 -1723073393
48.213 554 -1723073393
48.240 565 -1723073393
48.267 575 -1723073393
48.293 581 -1723073393
48.320 577 -1723073393
48.347 568 -1723073393
48.373 561 -1723073393
48.400 552 -1723073393
48.427 537 -1723073393
48.453 520 -1723073393
48.480 497 -1723073393
48.507 467 -1723073393
48.533 439 -1723073393
48.560 409 -1723073393
48.587 378 -1723073393
48.613 351 -1723073393
48.640 328 -1723073393
48.667 306 -1723073393
48.693 285 -1723073393
48.720 266 -1723073393
48.747 248 -1723073393
48.773 235 -1723073393
48.800 231 -1723073393
48.827 231 -1723073393
48.853 233 -1723073393
48.880 231 -1723073393
48.907 229 -1723073393
48.933 228 -1723073393
48.960 226 -1723073393
48.987 227 -1723073393
49.013 230 -1723073393
49.040 228 -1723073393
49.067 220 -1723073393
49.093 215 -1723073393
49.120 210 -1723073393
49.147 203 -1723073393
49.173 200 -1723073393
49.200 204 -1723073393
49.227 209 -1723073393
49.253 210 -1723073393
49.280 212 -1723073393
49.307 210 -1723073393
49.333 202 -1723073393
49.360 196 -1723073393
49.387 193 -1723073393
49.413 187 -1723073393
49.440 179 -1723073393
49.467 170 -1723073393
49.493 158 -1723073393
49.520 150 -1723073393
49.547 147 -1723073393
49.573 145 -1723073393
49.600 147 -1723073393
49.627 154 -1723073393
49.653 160 -1723073393
49.680 164 -1723073393
49.707 177 -1723073393
49.733 192 -1723073393
49.760 206 -1723073393
49.787 222 -1723073393
49.813 232 -1723073393
49.840 236 -1723073393
49.867 243 -1723073393
49.893 249 -1723073393
49.920 248 -1723073393
49.947 247 -1723073393
49.973 244 -1723073393
50.000 234 -1723073393
50.027 218 -1723073393
50.053 202 -1723073393
50.080 185 -1723073393
50.107 163 -1723073393
50.133 142 -1723073393
50.160 120 -1723073393
50.187 93 -1723073393
50.213 69 -1723073393
50.240 47 -1723073393
50.267 17 -1723073393
50.293 -8 -1723073393
50.320 -26 -1723073393
50.347 -46 -1723073393
50.373 -64 -1723073393
50.400 -75 -1723073393
50.427 -91 -1723073393
50.453 -107 -1723073393
50.480 -112 -1723073393
50.507 -117 -1723073393
50.533 -123 -1723073393
50.560 -118 -1723073393
50.587 -114 -1723073393
50.613 -113 -1723073393
50.640 -105 -1723073393
50.667 -94 -1723073393
50.693 -84 -1723073393
50.720 -68 -1723073393
50.747 -49 -1723073393
50.773 -39 -1723073393
50.800 -27 -1723073393
50.827 -13 -1723073393
50.853 -7 -1723073393
50.880 -4 -1723073393
50.907 0 -1723073393
50.933 0 -1723073393
50.960 -3 -1723073393
50.987 -3 -1723073393
51.013 -2 -1723073393
51.040 -3 -1723073393
51.067 -6 -1723073393
51.093 -11 -1723073393
51.120 -18 -1723073393
51.147 -20 -1723073393
51.173 -16 -1723073393
51.200 -15 -1723073393
51.227 -10 -1723073393
51.253 1 -1723073393
51.280 14 -1723073393
51.307 26 -1723073393
51.333 45 -1723073393
51.360 67 -1723073393
51.387 91 -1723073393
51.413 116 -1723073393
51.440 138 -1723073393
51.467 160 -1723073393
51.493 184 -1723073393
51.520 208 -1723073393
51.547 228 -1723073393
51.573 242 -1723073393
51.600 256 -1723073393
51.627 268 -1723073393
51.653 274 -1723073393
51.680 275 -1723073393
51.707 282 -1723073393
51.733 285 -1723073393
51.760 283 -1723073393
51.787 286 -1723073393
51.813 291 -1723073393
51.840 291 -1723073393
51.867 292 -1723073393
51.893 296 -1723073393
51.920 301 -1723073393
51.947 312 -1723073393
51.973 324 -1723073393
52.000 334 -1723073393
52.027 343 -1723073393
52.053 350 -1723073393
52.080 356 -1723073393
52.107 358 -1723073393
52.133 357 -1723073393
52.160 350 -1723073393
52.187 336 -1723073393
52.213 317 -1723073393
52.240 294 -1723073393
52.267 268 -1723073393
52.293 240 -1723073393
52.320 215 -1723073393
52.347 196 -1723073393
52.373 180 -1723073393
52.400 160 -1723073393
52.427 142 -1723073393
52.453 128 -1723073393
52.480 118 -1723073393
52.507 111 -1723073393
52.533 110 -1723073393
52.560 110 -1723073393
52.587 106 -1723073393
52.613 107 -1723073393
52.640 112 -1723073393
52.667 114 -1723073393
52.693 111 -1723073393
52.720 107 -1723073393
52.747 100 -1723073393
52.773 90 -1723073393
52.800 82 -1723073393
52.827 75 -1723073393
52.853 65 -1723073393
52.880 61 -1723073393
52.907 61 -1723073393
52.933 58 -1723073393
52.960 52 -1723073393
52.987 46 -1723073393
53.013 35 -1723073393
53.040 28 -1723073393
53.067 25 -1723073393
53.093 18 -1723073393
53.120 13 -1723073393
53.147 14 -1723073393
53.173 16 -1723073393
53.200 19 -1723073393
53.227 29 -1723073393
53.253 41 -1723073393
53.280 57 -1723073393
53.307 79 -1723073393
53.333 101 -1723073393
53.360 116 -1723073393
53.387 136 -1723073393
53.413 159 -1723073393
53.440 178 -1723073393
53.467 196 -1723073393
53.493 217 -1723073393
53.520 235 -1723073393
53.547 249 -1723073393
53.573 264 -1723073393
53.600 274 -1723073393
53.627 276 -1723073393
53.653 276 -1723073393
53.680 274 -1723073393
53.707 268 -1723073393
53.733 259 -1723073393
53.760 251 -1723073393
53.787 241 -1723073393
53.813 236 -1723073393
53.840 233 -1723073393
53.867 226 -1723073393
53.893 215 -1723073393
53.920 208 -1723073393
53.947 195 -1723073393
53.973 175 -1723073393
54.000 157 -1723073393
54.027 141 -1723073393
54.053 121 -1723073393
54.080 103 -1723073393
54.107 89 -1723073393
54.133 75 -1723073393
54.160 65 -1723073393
54.187 56 -1723073393
54.213 42 -1723073393
54.240 30 -1723073393
54.267 30 -1723073393
54.293 33 -1723073393
54.320 36 -1723073393
54.347 47 -1723073393
54.373 58 -1723073393
54.400 57 -1723073393
54.427 59 -1723073393
54.453 67 -1723073393
54.480 66 -1723073393
54.507 64 -1723073393
54.533 72 -1723073393
54.560 78 -1723073393
54.587 80 -1723073393
54.613 88 -1723073393
54.640 94 -1723073393
54.667 91 -1723073393
54.693 92 -1723073393
54.720 96 -1723073393
54.747 97 -1723073393
54.773 100 -1723073393
54.800 109 -1723073393
54.827 113 -1723073393
54.853 115 -1723073393
54.880 124 -1723073393
54.907 138 -1723073393
54.933 150 -1723073393
54.960 163 -1723073393
54.987 178 -1723073393
55.013 193 -1723073393
55.040 214 -1723073393
55.067 238 -1723073393
55.093 255 -1723073393
55.120 272 -1723073393
55.147 289 -1723073393
55.173 304 -1723073393
55.200 314 -1723073393
55.227 326 -1723073393
55.253 337 -1723073393
55.280 343 -1723073393
55.307 347 -1723073393
55.333 353 -1723073393
55.360 362 -1723073393
55.387 371 -1723073393
55.413 382 -1723073393
55.440 393 -1723073393
55.467 406 -1723073393
55.493 420 -1723073393
55.520 431 -1723073393
55.547 442 -1723073393
55.573 457 -1723073393
55.600 475 -1723073393
55.627 493 -1723073393
55.653 509 -1723073393
55.680 519 -1723073393
55.707 526 -1723073393
55.733 526 -1723073393
55.760 520 -1723073393
55.787 511 -1723073393
55.813 498 -1723073393
55.840 476 -1723073393
55.867 450 -1723073393
55.893 424 -1723073393
55.920 395 -1723073393
55.947 366 -1723073393
55.973 340 -1723073393
56.000 314 -1723073393
56.027 287 -1723073393
56.053 263 -1723073393
56.080 244 -1723073393
56.107 220 -1723073393
56.133 198 -1723073393
56.160 180 -1723073393
56.187 165 -1723073393
56.213 152 -1723073393
56.240 139 -1723073393
56.267 125 -1723073393
56.293 110 -1723073393
56.320 93 -1723073393
56.347 79 -1723073393
56.373 67 -1723073393
56.400 51 -1723073393
56.427 35 -1723073393
56.453 20 -1723073393
56.480 0 -1723073393
56.507 -23 -1723073393
56.533 -38 -1723073393
56.560 -50 -1723073393
56.587 -63 -1723073393
56.613 -67 -1723073393
56.640 -68 -1723073393
56.667 -73 -1723073393
56.693 -73 -1723073393
56.720 -67 -1723073393
56.747 -71 -1723073393
56.773 -78 -1723073393
56.800 -71 -1723073393
56.827 -63 -1723073393
56.853 -62 -1723073393
56.880 -51 -1723073393
56.907 -39 -1723073393
56.933 -36 -1723073393
56.960 -29 -1723073393
56.987 -14 -1723073393
57.013 -1 -1723073393
57.040 16 -1723073393
57.067 42 -1723073393
57.093 64 -1723073393
57.120 83 -1723073393
57.147 109 -1723073393
57.173 132 -1723073393
57.200 151 -1723073393
57.227 176 -1723073393
57.253 201 -1723073393
57.280 216 -1723073393
57.307 230 -1723073393
57.333 249 -1723073393
57.360 263 -1723073393
57.387 280 -1723073393
57.413 300 -1723073393
57.440 321 -1723073393
57.467 341 -1723073393
57.493 359 -1723073393
57.520 377 -1723073393
57.547 397 -1723073393
57.573 419 -1723073393
57.600 435 -1723073393
57.627 447 -1723073393
57.653 460 -1723073393
57.680 472 -1723073393
57.707 482 -1723073393
57.733 494 -1723073393
57.760 503 -1723073393
57.787 506 -1723073393
57.813 513 -1723073393
57.840 518 -1723073393
57.867 512 -1723073393
57.893 505 -1723073393
57.920 495 -1723073393
57.947 481 -1723073393
57.973 475 -1723073393
58.000 473 -1723073393
58.027 461 -1723073393
58.053 449 -1723073393
58.080 445 -1723073393
58.107 440 -1723073393
58.133 437 -1723073393
58.160 442 -1723073393
58.187 453 -1723073393
58.213 464 -1723073393
58.240 483 -1723073393
58.267 511 -1723073393
58.293 539 -1723073393
58.320 567 -1723073393
58.347 598 -1723073393
58.373 623 -1723073393
58.400 644 -1723073393
58.427 668 -1723073393
58.453 685 -1723073393
58.480 692 -1723073393
58.507 700 -1723073393
58.533 706 -1723073393
58.560 696 -1723073393
58.587 683 -1723073393
58.613 676 -1723073393
58.640 664 -1723073393
58.667 645 -1723073393
58.693 633 -1723073393
58.720 619 -1723073393
58.747 602 -1723073393
58.773 596 -1723073393
58.800 594 -1723073393
58.827 585 -1723073393
58.853 577 -1723073393
58.880 574 -1723073393
58.907 562 -1723073393
58.933 543 -1723073393
58.960 527 -1723073393
58.987 509 -1723073393
59.013 488 -1723073393
59.040 472 -1723073393
59.067 456 -1723073393
59.093 429 -1723073393
59.120 405 -1723073393
59.147 394 -1723073393
59.173 385 -1723073393
59.200 379 -1723073393
59.227 379 -1723073393
59.253 379 -1723073393
59.280 377 -1723073393
59.307 373 -1723073393
59.333 367 -1723073393
59.360 357 -1723073393
59.387 341 -1723073393
59.413 329 -1723073393
59.440 312 -1723073393
59.467 286 -1723073393
59.493 258 -1723073393
59.520 224 -1723073393
59.547 181 -1723073393
59.573 140 -1723073393
59.600 102 -1723073393
59.627 62 -1723073393
59.653 20 -1723073393
59.680 -11 -1723073393
59.707 -39 -1723073393
59.733 -71 -1723073393
59.760 -101 -1723073393
59.787 -121 -1723073393
59.813 -143 -1723073393
59.840 -161 -1723073393
59.867 -160 -1723073393
59.893 -149 -1723073393
59.920 -145 -1723073393
59.947 -130 -1723073393
59.973 -102 -1723073393
60.000 -87 -1723073393
60.027 -74 -1723073393
60.053 -47 -1723073393
60.080 -27 -1723073393
60.107 -15 -1723073393
60.133 3 -1723073393
60.160 18 -1723073393
60.187 21 -1723073393
60.213 27 -1723073393
60.240 33 -1723073393
60.267 27 -1723073393
60.293 21 -1723073393
60.320 16 -1723073393
60.347 2 -1723073393
60.373 -16 -1723073393
60.400 -31 -1723073393
60.427 -47 -1723073393
60.453 -66 -1723073393
60.480 -77 -1723073393
60.507 -86 -1723073393
60.533 -104 -1723073393
60.560 -120 -1723073393
60.587 -127 -1723073393
60.613 -141 -1723073393
60.640 -158 -1723073393
60.667 -165 -1723073393
60.693 -170 -1723073393
60.720 -179 -1723073393
60.747 -178 -1723073393
60.773 -174 -1723073393
60.800 -180 -1723073393
60.827 -178 -1723073393
60.853 -157 -1723073393
60.880 -143 -1723073393
60.907 -135 -1723073393
60.933 -115 -1723073393
60.960 -94 -1723073393
60.987 -86 -1723073393
61.013 -74 -1723073393
61.040 -56 -1723073393
61.067 -47 -1723073393
61.093 -39 -1723073393
61.120 -26 -1723073393
61.147 -25 -1723073393
61.173 -31 -1723073393
61.200 -33 -1723073393
61.227 -39 -1723073393
61.253 -53 -1723073393
61.280 -62 -1723073393
61.307 -70 -1723073393
61.333 -88 -1723073393
61.360 -106 -1723073393
61.387 -118 -1723073393
61.413 -137 -1723073393
61.440 -157 -1723073393
61.467 -167 -1723073393
61.493 -182 -1723073393
61.520 -203 -1723073393
61.547 -213 -1723073393
61.573 -215 -1723073393
61.600 -224 -1723073393
61.627 -226 -1723073393
61.653 -207 -1723073393
61.680 -190 -1723073393
61.707 -174 -1723073393
61.733 -144 -1723073393
61.760 -115 -1723073393
61.787 -94 -1723073393
61.813 -62 -1723073393
61.840 -25 -1723073393
61.867 -1 -1723073393
61.893 22 -1723073393
61.920 49 -1723073393
61.947 59 -1723073393
61.973 60 -1723073393
62.000 65 -1723073393
62.027 65 -1723073393
62.053 55 -1723073393
62.080 43 -1723073393
62.107 25 -1723073393
62.133 -4 -1723073393
62.160 -36 -1723073393
62.187 -64 -1723073393
62.213 -97 -1723073393
62.240 -131 -1723073393
62.267 -153 -1723073393
62.293 -176 -1723073393
62.320 -202 -1723073393
62.347 -214 -1723073393
62.373 -217 -1723073393
62.400 -228 -1723073393
62.427 -230 -1723073393
62.453 -213 -1723073393
62.480 -205 -1723073393
62.507 -199 -1723073393
62.533 -172 -1723073393
62.560 -140 -1723073393
62.587 -117 -1723073393
62.613 -83 -1723073393
62.640 -45 -1723073393
62.667 -27 -1723073393
62.693 -8 -1723073393
62.720 23 -1723073393
62.747 41 -1723073393
62.773 47 -1723073393
62.800 59 -1723073393
62.827 62 -1723073393
62.853 52 -1723073393
62.880 43 -1723073393
62.907 29 -1723073393
62.933 2 -1723073393
62.960 -27 -1723073393
62.987 -56 -1723073393
63.013 -92 -1723073393
63.040 -126 -1723073393
63.067 -154 -1723073393
63.093 -190 -1723073393
63.120 -234 -1723073393
63.147 -265 -1723073393
63.173 -290 -1723073393
63.200 -321 -1723073393
63.227 -343 -1723073393
63.253 -349 -1723073393
63.280 -359 -1723073393
63.307 -371 -1723073393
63.333 -363 -1723073393
63.360 -356 -1723073393
63.387 -356 -1723073393
63.413 -340 -1723073393
63.440 -313 -1723073393
63.467 -298 -1723073393
63.493 -275 -1723073393
63.520 -232 -1723073393
63.547 -202 -1723073393
63.573 -180 -1723073393
63.600 -143 -1723073393
63.627 -111 -1723073393
63.653 -99 -1723073393
63.680 -82 -1723073393
63.707 -60 -1723073393
63.733 -54 -1723073393
63.760 -50 -1723073393
63.787 -42 -1723073393
63.813 -46 -1723073393
63.840 -61 -1723073393
63.867 -67 -1723073393
63.893 -72 -1723073393
63.920 -84 -1723073393
63.947 -90 -1723073393
63.973 -95 -1723073393
64.000 -110 -1723073393
64.027 -120 -1723073393
64.053 -117 -1723073393
64.080 -120 -1723073393
64.107 -122 -1723073393
64.133 -111 -1723073393
64.160 -103 -1723073393
64.187 -100 -1723073393
64.213 -79 -1723073393
64.240 -54 -1723073393
64.267 -39 -1723073393
64.293 -22 -1723073393
64.320 0 -1723073393
64.347 13 -1723073393
64.373 26 -1723073393
64.400 50 -1723073393
64.427 66 -1723073393
64.453 71 -1723073393
64.480 80 -1723073393
64.507 91 -1723073393
64.533 92 -1723073393
64.560 93 -1723073393
64.587 98 -1723073393
64.613 98 -1723073393
64.640 92 -1723073393
64.667 87 -1723073393
64.693 77 -1723073393
64.720 63 -1723073393
64.747 53 -1723073393
64.773 45 -1723073393
64.800 30 -1723073393
64.827 19 -1723073393
64.853 16 -1723073393
64.880 9 -1723073393
64.907 4 -1723073393
64.933 6 -1723073393
64.960 3 -1723073393
64.987 0 -1723073393
65.013 9 -1723073393
65.040 18 -1723073393
65.067 17 -1723073393
65.093 24 -1723073393
65.120 42 -1723073393
65.147 54 -1723073393
65.173 64 -1723073393
65.200 90 -1723073393
65.227 118 -1723073393
65.253 142 -1723073393
65.280 171 -1723073393
65.307 203 -1723073393
65.333 225 -1723073393
65.360 244 -1723073393
65.387 272 -1723073393
65.413 294 -1723073393
65.440 308 -1723073393
65.467 323 -1723073393
65.493 339 -1723073393
65.520 346 -1723073393
65.547 349 -1723073393
65.573 351 -1723073393
65.600 348 -1723073393
65.627 343 -1723073393
65.653 338 -1723073393
65.680 330 -1723073393
65.707 319 -1723073393
65.733 308 -1723073393
65.760 298 -1723073393
65.787 284 -1723073393
65.813 272 -1723073393
65.840 263 -1723073393
65.867 253 -1723073393
65.893 245 -1723073393
65.920 244 -1723073393
65.947 243 -1723073393
65.973 242 -1723073393
66.000 245 -1723073393
66.027 249 -1723073393
66.053 249 -1723073393
66.080 251 -1723073393
66.107 256 -1723073393
66.133 258 -1723073393
66.160 256 -1723073393
66.187 258 -1723073393
66.213 259 -1723073393
66.240 258 -1723073393
66.267 262 -1723073393
66.293 267 -1723073393
66.320 265 -1723073393
66.347 260 -1723073393
66.373 256 -1723073393
66.400 248 -1723073393
66.427 243 -1723073393
66.453 247 -1723073393
66.480 251 -1723073393
66.507 249 -1723073393
66.533 251 -1723073393
66.560 255 -1723073393
66.587 255 -1723073393
66.613 258 -1723073393
66.640 261 -1723073393
66.667 259 -1723073393
66.693 257 -1723073393
66.720 261 -1723073393
66.747 267 -1723073393
66.773 271 -1723073393
66.800 278 -1723073393
66.827 291 -1723073393
66.853 306 -1723073393
66.880 324 -1723073393
66.907 341 -1723073393
66.933 355 -1723073393
66.960 367 -1723073393
66.987 382 -1723073393
67.013 396 -1723073393
67.040 410 -1723073393
67.067 422 -1723073393
67.093 429 -1723073393
67.120 435 -1723073393
67.147 444 -1723073393
67.173 449 -1723073393
67.200 448 -1723073393
67.227 445 -1723073393
67.253 440 -1723073393
67.280 438 -1723073393
67.307 440 -1723073393
67.333 441 -1723073393
67.360 438 -1723073393
67.387 431 -1723073393
67.413 425 -1723073393
67.440 421 -1723073393
67.467 422 -1723073393
67.493 426 -1723073393
67.520 430 -1723073393
67.547 433 -1723073393
67.573 437 -1723073393
67.600 440 -1723073393
67.627 442 -1723073393
67.653 443 -1723073393
67.680 445 -1723073393
67.707 443 -1723073393
67.733 437 -1723073393
67.760 427 -1723073393
67.787 412 -1723073393
67.813 399 -1723073393
67.840 385 -1723073393
67.867 368 -1723073393
67.893 349 -1723073393
67.920 326 -1723073393
67.947 301 -1723073393
67.973 279 -1723073393
68.000 261 -1723073393
68.027 243 -1723073393
68.053 226 -1723073393
68.080 214 -1723073393
68.107 206 -1723073393
68.133 204 -1723073393
68.160 207 -1723073393
68.187 209 -1723073393
68.213 214 -1723073393
68.240 225 -1723073393
68.267 237 -1723073393
68.293 246 -1723073393
68.320 258 -1723073393
68.347 269 -1723073393
68.373 273 -1723073393
68.400 274 -1723073393
68.427 279 -1723073393
68.453 283 -1723073393
68.480 284 -1723073393
68.507 287 -1723073393
68.533 287 -1723073393
68.560 283 -1723073393
68.587 276 -1723073393
68.613 269 -1723073393
68.640 260 -1723073393
68.667 253 -1723073393
68.693 254 -1723073393
68.720 257 -1723073393
68.747 255 -1723073393
68.773 255 -1723073393
68.800 260 -1723073393
68.827 262 -1723073393
68.853 267 -1723073393
68.880 279 -1723073393
68.907 288 -1723073393
68.933 292 -1723073393
68.960 300 -1723073393
68.987 311 -1723073393
69.013 320 -1723073393
69.040 332 -1723073393
69.067 347 -1723073393
69.093 358 -1723073393
69.120 367 -1723073393
69.147 379 -1723073393
69.173 386 -1723073393
69.200 393 -1723073393
69.227 401 -1723073393
69.253 406 -1723073393
69.280 405 -1723073393
69.307 400 -1723073393
69.333 397 -1723073393
69.360 391 -1723073393
69.387 382 -1723073393
69.413 372 -1723073393
69.440 364 -1723073393
69.467 357 -1723073393
69.493 348 -1723073393
69.520 333 -1723073393
69.547 317 -1723073393
69.573 306 -1723073393
69.600 294 -1723073393
69.627 278 -1723073393
69.653 264 -1723073393
69.680 252 -1723073393
69.707 235 -1723073393
69.733 219 -1723073393
69.760 212 -1723073393
69.787 208 -1723073393
69.813 202 -1723073393
69.840 199 -1723073393
69.867 199 -1723073393
69.893 196 -1723073393
69.920 205 -1723073393
69.947 222 -1723073393
69.973 233 -1723073393
70.000 242 -1723073393
70.027 261 -1723073393
70.053 278 -1723073393
70.080 291 -1723073393
70.107 306 -1723073393
70.133 319 -1723073393
70.160 322 -1723073393
70.187 322 -1723073393
70.213 328 -1723073393
70.240 330 -1723073393
70.267 324 -1723073393
70.293 318 -1723073393
70.320 311 -1723073393
70.347 299 -1723073393
70.373 286 -1723073393
70.400 278 -1723073393
70.427 271 -1723073393
70.453 262 -1723073393
70.480 257 -1723073393
70.507 251 -1723073393
70.533 247 -1723073393
70.560 251 -1723073393
70.587 255 -1723073393
70.613 254 -1723073393
70.640 256 -1723073393
70.667 264 -1723073393
70.693 272 -1723073393
70.720 283 -1723073393
70.747 302 -1723073393
70.773 318 -1723073393
70.800 327 -1723073393
70.827 341 -1723073393
70.853 354 -1723073393
70.880 359 -1723073393
70.907 364 -1723073393
70.933 375 -1723073393
70.960 382 -1723073393
70.987 387 -1723073393
71.013 394 -1723073393
71.040 399 -1723073393
71.067 399 -1723073393
71.093 400 -1723073393
71.120 404 -1723073393
71.147 405 -1723073393
71.173 406 -1723073393
71.200 407 -1723073393
71.227 406 -1723073393
71.253 404 -1723073393
71.280 400 -1723073393
71.307 388 -1723073393
71.333 372 -1723073393
71.360 356 -1723073393
71.387 339 -1723073393
71.413 321 -1723073393
71.440 306 -1723073393
71.467 293 -1723073393
71.493 274 -1723073393
71.520 254 -1723073393
71.547 242 -1723073393
71.573 230 -1723073393
71.600 216 -1723073393
71.627 208 -1723073393
71.653 201 -1723073393
71.680 193 -1723073393
71.707 192 -1723073393
71.733 198 -1723073393
71.760 198 -1723073393
71.787 198 -1723073393
71.813 208 -1723073393
71.840 223 -1723073393
71.867 232 -1723073393
71.893 245 -1723073393
71.920 263 -1723073393
71.947 273 -1723073393
71.973 284 -1723073393
72.000 294 -1723073393
72.027 296 -1723073393
72.053 294 -1723073393
72.080 296 -1723073393
72.107 299 -1723073393
72.133 302 -1723073393
72.160 304 -1723073393
72.187 303 -1723073393
72.213 296 -1723073393
72.240 289 -1723073393
72.267 284 -1723073393
72.293 279 -1723073393
72.320 269 -1723073393
72.347 258 -1723073393
72.373 248 -1723073393
72.400 241 -1723073393
72.427 242 -1723073393
72.453 243 -1723073393
72.480 239 -1723073393
72.507 240 -1723073393
72.533 247 -1723073393
72.560 246 -1723073393
72.587 240 -1723073393
72.613 241 -1723073393
72.640 242 -1723073393
72.667 234 -1723073393
72.693 230 -1723073393
72.720 230 -1723073393
72.747 224 -1723073393
72.773 218 -1723073393
72.800 216 -1723073393
72.827 213 -1723073393
72.853 206 -1723073393
72.880 201 -1723073393
72.907 195 -1723073393
72.933 188 -1723073393
72.960 186 -1723073393
72.987 185 -1723073393
73.013 184 -1723073393
73.040 188 -1723073393
73.067 196 -1723073393
73.093 205 -1723073393
73.120 211 -1723073393
73.147 220 -1723073393
73.173 230 -1723073393
73.200 241 -1723073393
73.227 258 -1723073393
73.253 279 -1723073393
73.280 295 -1723073393
73.307 307 -1723073393
73.333 322 -1723073393
73.360 332 -1723073393
73.387 337 -1723073393
73.413 340 -1723073393
73.440 342 -1723073393
73.467 342 -1723073393
73.493 344 -1723073393
73.520 348 -1723073393
73.547 349 -1723073393
73.573 351 -1723073393
73.600 354 -1723073393
73.627 352 -1723073393
73.653 348 -1723073393
73.680 351 -1723073393
73.707 355 -1723073393
73.733 357 -1723073393
73.760 358 -1723073393
73.787 354 -1723073393
73.813 342 -1723073393
73.840 329 -1723073393
73.867 313 -1723073393
73.893 292 -1723073393
73.920 269 -1723073393
73.947 250 -1723073393
73.973 226 -1723073393
74.000 198 -1723073393
74.027 173 -1723073393
74.053 155 -1723073393
74.080 139 -1723073393
74.107 121 -1723073393
74.133 107 -1723073393
74.160 93 -1723073393
74.187 80 -1723073393
74.213 78 -1723073393
74.240 83 -1723073393
74.267 84 -1723073393
74.293 92 -1723073393
74.320 115 -1723073393
74.347 137 -1723073393
74.373 158 -1723073393
74.400 185 -1723073393
74.427 212 -1723073393
74.453 231 -1723073393
74.480 251 -1723073393
74.507 269 -1723073393
74.533 280 -1723073393
74.560 289 -1723073393
74.587 296 -1723073393
74.613 298 -1723073393
74.640 301 -1723073393
74.667 308 -1723073393
74.693 309 -1723073393
74.720 307 -1723073393
74.747 307 -1723073393
74.773 309 -1723073393
74.800 306 -1723073393
74.827 303 -1723073393
74.853 299 -1723073393
74.880 293 -1723073393
74.907 293 -1723073393
74.933 298 -1723073393
74.960 301 -1723073393
74.987 300 -1723073393
75.013 300 -1723073393
75.040 299 -1723073393
75.067 299 -1723073393
75.093 303 -1723073393
75.120 303 -1723073393
75.147 295 -1723073393
75.173 284 -1723073393
75.200 276 -1723073393
75.227 269 -1723073393
75.253 259 -1723073393
75.280 254 -1723073393
75.307 251 -1723073393
75.333 242 -1723073393
75.360 237 -1723073393
75.387 240 -1723073393
75.413 241 -1723073393
75.440 245 -1723073393
75.467 257 -1723073393
75.493 265 -1723073393
75.520 266 -1723073393
75.547 272 -1723073393
75.573 283 -1723073393
75.600 285 -1723073393
75.627 282 -1723073393
75.653 276 -1723073393
75.680 264 -1723073393
75.707 249 -1723073393
75.733 235 -1723073393
75.760 220 -1723073393
75.787 206 -1723073393
75.813 200 -1723073393
75.840 195 -1723073393
75.867 185 -1723073393
75.893 177 -1723073393
75.920 169 -1723073393
75.947 158 -1723073393
75.973 152 -1723073393
76.000 154 -1723073393
76.027 155 -1723073393
76.053 159 -1723073393
76.080 174 -1723073393
76.107 188 -1723073393
76.133 196 -1723073393
76.160 210 -1723073393
76.187 224 -1723073393
76.213 231 -1723073393
76.240 240 -1723073393
76.267 252 -1723073393
76.293 259 -1723073393
76.320 269 -1723073393
76.347 284 -1723073393
76.373 295 -1723073393
76.400 308 -1723073393
76.427 326 -1723073393
76.453 341 -1723073393
76.480 351 -1723073393
76.507 361 -1723073393
76.533 371 -1723073393
76.560 377 -1723073393
76.587 380 -1723073393
76.613 385 -1723073393
76.640 384 -1723073393
76.667 380 -1723073393
76.693 375 -1723073393
76.720 369 -1723073393
76.747 361 -1723073393
76.773 354 -1723073393
76.800 345 -1723073393
76.827 334 -1723073393
76.853 327 -1723073393
76.880 325 -1723073393
76.907 325 -1723073393
76.933 323 -1723073393
76.960 318 -1723073393
76.987 312 -1723073393
77.013 307 -1723073393
77.040 307 -1723073393
77.067 315 -1723073393
77.093 322 -1723073393
77.120 326 -1723073393
77.147 331 -1723073393
77.173 331 -1723073393
77.200 328 -1723073393
77.227 332 -1723073393
77.253 341 -1723073393
77.280 352 -1723073393
77.307 369 -1723073393
77.333 388 -1723073393
77.360 402 -1723073393
77.387 412 -1723073393
77.413 422 -1723073393
77.440 426 -1723073393
77.467 424 -1723073393
77.493 416 -1723073393
77.520 401 -1723073393
77.547 390 -1723073393
77.573 381 -1723073393
77.600 369 -1723073393
77.627 357 -1723073393
77.653 342 -1723073393
77.680 321 -1723073393
77.707 300 -1723073393
77.733 283 -1723073393
77.760 261 -1723073393
77.787 234 -1723073393
77.813 212 -1723073393
77.840 195 -1723073393
77.867 178 -1723073393
77.893 162 -1723073393
77.920 155 -1723073393
77.947 156 -1723073393
77.973 155 -1723073393
78.000 160 -1723073393
78.027 173 -1723073393
78.053 187 -1723073393
78.080 202 -1723073393
78.107 224 -1723073393
78.133 244 -1723073393
78.160 256 -1723073393
78.187 266 -1723073393
78.213 274 -1723073393
78.240 280 -1723073393
78.267 289 -1723073393
78.293 293 -1723073393
78.320 291 -1723073393
78.347 288 -1723073393
78.373 284 -1723073393
78.400 279 -1723073393
78.427 274 -1723073393
78.453 264 -1723073393
78.480 251 -1723073393
78.507 238 -1723073393
78.533 224 -1723073393
78.560 212 -1723073393
78.587 202 -1723073393
78.613 197 -1723073393
78.640 194 -1723073393
78.667 187 -1723073393
78.693 182 -1723073393
78.720 179 -1723073393
78.747 174 -1723073393
78.773 169 -1723073393
78.800 170 -1723073393
78.827 175 -1723073393
78.853 181 -1723073393
78.880 189 -1723073393
78.907 199 -1723073393
78.933 210 -1723073393
78.960 225 -1723073393
78.987 241 -1723073393
79.013 248 -1723073393
79.040 251 -1723073393
79.067 255 -1723073393
79.093 255 -1723073393
79.120 253 -1723073393
79.147 254 -1723073393
79.173 253 -1723073393
79.200 241 -1723073393
79.227 230 -1723073393
79.253 218 -1723073393
79.280 200 -1723073393
79.307 182 -1723073393
79.333 167 -1723073393
79.360 150 -1723073393
79.387 135 -1723073393
79.413 122 -1723073393
79.440 104 -1723073393
79.467 85 -1723073393
79.493 72 -1723073393
79.520 63 -1723073393
79.547 57 -1723073393
79.573 57 -1723073393
79.600 57 -1723073393
79.627 52 -1723073393
79.653 56 -1723073393
79.680 70 -1723073393
79.707 85 -1723073393
79.733 102 -1723073393
79.760 125 -1723073393
79.787 144 -1723073393
79.813 159 -1723073393
79.840 180 -1723073393
79.867 205 -1723073393
79.893 229 -1723073393
79.920 258 -1723073393
79.947 281 -1723073393
79.973 294 -1723073393
80.000 305 -1723073393
80.027 315 -1723073393
80.053 321 -1723073393
80.080 325 -1723073393
80.107 331 -1723073393
80.133 336 -1723073393
80.160 343 -1723073393
80.187 350 -1723073393
80.213 350 -1723073393
80.240 346 -1723073393
80.267 344 -1723073393
80.293 336 -1723073393
80.320 324 -1723073393
80.347 316 -1723073393
80.373 307 -1723073393
80.400 297 -1723073393
80.427 289 -1723073393
80.453 277 -1723073393
80.480 265 -1723073393
80.507 257 -1723073393
80.533 256 -1723073393
80.560 260 -1723073393
80.587 267 -1723073393
80.613 274 -1723073393
80.640 276 -1723073393
80.667 275 -1723073393
80.693 273 -1723073393
80.720 269 -1723073393
80.747 264 -1723073393
80.773 261 -1723073393
80.800 258 -1723073393
80.827 254 -1723073393
80.853 256 -1723073393
80.880 262 -1723073393
80.907 264 -1723073393
80.933 261 -1723073393
80.960 257 -1723073393
80.987 249 -1723073393
81.013 235 -1723073393
81.040 226 -1723073393
81.067 228 -1723073393
81.093 225 -1723073393
81.120 215 -1723073393
81.147 206 -1723073393
81.173 195 -1723073393
81.200 183 -1723073393
81.227 172 -1723073393
81.253 163 -1723073393
81.280 156 -1723073393
81.307 152 -1723073393
81.333 148 -1723073393
81.360 144 -1723073393
81.387 142 -1723073393
81.413 142 -1723073393
81.440 140 -1723073393
81.467 143 -1723073393
81.493 154 -1723073393
81.520 166 -1723073393
81.547 179 -1723073393
81.573 196 -1723073393
81.600 212 -1723073393
81.627 232 -1723073393
81.653 256 -1723073393
81.680 274 -1723073393
81.707 290 -1723073393
81.733 307 -1723073393
81.760 315 -1723073393
81.787 321 -1723073393
81.813 331 -1723073393
81.840 337 -1723073393
81.867 337 -1723073393
81.893 340 -1723073393
81.920 340 -1723073393
81.947 334 -1723073393
81.973 329 -1723073393
82.000 319 -1723073393
82.027 304 -1723073393
82.053 294 -1723073393
82.080 284 -1723073393
82.107 270 -1723073393
82.133 261 -1723073393
82.160 259 -1723073393
82.187 256 -1723073393
82.213 250 -1723073393
82.240 249 -1723073393
82.267 250 -1723073393
82.293 249 -1723073393
82.320 249 -1723073393
82.347 246 -1723073393
82.373 244 -1723073393
82.400 251 -1723073393
82.427 259 -1723073393
82.453 265 -1723073393
82.480 277 -1723073393
82.507 290 -1723073393
82.533 296 -1723073393
82.560 301 -1723073393
82.587 308 -1723073393
82.613 312 -1723073393
82.640 315 -1723073393
82.667 319 -1723073393
82.693 322 -1723073393
82.720 324 -1723073393
82.747 327 -1723073393
82.773 322 -1723073393
82.800 311 -1723073393
82.827 302 -1723073393
82.853 292 -1723073393
82.880 278 -1723073393
82.907 266 -1723073393
82.933 253 -1723073393
82.960 235 -1723073393
82.987 219 -1723073393
83.013 207 -1723073393
83.040 193 -1723073393
83.067 180 -1723073393
83.093 173 -1723073393
83.120 168 -1723073393
83.147 164 -1723073393
83.173 168 -1723073393
83.200 173 -1723073393
83.227 175 -1723073393
83.253 178 -1723073393
83.280 185 -1723073393
83.307 190 -1723073393
83.333 193 -1723073393
83.360 197 -1723073393
83.387 199 -1723073393
83.413 199 -1723073393
83.440 201 -1723073393
83.467 199 -1723073393
83.493 199 -1723073393
83.520 199 -1723073393
83.547 195 -1723073393
83.573 193 -1723073393
83.600 199 -1723073393
83.627 205 -1723073393
83.653 207 -1723073393
83.680 211 -1723073393
83.707 213 -1723073393
83.733 212 -1723073393
83.760 216 -1723073393
83.787 225 -1723073393
83.813 233 -1723073393
83.840 244 -1723073393
83.867 255 -1723073393
83.893 265 -1723073393
83.920 276 -1723073393
83.947 288 -1723073393
83.973 296 -1723073393
84.000 304 -1723073393
84.027 309 -1723073393
84.053 308 -1723073393
84.080 306 -1723073393
84.107 306 -1723073393
84.133 298 -1723073393
84.160 287 -1723073393
84.187 279 -1723073393
84.213 272 -1723073393
84.240 265 -1723073393
84.267 260 -1723073393
84.293 254 -1723073393
84.320 246 -1723073393
84.347 240 -1723073393
84.373 236 -1723073393
84.400 231 -1723073393
84.427 228 -1723073393
84.453 228 -1723073393
84.480 225 -1723073393
84.507 223 -1723073393
84.533 222 -1723073393
84.560 216 -1723073393
84.587 214 -1723073393
84.613 211 -1723073393
84.640 205 -1723073393
84.667 199 -1723073393
84.693 196 -1723073393
84.720 189 -1723073393
84.747 184 -1723073393
84.773 182 -1723073393
84.800 176 -1723073393
84.827 172 -1723073393
84.853 176 -1723073393
84.880 182 -1723073393
84.907 183 -1723073393
84.933 187 -1723073393
84.960 185 -1723073393
84.987 183 -1723073393
85.013 186 -1723073393
85.040 182 -1723073393
85.067 176 -1723073393
85.093 184 -1723073393
85.120 195 -1723073393
85.147 198 -1723073393
85.173 205 -1723073393
85.200 212 -1723073393
85.227 218 -1723073393
85.253 230 -1723073393
85.280 239 -1723073393
85.307 240 -1723073393
85.333 246 -1723073393
85.360 250 -1723073393
85.387 248 -1723073393
85.413 254 -1723073393
85.440 261 -1723073393
85.467 262 -1723073393
85.493 264 -1723073393
85.520 267 -1723073393
85.547 267 -1723073393
85.573 271 -1723073393
85.600 277 -1723073393
85.627 276 -1723073393
85.653 276 -1723073393
85.680 278 -1723073393
85.707 276 -1723073393
85.733 274 -1723073393
85.760 271 -1723073393
85.787 265 -1723073393
85.813 262 -1723073393
85.840 266 -1723073393
85.867 268 -1723073393
85.893 265 -1723073393
85.920 262 -1723073393
85.947 256 -1723073393
85.973 245 -1723073393
86.000 239 -1723073393
86.027 236 -1723073393
86.053 231 -1723073393
86.080 224 -1723073393
86.107 215 -1723073393
86.133 204 -1723073393
86.160 202 -1723073393
86.187 203 -1723073393
86.213 199 -1723073393
86.240 201 -1723073393
86.267 203 -1723073393
86.293 199 -1723073393
86.320 199 -1723073393
86.347 199 -1723073393
86.373 197 -1723073393
86.400 199 -1723073393
86.427 200 -1723073393
86.453 190 -1723073393
86.480 187 -1723073393
86.507 193 -1723073393
86.533 195 -1723073393
86.560 198 -1723073393
86.587 203 -1723073393
86.613 198 -1723073393
86.640 196 -1723073393
86.667 201 -1723073393
86.693 201 -1723073393
86.720 205 -1723073393
86.747 214 -1723073393
86.773 219 -1723073393
86.800 226 -1723073393
86.827 232 -1723073393
86.853 228 -1723073393
86.880 225 -1723073393
86.907 228 -1723073393
86.933 226 -1723073393
86.960 226 -1723073393
86.987 231 -1723073393
87.013 226 -1723073393
87.040 220 -1723073393
87.067 224 -1723073393
87.093 224 -1723073393
87.120 221 -1723073393
87.147 224 -1723073393
87.173 222 -1723073393
87.200 218 -1723073393
87.227 223 -1723073393
87.253 226 -1723073393
87.280 224 -1723073393
87.307 227 -1723073393
87.333 228 -1723073393
87.360 226 -1723073393
87.387 230 -1723073393
87.413 230 -1723073393
87.440 226 -1723073393
87.467 230 -1723073393
87.493 237 -1723073393
87.520 241 -1723073393
87.547 246 -1723073393
87.573 246 -1723073393
87.600 245 -1723073393
87.627 248 -1723073393
87.653 250 -1723073393
87.680 248 -1723073393
87.707 249 -1723073393
87.733 250 -1723073393
87.760 250 -1723073393
87.787 252 -1723073393
87.813 251 -1723073393
87.840 244 -1723073393
87.867 237 -1723073393
87.893 230 -1723073393
87.920 225 -1723073393
87.947 228 -1723073393
87.973 226 -1723073393
88.000 216 -1723073393
88.027 208 -1723073393
88.053 202 -1723073393
88.080 200 -1723073393
88.107 209 -1723073393
88.133 219 -1723073393
88.160 225 -1723073393
88.187 232 -1723073393
88.213 231 -1723073393
88.240 229 -1723073393
88.267 235 -1723073393
88.293 233 -1723073393
88.320 227 -1723073393
88.347 226 -1723073393
88.373 226 -1723073393
88.400 219 -1723073393
88.427 213 -1723073393
88.453 200 -1723073393
88.480 186 -1723073393
88.507 178 -1723073393
88.533 162 -1723073393
88.560 146 -1723073393
88.587 135 -1723073393
88.613 121 -1723073393
88.640 109 -1723073393
88.667 109 -1723073393
88.693 105 -1723073393
88.720 97 -1723073393
88.747 98 -1723073393
88.773 95 -1723073393
88.800 98 -1723073393
88.827 108 -1723073393
88.853 110 -1723073393
88.880 118 -1723073393
88.907 140 -1723073393
88.933 145 -1723073393
88.960 146 -1723073393
88.987 159 -1723073393
89.013 163 -1723073393
89.040 168 -1723073393
89.067 182 -1723073393
89.093 189 -1723073393
89.120 197 -1723073393
89.147 208 -1723073393
89.173 209 -1723073393
89.200 210 -1723073393
89.227 215 -1723073393
89.253 214 -1723073393
89.280 215 -1723073393
89.307 212 -1723073393
89.333 207 -1723073393
89.360 207 -1723073393
89.387 207 -1723073393
89.413 206 -1723073393
89.440 214 -1723073393
89.467 220 -1723073393
89.493 219 -1723073393
89.520 215 -1723073393
89.547 210 -1723073393
89.573 206 -1723073393
89.600 205 -1723073393
89.627 196 -1723073393
89.653 185 -1723073393
89.680 186 -1723073393
89.707 185 -1723073393
89.733 181 -1723073393
89.760 176 -1723073393
89.787 160 -1723073393
89.813 142 -1723073393
89.840 136 -1723073393
89.867 130 -1723073393
89.893 131 -1723073393
89.920 142 -1723073393
89.947 144 -1723073393
89.973 147 -1723073393
90.000 160 -1723073393
90.027 168 -1723073393
90.053 177 -1723073393
90.080 187 -1723073393
90.107 189 -1723073393
90.133 192 -1723073393
90.160 191 -1723073393
90.187 187 -1723073393
90.213 190 -1723073393
90.240 192 -1723073393
90.267 184 -1723073393
90.293 182 -1723073393
90.320 181 -1723073393
90.347 171 -1723073393
90.373 169 -1723073393
90.400 169 -1723073393
90.427 164 -1723073393
90.453 162 -1723073393
90.480 160 -1723073393
90.507 159 -1723073393
90.533 166 -1723073393
90.560 169 -1723073393
90.587 168 -1723073393
90.613 170 -1723073393
90.640 174 -1723073393
90.667 184 -1723073393
90.693 195 -1723073393
90.720 204 -1723073393
90.747 220 -1723073393
90.773 238 -1723073393
90.800 250 -1723073393
90.827 267 -1723073393
90.853 279 -1723073393
90.880 286 -1723073393
90.907 301 -1723073393
90.933 316 -1723073393
90.960 331 -1723073393
90.987 347 -1723073393
91.013 357 -1723073393
91.040 370 -1723073393
91.067 380 -1723073393
91.093 380 -1723073393
91.120 383 -1723073393
91.147 387 -1723073393
91.173 382 -1723073393
91.200 379 -1723073393
91.227 374 -1723073393
91.253 364 -1723073393
91.280 358 -1723073393
91.307 352 -1723073393
91.333 346 -1723073393
91.360 345 -1723073393
91.387 333 -1723073393
91.413 319 -1723073393
91.440 313 -1723073393
91.467 305 -1723073393
91.493 300 -1723073393
91.520 299 -1723073393
91.547 291 -1723073393
91.573 291 -1723073393
91.600 295 -1723073393
91.627 291 -1723073393
91.653 297 -1723073393
91.680 305 -1723073393
91.707 305 -1723073393
91.733 317 -1723073393
91.760 332 -1723073393
91.787 349 -1723073393
91.813 366 -1723073393
91.840 374 -1723073393
91.867 382 -1723073393
91.893 391 -1723073393
91.920 394 -1723073393
91.947 394 -1723073393
91.973 391 -1723073393
92.000 384 -1723073393
92.027 386 -1723073393
92.053 384 -1723073393
92.080 377 -1723073393
92.107 375 -1723073393
92.133 370 -1723073393
92.160 361 -1723073393
92.187 353 -1723073393
92.213 341 -1723073393
92.240 334 -1723073393
92.267 334 -1723073393
92.293 325 -1723073393
92.320 317 -1723073393
92.347 311 -1723073393
92.373 299 -1723073393
92.400 301 -1723073393
92.427 306 -1723073393
92.453 303 -1723073393
92.480 312 -1723073393
92.507 316 -1723073393
92.533 317 -1723073393
92.560 325 -1723073393
92.587 329 -1723073393
92.613 342 -1723073393
92.640 358 -1723073393
92.667 360 -1723073393
92.693 362 -1723073393
92.720 362 -1723073393
92.747 360 -1723073393
92.773 366 -1723073393
92.800 369 -1723073393
92.827 376 -1723073393
92.853 387 -1723073393
92.880 389 -1723073393
92.907 387 -1723073393
92.933 381 -1723073393
92.960 376 -1723073393
92.987 376 -1723073393
93.013 372 -1723073393
93.040 365 -1723073393
93.067 368 -1723073393
93.093 366 -1723073393
93.120 362 -1723073393
93.147 361 -1723073393
93.173 357 -1723073393
93.200 359 -1723073393
93.227 359 -1723073393
93.253 355 -1723073393
93.280 355 -1723073393
93.307 351 -1723073393
93.333 350 -1723073393
93.360 355 -1723073393
93.387 351 -1723073393
93.413 347 -1723073393
93.440 346 -1723073393
93.467 343 -1723073393
93.493 350 -1723073393
93.520 351 -1723073393
93.547 348 -1723073393
93.573 356 -1723073393
93.600 362 -1723073393
93.627 374 -1723073393
93.653 381 -1723073393
93.680 378 -1723073393
93.707 377 -1723073393
93.733 371 -1723073393
93.760 368 -1723073393
93.787 375 -1723073393
93.813 370 -1723073393
93.840 367 -1723073393
93.867 361 -1723073393
93.893 345 -1723073393
93.920 332 -1723073393
93.947 315 -1723073393
93.973 298 -1723073393
94.000 294 -1723073393
94.027 283 -1723073393
94.053 274 -1723073393
94.080 266 -1723073393
94.107 254 -1723073393
94.133 254 -1723073393
94.160 249 -1723073393
94.187 251 -1723073393
94.213 261 -1723073393
94.240 258 -1723073393
94.267 266 -1723073393
94.293 277 -1723073393
94.320 286 -1723073393
94.347 304 -1723073393
94.373 309 -1723073393
94.400 310 -1723073393
94.427 316 -1723073393
94.453 322 -1723073393
94.480 338 -1723073393
94.507 347 -1723073393
94.533 356 -1723073393
94.560 365 -1723073393
94.587 360 -1723073393
94.613 364 -1723073393
94.640 370 -1723073393
94.667 371 -1723073393
94.693 377 -1723073393
94.720 373 -1723073393
94.747 371 -1723073393
94.773 369 -1723073393
94.800 360 -1723073393
94.827 356 -1723073393
94.853 344 -1723073393
94.880 336 -1723073393
94.907 330 -1723073393
94.933 315 -1723073393
94.960 309 -1723073393
94.987 300 -1723073393
95.013 289 -1723073393
95.040 285 -1723073393
95.067 277 -1723073393
95.093 276 -1723073393
95.120 275 -1723073393
95.147 271 -1723073393
95.173 274 -1723073393
95.200 267 -1723073393
95.227 261 -1723073393
95.253 258 -1723073393
95.280 252 -1723073393
95.307 252 -1723073393
95.333 251 -1723073393
95.360 251 -1723073393
95.387 252 -1723073393
95.413 248 -1723073393
95.440 251 -1723073393
95.467 249 -1723073393
95.493 245 -1723073393
95.520 245 -1723073393
95.547 234 -1723073393
95.573 228 -1723073393
95.600 218 -1723073393
95.627 209 -1723073393
95.653 205 -1723073393
95.680 188 -1723073393
95.707 175 -1723073393
95.733 163 -1723073393
95.760 149 -1723073393
95.787 149 -1723073393
95.813 147 -1723073393
95.840 149 -1723073393
95.867 146 -1723073393
95.893 145 -1723073393
95.920 152 -1723073393
95.947 149 -1723073393
95.973 151 -1723073393
96.000 155 -1723073393
96.027 157 -1723073393
96.053 169 -1723073393
96.080 168 -1723073393
96.107 174 -1723073393
96.133 182 -1723073393
96.160 184 -1723073393
96.187 190 -1723073393
96.213 184 -1723073393
96.240 189 -1723073393
96.267 190 -1723073393
96.293 186 -1723073393
96.320 190 -1723073393
96.347 191 -1723073393
96.373 198 -1723073393
96.400 190 -1723073393
96.427 180 -1723073393
96.453 177 -1723073393
96.480 165 -1723073393
96.507 160 -1723073393
96.533 149 -1723073393
96.560 144 -1723073393
96.587 143 -1723073393
96.613 134 -1723073393
96.640 132 -1723073393
96.667 120 -1723073393
96.693 111 -1723073393
96.720 102 -1723073393
96.747 95 -1723073393
96.773 100 -1723073393
96.800 94 -1723073393
96.827 92 -1723073393
96.853 91 -1723073393
96.880 94 -1723073393
96.907 97 -1723073393
96.933 90 -1723073393
96.960 92 -1723073393
96.987 84 -1723073393
97.013 82 -1723073393
97.040 77 -1723073393
97.067 74 -1723073393
97.093 82 -1723073393
97.120 81 -1723073393
97.147 84 -1723073393
97.173 79 -1723073393
97.200 83 -1723073393
97.227 88 -1723073393
97.253 92 -1723073393
97.280 102 -1723073393
97.307 101 -1723073393
97.333 105 -1723073393
97.360 98 -1723073393
97.387 91 -1723073393
97.413 90 -1723073393
97.440 85 -1723073393
97.467 84 -1723073393
97.493 71 -1723073393
97.520 65 -1723073393
97.547 60 -1723073393
97.573 62 -1723073393
97.600 65 -1723073393
97.627 62 -1723073393
97.653 68 -1723073393
97.680 63 -1723073393
97.707 62 -1723073393
97.733 60 -1723073393
97.760 57 -1723073393
97.787 57 -1723073393
97.813 52 -1723073393
97.840 62 -1723073393
97.867 65 -1723073393
97.893 69 -1723073393
97.920 69 -1723073393
97.947 73 -1723073393
97.973 75 -1723073393
98.000 76 -1723073393
98.027 80 -1723073393
98.053 76 -1723073393
98.080 84 -1723073393
98.107 84 -1723073393
98.133 89 -1723073393
98.160 90 -1723073393
98.187 98 -1723073393
98.213 98 -1723073393
98.240 97 -1723073393
98.267 96 -1723073393
98.293 97 -1723073393
98.320 103 -1723073393
98.347 103 -1723073393
98.373 107 -1723073393
98.400 103 -1723073393
98.427 101 -1723073393
98.453 88 -1723073393
98.480 81 -1723073393
98.507 65 -1723073393
98.533 47 -1723073393
98.560 37 -1723073393
98.587 28 -1723073393
98.613 25 -1723073393
98.640 17 -1723073393
98.667 22 -1723073393
98.693 21 -1723073393
98.720 24 -1723073393
98.747 23 -1723073393
98.773 27 -1723073393
98.800 28 -1723073393
98.827 26 -1723073393
98.853 23 -1723073393
98.880 18 -1723073393
98.907 26 -1723073393
98.933 30 -1723073393
98.960 42 -1723073393
98.987 48 -1723073393
99.013 48 -1723073393
99.040 38 -1723073393
99.067 33 -1723073393
99.093 17 -1723073393
99.120 5 -1723073393
99.147 1 -1723073393
99.173 -5 -1723073393
99.200 -6 -1723073393
99.227 -12 -1723073393
99.253 -9 -1723073393
99.280 -19 -1723073393
99.307 -22 -1723073393
99.333 -38 -1723073393
99.360 -42 -1723073393
99.387 -50 -1723073393
99.413 -46 -1723073393
99.440 -48 -1723073393
99.467 -39 -1723073393
99.493 -34 -1723073393
99.520 -22 -1723073393
99.547 -19 -1723073393
99.573 -18 -1723073393
99.600 -17 -1723073393
99.627 -13 -1723073393
99.653 -15 -1723073393
99.680 -12 -1723073393
99.707 -14 -1723073393
99.733 -7 -1723073393
99.760 0 -1723073393
99.787 11 -1723073393
99.813 16 -1723073393
99.840 17 -1723073393
99.867 19 -1723073393
99.893 29 -1723073393
99.920 39 -1723073393
99.947 52 -1723073393
99.973 61 -1723073393
100.000 0 -1723073393
