0.000 21 -1723073393
0.027 22 -1723073393
0.053 24 -1723073393
0.080 30 -1723073393
0.107 30 -1723073393
0.133 30 -1723073393
0.160 30 -1723073393
0.187 25 -1723073393
0.213 22 -1723073393
0.240 18 -1723073393
0.267 14 -1723073393
0.293 12 -1723073393
0.320 8 -1723073393
0.347 9 -1723073393
0.373 6 -1723073393
0.400 6 -1723073393
0.427 14 -1723073393
0.453 15 -1723073393
0.480 15 -1723073393
0.507 17 -1723073393
0.533 12 -1723073393
0.560 14 -1723073393
0.587 13 -1723073393
0.613 7 -1723073393
0.640 7 -1723073393
0.667 0 -1723073393
0.693 -3 -1723073393
0.720 -6 -1723073393
0.747 -14 -1723073393
0.773 -11 -1723073393
0.800 -12 -1723073393
0.827 -11 -1723073393
0.853 3 -1723073393
0.880 8 -1723073393
0.907 11 -1723073393
0.933 10 -1723073393
0.960 2 -1723073393
0.987 0 -1723073393
1.013 -6 -1723073393
1.040 -11 -1723073393
1.067 -11 -1723073393
1.093 -13 -1723073393
1.120 -10 -1723073393
1.147 -10 -1723073393
1.173 -14 -1723073393
1.200 -9 -1723073393
1.227 -8 -1723073393
1.253 -6 -1723073393
1.280 -5 -1723073393
1.307 -11 -1723073393
1.333 -13 -1723073393
1.360 -14 -1723073393
1.387 -15 -1723073393
1.413 -7 -1723073393
1.440 -6 -1723073393
1.467 -4 -1723073393
1.493 2 -1723073393
1.520 2 -1723073393
1.547 5 -1723073393
1.573 4 -1723073393
1.600 2 -1723073393
1.627 1 -1723073393
1.653 -2 -1723073393
1.680 -3 -1723073393
1.707 -5 -1723073393
1.733 -12 -1723073393
1.760 -17 -1723073393
1.787 -18 -1723073393
1.813 -15 -1723073393
1.840 -13 -1723073393
1.867 -16 -1723073393
1.893 -17 -1723073393
1.920 -16 -1723073393
1.947 -11 -1723073393
1.973 1 -1723073393
2.000 4 -1723073393
2.027 3 -1723073393
2.053 1 -1723073393
2.080 -5 -1723073393
2.107 -7 -1723073393
2.133 -5 -1723073393
2.160 -6 -1723073393
2.187 -2 -1723073393
2.213 0 -1723073393
2.240 0 -1723073393
2.267 2 -1723073393
2.293 -1 -1723073393
2.320 1 -1723073393
2.347 2 -1723073393
2.373 -5 -1723073393
2.400 -12 -1723073393
2.427 -23 -1723073393
2.453 -23 -1723073393
2.480 -17 -1723073393
2.507 -17 -1723073393
2.533 -12 -1723073393
2.560 -9 -1723073393
2.587 -9 -1723073393
2.613 -5 -1723073393
2.640 -10 -1723073393
2.667 -13 -1723073393
2.693 -16 -1723073393
2.720 -22 -1723073393
2.747 -19 -1723073393
2.773 -14 -1723073393
2.800 -12 -1723073393
2.827 -13 -1723073393
2.853 -17 -1723073393
2.880 -13 -1723073393
2.907 -13 -1723073393
2.933 -19 -1723073393
2.960 -18 -1723073393
2.987 -22 -1723073393
3.013 -25 -1723073393
3.040 -20 -1723073393
3.067 -22 -1723073393
3.093 -21 -1723073393
3.120 -26 -1723073393
3.147 -36 -1723073393
3.173 -39 -1723073393
3.200 -44 -1723073393
3.227 -33 -1723073393
3.253 -17 -1723073393
3.280 -17 -1723073393
3.307 -15 -1723073393
3.333 -17 -1723073393
3.360 -25 -1723073393
3.387 -25 -1723073393
3.413 -26 -1723073393
3.440 -25 -1723073393
3.467 -21 -1723073393
3.493 -26 -1723073393
3.520 -21 -1723073393
3.547 -20 -1723073393
3.573 -26 -1723073393
3.600 -24 -1723073393
3.627 -20 -1723073393
3.653 -14 -1723073393
3.680 -11 -1723073393
3.707 -17 -1723073393
3.733 -14 -1723073393
3.760 -14 -1723073393
3.787 -16 -1723073393
3.813 -7 -1723073393
3.840 -12 -1723073393
3.867 -18 -1723073393
3.893 -19 -1723073393
3.920 -26 -1723073393
3.947 -21 -1723073393
3.973 -19 -1723073393
4.000 -21 -1723073393
4.027 -18 -1723073393
4.053 -25 -1723073393
4.080 -23 -1723073393
4.107 -23 -1723073393
4.133 -24 -1723073393
4.160 -17 -1723073393
4.187 -19 -1723073393
4.213 -20 -1723073393
4.240 -14 -1723073393
4.267 -17 -1723073393
4.293 -9 -1723073393
4.320 -4 -1723073393
4.347 -9 -1723073393
4.373 -6 -1723073393
4.400 -17 -1723073393
4.427 -22 -1723073393
4.453 -22 -1723073393
4.480 -31 -1723073393
4.507 -27 -1723073393
4.533 -28 -1723073393
4.560 -32 -1723073393
4.587 -20 -1723073393
4.613 -24 -1723073393
4.640 -28 -1723073393
4.667 -22 -1723073393
4.693 -29 -1723073393
4.720 -23 -1723073393
4.747 -15 -1723073393
4.773 -20 -1723073393
4.800 -15 -1723073393
4.827 -19 -1723073393
4.853 -23 -1723073393
4.880 -19 -1723073393
4.907 -24 -1723073393
4.933 -17 -1723073393
4.960 -13 -1723073393
4.987 -16 -1723073393
5.013 -11 -1723073393
5.040 -19 -1723073393
5.067 -20 -1723073393
5.093 -13 -1723073393
5.120 -20 -1723073393
5.147 -17 -1723073393
5.173 -17 -1723073393
5.200 -19 -1723073393
5.227 -12 -1723073393
5.253 -18 -1723073393
5.280 -19 -1723073393
5.307 -12 -1723073393
5.333 -11 -1723073393
5.360 -1 -1723073393
5.387 3 -1723073393
5.413 2 -1723073393
5.440 4 -1723073393
5.467 -3 -1723073393
5.493 -6 -1723073393
5.520 -7 -1723073393
5.547 -16 -1723073393
5.573 -11 -1723073393
5.600 -13 -1723073393
5.627 -17 -1723073393
5.653 -8 -1723073393
5.680 -13 -1723073393
5.707 -11 -1723073393
5.733 -8 -1723073393
5.760 -13 -1723073393
5.787 -5 -1723073393
5.813 -6 -1723073393
5.840 -9 -1723073393
5.867 -8 -1723073393
5.893 -20 -1723073393
5.920 -18 -1723073393
5.947 -10 -1723073393
5.973 -5 -1723073393
6.000 7 -1723073393
6.027 4 -1723073393
6.053 0 -1723073393
6.080 3 -1723073393
6.107 0 -1723073393
6.133 3 -1723073393
6.160 0 -1723073393
6.187 -13 -1723073393
6.213 -8 -1723073393
6.240 -8 -1723073393
6.267 -12 -1723073393
6.293 -6 -1723073393
6.320 -7 -1723073393
6.347 0 -1723073393
6.373 0 -1723073393
6.400 -10 -1723073393
6.427 -7 -1723073393
6.453 -10 -1723073393
6.480 -11 -1723073393
6.507 -5 -1723073393
6.533 -15 -1723073393
6.560 -17 -1723073393
6.587 -16 -1723073393
6.613 -22 -1723073393
6.640 -15 -1723073393
6.667 -21 -1723073393
6.693 -24 -1723073393
6.720 -16 -1723073393
6.747 -25 -1723073393
6.773 -25 -1723073393
6.800 -25 -1723073393
6.827 -33 -1723073393
6.853 -25 -1723073393
6.880 -32 -1723073393
6.907 -32 -1723073393
6.933 -18 -1723073393
6.960 -19 -1723073393
6.987 -15 -1723073393
7.013 -14 -1723073393
7.040 -23 -1723073393
7.067 -14 -1723073393
7.093 -19 -1723073393
7.120 -21 -1723073393
7.147 -8 -1723073393
7.173 -11 -1723073393
7.200 -4 -1723073393
7.227 -4 -1723073393
7.253 -13 -1723073393
7.280 -4 -1723073393
7.307 -9 -1723073393
7.333 -10 -1723073393
7.360 -5 -1723073393
7.387 -17 -1723073393
7.413 -16 -1723073393
7.440 -12 -1723073393
7.467 -22 -1723073393
7.493 -22 -1723073393
7.520 -29 -1723073393
7.547 -27 -1723073393
7.573 -19 -1723073393
7.600 -26 -1723073393
7.627 -24 -1723073393
7.653 -29 -1723073393
7.680 -40 -1723073393
7.707 -32 -1723073393
7.733 -35 -1723073393
7.760 -39 -1723073393
7.787 -31 -1723073393
7.813 -40 -1723073393
7.840 -41 -1723073393
7.867 -39 -1723073393
7.893 -43 -1723073393
7.920 -31 -1723073393
7.947 -34 -1723073393
7.973 -41 -1723073393
8.000 -36 -1723073393
8.027 -43 -1723073393
8.053 -38 -1723073393
8.080 -31 -1723073393
8.107 -36 -1723073393
8.133 -21 -1723073393
8.160 -21 -1723073393
8.187 -26 -1723073393
8.213 -19 -1723073393
8.240 -26 -1723073393
8.267 -25 -1723073393
8.293 -22 -1723073393
8.320 -30 -1723073393
8.347 -21 -1723073393
8.373 -20 -1723073393
8.400 -23 -1723073393
8.427 -9 -1723073393
8.453 -4 -1723073393
8.480 3 -1723073393
8.507 8 -1723073393
8.533 -1 -1723073393
8.560 -1 -1723073393
8.587 -4 -1723073393
8.613 -6 -1723073393
8.640 2 -1723073393
8.667 -6 -1723073393
8.693 -12 -1723073393
8.720 -13 -1723073393
8.747 -21 -1723073393
8.773 -18 -1723073393
8.800 -20 -1723073393
8.827 -27 -1723073393
8.853 -21 -1723073393
8.880 -30 -1723073393
8.907 -35 -1723073393
8.933 -35 -1723073393
8.960 -41 -1723073393
8.987 -33 -1723073393
9.013 -29 -1723073393
9.040 -28 -1723073393
9.067 -18 -1723073393
9.093 -17 -1723073393
9.120 -15 -1723073393
9.147 -12 -1723073393
9.173 -21 -1723073393
9.200 -15 -1723073393
9.227 -13 -1723073393
9.253 -20 -1723073393
9.280 -21 -1723073393
9.307 -31 -1723073393
9.333 -34 -1723073393
9.360 -25 -1723073393
9.387 -27 -1723073393
9.413 -22 -1723073393
9.440 -28 -1723073393
9.467 -40 -1723073393
9.493 -31 -1723073393
9.520 -28 -1723073393
9.547 -27 -1723073393
9.573 -20 -1723073393
9.600 -33 -1723073393
9.627 -40 -1723073393
9.653 -41 -1723073393
9.680 -49 -1723073393
9.707 -42 -1723073393
9.733 -42 -1723073393
9.760 -48 -1723073393
9.787 -38 -1723073393
9.813 -44 -1723073393
9.840 -47 -1723073393
9.867 -42 -1723073393
9.893 -52 -1723073393
9.920 -43 -1723073393
9.947 -33 -1723073393
9.973 -36 -1723073393
10.000 -23 -1723073393
10.027 -20 -1723073393
10.053 -9 -1723073393
10.080 12 -1723073393
10.107 21 -1723073393
10.133 37 -1723073393
10.160 52 -1723073393
10.187 64 -1723073393
10.213 91 -1723073393
10.240 107 -1723073393
10.267 122 -1723073393
10.293 141 -1723073393
10.320 141 -1723073393
10.347 150 -1723073393
10.373 160 -1723073393
10.400 164 -1723073393
10.427 171 -1723073393
10.453 166 -1723073393
10.480 154 -1723073393
10.507 147 -1723073393
10.533 128 -1723073393
10.560 112 -1723073393
10.587 97 -1723073393
10.613 74 -1723073393
10.640 58 -1723073393
10.667 41 -1723073393
10.693 26 -1723073393
10.720 19 -1723073393
10.747 0 -1723073393
10.773 -12 -1723073393
10.800 -15 -1723073393
10.827 -30 -1723073393
10.853 -32 -1723073393
10.880 -34 -1723073393
10.907 -44 -1723073393
10.933 -38 -1723073393
10.960 -42 -1723073393
10.987 -47 -1723073393
11.013 -42 -1723073393
11.040 -47 -1723073393
11.067 -45 -1723073393
11.093 -42 -1723073393
11.120 -53 -1723073393
11.147 -53 -1723073393
11.173 -58 -1723073393
11.200 -72 -1723073393
11.227 -76 -1723073393
11.253 -87 -1723073393
11.280 -90 -1723073393
11.307 -86 -1723073393
11.333 -94 -1723073393
11.360 -90 -1723073393
11.387 -83 -1723073393
11.413 -89 -1723073393
11.440 -75 -1723073393
11.467 -65 -1723073393
11.493 -58 -1723073393
11.520 -35 -1723073393
11.547 -26 -1723073393
11.573 -12 -1723073393
11.600 1 -1723073393
11.627 2 -1723073393
11.653 19 -1723073393
11.680 26 -1723073393
11.707 27 -1723073393
11.733 38 -1723073393
11.760 30 -1723073393
11.787 24 -1723073393
11.813 31 -1723073393
11.840 22 -1723073393
11.867 17 -1723073393
11.893 8 -1723073393
11.920 -12 -1723073393
11.947 -23 -1723073393
11.973 -40 -1723073393
12.000 -50 -1723073393
12.027 -46 -1723073393
12.053 -59 -1723073393
12.080 -59 -1723073393
12.107 -49 -1723073393
12.133 -49 -1723073393
12.160 -31 -1723073393
12.187 -15 -1723073393
12.213 -3 -1723073393
12.240 23 -1723073393
12.267 41 -1723073393
12.293 71 -1723073393
12.320 110 -1723073393
12.347 129 -1723073393
12.373 155 -1723073393
12.400 175 -1723073393
12.427 195 -1723073393
12.453 228 -1723073393
12.480 249 -1723073393
12.507 264 -1723073393
12.533 283 -1723073393
12.560 286 -1723073393
12.587 283 -1723073393
12.613 280 -1723073393
12.640 271 -1723073393
12.667 258 -1723073393
12.693 232 -1723073393
12.720 195 -1723073393
12.747 160 -1723073393
12.773 123 -1723073393
12.800 92 -1723073393
12.827 62 -1723073393
12.853 25 -1723073393
12.880 0 -1723073393
12.907 -22 -1723073393
12.933 -47 -1723073393
12.960 -58 -1723073393
12.987 -77 -1723073393
13.013 -104 -1723073393
13.040 -110 -1723073393
13.067 -121 -1723073393
13.093 -123 -1723073393
13.120 -116 -1723073393
13.147 -123 -1723073393
13.173 -118 -1723073393
13.200 -118 -1723073393
13.227 -128 -1723073393
13.253 -121 -1723073393
13.280 -120 -1723073393
13.307 -120 -1723073393
13.333 -109 -1723073393
13.360 -121 -1723073393
13.387 -126 -1723073393
13.413 -123 -1723073393
13.440 -135 -1723073393
13.467 -134 -1723073393
13.493 -133 -1723073393
13.520 -142 -1723073393
13.547 -129 -1723073393
13.573 -122 -1723073393
13.600 -116 -1723073393
13.627 -93 -1723073393
13.653 -81 -1723073393
13.680 -60 -1723073393
13.707 -34 -1723073393
13.733 -28 -1723073393
13.760 -7 -1723073393
13.787 14 -1723073393
13.813 31 -1723073393
13.840 53 -1723073393
13.867 63 -1723073393
13.893 70 -1723073393
13.920 81 -1723073393
13.947 77 -1723073393
13.973 75 -1723073393
14.000 67 -1723073393
14.027 43 -1723073393
14.053 29 -1723073393
14.080 12 -1723073393
14.107 -7 -1723073393
14.133 -21 -1723073393
14.160 -48 -1723073393
14.187 -78 -1723073393
14.213 -99 -1723073393
14.240 -132 -1723073393
14.267 -159 -1723073393
14.293 -179 -1723073393
14.320 -210 -1723073393
14.347 -219 -1723073393
14.373 -234 -1723073393
14.400 -262 -1723073393
14.427 -268 -1723073393
14.453 -286 -1723073393
14.480 -298 -1723073393
14.507 -295 -1723073393
14.533 -316 -1723073393
14.560 -326 -1723073393
14.587 -330 -1723073393
14.613 -356 -1723073393
14.640 -362 -1723073393
14.667 -373 -1723073393
14.693 -394 -1723073393
14.720 -397 -1723073393
14.747 -419 -1723073393
14.773 -438 -1723073393
14.800 -440 -1723073393
14.827 -469 -1723073393
14.853 -481 -1723073393
14.880 -486 -1723073393
14.907 -509 -1723073393
14.933 -509 -1723073393
14.960 -521 -1723073393
14.987 -543 -1723073393
15.013 -538 -1723073393
15.040 -552 -1723073393
15.067 -558 -1723073393
15.093 -542 -1723073393
15.120 -552 -1723073393
15.147 -543 -1723073393
15.173 -528 -1723073393
15.200 -543 -1723073393
15.227 -530 -1723073393
15.253 -526 -1723073393
15.280 -534 -1723073393
15.307 -516 -1723073393
15.333 -530 -1723073393
15.360 -542 -1723073393
15.387 -536 -1723073393
15.413 -570 -1723073393
15.440 -587 -1723073393
15.467 -595 -1723073393
15.493 -636 -1723073393
15.520 -650 -1723073393
15.547 -674 -1723073393
15.573 -715 -1723073393
15.600 -727 -1723073393
15.627 -769 -1723073393
15.653 -818 -1723073393
15.680 -839 -1723073393
15.707 -898 -1723073393
15.733 -936 -1723073393
15.760 -960 -1723073393
15.787 -1024 -1723073393
15.813 -1048 -1723073393
15.840 -1075 -1723073393
15.867 -1124 -1723073393
15.893 -1117 -1723073393
15.920 -1131 -1723073393
15.947 -1140 -1723073393
15.973 -1085 -1723073393
16.000 -1058 -1723073393
16.027 -982 -1723073393
16.053 -849 -1723073393
16.080 -730 -1723073393
16.107 -525 -1723073393
16.133 -262 -1723073393
16.160 24 -1723073393
16.187 417 -1723073393
16.213 855 -1723073393
16.240 1340 -1723073393
16.267 1910 -1723073393
16.293 2526 -1723073393
16.320 3185 -1723073393
16.347 3863 -1723073393
16.373 4564 -1723073393
16.400 5202 -1723073393
16.427 5799 -1723073393
16.453 6391 -1723073393
16.480 6752 -1723073393
16.507 7053 -1723073393
16.533 7255 -1723073393
16.560 7137 -1723073393
16.587 7022 -1723073393
16.613 6701 -1723073393
16.640 6104 -1723073393
16.667 5583 -1723073393
16.693 4825 -1723073393
16.720 3926 -1723073393
16.747 3165 -1723073393
16.773 2253 -1723073393
16.800 1377 -1723073393
16.827 623 -1723073393
16.853 -171 -1723073393
16.880 -847 -1723073393
16.907 -1419 -1723073393
16.933 -1923 -1723073393
16.960 -2357 -1723073393
16.987 -2683 -1723073393
17.013 -2909 -1723073393
17.040 -3122 -1723073393
17.067 -3198 -1723073393
17.093 -3235 -1723073393
17.120 -3296 -1723073393
17.147 -3221 -1723073393
17.173 -3193 -1723073393
17.200 -3178 -1723073393
17.227 -3066 -1723073393
17.253 -3064 -1723073393
17.280 -3036 -1723073393
17.307 -2961 -1723073393
17.333 -3005 -1723073393
17.360 -2986 -1723073393
17.387 -2969 -1723073393
17.413 -3043 -1723073393
17.440 -3019 -1723073393
17.467 -3043 -1723073393
17.493 -3116 -1723073393
17.520 -3091 -1723073393
17.547 -3144 -1723073393
17.573 -3180 -1723073393
17.600 -3133 -1723073393
17.627 -3176 -1723073393
17.653 -3132 -1723073393
17.680 -3046 -1723073393
17.707 -3055 -1723073393
17.733 -2960 -1723073393
17.760 -2875 -1723073393
17.787 -2842 -1723073393
17.813 -2696 -1723073393
17.840 -2609 -1723073393
17.867 -2531 -1723073393
17.893 -2357 -1723073393
17.920 -2264 -1723073393
17.947 -2133 -1723073393
17.973 -1945 -1723073393
18.000 -1839 -1723073393
18.027 -1672 -1723073393
18.053 -1481 -1723073393
18.080 -1338 -1723073393
18.107 -1108 -1723073393
18.133 -866 -1723073393
18.160 -623 -1723073393
18.187 -283 -1723073393
18.213 53 -1723073393
18.240 433 -1723073393
18.267 912 -1723073393
18.293 1437 -1723073393
18.320 2058 -1723073393
18.347 2778 -1723073393
18.373 3586 -1723073393
18.400 4474 -1723073393
18.427 5477 -1723073393
18.453 6612 -1723073393
18.480 7736 -1723073393
18.507 8993 -1723073393
18.533 10317 -1723073393
18.560 11511 -1723073393
18.587 12893 -1723073393
18.613 14097 -1723073393
18.640 15029 -1723073393
18.667 16152 -1723073393
18.693 16819 -1723073393
18.720 17211 -1723073393
18.747 17744 -1723073393
18.773 17572 -1723073393
18.800 17281 -1723073393
18.827 17039 -1723073393
18.853 15991 -1723073393
18.880 15097 -1723073393
18.907 14104 -1723073393
18.933 12492 -1723073393
18.960 11225 -1723073393
18.987 9711 -1723073393
19.013 7920 -1723073393
19.040 6535 -1723073393
19.067 4926 -1723073393
19.093 3304 -1723073393
19.120 1981 -1723073393
19.147 594 -1723073393
19.173 -643 -1723073393
19.200 -1688 -1723073393
19.227 -2667 -1723073393
19.253 -3554 -1723073393
19.280 -4281 -1723073393
19.307 -4843 -1723073393
19.333 -5394 -1723073393
19.360 -5779 -1723073393
19.387 -6025 -1723073393
19.413 -6349 -1723073393
19.440 -6454 -1723073393
19.467 -6495 -1723073393
19.493 -6649 -1723073393
19.520 -6565 -1723073393
19.547 -6539 -1723073393
19.573 -6584 -1723073393
19.600 -6404 -1723073393
19.627 -6376 -1723073393
19.653 -6348 -1723073393
19.680 -6156 -1723073393
19.707 -6162 -1723073393
19.733 -6073 -1723073393
19.760 -5881 -1723073393
19.787 -5888 -1723073393
19.813 -5729 -1723073393
19.840 -5552 -1723073393
19.867 -5527 -1723073393
19.893 -5309 -1723073393
19.920 -5152 -1723073393
19.947 -5070 -1723073393
19.973 -4798 -1723073393
20.000 -4649 -1723073393
20.027 -4502 -1723073393
20.053 -4201 -1723073393
20.080 -4064 -1723073393
20.107 -3870 -1723073393
20.133 -3601 -1723073393
20.160 -3498 -1723073393
20.187 -3308 -1723073393
20.213 -3123 -1723073393
20.240 -3070 -1723073393
20.267 -2924 -1723073393
20.293 -2831 -1723073393
20.320 -2829 -1723073393
20.347 -2753 -1723073393
20.373 -2767 -1723073393
20.400 -2820 -1723073393
20.427 -2820 -1723073393
20.453 -2933 -1723073393
20.480 -3031 -1723073393
20.507 -3087 -1723073393
20.533 -3252 -1723073393
20.560 -3365 -1723073393
20.587 -3472 -1723073393
20.613 -3683 -1723073393
20.640 -3805 -1723073393
20.667 -3964 -1723073393
20.693 -4210 -1723073393
20.720 -4346 -1723073393
20.747 -4559 -1723073393
20.773 -4809 -1723073393
20.800 -4935 -1723073393
20.827 -5174 -1723073393
20.853 -5376 -1723073393
20.880 -5459 -1723073393
20.907 -5686 -1723073393
20.933 -5784 -1723073393
20.960 -5775 -1723073393
20.987 -5909 -1723073393
21.013 -5832 -1723073393
21.040 -5709 -1723073393
21.067 -5687 -1723073393
21.093 -5417 -1723073393
21.120 -5170 -1723073393
21.147 -4974 -1723073393
21.173 -4554 -1723073393
21.200 -4230 -1723073393
21.227 -3895 -1723073393
21.253 -3374 -1723073393
21.280 -3004 -1723073393
21.307 -2586 -1723073393
21.333 -2078 -1723073393
21.360 -1709 -1723073393
21.387 -1280 -1723073393
21.413 -847 -1723073393
21.440 -524 -1723073393
21.467 -165 -1723073393
21.493 157 -1723073393
21.520 410 -1723073393
21.547 655 -1723073393
21.573 871 -1723073393
21.600 1051 -1723073393
21.627 1201 -1723073393
21.653 1340 -1723073393
21.680 1445 -1723073393
21.707 1512 -1723073393
21.733 1597 -1723073393
21.760 1648 -1723073393
21.787 1676 -1723073393
21.813 1739 -1723073393
21.840 1770 -1723073393
21.867 1798 -1723073393
21.893 1857 -1723073393
21.920 1869 -1723073393
21.947 1888 -1723073393
21.973 1919 -1723073393
22.000 1900 -1723073393
22.027 1898 -1723073393
22.053 1889 -1723073393
22.080 1818 -1723073393
22.107 1773 -1723073393
22.133 1702 -1723073393
22.160 1585 -1723073393
22.187 1508 -1723073393
22.213 1403 -1723073393
22.240 1280 -1723073393
22.267 1199 -1723073393
22.293 1098 -1723073393
22.320 1004 -1723073393
22.347 964 -1723073393
22.373 921 -1723073393
22.400 899 -1723073393
22.427 916 -1723073393
22.453 938 -1723073393
22.480 993 -1723073393
22.507 1071 -1723073393
22.533 1143 -1723073393
22.560 1239 -1723073393
22.587 1331 -1723073393
22.613 1405 -1723073393
22.640 1501 -1723073393
22.667 1567 -1723073393
22.693 1595 -1723073393
22.720 1641 -1723073393
22.747 1639 -1723073393
22.773 1619 -1723073393
22.800 1625 -1723073393
22.827 1584 -1723073393
22.853 1549 -1723073393
22.880 1548 -1723073393
22.907 1516 -1723073393
22.933 1523 -1723073393
22.960 1566 -1723073393
22.987 1592 -1723073393
23.013 1671 -1723073393
23.040 1764 -1723073393
23.067 1839 -1723073393
23.093 1964 -1723073393
23.120 2074 -1723073393
23.147 2162 -1723073393
23.173 2297 -1723073393
23.200 2391 -1723073393
23.227 2458 -1723073393
23.253 2564 -1723073393
23.280 2590 -1723073393
23.307 2602 -1723073393
23.333 2635 -1723073393
23.360 2570 -1723073393
23.387 2516 -1723073393
23.413 2469 -1723073393
23.440 2322 -1723073393
23.467 2207 -1723073393
23.493 2086 -1723073393
23.520 1888 -1723073393
23.547 1745 -1723073393
23.573 1582 -1723073393
23.600 1380 -1723073393
23.627 1241 -1723073393
23.653 1085 -1723073393
23.680 924 -1723073393
23.707 812 -1723073393
23.733 691 -1723073393
23.760 587 -1723073393
23.787 521 -1723073393
23.813 455 -1723073393
23.840 406 -1723073393
23.867 374 -1723073393
23.893 344 -1723073393
23.920 322 -1723073393
23.947 306 -1723073393
23.973 284 -1723073393
24.000 263 -1723073393
24.027 246 -1723073393
24.053 224 -1723073393
24.080 208 -1723073393
24.107 198 -1723073393
24.133 192 -1723073393
24.160 186 -1723073393
24.187 185 -1723073393
24.213 190 -1723073393
24.240 198 -1723073393
24.267 212 -1723073393
24.293 233 -1723073393
24.320 255 -1723073393
24.347 282 -1723073393
24.373 310 -1723073393
24.400 345 -1723073393
24.427 390 -1723073393
24.453 438 -1723073393
24.480 490 -1723073393
24.507 545 -1723073393
24.533 598 -1723073393
24.560 641 -1723073393
24.587 676 -1723073393
24.613 715 -1723073393
24.640 745 -1723073393
24.667 761 -1723073393
24.693 781 -1723073393
24.720 783 -1723073393
24.747 774 -1723073393
24.773 773 -1723073393
24.800 755 -1723073393
24.827 731 -1723073393
24.853 715 -1723073393
24.880 682 -1723073393
24.907 651 -1723073393
24.933 622 -1723073393
24.960 572 -1723073393
24.987 524 -1723073393
25.013 483 -1723073393
25.040 432 -1723073393
25.067 388 -1723073393
25.093 347 -1723073393
25.120 295 -1723073393
25.147 244 -1723073393
25.173 195 -1723073393
25.200 151 -1723073393
25.227 113 -1723073393
25.253 76 -1723073393
25.280 38 -1723073393
25.307 -4 -1723073393
25.333 -45 -1723073393
25.360 -87 -1723073393
25.387 -140 -1723073393
25.413 -186 -1723073393
25.440 -235 -1723073393
25.467 -289 -1723073393
25.493 -329 -1723073393
25.520 -372 -1723073393
25.547 -415 -1723073393
25.573 -436 -1723073393
25.600 -463 -1723073393
25.627 -490 -1723073393
25.653 -498 -1723073393
25.680 -518 -1723073393
25.707 -528 -1723073393
25.733 -517 -1723073393
25.760 -526 -1723073393
25.787 -521 -1723073393
25.813 -499 -1723073393
25.840 -491 -1723073393
25.867 -452 -1723073393
25.893 -394 -1723073393
25.920 -357 -1723073393
25.947 -291 -1723073393
25.973 -214 -1723073393
26.000 -158 -1723073393
26.027 -81 -1723073393
26.053 -2 -1723073393
26.080 59 -1723073393
26.107 134 -1723073393
26.133 201 -1723073393
26.160 248 -1723073393
26.187 293 -1723073393
26.213 330 -1723073393
26.240 357 -1723073393
26.267 383 -1723073393
26.293 405 -1723073393
26.320 411 -1723073393
26.347 404 -1723073393
26.373 389 -1723073393
26.400 363 -1723073393
26.427 334 -1723073393
26.453 300 -1723073393
26.480 253 -1723073393
26.507 205 -1723073393
26.533 159 -1723073393
26.560 115 -1723073393
26.587 74 -1723073393
26.613 33 -1723073393
26.640 0 -1723073393
26.667 -24 -1723073393
26.693 -45 -1723073393
26.720 -55 -1723073393
26.747 -64 -1723073393
26.773 -76 -1723073393
26.800 -72 -1723073393
26.827 -81 -1723073393
26.853 -102 -1723073393
26.880 -113 -1723073393
26.907 -138 -1723073393
26.933 -171 -1723073393
26.960 -198 -1723073393
26.987 -235 -1723073393
27.013 -273 -1723073393
27.040 -302 -1723073393
27.067 -344 -1723073393
27.093 -372 -1723073393
27.120 -383 -1723073393
27.147 -406 -1723073393
27.173 -408 -1723073393
27.200 -396 -1723073393
27.227 -397 -1723073393
27.253 -369 -1723073393
27.280 -331 -1723073393
27.307 -312 -1723073393
27.333 -274 -1723073393
27.360 -236 -1723073393
27.387 -213 -1723073393
27.413 -171 -1723073393
27.440 -134 -1723073393
27.467 -111 -1723073393
27.493 -72 -1723073393
27.520 -41 -1723073393
27.547 -28 -1723073393
27.573 -12 -1723073393
27.600 -4 -1723073393
27.627 0 -1723073393
27.653 5 -1723073393
27.680 -3 -1723073393
27.707 -14 -1723073393
27.733 -12 -1723073393
27.760 -15 -1723073393
27.787 -12 -1723073393
27.813 -4 -1723073393
27.840 -3 -1723073393
27.867 6 -1723073393
27.893 24 -1723073393
27.920 35 -1723073393
27.947 57 -1723073393
27.973 83 -1723073393
28.000 101 -1723073393
28.027 129 -1723073393
28.053 166 -1723073393
28.080 195 -1723073393
28.107 230 -1723073393
28.133 270 -1723073393
28.160 299 -1723073393
28.187 325 -1723073393
28.213 338 -1723073393
28.240 338 -1723073393
28.267 329 -1723073393
28.293 314 -1723073393
28.320 291 -1723073393
28.347 263 -1723073393
28.373 231 -1723073393
28.400 192 -1723073393
28.427 153 -1723073393
28.453 119 -1723073393
28.480 84 -1723073393
28.507 54 -1723073393
28.533 25 -1723073393
28.560 1 -1723073393
28.587 -10 -1723073393
28.613 -25 -1723073393
28.640 -30 -1723073393
28.667 -18 -1723073393
28.693 -14 -1723073393
28.720 -2 -1723073393
28.747 19 -1723073393
28.773 27 -1723073393
28.800 45 -1723073393
28.827 72 -1723073393
28.853 89 -1723073393
28.880 116 -1723073393
28.907 135 -1723073393
28.933 140 -1723073393
28.960 146 -1723073393
28.987 148 -1723073393
29.013 138 -1723073393
29.040 133 -1723073393
29.067 129 -1723073393
29.093 119 -1723073393
29.120 109 -1723073393
29.147 92 -1723073393
29.173 68 -1723073393
29.200 47 -1723073393
29.227 24 -1723073393
29.253 -1 -1723073393
29.280 -13 -1723073393
29.307 -24 -1723073393
29.333 -33 -1723073393
29.360 -33 -1723073393
29.387 -37 -1723073393
29.413 -36 -1723073393
29.440 -27 -1723073393
29.467 -25 -1723073393
29.493 -19 -1723073393
29.520 -6 -1723073393
29.547 4 -1723073393
29.573 24 -1723073393
29.600 45 -1723073393
29.627 53 -1723073393
29.653 60 -1723073393
29.680 70 -1723073393
29.707 73 -1723073393
29.733 80 -1723073393
29.760 90 -1723073393
29.787 95 -1723073393
29.813 107 -1723073393
29.840 118 -1723073393
29.867 120 -1723073393
29.893 132 -1723073393
29.920 144 -1723073393
29.947 149 -1723073393
29.973 161 -1723073393
30.000 173 -1723073393
30.027 184 -1723073393
30.053 202 -1723073393
30.080 216 -1723073393
30.107 221 -1723073393
30.133 227 -1723073393
30.160 232 -1723073393
30.187 239 -1723073393
30.213 247 -1723073393
30.240 248 -1723073393
30.267 244 -1723073393
30.293 242 -1723073393
30.320 237 -1723073393
30.347 229 -1723073393
30.373 216 -1723073393
30.400 202 -1723073393
30.427 190 -1723073393
30.453 180 -1723073393
30.480 171 -1723073393
30.507 162 -1723073393
30.533 157 -1723073393
30.560 147 -1723073393
30.587 134 -1723073393
30.613 117 -1723073393
30.640 94 -1723073393
30.667 69 -1723073393
30.693 46 -1723073393
30.720 17 -1723073393
30.747 -7 -1723073393
30.773 -31 -1723073393
30.800 -64 -1723073393
30.827 -91 -1723073393
30.853 -115 -1723073393
30.880 -143 -1723073393
30.907 -152 -1723073393
30.933 -147 -1723073393
30.960 -147 -1723073393
30.987 -129 -1723073393
31.013 -102 -1723073393
31.040 -80 -1723073393
31.067 -40 -1723073393
31.093 3 -1723073393
31.120 35 -1723073393
31.147 71 -1723073393
31.173 104 -1723073393
31.200 125 -1723073393
31.227 138 -1723073393
31.253 146 -1723073393
31.280 145 -1723073393
31.307 139 -1723073393
31.333 125 -1723073393
31.360 103 -1723073393
31.387 81 -1723073393
31.413 56 -1723073393
31.440 31 -1723073393
31.467 8 -1723073393
31.493 -11 -1723073393
31.520 -27 -1723073393
31.547 -25 -1723073393
31.573 -20 -1723073393
31.600 -11 -1723073393
31.627 13 -1723073393
31.653 40 -1723073393
31.680 74 -1723073393
31.707 120 -1723073393
31.733 160 -1723073393
31.760 192 -1723073393
31.787 227 -1723073393
31.813 253 -1723073393
31.840 270 -1723073393
31.867 280 -1723073393
31.893 277 -1723073393
31.920 265 -1723073393
31.947 243 -1723073393
31.973 216 -1723073393
32.000 183 -1723073393
32.027 148 -1723073393
32.053 118 -1723073393
32.080 94 -1723073393
32.107 77 -1723073393
32.133 66 -1723073393
32.160 63 -1723073393
32.187 66 -1723073393
32.213 70 -1723073393
32.240 83 -1723073393
32.267 102 -1723073393
32.293 116 -1723073393
32.320 132 -1723073393
32.347 147 -1723073393
32.373 149 -1723073393
32.400 150 -1723073393
32.427 146 -1723073393
32.453 136 -1723073393
32.480 119 -1723073393
32.507 97 -1723073393
32.533 69 -1723073393
32.560 32 -1723073393
32.587 -12 -1723073393
32.613 -55 -1723073393
32.640 -92 -1723073393
32.667 -123 -1723073393
32.693 -151 -1723073393
32.720 -163 -1723073393
32.747 -164 -1723073393
32.773 -165 -1723073393
32.800 -143 -1723073393
32.827 -107 -1723073393
32.853 -68 -1723073393
32.880 -11 -1723073393
32.907 41 -1723073393
32.933 75 -1723073393
32.960 115 -1723073393
32.987 146 -1723073393
33.013 162 -1723073393
33.040 174 -1723073393
33.067 172 -1723073393
33.093 161 -1723073393
33.120 146 -1723073393
33.147 118 -1723073393
33.173 83 -1723073393
33.200 53 -1723073393
33.227 23 -1723073393
33.253 -1 -1723073393
33.280 -14 -1723073393
33.307 -22 -1723073393
33.333 -27 -1723073393
33.360 -13 -1723073393
33.387 0 -1723073393
33.413 13 -1723073393
33.440 38 -1723073393
33.467 64 -1723073393
33.493 92 -1723073393
33.520 130 -1723073393
33.547 161 -1723073393
33.573 183 -1723073393
33.600 205 -1723073393
33.627 225 -1723073393
33.653 242 -1723073393
33.680 261 -1723073393
33.707 278 -1723073393
33.733 297 -1723073393
33.760 317 -1723073393
33.787 336 -1723073393
33.813 358 -1723073393
33.840 376 -1723073393
33.867 388 -1723073393
33.893 401 -1723073393
33.920 413 -1723073393
33.947 421 -1723073393
33.973 430 -1723073393
34.000 428 -1723073393
34.027 419 -1723073393
34.053 407 -1723073393
34.080 382 -1723073393
34.107 356 -1723073393
34.133 331 -1723073393
34.160 295 -1723073393
34.187 255 -1723073393
34.213 217 -1723073393
34.240 176 -1723073393
34.267 138 -1723073393
34.293 106 -1723073393
34.320 73 -1723073393
34.347 45 -1723073393
34.373 26 -1723073393
34.400 17 -1723073393
34.427 5 -1723073393
34.453 0 -1723073393
34.480 8 -1723073393
34.507 19 -1723073393
34.533 41 -1723073393
34.560 80 -1723073393
34.587 115 -1723073393
34.613 150 -1723073393
34.640 187 -1723073393
34.667 213 -1723073393
34.693 233 -1723073393
34.720 250 -1723073393
34.747 256 -1723073393
34.773 251 -1723073393
34.800 234 -1723073393
34.827 206 -1723073393
34.853 176 -1723073393
34.880 141 -1723073393
34.907 98 -1723073393
34.933 54 -1723073393
34.960 9 -1723073393
34.987 -40 -1723073393
35.013 -77 -1723073393
35.040 -97 -1723073393
35.067 -112 -1723073393
35.093 -106 -1723073393
35.120 -84 -1723073393
35.147 -66 -1723073393
35.173 -30 -1723073393
35.200 28 -1723073393
35.227 79 -1723073393
35.253 134 -1723073393
35.280 199 -1723073393
35.307 257 -1723073393
35.333 313 -1723073393
35.360 366 -1723073393
35.387 416 -1723073393
35.413 462 -1723073393
35.440 489 -1723073393
35.467 510 -1723073393
35.493 529 -1723073393
35.520 530 -1723073393
35.547 523 -1723073393
35.573 504 -1723073393
35.600 467 -1723073393
35.627 433 -1723073393
35.653 397 -1723073393
35.680 356 -1723073393
35.707 325 -1723073393
35.733 291 -1723073393
35.760 252 -1723073393
35.787 218 -1723073393
35.813 190 -1723073393
35.840 162 -1723073393
35.867 136 -1723073393
35.893 117 -1723073393
35.920 105 -1723073393
35.947 92 -1723073393
35.973 84 -1723073393
36.000 81 -1723073393
36.027 70 -1723073393
36.053 56 -1723073393
36.080 43 -1723073393
36.107 30 -1723073393
36.133 20 -1723073393
36.160 11 -1723073393
36.187 -7 -1723073393
36.213 -21 -1723073393
36.240 -22 -1723073393
36.267 -21 -1723073393
36.293 -13 -1723073393
36.320 11 -1723073393
36.347 37 -1723073393
36.373 71 -1723073393
36.400 117 -1723073393
36.427 160 -1723073393
36.453 206 -1723073393
36.480 254 -1723073393
36.507 288 -1723073393
36.533 312 -1723073393
36.560 332 -1723073393
36.587 341 -1723073393
36.613 342 -1723073393
36.640 333 -1723073393
36.667 310 -1723073393
36.693 277 -1723073393
36.720 232 -1723073393
36.747 190 -1723073393
36.773 154 -1723073393
36.800 118 -1723073393
36.827 87 -1723073393
36.853 60 -1723073393
36.880 40 -1723073393
36.907 29 -1723073393
36.933 33 -1723073393
36.960 58 -1723073393
36.987 90 -1723073393
37.013 126 -1723073393
37.040 173 -1723073393
37.067 223 -1723073393
37.093 273 -1723073393
37.120 329 -1723073393
37.147 379 -1723073393
37.173 417 -1723073393
37.200 449 -1723073393
37.227 475 -1723073393
37.253 493 -1723073393
37.280 500 -1723073393
37.307 503 -1723073393
37.333 502 -1723073393
37.360 490 -1723073393
37.387 474 -1723073393
37.413 464 -1723073393
37.440 444 -1723073393
37.467 416 -1723073393
37.493 394 -1723073393
37.520 369 -1723073393
37.547 343 -1723073393
37.573 324 -1723073393
37.600 299 -1723073393
37.627 269 -1723073393
37.653 244 -1723073393
37.680 219 -1723073393
37.707 192 -1723073393
37.733 167 -1723073393
37.760 146 -1723073393
37.787 124 -1723073393
37.813 103 -1723073393
37.840 93 -1723073393
37.867 87 -1723073393
37.893 78 -1723073393
37.920 76 -1723073393
37.947 79 -1723073393
37.973 89 -1723073393
38.000 105 -1723073393
38.027 124 -1723073393
38.053 147 -1723073393
38.080 182 -1723073393
38.107 223 -1723073393
38.133 261 -1723073393
38.160 295 -1723073393
38.187 323 -1723073393
38.213 343 -1723073393
38.240 354 -1723073393
38.267 356 -1723073393
38.293 354 -1723073393
38.320 337 -1723073393
38.347 307 -1723073393
38.373 271 -1723073393
38.400 223 -1723073393
38.427 165 -1723073393
38.453 107 -1723073393
38.480 50 -1723073393
38.507 -8 -1723073393
38.533 -64 -1723073393
38.560 -108 -1723073393
38.587 -135 -1723073393
38.613 -155 -1723073393
38.640 -166 -1723073393
38.667 -154 -1723073393
38.693 -135 -1723073393
38.720 -107 -1723073393
38.747 -56 -1723073393
38.773 -6 -1723073393
38.800 36 -1723073393
38.827 90 -1723073393
38.853 144 -1723073393
38.880 190 -1723073393
38.907 230 -1723073393
38.933 261 -1723073393
38.960 279 -1723073393
38.987 293 -1723073393
39.013 302 -1723073393
39.040 303 -1723073393
39.067 296 -1723073393
39.093 286 -1723073393
39.120 277 -1723073393
39.147 265 -1723073393
39.173 260 -1723073393
39.200 261 -1723073393
39.227 257 -1723073393
39.253 250 -1723073393
39.280 245 -1723073393
39.307 238 -1723073393
39.333 228 -1723073393
39.360 217 -1723073393
39.387 210 -1723073393
39.413 206 -1723073393
39.440 203 -1723073393
39.467 196 -1723073393
39.493 189 -1723073393
39.520 179 -1723073393
39.547 169 -1723073393
39.573 163 -1723073393
39.600 154 -1723073393
39.627 142 -1723073393
39.653 133 -1723073393
39.680 124 -1723073393
39.707 112 -1723073393
39.733 103 -1723073393
39.760 96 -1723073393
39.787 87 -1723073393
39.813 83 -1723073393
39.840 80 -1723073393
39.867 75 -1723073393
39.893 74 -1723073393
39.920 71 -1723073393
39.947 67 -1723073393
39.973 77 -1723073393
40.000 88 -1723073393
40.027 96 -1723073393
40.053 109 -1723073393
40.080 120 -1723073393
40.107 124 -1723073393
40.133 126 -1723073393
40.160 124 -1723073393
40.187 110 -1723073393
40.213 95 -1723073393
40.240 82 -1723073393
40.267 65 -1723073393
40.293 48 -1723073393
40.320 34 -1723073393
40.347 21 -1723073393
40.373 13 -1723073393
40.400 11 -1723073393
40.427 12 -1723073393
40.453 21 -1723073393
40.480 38 -1723073393
40.507 54 -1723073393
40.533 79 -1723073393
40.560 117 -1723073393
40.587 151 -1723073393
40.613 180 -1723073393
40.640 210 -1723073393
40.667 235 -1723073393
40.693 255 -1723073393
40.720 277 -1723073393
40.747 297 -1723073393
40.773 310 -1723073393
40.800 323 -1723073393
40.827 337 -1723073393
40.853 347 -1723073393
40.880 349 -1723073393
40.907 351 -1723073393
40.933 347 -1723073393
40.960 337 -1723073393
40.987 330 -1723073393
41.013 318 -1723073393
41.040 298 -1723073393
41.067 279 -1723073393
41.093 258 -1723073393
41.120 234 -1723073393
41.147 212 -1723073393
41.173 189 -1723073393
41.200 163 -1723073393
41.227 138 -1723073393
41.253 109 -1723073393
41.280 83 -1723073393
41.307 63 -1723073393
41.333 44 -1723073393
41.360 25 -1723073393
41.387 7 -1723073393
41.413 -13 -1723073393
41.440 -25 -1723073393
41.467 -28 -1723073393
41.493 -35 -1723073393
41.520 -31 -1723073393
41.547 -18 -1723073393
41.573 -10 -1723073393
41.600 3 -1723073393
41.627 26 -1723073393
41.653 40 -1723073393
41.680 52 -1723073393
41.707 73 -1723073393
41.733 91 -1723073393
41.760 101 -1723073393
41.787 111 -1723073393
41.813 110 -1723073393
41.840 97 -1723073393
41.867 83 -1723073393
41.893 63 -1723073393
41.920 36 -1723073393
41.947 11 -1723073393
41.973 -10 -1723073393
42.000 -37 -1723073393
42.027 -63 -1723073393
42.053 -89 -1723073393
42.080 -112 -1723073393
42.107 -117 -1723073393
42.133 -112 -1723073393
42.160 -109 -1723073393
42.187 -89 -1723073393
42.213 -59 -1723073393
42.240 -33 -1723073393
42.267 2 -1723073393
42.293 49 -1723073393
42.320 80 -1723073393
42.347 110 -1723073393
42.373 148 -1723073393
42.400 179 -1723073393
42.427 201 -1723073393
42.453 218 -1723073393
42.480 220 -1723073393
42.507 213 -1723073393
42.533 204 -1723073393
42.560 184 -1723073393
42.587 158 -1723073393
42.613 135 -1723073393
42.640 111 -1723073393
42.667 84 -1723073393
42.693 64 -1723073393
42.720 45 -1723073393
42.747 27 -1723073393
42.773 23 -1723073393
42.800 17 -1723073393
42.827 6 -1723073393
42.853 10 -1723073393
42.880 16 -1723073393
42.907 15 -1723073393
42.933 27 -1723073393
42.960 44 -1723073393
42.987 47 -1723073393
43.013 52 -1723073393
43.040 61 -1723073393
43.067 57 -1723073393
43.093 56 -1723073393
43.120 61 -1723073393
43.147 54 -1723073393
43.173 42 -1723073393
43.200 40 -1723073393
43.227 29 -1723073393
43.253 15 -1723073393
43.280 12 -1723073393
43.307 7 -1723073393
43.333 1 -1723073393
43.360 7 -1723073393
43.387 12 -1723073393
43.413 11 -1723073393
43.440 17 -1723073393
43.467 22 -1723073393
43.493 16 -1723073393
43.520 15 -1723073393
43.547 16 -1723073393
43.573 6 -1723073393
43.600 -6 -1723073393
43.627 -21 -1723073393
43.653 -44 -1723073393
43.680 -61 -1723073393
43.707 -76 -1723073393
43.733 -101 -1723073393
43.760 -126 -1723073393
43.787 -141 -1723073393
43.813 -159 -1723073393
43.840 -171 -1723073393
43.867 -169 -1723073393
43.893 -173 -1723073393
43.920 -169 -1723073393
43.947 -144 -1723073393
43.973 -127 -1723073393
44.000 -112 -1723073393
44.027 -83 -1723073393
44.053 -64 -1723073393
44.080 -54 -1723073393
44.107 -34 -1723073393
44.133 -21 -1723073393
44.160 -18 -1723073393
44.187 -5 -1723073393
44.213 4 -1723073393
44.240 2 -1723073393
44.267 14 -1723073393
44.293 28 -1723073393
44.320 32 -1723073393
44.347 47 -1723073393
44.373 70 -1723073393
44.400 83 -1723073393
44.427 102 -1723073393
44.453 127 -1723073393
44.480 139 -1723073393
44.507 147 -1723073393
44.533 160 -1723073393
44.560 164 -1723073393
44.587 162 -1723073393
44.613 164 -1723073393
44.640 160 -1723073393
44.667 152 -1723073393
44.693 146 -1723073393
44.720 135 -1723073393
44.747 123 -1723073393
44.773 116 -1723073393
44.800 107 -1723073393
44.827 97 -1723073393
44.853 93 -1723073393
44.880 90 -1723073393
44.907 84 -1723073393
44.933 86 -1723073393
44.960 87 -1723073393
44.987 78 -1723073393
45.013 72 -1723073393
45.040 72 -1723073393
45.067 65 -1723073393
45.093 67 -1723073393
45.120 78 -1723073393
45.147 78 -1723073393
45.173 74 -1723073393
45.200 75 -1723073393
45.227 68 -1723073393
45.253 61 -1723073393
45.280 61 -1723073393
45.307 51 -1723073393
45.333 31 -1723073393
45.360 15 -1723073393
45.387 -2 -1723073393
45.413 -23 -1723073393
45.440 -34 -1723073393
45.467 -44 -1723073393
45.493 -63 -1723073393
45.520 -72 -1723073393
45.547 -73 -1723073393
45.573 -84 -1723073393
45.600 -85 -1723073393
45.627 -70 -1723073393
45.653 -60 -1723073393
45.680 -43 -1723073393
45.707 -9 -1723073393
45.733 16 -1723073393
45.760 41 -1723073393
45.787 75 -1723073393
45.813 96 -1723073393
45.840 109 -1723073393
45.867 136 -1723073393
45.893 157 -1723073393
45.920 167 -1723073393
45.947 178 -1723073393
45.973 180 -1723073393
46.000 172 -1723073393
46.027 167 -1723073393
46.053 162 -1723073393
46.080 150 -1723073393
46.107 146 -1723073393
46.133 147 -1723073393
46.160 140 -1723073393
46.187 137 -1723073393
46.213 141 -1723073393
46.240 137 -1723073393
46.267 136 -1723073393
46.293 146 -1723073393
46.320 152 -1723073393
46.347 157 -1723073393
46.373 171 -1723073393
46.400 182 -1723073393
46.427 185 -1723073393
46.453 193 -1723073393
46.480 201 -1723073393
46.507 206 -1723073393
46.533 214 -1723073393
46.560 222 -1723073393
46.587 224 -1723073393
46.613 227 -1723073393
46.640 233 -1723073393
46.667 234 -1723073393
46.693 231 -1723073393
46.720 229 -1723073393
46.747 220 -1723073393
46.773 206 -1723073393
46.800 189 -1723073393
46.827 168 -1723073393
46.853 143 -1723073393
46.880 121 -1723073393
46.907 94 -1723073393
46.933 62 -1723073393
46.960 32 -1723073393
46.987 4 -1723073393
47.013 -19 -1723073393
47.040 -28 -1723073393
47.067 -34 -1723073393
47.093 -40 -1723073393
47.120 -29 -1723073393
47.147 -6 -1723073393
47.173 8 -1723073393
47.200 30 -1723073393
47.227 58 -1723073393
47.253 76 -1723073393
47.280 97 -1723073393
47.307 128 -1723073393
47.333 149 -1723073393
47.360 164 -1723073393
47.387 182 -1723073393
47.413 199 -1723073393
47.440 211 -1723073393
47.467 226 -1723073393
47.493 237 -1723073393
47.520 241 -1723073393
47.547 245 -1723073393
47.573 247 -1723073393
47.600 247 -1723073393
47.627 246 -1723073393
47.653 243 -1723073393
47.680 236 -1723073393
47.707 224 -1723073393
47.733 212 -1723073393
47.760 201 -1723073393
47.787 193 -1723073393
47.813 196 -1723073393
47.840 198 -1723073393
47.867 195 -1723073393
47.893 202 -1723073393
47.920 210 -1723073393
47.947 211 -1723073393
47.973 215 -1723073393
48.000 223 -1723073393
48.027 231 -1723073393
48.053 247 -1723073393
48.080 268 -1723073393
48.107 288 -1723073393
48.133 307 -1723073393
48.160 328 -1723073393
48.187 346 -1723073393
48.213 356 -1723073393
48.240 364 -1723073393
48.267 373 -1723073393
48.293 380 -1723073393
48.320 390 -1723073393
48.347 405 -1723073393
48.373 419 -1723073393
48.400 432 -1723073393
48.427 444 -1723073393
48.453 453 -1723073393
48.480 459 -1723073393
48.507 467 -1723073393
48.533 471 -1723073393
48.560 467 -1723073393
48.587 461 -1723073393
48.613 454 -1723073393
48.640 443 -1723073393
48.667 429 -1723073393
48.693 412 -1723073393
48.720 393 -1723073393
48.747 374 -1723073393
48.773 356 -1723073393
48.800 338 -1723073393
48.827 319 -1723073393
48.853 301 -1723073393
48.880 286 -1723073393
48.907 281 -1723073393
48.933 280 -1723073393
48.960 278 -1723073393
48.987 276 -1723073393
49.013 278 -1723073393
49.040 276 -1723073393
49.067 279 -1723073393
49.093 287 -1723073393
49.120 287 -1723073393
49.147 285 -1723073393
49.173 288 -1723073393
49.200 291 -1723073393
49.227 293 -1723073393
49.253 301 -1723073393
49.280 310 -1723073393
49.307 316 -1723073393
49.333 332 -1723073393
49.360 347 -1723073393
49.387 350 -1723073393
49.413 354 -1723073393
49.440 359 -1723073393
49.467 357 -1723073393
49.493 350 -1723073393
49.520 342 -1723073393
49.547 329 -1723073393
49.573 310 -1723073393
49.600 290 -1723073393
49.627 272 -1723073393
49.653 255 -1723073393
49.680 239 -1723073393
49.707 223 -1723073393
49.733 207 -1723073393
49.760 201 -1723073393
49.787 202 -1723073393
49.813 202 -1723073393
49.840 208 -1723073393
49.867 220 -1723073393
49.893 229 -1723073393
49.920 239 -1723073393
49.947 253 -1723073393
49.973 267 -1723073393
50.000 274 -1723073393
50.027 281 -1723073393
50.053 286 -1723073393
50.080 282 -1723073393
50.107 280 -1723073393
50.133 277 -1723073393
50.160 266 -1723073393
50.187 252 -1723073393
50.213 235 -1723073393
50.240 213 -1723073393
50.267 191 -1723073393
50.293 164 -1723073393
50.320 129 -1723073393
50.347 94 -1723073393
50.373 58 -1723073393
50.400 20 -1723073393
50.427 -12 -1723073393
50.453 -40 -1723073393
50.480 -73 -1723073393
50.507 -101 -1723073393
50.533 -123 -1723073393
50.560 -151 -1723073393
50.587 -180 -1723073393
50.613 -193 -1723073393
50.640 -208 -1723073393
50.667 -227 -1723073393
50.693 -224 -1723073393
50.720 -220 -1723073393
50.747 -226 -1723073393
50.773 -214 -1723073393
50.800 -191 -1723073393
50.827 -178 -1723073393
50.853 -159 -1723073393
50.880 -135 -1723073393
50.907 -123 -1723073393
50.933 -110 -1723073393
50.960 -86 -1723073393
50.987 -71 -1723073393
51.013 -63 -1723073393
51.040 -47 -1723073393
51.067 -35 -1723073393
51.093 -31 -1723073393
51.120 -20 -1723073393
51.147 -11 -1723073393
51.173 -11 -1723073393
51.200 -4 -1723073393
51.227 5 -1723073393
51.253 6 -1723073393
51.280 11 -1723073393
51.307 25 -1723073393
51.333 30 -1723073393
51.360 35 -1723073393
51.387 56 -1723073393
51.413 72 -1723073393
51.440 81 -1723073393
51.467 102 -1723073393
51.493 124 -1723073393
51.520 143 -1723073393
51.547 171 -1723073393
51.573 203 -1723073393
51.600 231 -1723073393
51.627 260 -1723073393
51.653 287 -1723073393
51.680 305 -1723073393
51.707 318 -1723073393
51.733 329 -1723073393
51.760 335 -1723073393
51.787 332 -1723073393
51.813 325 -1723073393
51.840 312 -1723073393
51.867 292 -1723073393
51.893 274 -1723073393
51.920 259 -1723073393
51.947 244 -1723073393
51.973 227 -1723073393
52.000 215 -1723073393
52.027 207 -1723073393
52.053 203 -1723073393
52.080 204 -1723073393
52.107 205 -1723073393
52.133 203 -1723073393
52.160 203 -1723073393
52.187 202 -1723073393
52.213 193 -1723073393
52.240 190 -1723073393
52.267 192 -1723073393
52.293 192 -1723073393
52.320 189 -1723073393
52.347 184 -1723073393
52.373 174 -1723073393
52.400 166 -1723073393
52.427 162 -1723073393
52.453 154 -1723073393
52.480 142 -1723073393
52.507 131 -1723073393
52.533 119 -1723073393
52.560 113 -1723073393
52.587 118 -1723073393
52.613 123 -1723073393
52.640 127 -1723073393
52.667 133 -1723073393
52.693 139 -1723073393
52.720 139 -1723073393
52.747 141 -1723073393
52.773 146 -1723073393
52.800 151 -1723073393
52.827 157 -1723073393
52.853 164 -1723073393
52.880 165 -1723073393
52.907 169 -1723073393
52.933 176 -1723073393
52.960 175 -1723073393
52.987 175 -1723073393
53.013 181 -1723073393
53.040 180 -1723073393
53.067 171 -1723073393
53.093 164 -1723073393
53.120 156 -1723073393
53.147 146 -1723073393
53.173 148 -1723073393
53.200 152 -1723073393
53.227 148 -1723073393
53.253 150 -1723073393
53.280 152 -1723073393
53.307 146 -1723073393
53.333 146 -1723073393
53.360 158 -1723073393
53.387 165 -1723073393
53.413 172 -1723073393
53.440 188 -1723073393
53.467 201 -1723073393
53.493 212 -1723073393
53.520 230 -1723073393
53.547 248 -1723073393
53.573 259 -1723073393
53.600 272 -1723073393
53.627 283 -1723073393
53.653 290 -1723073393
53.680 292 -1723073393
53.707 287 -1723073393
53.733 276 -1723073393
53.760 263 -1723073393
53.787 251 -1723073393
53.813 239 -1723073393
53.840 222 -1723073393
53.867 201 -1723073393
53.893 180 -1723073393
53.920 158 -1723073393
53.947 139 -1723073393
53.973 122 -1723073393
54.000 100 -1723073393
54.027 79 -1723073393
54.053 61 -1723073393
54.080 35 -1723073393
54.107 9 -1723073393
54.133 -5 -1723073393
54.160 -21 -1723073393
54.187 -37 -1723073393
54.213 -43 -1723073393
54.240 -51 -1723073393
54.267 -67 -1723073393
54.293 -70 -1723073393
54.320 -68 -1723073393
54.347 -73 -1723073393
54.373 -69 -1723073393
54.400 -52 -1723073393
54.427 -42 -1723073393
54.453 -33 -1723073393
54.480 -16 -1723073393
54.507 -7 -1723073393
54.533 -7 -1723073393
54.560 0 -1723073393
54.587 6 -1723073393
54.613 3 -1723073393
54.640 5 -1723073393
54.667 12 -1723073393
54.693 8 -1723073393
54.720 10 -1723073393
54.747 19 -1723073393
54.773 21 -1723073393
54.800 22 -1723073393
54.827 31 -1723073393
54.853 40 -1723073393
54.880 49 -1723073393
54.907 69 -1723073393
54.933 89 -1723073393
54.960 105 -1723073393
54.987 133 -1723073393
55.013 165 -1723073393
55.040 185 -1723073393
55.067 206 -1723073393
55.093 235 -1723073393
55.120 265 -1723073393
55.147 296 -1723073393
55.173 330 -1723073393
55.200 361 -1723073393
55.227 386 -1723073393
55.253 410 -1723073393
55.280 429 -1723073393
55.307 444 -1723073393
55.333 459 -1723073393
55.360 475 -1723073393
55.387 487 -1723073393
55.413 494 -1723073393
55.440 502 -1723073393
55.467 512 -1723073393
55.493 520 -1723073393
55.520 526 -1723073393
55.547 533 -1723073393
55.573 538 -1723073393
55.600 541 -1723073393
55.627 547 -1723073393
55.653 555 -1723073393
55.680 558 -1723073393
55.707 556 -1723073393
55.733 553 -1723073393
55.760 547 -1723073393
55.787 536 -1723073393
55.813 530 -1723073393
55.840 519 -1723073393
55.867 501 -1723073393
55.893 482 -1723073393
55.920 460 -1723073393
55.947 432 -1723073393
55.973 406 -1723073393
56.000 380 -1723073393
56.027 351 -1723073393
56.053 321 -1723073393
56.080 294 -1723073393
56.107 266 -1723073393
56.133 238 -1723073393
56.160 213 -1723073393
56.187 194 -1723073393
56.213 183 -1723073393
56.240 177 -1723073393
56.267 171 -1723073393
56.293 170 -1723073393
56.320 168 -1723073393
56.347 165 -1723073393
56.373 166 -1723073393
56.400 165 -1723073393
56.427 159 -1723073393
56.453 156 -1723073393
56.480 153 -1723073393
56.507 142 -1723073393
56.533 130 -1723073393
56.560 119 -1723073393
56.587 97 -1723073393
56.613 71 -1723073393
56.640 51 -1723073393
56.667 33 -1723073393
56.693 17 -1723073393
56.720 7 -1723073393
56.747 0 -1723073393
56.773 -13 -1723073393
56.800 -20 -1723073393
56.827 -21 -1723073393
56.853 -29 -1723073393
56.880 -32 -1723073393
56.907 -24 -1723073393
56.933 -25 -1723073393
56.960 -33 -1723073393
56.987 -33 -1723073393
57.013 -31 -1723073393
57.040 -30 -1723073393
57.067 -19 -1723073393
57.093 -4 -1723073393
57.120 5 -1723073393
57.147 22 -1723073393
57.173 48 -1723073393
57.200 66 -1723073393
57.227 82 -1723073393
57.253 107 -1723073393
57.280 126 -1723073393
57.307 139 -1723073393
57.333 156 -1723073393
57.360 173 -1723073393
57.387 182 -1723073393
57.413 193 -1723073393
57.440 205 -1723073393
57.467 211 -1723073393
57.493 213 -1723073393
57.520 216 -1723073393
57.547 213 -1723073393
57.573 207 -1723073393
57.600 207 -1723073393
57.627 203 -1723073393
57.653 199 -1723073393
57.680 208 -1723073393
57.707 219 -1723073393
57.733 226 -1723073393
57.760 238 -1723073393
57.787 253 -1723073393
57.813 265 -1723073393
57.840 283 -1723073393
57.867 309 -1723073393
57.893 335 -1723073393
57.920 357 -1723073393
57.947 383 -1723073393
57.973 406 -1723073393
58.000 424 -1723073393
58.027 438 -1723073393
58.053 450 -1723073393
58.080 454 -1723073393
58.107 453 -1723073393
58.133 455 -1723073393
58.160 454 -1723073393
58.187 445 -1723073393
58.213 437 -1723073393
58.240 438 -1723073393
58.267 435 -1723073393
58.293 434 -1723073393
58.320 439 -1723073393
58.347 446 -1723073393
58.373 453 -1723073393
58.400 466 -1723073393
58.427 478 -1723073393
58.453 494 -1723073393
58.480 517 -1723073393
58.507 536 -1723073393
58.533 549 -1723073393
58.560 560 -1723073393
58.587 572 -1723073393
58.613 579 -1723073393
58.640 583 -1723073393
58.667 592 -1723073393
58.693 597 -1723073393
58.720 589 -1723073393
58.747 583 -1723073393
58.773 582 -1723073393
58.800 578 -1723073393
58.827 578 -1723073393
58.853 583 -1723073393
58.880 587 -1723073393
58.907 588 -1723073393
58.933 592 -1723073393
58.960 595 -1723073393
58.987 593 -1723073393
59.013 594 -1723073393
59.040 596 -1723073393
59.067 589 -1723073393
59.093 580 -1723073393
59.120 572 -1723073393
59.147 560 -1723073393
59.173 548 -1723073393
59.200 538 -1723073393
59.227 524 -1723073393
59.253 507 -1723073393
59.280 493 -1723073393
59.307 475 -1723073393
59.333 455 -1723073393
59.360 439 -1723073393
59.387 424 -1723073393
59.413 409 -1723073393
59.440 398 -1723073393
59.467 391 -1723073393
59.493 385 -1723073393
59.520 379 -1723073393
59.547 369 -1723073393
59.573 354 -1723073393
59.600 338 -1723073393
59.627 321 -1723073393
59.653 303 -1723073393
59.680 289 -1723073393
59.707 267 -1723073393
59.733 239 -1723073393
59.760 218 -1723073393
59.787 201 -1723073393
59.813 178 -1723073393
59.840 156 -1723073393
59.867 140 -1723073393
59.893 121 -1723073393
59.920 97 -1723073393
59.947 80 -1723073393
59.973 60 -1723073393
60.000 38 -1723073393
60.027 28 -1723073393
60.053 20 -1723073393
60.080 5 -1723073393
60.107 -2 -1723073393
60.133 -3 -1723073393
60.160 -12 -1723073393
60.187 -21 -1723073393
60.213 -20 -1723073393
60.240 -23 -1723073393
60.267 -31 -1723073393
60.293 -27 -1723073393
60.320 -20 -1723073393
60.347 -26 -1723073393
60.373 -30 -1723073393
60.400 -23 -1723073393
60.427 -25 -1723073393
60.453 -27 -1723073393
60.480 -18 -1723073393
60.507 -17 -1723073393
60.533 -20 -1723073393
60.560 -12 -1723073393
60.587 -8 -1723073393
60.613 -14 -1723073393
60.640 -14 -1723073393
60.667 -10 -1723073393
60.693 -18 -1723073393
60.720 -22 -1723073393
60.747 -22 -1723073393
60.773 -33 -1723073393
60.800 -49 -1723073393
60.827 -56 -1723073393
60.853 -69 -1723073393
60.880 -93 -1723073393
60.907 -111 -1723073393
60.933 -125 -1723073393
60.960 -150 -1723073393
60.987 -169 -1723073393
61.013 -181 -1723073393
61.040 -204 -1723073393
61.067 -226 -1723073393
61.093 -235 -1723073393
61.120 -252 -1723073393
61.147 -272 -1723073393
61.173 -274 -1723073393
61.200 -274 -1723073393
61.227 -283 -1723073393
61.253 -278 -1723073393
61.280 -263 -1723073393
61.307 -262 -1723073393
61.333 -256 -1723073393
61.360 -236 -1723073393
61.387 -228 -1723073393
61.413 -222 -1723073393
61.440 -205 -1723073393
61.467 -199 -1723073393
61.493 -206 -1723073393
61.520 -202 -1723073393
61.547 -193 -1723073393
61.573 -195 -1723073393
61.600 -197 -1723073393
61.627 -195 -1723073393
61.653 -204 -1723073393
61.680 -216 -1723073393
61.707 -219 -1723073393
61.733 -230 -1723073393
61.760 -242 -1723073393
61.787 -239 -1723073393
61.813 -234 -1723073393
61.840 -239 -1723073393
61.867 -231 -1723073393
61.893 -214 -1723073393
61.920 -206 -1723073393
61.947 -191 -1723073393
61.973 -160 -1723073393
62.000 -136 -1723073393
62.027 -117 -1723073393
62.053 -84 -1723073393
62.080 -59 -1723073393
62.107 -47 -1723073393
62.133 -29 -1723073393
62.160 -10 -1723073393
62.187 -4 -1723073393
62.213 -1 -1723073393
62.240 6 -1723073393
62.267 6 -1723073393
62.293 0 -1723073393
62.320 -8 -1723073393
62.347 -23 -1723073393
62.373 -49 -1723073393
62.400 -73 -1723073393
62.427 -95 -1723073393
62.453 -125 -1723073393
62.480 -148 -1723073393
62.507 -161 -1723073393
62.533 -180 -1723073393
62.560 -194 -1723073393
62.587 -191 -1723073393
62.613 -192 -1723073393
62.640 -198 -1723073393
62.667 -192 -1723073393
62.693 -186 -1723073393
62.720 -191 -1723073393
62.747 -186 -1723073393
62.773 -169 -1723073393
62.800 -161 -1723073393
62.827 -154 -1723073393
62.853 -134 -1723073393
62.880 -124 -1723073393
62.907 -121 -1723073393
62.933 -108 -1723073393
62.960 -99 -1723073393
62.987 -101 -1723073393
63.013 -96 -1723073393
63.040 -88 -1723073393
63.067 -94 -1723073393
63.093 -99 -1723073393
63.120 -95 -1723073393
63.147 -103 -1723073393
63.173 -120 -1723073393
63.200 -127 -1723073393
63.227 -137 -1723073393
63.253 -157 -1723073393
63.280 -168 -1723073393
63.307 -177 -1723073393
63.333 -194 -1723073393
63.360 -202 -1723073393
63.387 -201 -1723073393
63.413 -211 -1723073393
63.440 -220 -1723073393
63.467 -210 -1723073393
63.493 -207 -1723073393
63.520 -215 -1723073393
63.547 -208 -1723073393
63.573 -194 -1723073393
63.600 -194 -1723073393
63.627 -186 -1723073393
63.653 -166 -1723073393
63.680 -158 -1723073393
63.707 -149 -1723073393
63.733 -122 -1723073393
63.760 -101 -1723073393
63.787 -93 -1723073393
63.813 -77 -1723073393
63.840 -61 -1723073393
63.867 -56 -1723073393
63.893 -46 -1723073393
63.920 -31 -1723073393
63.947 -34 -1723073393
63.973 -46 -1723073393
64.000 -51 -1723073393
64.027 -63 -1723073393
64.053 -81 -1723073393
64.080 -92 -1723073393
64.107 -103 -1723073393
64.133 -119 -1723073393
64.160 -127 -1723073393
64.187 -129 -1723073393
64.213 -136 -1723073393
64.240 -136 -1723073393
64.267 -120 -1723073393
64.293 -107 -1723073393
64.320 -96 -1723073393
64.347 -71 -1723073393
64.373 -50 -1723073393
64.400 -42 -1723073393
64.427 -27 -1723073393
64.453 -1 -1723073393
64.480 13 -1723073393
64.507 26 -1723073393
64.533 42 -1723073393
64.560 49 -1723073393
64.587 51 -1723073393
64.613 62 -1723073393
64.640 72 -1723073393
64.667 72 -1723073393
64.693 79 -1723073393
64.720 90 -1723073393
64.747 92 -1723073393
64.773 93 -1723073393
64.800 104 -1723073393
64.827 110 -1723073393
64.853 110 -1723073393
64.880 113 -1723073393
64.907 115 -1723073393
64.933 110 -1723073393
64.960 106 -1723073393
64.987 100 -1723073393
65.013 85 -1723073393
65.040 71 -1723073393
65.067 62 -1723073393
65.093 50 -1723073393
65.120 41 -1723073393
65.147 42 -1723073393
65.173 38 -1723073393
65.200 30 -1723073393
65.227 34 -1723073393
65.253 42 -1723073393
65.280 45 -1723073393
65.307 53 -1723073393
65.333 70 -1723073393
65.360 82 -1723073393
65.387 97 -1723073393
65.413 126 -1723073393
65.440 155 -1723073393
65.467 176 -1723073393
65.493 202 -1723073393
65.520 233 -1723073393
65.547 259 -1723073393
65.573 285 -1723073393
65.600 312 -1723073393
65.627 333 -1723073393
65.653 348 -1723073393
65.680 359 -1723073393
65.707 365 -1723073393
65.733 363 -1723073393
65.760 352 -1723073393
65.787 338 -1723073393
65.813 321 -1723073393
65.840 299 -1723073393
65.867 275 -1723073393
65.893 254 -1723073393
65.920 233 -1723073393
65.947 214 -1723073393
65.973 199 -1723073393
66.000 185 -1723073393
66.027 175 -1723073393
66.053 168 -1723073393
66.080 161 -1723073393
66.107 157 -1723073393
66.133 158 -1723073393
66.160 160 -1723073393
66.187 164 -1723073393
66.213 174 -1723073393
66.240 185 -1723073393
66.267 194 -1723073393
66.293 208 -1723073393
66.320 222 -1723073393
66.347 230 -1723073393
66.373 243 -1723073393
66.400 259 -1723073393
66.427 272 -1723073393
66.453 280 -1723073393
66.480 288 -1723073393
66.507 292 -1723073393
66.533 291 -1723073393
66.560 292 -1723073393
66.587 292 -1723073393
66.613 289 -1723073393
66.640 287 -1723073393
66.667 285 -1723073393
66.693 278 -1723073393
66.720 273 -1723073393
66.747 269 -1723073393
66.773 264 -1723073393
66.800 258 -1723073393
66.827 259 -1723073393
66.853 263 -1723073393
66.880 267 -1723073393
66.907 272 -1723073393
66.933 282 -1723073393
66.960 291 -1723073393
66.987 303 -1723073393
67.013 322 -1723073393
67.040 343 -1723073393
67.067 363 -1723073393
67.093 384 -1723073393
67.120 407 -1723073393
67.147 426 -1723073393
67.173 443 -1723073393
67.200 460 -1723073393
67.227 476 -1723073393
67.253 488 -1723073393
67.280 497 -1723073393
67.307 503 -1723073393
67.333 509 -1723073393
67.360 513 -1723073393
67.387 515 -1723073393
67.413 515 -1723073393
67.440 509 -1723073393
67.467 497 -1723073393
67.493 482 -1723073393
67.520 465 -1723073393
67.547 448 -1723073393
67.573 428 -1723073393
67.600 406 -1723073393
67.627 385 -1723073393
67.653 368 -1723073393
67.680 355 -1723073393
67.707 347 -1723073393
67.733 339 -1723073393
67.760 333 -1723073393
67.787 333 -1723073393
67.813 337 -1723073393
67.840 341 -1723073393
67.867 344 -1723073393
67.893 351 -1723073393
67.920 359 -1723073393
67.947 361 -1723073393
67.973 360 -1723073393
68.000 357 -1723073393
68.027 351 -1723073393
68.053 336 -1723073393
68.080 318 -1723073393
68.107 302 -1723073393
68.133 287 -1723073393
68.160 275 -1723073393
68.187 267 -1723073393
68.213 257 -1723073393
68.240 248 -1723073393
68.267 242 -1723073393
68.293 237 -1723073393
68.320 232 -1723073393
68.347 229 -1723073393
68.373 225 -1723073393
68.400 218 -1723073393
68.427 214 -1723073393
68.453 212 -1723073393
68.480 211 -1723073393
68.507 214 -1723073393
68.533 222 -1723073393
68.560 227 -1723073393
68.587 232 -1723073393
68.613 239 -1723073393
68.640 243 -1723073393
68.667 245 -1723073393
68.693 254 -1723073393
68.720 265 -1723073393
68.747 274 -1723073393
68.773 288 -1723073393
68.800 306 -1723073393
68.827 318 -1723073393
68.853 328 -1723073393
68.880 341 -1723073393
68.907 354 -1723073393
68.933 369 -1723073393
68.960 387 -1723073393
68.987 404 -1723073393
69.013 417 -1723073393
69.040 427 -1723073393
69.067 439 -1723073393
69.093 448 -1723073393
69.120 451 -1723073393
69.147 454 -1723073393
69.173 458 -1723073393
69.200 456 -1723073393
69.227 448 -1723073393
69.253 435 -1723073393
69.280 419 -1723073393
69.307 403 -1723073393
69.333 386 -1723073393
69.360 367 -1723073393
69.387 347 -1723073393
69.413 327 -1723073393
69.440 307 -1723073393
69.467 287 -1723073393
69.493 269 -1723073393
69.520 250 -1723073393
69.547 228 -1723073393
69.573 210 -1723073393
69.600 197 -1723073393
69.627 183 -1723073393
69.653 169 -1723073393
69.680 164 -1723073393
69.707 160 -1723073393
69.733 150 -1723073393
69.760 148 -1723073393
69.787 152 -1723073393
69.813 150 -1723073393
69.840 149 -1723073393
69.867 156 -1723073393
69.893 159 -1723073393
69.920 160 -1723073393
69.947 169 -1723073393
69.973 178 -1723073393
70.000 183 -1723073393
70.027 192 -1723073393
70.053 200 -1723073393
70.080 202 -1723073393
70.107 209 -1723073393
70.133 224 -1723073393
70.160 238 -1723073393
70.187 254 -1723073393
70.213 272 -1723073393
70.240 286 -1723073393
70.267 296 -1723073393
70.293 303 -1723073393
70.320 308 -1723073393
70.347 311 -1723073393
70.373 313 -1723073393
70.400 313 -1723073393
70.427 310 -1723073393
70.453 306 -1723073393
70.480 302 -1723073393
70.507 300 -1723073393
70.533 294 -1723073393
70.560 286 -1723073393
70.587 275 -1723073393
70.613 266 -1723073393
70.640 262 -1723073393
70.667 260 -1723073393
70.693 261 -1723073393
70.720 262 -1723073393
70.747 268 -1723073393
70.773 275 -1723073393
70.800 283 -1723073393
70.827 288 -1723073393
70.853 292 -1723073393
70.880 294 -1723073393
70.907 297 -1723073393
70.933 304 -1723073393
70.960 313 -1723073393
70.987 320 -1723073393
71.013 329 -1723073393
71.040 337 -1723073393
71.067 344 -1723073393
71.093 354 -1723073393
71.120 363 -1723073393
71.147 370 -1723073393
71.173 378 -1723073393
71.200 385 -1723073393
71.227 390 -1723073393
71.253 393 -1723073393
71.280 396 -1723073393
71.307 395 -1723073393
71.333 393 -1723073393
71.360 390 -1723073393
71.387 382 -1723073393
71.413 373 -1723073393
71.440 364 -1723073393
71.467 355 -1723073393
71.493 346 -1723073393
71.520 337 -1723073393
71.547 323 -1723073393
71.573 308 -1723073393
71.600 292 -1723073393
71.627 275 -1723073393
71.653 257 -1723073393
71.680 243 -1723073393
71.707 229 -1723073393
71.733 213 -1723073393
71.760 199 -1723073393
71.787 191 -1723073393
71.813 185 -1723073393
71.840 182 -1723073393
71.867 182 -1723073393
71.893 186 -1723073393
71.920 186 -1723073393
71.947 186 -1723073393
71.973 193 -1723073393
72.000 201 -1723073393
72.027 209 -1723073393
72.053 220 -1723073393
72.080 228 -1723073393
72.107 230 -1723073393
72.133 231 -1723073393
72.160 234 -1723073393
72.187 239 -1723073393
72.213 245 -1723073393
72.240 256 -1723073393
72.267 270 -1723073393
72.293 281 -1723073393
72.320 288 -1723073393
72.347 291 -1723073393
72.373 290 -1723073393
72.400 289 -1723073393
72.427 289 -1723073393
72.453 287 -1723073393
72.480 284 -1723073393
72.507 286 -1723073393
72.533 289 -1723073393
72.560 290 -1723073393
72.587 288 -1723073393
72.613 287 -1723073393
72.640 287 -1723073393
72.667 288 -1723073393
72.693 291 -1723073393
72.720 290 -1723073393
72.747 284 -1723073393
72.773 280 -1723073393
72.800 281 -1723073393
72.827 280 -1723073393
72.853 274 -1723073393
72.880 267 -1723073393
72.907 261 -1723073393
72.933 256 -1723073393
72.960 248 -1723073393
72.987 238 -1723073393
73.013 227 -1723073393
73.040 220 -1723073393
73.067 218 -1723073393
73.093 216 -1723073393
73.120 215 -1723073393
73.147 215 -1723073393
73.173 212 -1723073393
73.200 204 -1723073393
73.227 200 -1723073393
73.253 201 -1723073393
73.280 208 -1723073393
73.307 219 -1723073393
73.333 230 -1723073393
73.360 236 -1723073393
73.387 244 -1723073393
73.413 254 -1723073393
73.440 256 -1723073393
73.467 257 -1723073393
73.493 257 -1723073393
73.520 255 -1723073393
73.547 252 -1723073393
73.573 251 -1723073393
73.600 248 -1723073393
73.627 244 -1723073393
73.653 237 -1723073393
73.680 228 -1723073393
73.707 217 -1723073393
73.733 212 -1723073393
73.760 212 -1723073393
73.787 211 -1723073393
73.813 214 -1723073393
73.840 216 -1723073393
73.867 215 -1723073393
73.893 215 -1723073393
73.920 223 -1723073393
73.947 234 -1723073393
73.973 239 -1723073393
74.000 243 -1723073393
74.027 246 -1723073393
74.053 246 -1723073393
74.080 244 -1723073393
74.107 241 -1723073393
74.133 233 -1723073393
74.160 225 -1723073393
74.187 221 -1723073393
74.213 212 -1723073393
74.240 199 -1723073393
74.267 191 -1723073393
74.293 186 -1723073393
74.320 180 -1723073393
74.347 176 -1723073393
74.373 177 -1723073393
74.400 178 -1723073393
74.427 177 -1723073393
74.453 181 -1723073393
74.480 187 -1723073393
74.507 190 -1723073393
74.533 193 -1723073393
74.560 200 -1723073393
74.587 209 -1723073393
74.613 217 -1723073393
74.640 227 -1723073393
74.667 237 -1723073393
74.693 243 -1723073393
74.720 246 -1723073393
74.747 248 -1723073393
74.773 247 -1723073393
74.800 248 -1723073393
74.827 249 -1723073393
74.853 248 -1723073393
74.880 244 -1723073393
74.907 244 -1723073393
74.933 246 -1723073393
74.960 248 -1723073393
74.987 253 -1723073393
75.013 258 -1723073393
75.040 257 -1723073393
75.067 257 -1723073393
75.093 260 -1723073393
75.120 264 -1723073393
75.147 270 -1723073393
75.173 278 -1723073393
75.200 281 -1723073393
75.227 279 -1723073393
75.253 279 -1723073393
75.280 282 -1723073393
75.307 283 -1723073393
75.333 283 -1723073393
75.360 282 -1723073393
75.387 280 -1723073393
75.413 281 -1723073393
75.440 281 -1723073393
75.467 278 -1723073393
75.493 280 -1723073393
75.520 286 -1723073393
75.547 287 -1723073393
75.573 285 -1723073393
75.600 288 -1723073393
75.627 286 -1723073393
75.653 278 -1723073393
75.680 272 -1723073393
75.707 264 -1723073393
75.733 250 -1723073393
75.760 240 -1723073393
75.787 230 -1723073393
75.813 215 -1723073393
75.840 199 -1723073393
75.867 187 -1723073393
75.893 169 -1723073393
75.920 148 -1723073393
75.947 135 -1723073393
75.973 124 -1723073393
76.000 113 -1723073393
76.027 110 -1723073393
76.053 109 -1723073393
76.080 103 -1723073393
76.107 101 -1723073393
76.133 107 -1723073393
76.160 116 -1723073393
76.187 132 -1723073393
76.213 157 -1723073393
76.240 180 -1723073393
76.267 198 -1723073393
76.293 215 -1723073393
76.320 232 -1723073393
76.347 245 -1723073393
76.373 255 -1723073393
76.400 267 -1723073393
76.427 279 -1723073393
76.453 290 -1723073393
76.480 300 -1723073393
76.507 309 -1723073393
76.533 312 -1723073393
76.560 314 -1723073393
76.587 322 -1723073393
76.613 329 -1723073393
76.640 336 -1723073393
76.667 346 -1723073393
76.693 354 -1723073393
76.720 359 -1723073393
76.747 364 -1723073393
76.773 369 -1723073393
76.800 370 -1723073393
76.827 371 -1723073393
76.853 373 -1723073393
76.880 373 -1723073393
76.907 373 -1723073393
76.933 375 -1723073393
76.960 378 -1723073393
76.987 385 -1723073393
77.013 392 -1723073393
77.040 396 -1723073393
77.067 397 -1723073393
77.093 398 -1723073393
77.120 394 -1723073393
77.147 384 -1723073393
77.173 375 -1723073393
77.200 367 -1723073393
77.227 359 -1723073393
77.253 349 -1723073393
77.280 342 -1723073393
77.307 337 -1723073393
77.333 334 -1723073393
77.360 329 -1723073393
77.387 321 -1723073393
77.413 311 -1723073393
77.440 304 -1723073393
77.467 298 -1723073393
77.493 293 -1723073393
77.520 290 -1723073393
77.547 291 -1723073393
77.573 293 -1723073393
77.600 295 -1723073393
77.627 297 -1723073393
77.653 300 -1723073393
77.680 306 -1723073393
77.707 314 -1723073393
77.733 316 -1723073393
77.760 314 -1723073393
77.787 315 -1723073393
77.813 314 -1723073393
77.840 311 -1723073393
77.867 308 -1723073393
77.893 303 -1723073393
77.920 298 -1723073393
77.947 293 -1723073393
77.973 287 -1723073393
78.000 276 -1723073393
78.027 266 -1723073393
78.053 263 -1723073393
78.080 261 -1723073393
78.107 260 -1723073393
78.133 263 -1723073393
78.160 267 -1723073393
78.187 272 -1723073393
78.213 280 -1723073393
78.240 291 -1723073393
78.267 298 -1723073393
78.293 306 -1723073393
78.320 318 -1723073393
78.347 325 -1723073393
78.373 324 -1723073393
78.400 326 -1723073393
78.427 329 -1723073393
78.453 325 -1723073393
78.480 322 -1723073393
78.507 318 -1723073393
78.533 307 -1723073393
78.560 292 -1723073393
78.587 278 -1723073393
78.613 261 -1723073393
78.640 247 -1723073393
78.667 241 -1723073393
78.693 232 -1723073393
78.720 218 -1723073393
78.747 206 -1723073393
78.773 193 -1723073393
78.800 178 -1723073393
78.827 168 -1723073393
78.853 163 -1723073393
78.880 160 -1723073393
78.907 157 -1723073393
78.933 156 -1723073393
78.960 149 -1723073393
78.987 145 -1723073393
79.013 149 -1723073393
79.040 151 -1723073393
79.067 152 -1723073393
79.093 159 -1723073393
79.120 164 -1723073393
79.147 168 -1723073393
79.173 178 -1723073393
79.200 184 -1723073393
79.227 184 -1723073393
79.253 189 -1723073393
79.280 197 -1723073393
79.307 197 -1723073393
79.333 197 -1723073393
79.360 199 -1723073393
79.387 192 -1723073393
79.413 185 -1723073393
79.440 187 -1723073393
79.467 185 -1723073393
79.493 174 -1723073393
79.520 167 -1723073393
79.547 159 -1723073393
79.573 147 -1723073393
79.600 140 -1723073393
79.627 141 -1723073393
79.653 138 -1723073393
79.680 134 -1723073393
79.707 130 -1723073393
79.733 126 -1723073393
79.760 127 -1723073393
79.787 133 -1723073393
79.813 137 -1723073393
79.840 140 -1723073393
79.867 150 -1723073393
79.893 162 -1723073393
79.920 169 -1723073393
79.947 178 -1723073393
79.973 188 -1723073393
80.000 198 -1723073393
80.027 209 -1723073393
80.053 225 -1723073393
80.080 236 -1723073393
80.107 247 -1723073393
80.133 259 -1723073393
80.160 268 -1723073393
80.187 267 -1723073393
80.213 271 -1723073393
80.240 280 -1723073393
80.267 286 -1723073393
80.293 287 -1723073393
80.320 290 -1723073393
80.347 295 -1723073393
80.373 296 -1723073393
80.400 297 -1723073393
80.427 295 -1723073393
80.453 292 -1723073393
80.480 289 -1723073393
80.507 285 -1723073393
80.533 277 -1723073393
80.560 272 -1723073393
80.587 266 -1723073393
80.613 260 -1723073393
80.640 257 -1723073393
80.667 253 -1723073393
80.693 245 -1723073393
80.720 242 -1723073393
80.747 243 -1723073393
80.773 242 -1723073393
80.800 241 -1723073393
80.827 239 -1723073393
80.853 235 -1723073393
80.880 232 -1723073393
80.907 230 -1723073393
80.933 227 -1723073393
80.960 221 -1723073393
80.987 216 -1723073393
81.013 213 -1723073393
81.040 210 -1723073393
81.067 211 -1723073393
81.093 212 -1723073393
81.120 211 -1723073393
81.147 209 -1723073393
81.173 207 -1723073393
81.200 205 -1723073393
81.227 205 -1723073393
81.253 199 -1723073393
81.280 187 -1723073393
81.307 175 -1723073393
81.333 167 -1723073393
81.360 160 -1723073393
81.387 155 -1723073393
81.413 156 -1723073393
81.440 153 -1723073393
81.467 152 -1723073393
81.493 155 -1723073393
81.520 152 -1723073393
81.547 146 -1723073393
81.573 145 -1723073393
81.600 147 -1723073393
81.627 152 -1723073393
81.653 164 -1723073393
81.680 183 -1723073393
81.707 201 -1723073393
81.733 219 -1723073393
81.760 241 -1723073393
81.787 265 -1723073393
81.813 286 -1723073393
81.840 305 -1723073393
81.867 323 -1723073393
81.893 342 -1723073393
81.920 358 -1723073393
81.947 372 -1723073393
81.973 382 -1723073393
82.000 389 -1723073393
82.027 392 -1723073393
82.053 389 -1723073393
82.080 381 -1723073393
82.107 372 -1723073393
82.133 361 -1723073393
82.160 346 -1723073393
82.187 333 -1723073393
82.213 324 -1723073393
82.240 317 -1723073393
82.267 309 -1723073393
82.293 300 -1723073393
82.320 291 -1723073393
82.347 282 -1723073393
82.373 273 -1723073393
82.400 265 -1723073393
82.427 257 -1723073393
82.453 253 -1723073393
82.480 246 -1723073393
82.507 239 -1723073393
82.533 234 -1723073393
82.560 234 -1723073393
82.587 238 -1723073393
82.613 246 -1723073393
82.640 256 -1723073393
82.667 268 -1723073393
82.693 276 -1723073393
82.720 277 -1723073393
82.747 276 -1723073393
82.773 279 -1723073393
82.800 283 -1723073393
82.827 288 -1723073393
82.853 294 -1723073393
82.880 294 -1723073393
82.907 289 -1723073393
82.933 281 -1723073393
82.960 269 -1723073393
82.987 257 -1723073393
83.013 246 -1723073393
83.040 237 -1723073393
83.067 228 -1723073393
83.093 215 -1723073393
83.120 204 -1723073393
83.147 193 -1723073393
83.173 184 -1723073393
83.200 184 -1723073393
83.227 186 -1723073393
83.253 186 -1723073393
83.280 186 -1723073393
83.307 192 -1723073393
83.333 198 -1723073393
83.360 206 -1723073393
83.387 212 -1723073393
83.413 217 -1723073393
83.440 228 -1723073393
83.467 242 -1723073393
83.493 258 -1723073393
83.520 272 -1723073393
83.547 282 -1723073393
83.573 288 -1723073393
83.600 292 -1723073393
83.627 294 -1723073393
83.653 293 -1723073393
83.680 293 -1723073393
83.707 295 -1723073393
83.733 295 -1723073393
83.760 286 -1723073393
83.787 277 -1723073393
83.813 269 -1723073393
83.840 259 -1723073393
83.867 249 -1723073393
83.893 241 -1723073393
83.920 233 -1723073393
83.947 228 -1723073393
83.973 225 -1723073393
84.000 224 -1723073393
84.027 223 -1723073393
84.053 223 -1723073393
84.080 223 -1723073393
84.107 223 -1723073393
84.133 223 -1723073393
84.160 224 -1723073393
84.187 222 -1723073393
84.213 217 -1723073393
84.240 211 -1723073393
84.267 212 -1723073393
84.293 214 -1723073393
84.320 215 -1723073393
84.347 217 -1723073393
84.373 222 -1723073393
84.400 226 -1723073393
84.427 227 -1723073393
84.453 227 -1723073393
84.480 225 -1723073393
84.507 224 -1723073393
84.533 226 -1723073393
84.560 230 -1723073393
84.587 233 -1723073393
84.613 235 -1723073393
84.640 231 -1723073393
84.667 226 -1723073393
84.693 225 -1723073393
84.720 221 -1723073393
84.747 217 -1723073393
84.773 214 -1723073393
84.800 211 -1723073393
84.827 206 -1723073393
84.853 199 -1723073393
84.880 195 -1723073393
84.907 191 -1723073393
84.933 187 -1723073393
84.960 182 -1723073393
84.987 176 -1723073393
85.013 174 -1723073393
85.040 174 -1723073393
85.067 174 -1723073393
85.093 177 -1723073393
85.120 183 -1723073393
85.147 184 -1723073393
85.173 186 -1723073393
85.200 189 -1723073393
85.227 189 -1723073393
85.253 193 -1723073393
85.280 203 -1723073393
85.307 211 -1723073393
85.333 218 -1723073393
85.360 224 -1723073393
85.387 227 -1723073393
85.413 232 -1723073393
85.440 241 -1723073393
85.467 251 -1723073393
85.493 260 -1723073393
85.520 266 -1723073393
85.547 270 -1723073393
85.573 274 -1723073393
85.600 281 -1723073393
85.627 284 -1723073393
85.653 284 -1723073393
85.680 283 -1723073393
85.707 281 -1723073393
85.733 278 -1723073393
85.760 278 -1723073393
85.787 277 -1723073393
85.813 272 -1723073393
85.840 269 -1723073393
85.867 270 -1723073393
85.893 270 -1723073393
85.920 271 -1723073393
85.947 272 -1723073393
85.973 268 -1723073393
86.000 266 -1723073393
86.027 267 -1723073393
86.053 261 -1723073393
86.080 252 -1723073393
86.107 243 -1723073393
86.133 237 -1723073393
86.160 236 -1723073393
86.187 230 -1723073393
86.213 223 -1723073393
86.240 221 -1723073393
86.267 221 -1723073393
86.293 220 -1723073393
86.320 217 -1723073393
86.347 214 -1723073393
86.373 210 -1723073393
86.400 209 -1723073393
86.427 209 -1723073393
86.453 203 -1723073393
86.480 196 -1723073393
86.507 191 -1723073393
86.533 181 -1723073393
86.560 172 -1723073393
86.587 165 -1723073393
86.613 155 -1723073393
86.640 150 -1723073393
86.667 147 -1723073393
86.693 141 -1723073393
86.720 138 -1723073393
86.747 139 -1723073393
86.773 142 -1723073393
86.800 147 -1723073393
86.827 151 -1723073393
86.853 153 -1723073393
86.880 162 -1723073393
86.907 177 -1723073393
86.933 190 -1723073393
86.960 200 -1723073393
86.987 209 -1723073393
87.013 218 -1723073393
87.040 227 -1723073393
87.067 234 -1723073393
87.093 241 -1723073393
87.120 249 -1723073393
87.147 251 -1723073393
87.173 247 -1723073393
87.200 247 -1723073393
87.227 251 -1723073393
87.253 257 -1723073393
87.280 260 -1723073393
87.307 258 -1723073393
87.333 256 -1723073393
87.360 255 -1723073393
87.387 254 -1723073393
87.413 253 -1723073393
87.440 252 -1723073393
87.467 247 -1723073393
87.493 239 -1723073393
87.520 237 -1723073393
87.547 238 -1723073393
87.573 237 -1723073393
87.600 236 -1723073393
87.627 236 -1723073393
87.653 237 -1723073393
87.680 239 -1723073393
87.707 239 -1723073393
87.733 243 -1723073393
87.760 243 -1723073393
87.787 238 -1723073393
87.813 236 -1723073393
87.840 240 -1723073393
87.867 244 -1723073393
87.893 244 -1723073393
87.920 241 -1723073393
87.947 234 -1723073393
87.973 223 -1723073393
88.000 213 -1723073393
88.027 204 -1723073393
88.053 201 -1723073393
88.080 202 -1723073393
88.107 201 -1723073393
88.133 198 -1723073393
88.160 200 -1723073393
88.187 203 -1723073393
88.213 204 -1723073393
88.240 203 -1723073393
88.267 202 -1723073393
88.293 203 -1723073393
88.320 203 -1723073393
88.347 199 -1723073393
88.373 194 -1723073393
88.400 193 -1723073393
88.427 197 -1723073393
88.453 204 -1723073393
88.480 209 -1723073393
88.507 208 -1723073393
88.533 206 -1723073393
88.560 209 -1723073393
88.587 212 -1723073393
88.613 215 -1723073393
88.640 218 -1723073393
88.667 215 -1723073393
88.693 210 -1723073393
88.720 209 -1723073393
88.747 206 -1723073393
88.773 199 -1723073393
88.800 194 -1723073393
88.827 189 -1723073393
88.853 190 -1723073393
88.880 196 -1723073393
88.907 199 -1723073393
88.933 198 -1723073393
88.960 204 -1723073393
88.987 211 -1723073393
89.013 217 -1723073393
89.040 222 -1723073393
89.067 222 -1723073393
89.093 219 -1723073393
89.120 222 -1723073393
89.147 221 -1723073393
89.173 216 -1723073393
89.200 212 -1723073393
89.227 204 -1723073393
89.253 198 -1723073393
89.280 194 -1723073393
89.307 190 -1723073393
89.333 188 -1723073393
89.360 185 -1723073393
89.387 184 -1723073393
89.413 185 -1723073393
89.440 180 -1723073393
89.467 175 -1723073393
89.493 172 -1723073393
89.520 169 -1723073393
89.547 163 -1723073393
89.573 163 -1723073393
89.600 163 -1723073393
89.627 161 -1723073393
89.653 165 -1723073393
89.680 169 -1723073393
89.707 169 -1723073393
89.733 170 -1723073393
89.760 174 -1723073393
89.787 179 -1723073393
89.813 183 -1723073393
89.840 182 -1723073393
89.867 177 -1723073393
89.893 177 -1723073393
89.920 176 -1723073393
89.947 170 -1723073393
89.973 166 -1723073393
90.000 161 -1723073393
90.027 161 -1723073393
90.053 165 -1723073393
90.080 162 -1723073393
90.107 160 -1723073393
90.133 162 -1723073393
90.160 160 -1723073393
90.187 154 -1723073393
90.213 153 -1723073393
90.240 153 -1723073393
90.267 157 -1723073393
90.293 160 -1723073393
90.320 159 -1723073393
90.347 160 -1723073393
90.373 159 -1723073393
90.400 155 -1723073393
90.427 155 -1723073393
90.453 157 -1723073393
90.480 158 -1723073393
90.507 157 -1723073393
90.533 162 -1723073393
90.560 168 -1723073393
90.587 173 -1723073393
90.613 176 -1723073393
90.640 181 -1723073393
90.667 189 -1723073393
90.693 196 -1723073393
90.720 208 -1723073393
90.747 217 -1723073393
90.773 218 -1723073393
90.800 219 -1723073393
90.827 218 -1723073393
90.853 221 -1723073393
90.880 230 -1723073393
90.907 237 -1723073393
90.933 242 -1723073393
90.960 252 -1723073393
90.987 262 -1723073393
91.013 274 -1723073393
91.040 291 -1723073393
91.067 301 -1723073393
91.093 309 -1723073393
91.120 324 -1723073393
91.147 335 -1723073393
91.173 342 -1723073393
91.200 341 -1723073393
91.227 339 -1723073393
91.253 346 -1723073393
91.280 350 -1723073393
91.307 350 -1723073393
91.333 352 -1723073393
91.360 355 -1723073393
91.387 357 -1723073393
91.413 360 -1723073393
91.440 356 -1723073393
91.467 351 -1723073393
91.493 349 -1723073393
91.520 344 -1723073393
91.547 337 -1723073393
91.573 328 -1723073393
91.600 315 -1723073393
91.627 306 -1723073393
91.653 307 -1723073393
91.680 307 -1723073393
91.707 308 -1723073393
91.733 306 -1723073393
91.760 301 -1723073393
91.787 303 -1723073393
91.813 308 -1723073393
91.840 313 -1723073393
91.867 318 -1723073393
91.893 319 -1723073393
91.920 323 -1723073393
91.947 329 -1723073393
91.973 330 -1723073393
92.000 333 -1723073393
92.027 340 -1723073393
92.053 347 -1723073393
92.080 355 -1723073393
92.107 357 -1723073393
92.133 355 -1723073393
92.160 354 -1723073393
92.187 351 -1723073393
92.213 356 -1723073393
92.240 358 -1723073393
92.267 351 -1723073393
92.293 349 -1723073393
92.320 349 -1723073393
92.347 346 -1723073393
92.373 347 -1723073393
92.400 348 -1723073393
92.427 343 -1723073393
92.453 344 -1723073393
92.480 340 -1723073393
92.507 340 -1723073393
92.533 347 -1723073393
92.560 354 -1723073393
92.587 363 -1723073393
92.613 375 -1723073393
92.640 386 -1723073393
92.667 395 -1723073393
92.693 401 -1723073393
92.720 405 -1723073393
92.747 415 -1723073393
92.773 423 -1723073393
92.800 426 -1723073393
92.827 425 -1723073393
92.853 420 -1723073393
92.880 420 -1723073393
92.907 419 -1723073393
92.933 417 -1723073393
92.960 418 -1723073393
92.987 406 -1723073393
93.013 398 -1723073393
93.040 397 -1723073393
93.067 391 -1723073393
93.093 387 -1723073393
93.120 381 -1723073393
93.147 373 -1723073393
93.173 376 -1723073393
93.200 375 -1723073393
93.227 371 -1723073393
93.253 367 -1723073393
93.280 359 -1723073393
93.307 353 -1723073393
93.333 346 -1723073393
93.360 342 -1723073393
93.387 346 -1723073393
93.413 350 -1723073393
93.440 348 -1723073393
93.467 346 -1723073393
93.493 338 -1723073393
93.520 330 -1723073393
93.547 325 -1723073393
93.573 314 -1723073393
93.600 308 -1723073393
93.627 312 -1723073393
93.653 315 -1723073393
93.680 319 -1723073393
93.707 325 -1723073393
93.733 331 -1723073393
93.760 339 -1723073393
93.787 345 -1723073393
93.813 353 -1723073393
93.840 361 -1723073393
93.867 364 -1723073393
93.893 368 -1723073393
93.920 373 -1723073393
93.947 372 -1723073393
93.973 374 -1723073393
94.000 374 -1723073393
94.027 374 -1723073393
94.053 371 -1723073393
94.080 356 -1723073393
94.107 348 -1723073393
94.133 341 -1723073393
94.160 332 -1723073393
94.187 324 -1723073393
94.213 314 -1723073393
94.240 314 -1723073393
94.267 310 -1723073393
94.293 300 -1723073393
94.320 298 -1723073393
94.347 303 -1723073393
94.373 310 -1723073393
94.400 315 -1723073393
94.427 320 -1723073393
94.453 327 -1723073393
94.480 333 -1723073393
94.507 332 -1723073393
94.533 330 -1723073393
94.560 328 -1723073393
94.587 331 -1723073393
94.613 336 -1723073393
94.640 334 -1723073393
94.667 334 -1723073393
94.693 340 -1723073393
94.720 349 -1723073393
94.747 361 -1723073393
94.773 363 -1723073393
94.800 361 -1723073393
94.827 361 -1723073393
94.853 360 -1723073393
94.880 361 -1723073393
94.907 360 -1723073393
94.933 354 -1723073393
94.960 350 -1723073393
94.987 335 -1723073393
95.013 323 -1723073393
95.040 316 -1723073393
95.067 303 -1723073393
95.093 293 -1723073393
95.120 282 -1723073393
95.147 278 -1723073393
95.173 280 -1723073393
95.200 274 -1723073393
95.227 267 -1723073393
95.253 262 -1723073393
95.280 253 -1723073393
95.307 254 -1723073393
95.333 252 -1723073393
95.360 246 -1723073393
95.387 248 -1723073393
95.413 249 -1723073393
95.440 257 -1723073393
95.467 264 -1723073393
95.493 259 -1723073393
95.520 259 -1723073393
95.547 255 -1723073393
95.573 254 -1723073393
95.600 253 -1723073393
95.627 249 -1723073393
95.653 250 -1723073393
95.680 246 -1723073393
95.707 237 -1723073393
95.733 229 -1723073393
95.760 217 -1723073393
95.787 211 -1723073393
95.813 204 -1723073393
95.840 201 -1723073393
95.867 194 -1723073393
95.893 182 -1723073393
95.920 177 -1723073393
95.947 163 -1723073393
95.973 157 -1723073393
96.000 154 -1723073393
96.027 142 -1723073393
96.053 138 -1723073393
96.080 131 -1723073393
96.107 135 -1723073393
96.133 148 -1723073393
96.160 156 -1723073393
96.187 171 -1723073393
96.213 171 -1723073393
96.240 176 -1723073393
96.267 182 -1723073393
96.293 178 -1723073393
96.320 184 -1723073393
96.347 190 -1723073393
96.373 195 -1723073393
96.400 199 -1723073393
96.427 192 -1723073393
96.453 186 -1723073393
96.480 172 -1723073393
96.507 168 -1723073393
96.533 169 -1723073393
96.560 163 -1723073393
96.587 162 -1723073393
96.613 155 -1723073393
96.640 153 -1723073393
96.667 146 -1723073393
96.693 134 -1723073393
96.720 128 -1723073393
96.747 112 -1723073393
96.773 108 -1723073393
96.800 102 -1723073393
96.827 95 -1723073393
96.853 97 -1723073393
96.880 86 -1723073393
96.907 89 -1723073393
96.933 84 -1723073393
96.960 81 -1723073393
96.987 77 -1723073393
97.013 67 -1723073393
97.040 72 -1723073393
97.067 61 -1723073393
97.093 61 -1723073393
97.120 54 -1723073393
97.147 43 -1723073393
97.173 42 -1723073393
97.200 32 -1723073393
97.227 40 -1723073393
97.253 36 -1723073393
97.280 35 -1723073393
97.307 31 -1723073393
97.333 25 -1723073393
97.360 40 -1723073393
97.387 37 -1723073393
97.413 47 -1723073393
97.440 44 -1723073393
97.467 44 -1723073393
97.493 47 -1723073393
97.520 45 -1723073393
97.547 50 -1723073393
97.573 36 -1723073393
97.600 41 -1723073393
97.627 36 -1723073393
97.653 39 -1723073393
97.680 44 -1723073393
97.707 37 -1723073393
97.733 44 -1723073393
97.760 45 -1723073393
97.787 59 -1723073393
97.813 58 -1723073393
97.840 57 -1723073393
97.867 59 -1723073393
97.893 62 -1723073393
97.920 82 -1723073393
97.947 86 -1723073393
97.973 98 -1723073393
98.000 96 -1723073393
98.027 105 -1723073393
98.053 106 -1723073393
98.080 106 -1723073393
98.107 110 -1723073393
98.133 102 -1723073393
98.160 111 -1723073393
98.187 106 -1723073393
98.213 115 -1723073393
98.240 120 -1723073393
98.267 123 -1723073393
98.293 122 -1723073393
98.320 114 -1723073393
98.347 116 -1723073393
98.373 104 -1723073393
98.400 107 -1723073393
98.427 95 -1723073393
98.453 89 -1723073393
98.480 72 -1723073393
98.507 79 -1723073393
98.533 84 -1723073393
98.560 77 -1723073393
98.587 78 -1723073393
98.613 63 -1723073393
98.640 65 -1723073393
98.667 52 -1723073393
98.693 49 -1723073393
98.720 31 -1723073393
98.747 27 -1723073393
98.773 12 -1723073393
98.800 9 -1723073393
98.827 17 -1723073393
98.853 9 -1723073393
98.880 10 -1723073393
98.907 0 -1723073393
98.933 14 -1723073393
98.960 9 -1723073393
98.987 27 -1723073393
99.013 16 -1723073393
99.040 24 -1723073393
99.067 20 -1723073393
99.093 33 -1723073393
99.120 34 -1723073393
99.147 33 -1723073393
99.173 30 -1723073393
99.200 20 -1723073393
99.227 16 -1723073393
99.253 3 -1723073393
99.280 5 -1723073393
99.307 -3 -1723073393
99.333 7 -1723073393
99.360 -14 -1723073393
99.387 -13 -1723073393
99.413 -31 -1723073393
99.440 -20 -1723073393
99.467 -30 -1723073393
99.493 -8 -1723073393
99.520 -13 -1723073393
99.547 -5 -1723073393
99.573 -10 -1723073393
99.600 -17 -1723073393
99.627 -28 -1723073393
99.653 -37 -1723073393
99.680 -27 -1723073393
99.707 -15 -1723073393
99.733 2 -1723073393
99.760 7 -1723073393
99.787 24 -1723073393
99.813 22 -1723073393
99.840 25 -1723073393
99.867 14 -1723073393
99.893 22 -1723073393
99.920 18 -1723073393
99.947 35 -1723073393
99.973 35 -1723073393
100.000 0 -1723073393
