0.000 18 -1723073393
0.027 13 -1723073393
0.053 9 -1723073393
0.080 17 -1723073393
0.107 14 -1723073393
0.133 14 -1723073393
0.160 18 -1723073393
0.187 16 -1723073393
0.213 24 -1723073393
0.240 24 -1723073393
0.267 21 -1723073393
0.293 27 -1723073393
0.320 23 -1723073393
0.347 21 -1723073393
0.373 21 -1723073393
0.400 10 -1723073393
0.427 9 -1723073393
0.453 11 -1723073393
0.480 9 -1723073393
0.507 16 -1723073393
0.533 14 -1723073393
0.560 18 -1723073393
0.587 26 -1723073393
0.613 15 -1723073393
0.640 13 -1723073393
0.667 15 -1723073393
0.693 8 -1723073393
0.720 12 -1723073393
0.747 9 -1723073393
0.773 6 -1723073393
0.800 24 -1723073393
0.827 23 -1723073393
0.853 13 -1723073393
0.880 12 -1723073393
0.907 2 -1723073393
0.933 3 -1723073393
0.960 11 -1723073393
0.987 8 -1723073393
1.013 15 -1723073393
1.040 18 -1723073393
1.067 11 -1723073393
1.093 8 -1723073393
1.120 -3 -1723073393
1.147 -10 -1723073393
1.173 -5 -1723073393
1.200 -3 -1723073393
1.227 5 -1723073393
1.253 8 -1723073393
1.280 -3 -1723073393
1.307 -3 -1723073393
1.333 -5 -1723073393
1.360 -8 -1723073393
1.387 0 -1723073393
1.413 -7 -1723073393
1.440 -12 -1723073393
1.467 -9 -1723073393
1.493 -12 -1723073393
1.520 -3 -1723073393
1.547 0 -1723073393
1.573 -7 -1723073393
1.600 -4 -1723073393
1.627 -10 -1723073393
1.653 -14 -1723073393
1.680 -7 -1723073393
1.707 -9 -1723073393
1.733 -10 -1723073393
1.760 -8 -1723073393
1.787 -21 -1723073393
1.813 -21 -1723073393
1.840 -22 -1723073393
1.867 -28 -1723073393
1.893 -19 -1723073393
1.920 -19 -1723073393
1.947 -18 -1723073393
1.973 -6 -1723073393
2.000 -14 -1723073393
2.027 -18 -1723073393
2.053 -18 -1723073393
2.080 -23 -1723073393
2.107 -15 -1723073393
2.133 -6 -1723073393
2.160 -4 -1723073393
2.187 3 -1723073393
2.213 -6 -1723073393
2.240 -18 -1723073393
2.267 -20 -1723073393
2.293 -30 -1723073393
2.320 -27 -1723073393
2.347 -15 -1723073393
2.373 -16 -1723073393
2.400 -13 -1723073393
2.427 -13 -1723073393
2.453 -16 -1723073393
2.480 -13 -1723073393
2.507 -17 -1723073393
2.533 -16 -1723073393
2.560 -7 -1723073393
2.587 -10 -1723073393
2.613 -15 -1723073393
2.640 -16 -1723073393
2.667 -24 -1723073393
2.693 -23 -1723073393
2.720 -24 -1723073393
2.747 -28 -1723073393
2.773 -19 -1723073393
2.800 -18 -1723073393
2.827 -21 -1723073393
2.853 -13 -1723073393
2.880 -18 -1723073393
2.907 -18 -1723073393
2.933 -14 -1723073393
2.960 -25 -1723073393
2.987 -20 -1723073393
3.013 -16 -1723073393
3.040 -22 -1723073393
3.067 -14 -1723073393
3.093 -16 -1723073393
3.120 -22 -1723073393
3.147 -21 -1723073393
3.173 -29 -1723073393
3.200 -26 -1723073393
3.227 -17 -1723073393
3.253 -21 -1723073393
3.280 -20 -1723073393
3.307 -19 -1723073393
3.333 -21 -1723073393
3.360 -21 -1723073393
3.387 -33 -1723073393
3.413 -37 -1723073393
3.440 -27 -1723073393
3.467 -31 -1723073393
3.493 -35 -1723073393
3.520 -30 -1723073393
3.547 -29 -1723073393
3.573 -19 -1723073393
3.600 -13 -1723073393
3.627 -18 -1723073393
3.653 -24 -1723073393
3.680 -32 -1723073393
3.707 -35 -1723073393
3.733 -34 -1723073393
3.760 -39 -1723073393
3.787 -33 -1723073393
3.813 -24 -1723073393
3.840 -23 -1723073393
3.867 -15 -1723073393
3.893 -11 -1723073393
3.920 -13 -1723073393
3.947 -12 -1723073393
3.973 -18 -1723073393
4.000 -21 -1723073393
4.027 -18 -1723073393
4.053 -25 -1723073393
4.080 -28 -1723073393
4.107 -25 -1723073393
4.133 -25 -1723073393
4.160 -17 -1723073393
4.187 -18 -1723073393
4.213 -28 -1723073393
4.240 -26 -1723073393
4.267 -25 -1723073393
4.293 -27 -1723073393
4.320 -22 -1723073393
4.347 -21 -1723073393
4.373 -17 -1723073393
4.400 -15 -1723073393
4.427 -22 -1723073393
4.453 -21 -1723073393
4.480 -18 -1723073393
4.507 -21 -1723073393
4.533 -18 -1723073393
4.560 -21 -1723073393
4.587 -25 -1723073393
4.613 -21 -1723073393
4.640 -27 -1723073393
4.667 -28 -1723073393
4.693 -23 -1723073393
4.720 -29 -1723073393
4.747 -26 -1723073393
4.773 -25 -1723073393
4.800 -30 -1723073393
4.827 -24 -1723073393
4.853 -29 -1723073393
4.880 -33 -1723073393
4.907 -24 -1723073393
4.933 -23 -1723073393
4.960 -19 -1723073393
4.987 -17 -1723073393
5.013 -25 -1723073393
5.040 -22 -1723073393
5.067 -19 -1723073393
5.093 -20 -1723073393
5.120 -18 -1723073393
5.147 -20 -1723073393
5.173 -20 -1723073393
5.200 -14 -1723073393
5.227 -18 -1723073393
5.253 -19 -1723073393
5.280 -17 -1723073393
5.307 -22 -1723073393
5.333 -19 -1723073393
5.360 -15 -1723073393
5.387 -17 -1723073393
5.413 -10 -1723073393
5.440 -12 -1723073393
5.467 -17 -1723073393
5.493 -17 -1723073393
5.520 -26 -1723073393
5.547 -29 -1723073393
5.573 -27 -1723073393
5.600 -31 -1723073393
5.627 -26 -1723073393
5.653 -24 -1723073393
5.680 -21 -1723073393
5.707 -8 -1723073393
5.733 -3 -1723073393
5.760 -5 -1723073393
5.787 -3 -1723073393
5.813 -10 -1723073393
5.840 -17 -1723073393
5.867 -22 -1723073393
5.893 -33 -1723073393
5.920 -35 -1723073393
5.947 -30 -1723073393
5.973 -28 -1723073393
6.000 -20 -1723073393
6.027 -14 -1723073393
6.053 -13 -1723073393
6.080 -7 -1723073393
6.107 -12 -1723073393
6.133 -11 -1723073393
6.160 -4 -1723073393
6.187 -8 -1723073393
6.213 -11 -1723073393
6.240 -10 -1723073393
6.267 -12 -1723073393
6.293 -9 -1723073393
6.320 -15 -1723073393
6.347 -22 -1723073393
6.373 -18 -1723073393
6.400 -16 -1723073393
6.427 -11 -1723073393
6.453 0 -1723073393
6.480 -1 -1723073393
6.507 -1 -1723073393
6.533 -3 -1723073393
6.560 -10 -1723073393
6.587 -10 -1723073393
6.613 -18 -1723073393
6.640 -27 -1723073393
6.667 -21 -1723073393
6.693 -16 -1723073393
6.720 -19 -1723073393
6.747 -21 -1723073393
6.773 -28 -1723073393
6.800 -29 -1723073393
6.827 -24 -1723073393
6.853 -26 -1723073393
6.880 -23 -1723073393
6.907 -23 -1723073393
6.933 -24 -1723073393
6.960 -22 -1723073393
6.987 -26 -1723073393
7.013 -27 -1723073393
7.040 -25 -1723073393
7.067 -33 -1723073393
7.093 -30 -1723073393
7.120 -23 -1723073393
7.147 -25 -1723073393
7.173 -23 -1723073393
7.200 -26 -1723073393
7.227 -28 -1723073393
7.253 -22 -1723073393
7.280 -23 -1723073393
7.307 -25 -1723073393
7.333 -22 -1723073393
7.360 -24 -1723073393
7.387 -24 -1723073393
7.413 -23 -1723073393
7.440 -27 -1723073393
7.467 -24 -1723073393
7.493 -22 -1723073393
7.520 -21 -1723073393
7.547 -18 -1723073393
7.573 -23 -1723073393
7.600 -23 -1723073393
7.627 -22 -1723073393
7.653 -28 -1723073393
7.680 -23 -1723073393
7.707 -19 -1723073393
7.733 -23 -1723073393
7.760 -18 -1723073393
7.787 -16 -1723073393
7.813 -20 -1723073393
7.840 -14 -1723073393
7.867 -18 -1723073393
7.893 -28 -1723073393
7.920 -30 -1723073393
7.947 -36 -1723073393
7.973 -35 -1723073393
8.000 -26 -1723073393
8.027 -27 -1723073393
8.053 -21 -1723073393
8.080 -15 -1723073393
8.107 -18 -1723073393
8.133 -21 -1723073393
8.160 -33 -1723073393
8.187 -44 -1723073393
8.213 -41 -1723073393
8.240 -43 -1723073393
8.267 -40 -1723073393
8.293 -28 -1723073393
8.320 -30 -1723073393
8.347 -32 -1723073393
8.373 -31 -1723073393
8.400 -34 -1723073393
8.427 -30 -1723073393
8.453 -28 -1723073393
8.480 -26 -1723073393
8.507 -18 -1723073393
8.533 -19 -1723073393
8.560 -20 -1723073393
8.587 -17 -1723073393
8.613 -23 -1723073393
8.640 -20 -1723073393
8.667 -19 -1723073393
8.693 -25 -1723073393
8.720 -17 -1723073393
8.747 -13 -1723073393
8.773 -13 -1723073393
8.800 -6 -1723073393
8.827 -5 -1723073393
8.853 -5 -1723073393
8.880 0 -1723073393
8.907 -4 -1723073393
8.933 -7 -1723073393
8.960 -2 -1723073393
8.987 -1 -1723073393
9.013 7 -1723073393
9.040 11 -1723073393
9.067 1 -1723073393
9.093 -2 -1723073393
9.120 -6 -1723073393
9.147 -15 -1723073393
9.173 -16 -1723073393
9.200 -21 -1723073393
9.227 -22 -1723073393
9.253 -18 -1723073393
9.280 -22 -1723073393
9.307 -22 -1723073393
9.333 -17 -1723073393
9.360 -16 -1723073393
9.387 -8 -1723073393
9.413 -8 -1723073393
9.440 -19 -1723073393
9.467 -25 -1723073393
9.493 -35 -1723073393
9.520 -44 -1723073393
9.547 -44 -1723073393
9.573 -45 -1723073393
9.600 -41 -1723073393
9.627 -36 -1723073393
9.653 -41 -1723073393
9.680 -45 -1723073393
9.707 -46 -1723073393
9.733 -53 -1723073393
9.760 -60 -1723073393
9.787 -64 -1723073393
9.813 -69 -1723073393
9.840 -69 -1723073393
9.867 -68 -1723073393
9.893 -67 -1723073393
9.920 -61 -1723073393
9.947 -63 -1723073393
9.973 -67 -1723073393
10.000 -66 -1723073393
10.027 -68 -1723073393
10.053 -65 -1723073393
10.080 -60 -1723073393
10.107 -61 -1723073393
10.133 -54 -1723073393
10.160 -50 -1723073393
10.187 -52 -1723073393
10.213 -52 -1723073393
10.240 -52 -1723073393
10.267 -47 -1723073393
10.293 -41 -1723073393
10.320 -39 -1723073393
10.347 -37 -1723073393
10.373 -31 -1723073393
10.400 -18 -1723073393
10.427 0 -1723073393
10.453 18 -1723073393
10.480 27 -1723073393
10.507 40 -1723073393
10.533 49 -1723073393
10.560 50 -1723073393
10.587 58 -1723073393
10.613 69 -1723073393
10.640 80 -1723073393
10.667 95 -1723073393
10.693 110 -1723073393
10.720 126 -1723073393
10.747 140 -1723073393
10.773 144 -1723073393
10.800 150 -1723073393
10.827 156 -1723073393
10.853 161 -1723073393
10.880 165 -1723073393
10.907 167 -1723073393
10.933 161 -1723073393
10.960 148 -1723073393
10.987 130 -1723073393
11.013 114 -1723073393
11.040 96 -1723073393
11.067 70 -1723073393
11.093 44 -1723073393
11.120 19 -1723073393
11.147 -4 -1723073393
11.173 -24 -1723073393
11.200 -46 -1723073393
11.227 -76 -1723073393
11.253 -98 -1723073393
11.280 -110 -1723073393
11.307 -118 -1723073393
11.333 -117 -1723073393
11.360 -119 -1723073393
11.387 -127 -1723073393
11.413 -129 -1723073393
11.440 -127 -1723073393
11.467 -120 -1723073393
11.493 -111 -1723073393
11.520 -109 -1723073393
11.547 -102 -1723073393
11.573 -96 -1723073393
11.600 -95 -1723073393
11.627 -93 -1723073393
11.653 -93 -1723073393
11.680 -94 -1723073393
11.707 -94 -1723073393
11.733 -94 -1723073393
11.760 -90 -1723073393
11.787 -84 -1723073393
11.813 -79 -1723073393
11.840 -69 -1723073393
11.867 -59 -1723073393
11.893 -45 -1723073393
11.920 -26 -1723073393
11.947 -12 -1723073393
11.973 2 -1723073393
12.000 19 -1723073393
12.027 32 -1723073393
12.053 43 -1723073393
12.080 56 -1723073393
12.107 70 -1723073393
12.133 88 -1723073393
12.160 107 -1723073393
12.187 124 -1723073393
12.213 143 -1723073393
12.240 167 -1723073393
12.267 191 -1723073393
12.293 213 -1723073393
12.320 231 -1723073393
12.347 244 -1723073393
12.373 254 -1723073393
12.400 265 -1723073393
12.427 278 -1723073393
12.453 284 -1723073393
12.480 283 -1723073393
12.507 289 -1723073393
12.533 290 -1723073393
12.560 291 -1723073393
12.587 291 -1723073393
12.613 278 -1723073393
12.640 263 -1723073393
12.667 244 -1723073393
12.693 215 -1723073393
12.720 190 -1723073393
12.747 170 -1723073393
12.773 143 -1723073393
12.800 118 -1723073393
12.827 93 -1723073393
12.853 67 -1723073393
12.880 43 -1723073393
12.907 18 -1723073393
12.933 -6 -1723073393
12.960 -28 -1723073393
12.987 -50 -1723073393
13.013 -70 -1723073393
13.040 -90 -1723073393
13.067 -108 -1723073393
13.093 -122 -1723073393
13.120 -131 -1723073393
13.147 -145 -1723073393
13.173 -161 -1723073393
13.200 -170 -1723073393
13.227 -178 -1723073393
13.253 -182 -1723073393
13.280 -186 -1723073393
13.307 -194 -1723073393
13.333 -194 -1723073393
13.360 -192 -1723073393
13.387 -187 -1723073393
13.413 -180 -1723073393
13.440 -176 -1723073393
13.467 -174 -1723073393
13.493 -162 -1723073393
13.520 -154 -1723073393
13.547 -148 -1723073393
13.573 -135 -1723073393
13.600 -121 -1723073393
13.627 -103 -1723073393
13.653 -78 -1723073393
13.680 -54 -1723073393
13.707 -29 -1723073393
13.733 -3 -1723073393
13.760 21 -1723073393
13.787 47 -1723073393
13.813 66 -1723073393
13.840 80 -1723073393
13.867 88 -1723073393
13.893 86 -1723073393
13.920 75 -1723073393
13.947 63 -1723073393
13.973 46 -1723073393
14.000 28 -1723073393
14.027 10 -1723073393
14.053 -17 -1723073393
14.080 -51 -1723073393
14.107 -92 -1723073393
14.133 -133 -1723073393
14.160 -170 -1723073393
14.187 -210 -1723073393
14.213 -249 -1723073393
14.240 -280 -1723073393
14.267 -307 -1723073393
14.293 -336 -1723073393
14.320 -359 -1723073393
14.347 -380 -1723073393
14.373 -400 -1723073393
14.400 -411 -1723073393
14.427 -419 -1723073393
14.453 -419 -1723073393
14.480 -408 -1723073393
14.507 -397 -1723073393
14.533 -387 -1723073393
14.560 -376 -1723073393
14.587 -371 -1723073393
14.613 -363 -1723073393
14.640 -356 -1723073393
14.667 -352 -1723073393
14.693 -347 -1723073393
14.720 -347 -1723073393
14.747 -351 -1723073393
14.773 -358 -1723073393
14.800 -369 -1723073393
14.827 -380 -1723073393
14.853 -389 -1723073393
14.880 -404 -1723073393
14.907 -416 -1723073393
14.933 -419 -1723073393
14.960 -426 -1723073393
14.987 -427 -1723073393
15.013 -424 -1723073393
15.040 -426 -1723073393
15.067 -424 -1723073393
15.093 -422 -1723073393
15.120 -423 -1723073393
15.147 -419 -1723073393
15.173 -412 -1723073393
15.200 -403 -1723073393
15.227 -389 -1723073393
15.253 -380 -1723073393
15.280 -372 -1723073393
15.307 -358 -1723073393
15.333 -351 -1723073393
15.360 -350 -1723073393
15.387 -346 -1723073393
15.413 -349 -1723073393
15.440 -359 -1723073393
15.467 -372 -1723073393
15.493 -390 -1723073393
15.520 -406 -1723073393
15.547 -425 -1723073393
15.573 -445 -1723073393
15.600 -462 -1723073393
15.627 -481 -1723073393
15.653 -501 -1723073393
15.680 -517 -1723073393
15.707 -537 -1723073393
15.733 -558 -1723073393
15.760 -568 -1723073393
15.787 -583 -1723073393
15.813 -595 -1723073393
15.840 -598 -1723073393
15.867 -612 -1723073393
15.893 -628 -1723073393
15.920 -638 -1723073393
15.947 -656 -1723073393
15.973 -671 -1723073393
16.000 -687 -1723073393
16.027 -709 -1723073393
16.053 -721 -1723073393
16.080 -738 -1723073393
16.107 -771 -1723073393
16.133 -805 -1723073393
16.160 -846 -1723073393
16.187 -889 -1723073393
16.213 -921 -1723073393
16.240 -958 -1723073393
16.267 -991 -1723073393
16.293 -1014 -1723073393
16.320 -1045 -1723073393
16.347 -1064 -1723073393
16.373 -1069 -1723073393
16.400 -1079 -1723073393
16.427 -1068 -1723073393
16.453 -1042 -1723073393
16.480 -1006 -1723073393
16.507 -932 -1723073393
16.533 -828 -1723073393
16.560 -697 -1723073393
16.587 -511 -1723073393
16.613 -289 -1723073393
16.640 -18 -1723073393
16.667 322 -1723073393
16.693 722 -1723073393
16.720 1191 -1723073393
16.747 1716 -1723073393
16.773 2299 -1723073393
16.800 2922 -1723073393
16.827 3587 -1723073393
16.853 4284 -1723073393
16.880 4942 -1723073393
16.907 5580 -1723073393
16.933 6193 -1723073393
16.960 6683 -1723073393
16.987 7088 -1723073393
17.013 7384 -1723073393
17.040 7464 -1723073393
17.067 7425 -1723073393
17.093 7246 -1723073393
17.120 6824 -1723073393
17.147 6309 -1723073393
17.173 5670 -1723073393
17.200 4852 -1723073393
17.227 4002 -1723073393
17.253 3087 -1723073393
17.280 2119 -1723073393
17.307 1200 -1723073393
17.333 304 -1723073393
17.360 -588 -1723073393
17.387 -1407 -1723073393
17.413 -2119 -1723073393
17.440 -2773 -1723073393
17.467 -3337 -1723073393
17.493 -3781 -1723073393
17.520 -4167 -1723073393
17.547 -4465 -1723073393
17.573 -4637 -1723073393
17.600 -4775 -1723073393
17.627 -4849 -1723073393
17.653 -4827 -1723073393
17.680 -4810 -1723073393
17.707 -4744 -1723073393
17.733 -4618 -1723073393
17.760 -4530 -1723073393
17.787 -4394 -1723073393
17.813 -4224 -1723073393
17.840 -4092 -1723073393
17.867 -3903 -1723073393
17.893 -3693 -1723073393
17.920 -3513 -1723073393
17.947 -3284 -1723073393
17.973 -3047 -1723073393
18.000 -2828 -1723073393
18.027 -2560 -1723073393
18.053 -2292 -1723073393
18.080 -2027 -1723073393
18.107 -1711 -1723073393
18.133 -1397 -1723073393
18.160 -1054 -1723073393
18.187 -651 -1723073393
18.213 -243 -1723073393
18.240 209 -1723073393
18.267 732 -1723073393
18.293 1305 -1723073393
18.320 1963 -1723073393
18.347 2703 -1723073393
18.373 3538 -1723073393
18.400 4468 -1723073393
18.427 5525 -1723073393
18.453 6691 -1723073393
18.480 7881 -1723073393
18.507 9164 -1723073393
18.533 10476 -1723073393
18.560 11743 -1723073393
18.587 13054 -1723073393
18.613 14236 -1723073393
18.640 15223 -1723073393
18.667 16170 -1723073393
18.693 16861 -1723073393
18.720 17241 -1723073393
18.747 17509 -1723073393
18.773 17423 -1723073393
18.800 17005 -1723073393
18.827 16501 -1723073393
18.853 15613 -1723073393
18.880 14502 -1723073393
18.907 13383 -1723073393
18.933 11972 -1723073393
18.960 10448 -1723073393
18.987 8960 -1723073393
19.013 7367 -1723073393
19.040 5801 -1723073393
19.067 4351 -1723073393
19.093 2862 -1723073393
19.120 1458 -1723073393
19.147 234 -1723073393
19.173 -936 -1723073393
19.200 -1998 -1723073393
19.227 -2918 -1723073393
19.253 -3757 -1723073393
19.280 -4487 -1723073393
19.307 -5067 -1723073393
19.333 -5542 -1723073393
19.360 -5963 -1723073393
19.387 -6249 -1723073393
19.413 -6451 -1723073393
19.440 -6643 -1723073393
19.467 -6722 -1723073393
19.493 -6768 -1723073393
19.520 -6824 -1723073393
19.547 -6790 -1723073393
19.573 -6768 -1723073393
19.600 -6773 -1723073393
19.627 -6698 -1723073393
19.653 -6659 -1723073393
19.680 -6635 -1723073393
19.707 -6537 -1723073393
19.733 -6482 -1723073393
19.760 -6416 -1723073393
19.787 -6291 -1723073393
19.813 -6219 -1723073393
19.840 -6108 -1723073393
19.867 -5942 -1723073393
19.893 -5833 -1723073393
19.920 -5675 -1723073393
19.947 -5488 -1723073393
19.973 -5371 -1723073393
20.000 -5231 -1723073393
20.027 -5105 -1723073393
20.053 -5060 -1723073393
20.080 -5011 -1723073393
20.107 -5019 -1723073393
20.133 -5123 -1723073393
20.160 -5246 -1723073393
20.187 -5457 -1723073393
20.213 -5737 -1723073393
20.240 -6025 -1723073393
20.267 -6385 -1723073393
20.293 -6777 -1723073393
20.320 -7151 -1723073393
20.347 -7565 -1723073393
20.373 -7935 -1723073393
20.400 -8220 -1723073393
20.427 -8512 -1723073393
20.453 -8686 -1723073393
20.480 -8734 -1723073393
20.507 -8766 -1723073393
20.533 -8640 -1723073393
20.560 -8392 -1723073393
20.587 -8121 -1723073393
20.613 -7697 -1723073393
20.640 -7182 -1723073393
20.667 -6673 -1723073393
20.693 -6030 -1723073393
20.720 -5345 -1723073393
20.747 -4714 -1723073393
20.773 -4015 -1723073393
20.800 -3346 -1723073393
20.827 -2738 -1723073393
20.853 -2120 -1723073393
20.880 -1584 -1723073393
20.907 -1127 -1723073393
20.933 -699 -1723073393
20.960 -346 -1723073393
20.987 -60 -1723073393
21.013 168 -1723073393
21.040 335 -1723073393
21.067 453 -1723073393
21.093 534 -1723073393
21.120 583 -1723073393
21.147 606 -1723073393
21.173 612 -1723073393
21.200 611 -1723073393
21.227 599 -1723073393
21.253 589 -1723073393
21.280 595 -1723073393
21.307 608 -1723073393
21.333 631 -1723073393
21.360 671 -1723073393
21.387 715 -1723073393
21.413 754 -1723073393
21.440 798 -1723073393
21.467 842 -1723073393
21.493 880 -1723073393
21.520 916 -1723073393
21.547 945 -1723073393
21.573 974 -1723073393
21.600 1001 -1723073393
21.627 1030 -1723073393
21.653 1065 -1723073393
21.680 1102 -1723073393
21.707 1145 -1723073393
21.733 1199 -1723073393
21.760 1262 -1723073393
21.787 1339 -1723073393
21.813 1434 -1723073393
21.840 1548 -1723073393
21.867 1678 -1723073393
21.893 1823 -1723073393
21.920 1971 -1723073393
21.947 2114 -1723073393
21.973 2257 -1723073393
22.000 2380 -1723073393
22.027 2491 -1723073393
22.053 2589 -1723073393
22.080 2659 -1723073393
22.107 2712 -1723073393
22.133 2742 -1723073393
22.160 2733 -1723073393
22.187 2703 -1723073393
22.213 2650 -1723073393
22.240 2563 -1723073393
22.267 2462 -1723073393
22.293 2344 -1723073393
22.320 2204 -1723073393
22.347 2075 -1723073393
22.373 1951 -1723073393
22.400 1834 -1723073393
22.427 1734 -1723073393
22.453 1643 -1723073393
22.480 1562 -1723073393
22.507 1498 -1723073393
22.533 1439 -1723073393
22.560 1377 -1723073393
22.587 1319 -1723073393
22.613 1260 -1723073393
22.640 1192 -1723073393
22.667 1126 -1723073393
22.693 1049 -1723073393
22.720 968 -1723073393
22.747 896 -1723073393
22.773 820 -1723073393
22.800 746 -1723073393
22.827 684 -1723073393
22.853 633 -1723073393
22.880 590 -1723073393
22.907 561 -1723073393
22.933 545 -1723073393
22.960 547 -1723073393
22.987 571 -1723073393
23.013 607 -1723073393
23.040 658 -1723073393
23.067 724 -1723073393
23.093 796 -1723073393
23.120 877 -1723073393
23.147 960 -1723073393
23.173 1032 -1723073393
23.200 1098 -1723073393
23.227 1155 -1723073393
23.253 1195 -1723073393
23.280 1225 -1723073393
23.307 1240 -1723073393
23.333 1235 -1723073393
23.360 1219 -1723073393
23.387 1188 -1723073393
23.413 1140 -1723073393
23.440 1088 -1723073393
23.467 1024 -1723073393
23.493 949 -1723073393
23.520 873 -1723073393
23.547 791 -1723073393
23.573 705 -1723073393
23.600 626 -1723073393
23.627 547 -1723073393
23.653 469 -1723073393
23.680 406 -1723073393
23.707 344 -1723073393
23.733 280 -1723073393
23.760 222 -1723073393
23.787 166 -1723073393
23.813 115 -1723073393
23.840 75 -1723073393
23.867 38 -1723073393
23.893 1 -1723073393
23.920 -32 -1723073393
23.947 -66 -1723073393
23.973 -101 -1723073393
24.000 -130 -1723073393
24.027 -149 -1723073393
24.053 -163 -1723073393
24.080 -169 -1723073393
24.107 -164 -1723073393
24.133 -147 -1723073393
24.160 -121 -1723073393
24.187 -90 -1723073393
24.213 -49 -1723073393
24.240 0 -1723073393
24.267 57 -1723073393
24.293 129 -1723073393
24.320 213 -1723073393
24.347 297 -1723073393
24.373 379 -1723073393
24.400 452 -1723073393
24.427 518 -1723073393
24.453 586 -1723073393
24.480 649 -1723073393
24.507 708 -1723073393
24.533 764 -1723073393
24.560 814 -1723073393
24.587 854 -1723073393
24.613 891 -1723073393
24.640 926 -1723073393
24.667 957 -1723073393
24.693 984 -1723073393
24.720 994 -1723073393
24.747 985 -1723073393
24.773 966 -1723073393
24.800 940 -1723073393
24.827 912 -1723073393
24.853 885 -1723073393
24.880 845 -1723073393
24.907 788 -1723073393
24.933 721 -1723073393
24.960 646 -1723073393
24.987 573 -1723073393
25.013 506 -1723073393
25.040 434 -1723073393
25.067 367 -1723073393
25.093 312 -1723073393
25.120 262 -1723073393
25.147 219 -1723073393
25.173 181 -1723073393
25.200 144 -1723073393
25.227 116 -1723073393
25.253 97 -1723073393
25.280 84 -1723073393
25.307 82 -1723073393
25.333 89 -1723073393
25.360 103 -1723073393
25.387 124 -1723073393
25.413 144 -1723073393
25.440 162 -1723073393
25.467 181 -1723073393
25.493 197 -1723073393
25.520 210 -1723073393
25.547 224 -1723073393
25.573 233 -1723073393
25.600 235 -1723073393
25.627 235 -1723073393
25.653 225 -1723073393
25.680 205 -1723073393
25.707 182 -1723073393
25.733 152 -1723073393
25.760 118 -1723073393
25.787 85 -1723073393
25.813 45 -1723073393
25.840 0 -1723073393
25.867 -43 -1723073393
25.893 -82 -1723073393
25.920 -117 -1723073393
25.947 -141 -1723073393
25.973 -152 -1723073393
26.000 -155 -1723073393
26.027 -149 -1723073393
26.053 -135 -1723073393
26.080 -112 -1723073393
26.107 -81 -1723073393
26.133 -50 -1723073393
26.160 -17 -1723073393
26.187 13 -1723073393
26.213 32 -1723073393
26.240 50 -1723073393
26.267 65 -1723073393
26.293 77 -1723073393
26.320 90 -1723073393
26.347 98 -1723073393
26.373 94 -1723073393
26.400 86 -1723073393
26.427 80 -1723073393
26.453 72 -1723073393
26.480 70 -1723073393
26.507 73 -1723073393
26.533 72 -1723073393
26.560 69 -1723073393
26.587 63 -1723073393
26.613 53 -1723073393
26.640 48 -1723073393
26.667 50 -1723073393
26.693 52 -1723073393
26.720 63 -1723073393
26.747 80 -1723073393
26.773 89 -1723073393
26.800 94 -1723073393
26.827 92 -1723073393
26.853 80 -1723073393
26.880 64 -1723073393
26.907 41 -1723073393
26.933 10 -1723073393
26.960 -24 -1723073393
26.987 -66 -1723073393
27.013 -107 -1723073393
27.040 -146 -1723073393
27.067 -191 -1723073393
27.093 -240 -1723073393
27.120 -275 -1723073393
27.147 -293 -1723073393
27.173 -298 -1723073393
27.200 -290 -1723073393
27.227 -274 -1723073393
27.253 -254 -1723073393
27.280 -223 -1723073393
27.307 -186 -1723073393
27.333 -152 -1723073393
27.360 -116 -1723073393
27.387 -87 -1723073393
27.413 -67 -1723073393
27.440 -43 -1723073393
27.467 -24 -1723073393
27.493 -11 -1723073393
27.520 -4 -1723073393
27.547 -9 -1723073393
27.573 -22 -1723073393
27.600 -37 -1723073393
27.627 -55 -1723073393
27.653 -76 -1723073393
27.680 -99 -1723073393
27.707 -130 -1723073393
27.733 -164 -1723073393
27.760 -197 -1723073393
27.787 -235 -1723073393
27.813 -264 -1723073393
27.840 -281 -1723073393
27.867 -294 -1723073393
27.893 -299 -1723073393
27.920 -295 -1723073393
27.947 -291 -1723073393
27.973 -274 -1723073393
28.000 -238 -1723073393
28.027 -200 -1723073393
28.053 -153 -1723073393
28.080 -95 -1723073393
28.107 -41 -1723073393
28.133 17 -1723073393
28.160 75 -1723073393
28.187 120 -1723073393
28.213 165 -1723073393
28.240 208 -1723073393
28.267 245 -1723073393
28.293 279 -1723073393
28.320 307 -1723073393
28.347 323 -1723073393
28.373 334 -1723073393
28.400 343 -1723073393
28.427 344 -1723073393
28.453 348 -1723073393
28.480 353 -1723073393
28.507 354 -1723073393
28.533 353 -1723073393
28.560 355 -1723073393
28.587 348 -1723073393
28.613 341 -1723073393
28.640 337 -1723073393
28.667 326 -1723073393
28.693 307 -1723073393
28.720 285 -1723073393
28.747 257 -1723073393
28.773 222 -1723073393
28.800 187 -1723073393
28.827 155 -1723073393
28.853 123 -1723073393
28.880 91 -1723073393
28.907 59 -1723073393
28.933 32 -1723073393
28.960 13 -1723073393
28.987 -4 -1723073393
29.013 -17 -1723073393
29.040 -29 -1723073393
29.067 -47 -1723073393
29.093 -61 -1723073393
29.120 -69 -1723073393
29.147 -71 -1723073393
29.173 -61 -1723073393
29.200 -52 -1723073393
29.227 -48 -1723073393
29.253 -38 -1723073393
29.280 -21 -1723073393
29.307 0 -1723073393
29.333 22 -1723073393
29.360 39 -1723073393
29.387 52 -1723073393
29.413 65 -1723073393
29.440 75 -1723073393
29.467 76 -1723073393
29.493 72 -1723073393
29.520 60 -1723073393
29.547 44 -1723073393
29.573 29 -1723073393
29.600 12 -1723073393
29.627 -6 -1723073393
29.653 -24 -1723073393
29.680 -43 -1723073393
29.707 -62 -1723073393
29.733 -76 -1723073393
29.760 -87 -1723073393
29.787 -93 -1723073393
29.813 -92 -1723073393
29.840 -88 -1723073393
29.867 -83 -1723073393
29.893 -65 -1723073393
29.920 -40 -1723073393
29.947 -14 -1723073393
29.973 16 -1723073393
30.000 47 -1723073393
30.027 78 -1723073393
30.053 118 -1723073393
30.080 156 -1723073393
30.107 187 -1723073393
30.133 220 -1723073393
30.160 254 -1723073393
30.187 282 -1723073393
30.213 307 -1723073393
30.240 326 -1723073393
30.267 336 -1723073393
30.293 345 -1723073393
30.320 353 -1723073393
30.347 357 -1723073393
30.373 361 -1723073393
30.400 358 -1723073393
30.427 343 -1723073393
30.453 320 -1723073393
30.480 292 -1723073393
30.507 254 -1723073393
30.533 213 -1723073393
30.560 166 -1723073393
30.587 108 -1723073393
30.613 51 -1723073393
30.640 -3 -1723073393
30.667 -63 -1723073393
30.693 -113 -1723073393
30.720 -155 -1723073393
30.747 -195 -1723073393
30.773 -226 -1723073393
30.800 -245 -1723073393
30.827 -251 -1723073393
30.853 -237 -1723073393
30.880 -212 -1723073393
30.907 -175 -1723073393
30.933 -120 -1723073393
30.960 -63 -1723073393
30.987 -7 -1723073393
31.013 58 -1723073393
31.040 125 -1723073393
31.067 187 -1723073393
31.093 250 -1723073393
31.120 300 -1723073393
31.147 328 -1723073393
31.173 346 -1723073393
31.200 349 -1723073393
31.227 326 -1723073393
31.253 287 -1723073393
31.280 238 -1723073393
31.307 171 -1723073393
31.333 96 -1723073393
31.360 22 -1723073393
31.387 -52 -1723073393
31.413 -123 -1723073393
31.440 -194 -1723073393
31.467 -262 -1723073393
31.493 -317 -1723073393
31.520 -352 -1723073393
31.547 -373 -1723073393
31.573 -370 -1723073393
31.600 -351 -1723073393
31.627 -319 -1723073393
31.653 -264 -1723073393
31.680 -199 -1723073393
31.707 -131 -1723073393
31.733 -62 -1723073393
31.760 1 -1723073393
31.787 59 -1723073393
31.813 115 -1723073393
31.840 164 -1723073393
31.867 199 -1723073393
31.893 226 -1723073393
31.920 243 -1723073393
31.947 253 -1723073393
31.973 257 -1723073393
32.000 253 -1723073393
32.027 243 -1723073393
32.053 233 -1723073393
32.080 231 -1723073393
32.107 234 -1723073393
32.133 243 -1723073393
32.160 253 -1723073393
32.187 263 -1723073393
32.213 271 -1723073393
32.240 277 -1723073393
32.267 280 -1723073393
32.293 273 -1723073393
32.320 257 -1723073393
32.347 233 -1723073393
32.373 196 -1723073393
32.400 153 -1723073393
32.427 104 -1723073393
32.453 45 -1723073393
32.480 -11 -1723073393
32.507 -58 -1723073393
32.533 -98 -1723073393
32.560 -129 -1723073393
32.587 -150 -1723073393
32.613 -161 -1723073393
32.640 -156 -1723073393
32.667 -140 -1723073393
32.693 -116 -1723073393
32.720 -71 -1723073393
32.747 -19 -1723073393
32.773 32 -1723073393
32.800 87 -1723073393
32.827 142 -1723073393
32.853 190 -1723073393
32.880 232 -1723073393
32.907 265 -1723073393
32.933 278 -1723073393
32.960 276 -1723073393
32.987 260 -1723073393
33.013 222 -1723073393
33.040 168 -1723073393
33.067 106 -1723073393
33.093 34 -1723073393
33.120 -44 -1723073393
33.147 -117 -1723073393
33.173 -194 -1723073393
33.200 -268 -1723073393
33.227 -326 -1723073393
33.253 -370 -1723073393
33.280 -394 -1723073393
33.307 -396 -1723073393
33.333 -383 -1723073393
33.360 -346 -1723073393
33.387 -286 -1723073393
33.413 -221 -1723073393
33.440 -145 -1723073393
33.467 -62 -1723073393
33.493 15 -1723073393
33.520 91 -1723073393
33.547 165 -1723073393
33.573 225 -1723073393
33.600 282 -1723073393
33.627 342 -1723073393
33.653 391 -1723073393
33.680 427 -1723073393
33.707 465 -1723073393
33.733 495 -1723073393
33.760 514 -1723073393
33.787 543 -1723073393
33.813 569 -1723073393
33.840 580 -1723073393
33.867 589 -1723073393
33.893 595 -1723073393
33.920 582 -1723073393
33.947 562 -1723073393
33.973 540 -1723073393
34.000 506 -1723073393
34.027 466 -1723073393
34.053 420 -1723073393
34.080 360 -1723073393
34.107 292 -1723073393
34.133 224 -1723073393
34.160 147 -1723073393
34.187 70 -1723073393
34.213 3 -1723073393
34.240 -61 -1723073393
34.267 -111 -1723073393
34.293 -138 -1723073393
34.320 -156 -1723073393
34.347 -159 -1723073393
34.373 -143 -1723073393
34.400 -121 -1723073393
34.427 -81 -1723073393
34.453 -23 -1723073393
34.480 37 -1723073393
34.507 103 -1723073393
34.533 174 -1723073393
34.560 246 -1723073393
34.587 314 -1723073393
34.613 377 -1723073393
34.640 423 -1723073393
34.667 448 -1723073393
34.693 465 -1723073393
34.720 466 -1723073393
34.747 439 -1723073393
34.773 398 -1723073393
34.800 341 -1723073393
34.827 265 -1723073393
34.853 188 -1723073393
34.880 108 -1723073393
34.907 15 -1723073393
34.933 -69 -1723073393
34.960 -141 -1723073393
34.987 -208 -1723073393
35.013 -252 -1723073393
35.040 -276 -1723073393
35.067 -289 -1723073393
35.093 -277 -1723073393
35.120 -245 -1723073393
35.147 -208 -1723073393
35.173 -158 -1723073393
35.200 -96 -1723073393
35.227 -26 -1723073393
35.253 53 -1723073393
35.280 134 -1723073393
35.307 208 -1723073393
35.333 274 -1723073393
35.360 333 -1723073393
35.387 382 -1723073393
35.413 423 -1723073393
35.440 462 -1723073393
35.467 480 -1723073393
35.493 480 -1723073393
35.520 476 -1723073393
35.547 464 -1723073393
35.573 440 -1723073393
35.600 418 -1723073393
35.627 390 -1723073393
35.653 351 -1723073393
35.680 319 -1723073393
35.707 286 -1723073393
35.733 245 -1723073393
35.760 212 -1723073393
35.787 184 -1723073393
35.813 154 -1723073393
35.840 133 -1723073393
35.867 119 -1723073393
35.893 100 -1723073393
35.920 88 -1723073393
35.947 85 -1723073393
35.973 80 -1723073393
36.000 76 -1723073393
36.027 73 -1723073393
36.053 62 -1723073393
36.080 53 -1723073393
36.107 52 -1723073393
36.133 51 -1723073393
36.160 53 -1723073393
36.187 66 -1723073393
36.213 78 -1723073393
36.240 100 -1723073393
36.267 135 -1723073393
36.293 168 -1723073393
36.320 208 -1723073393
36.347 260 -1723073393
36.373 307 -1723073393
36.400 347 -1723073393
36.427 388 -1723073393
36.453 415 -1723073393
36.480 426 -1723073393
36.507 431 -1723073393
36.533 425 -1723073393
36.560 400 -1723073393
36.587 367 -1723073393
36.613 326 -1723073393
36.640 271 -1723073393
36.667 216 -1723073393
36.693 158 -1723073393
36.720 86 -1723073393
36.747 17 -1723073393
36.773 -40 -1723073393
36.800 -95 -1723073393
36.827 -138 -1723073393
36.853 -163 -1723073393
36.880 -173 -1723073393
36.907 -163 -1723073393
36.933 -134 -1723073393
36.960 -94 -1723073393
36.987 -37 -1723073393
37.013 21 -1723073393
37.040 73 -1723073393
37.067 124 -1723073393
37.093 179 -1723073393
37.120 226 -1723073393
37.147 267 -1723073393
37.173 305 -1723073393
37.200 331 -1723073393
37.227 352 -1723073393
37.253 374 -1723073393
37.280 383 -1723073393
37.307 381 -1723073393
37.333 383 -1723073393
37.360 384 -1723073393
37.387 379 -1723073393
37.413 377 -1723073393
37.440 372 -1723073393
37.467 358 -1723073393
37.493 355 -1723073393
37.520 356 -1723073393
37.547 349 -1723073393
37.573 347 -1723073393
37.600 349 -1723073393
37.627 342 -1723073393
37.653 337 -1723073393
37.680 334 -1723073393
37.707 314 -1723073393
37.733 292 -1723073393
37.760 275 -1723073393
37.787 250 -1723073393
37.813 224 -1723073393
37.840 209 -1723073393
37.867 192 -1723073393
37.893 173 -1723073393
37.920 170 -1723073393
37.947 170 -1723073393
37.973 167 -1723073393
38.000 174 -1723073393
38.027 186 -1723073393
38.053 198 -1723073393
38.080 217 -1723073393
38.107 235 -1723073393
38.133 247 -1723073393
38.160 260 -1723073393
38.187 269 -1723073393
38.213 264 -1723073393
38.240 253 -1723073393
38.267 236 -1723073393
38.293 203 -1723073393
38.320 160 -1723073393
38.347 116 -1723073393
38.373 65 -1723073393
38.400 9 -1723073393
38.427 -46 -1723073393
38.453 -102 -1723073393
38.480 -152 -1723073393
38.507 -189 -1723073393
38.533 -215 -1723073393
38.560 -231 -1723073393
38.587 -232 -1723073393
38.613 -223 -1723073393
38.640 -201 -1723073393
38.667 -162 -1723073393
38.693 -116 -1723073393
38.720 -66 -1723073393
38.747 -12 -1723073393
38.773 39 -1723073393
38.800 89 -1723073393
38.827 143 -1723073393
38.853 190 -1723073393
38.880 220 -1723073393
38.907 244 -1723073393
38.933 261 -1723073393
38.960 267 -1723073393
38.987 273 -1723073393
39.013 276 -1723073393
39.040 267 -1723073393
39.067 256 -1723073393
39.093 250 -1723073393
39.120 237 -1723073393
39.147 224 -1723073393
39.173 222 -1723073393
39.200 222 -1723073393
39.227 218 -1723073393
39.253 220 -1723073393
39.280 223 -1723073393
39.307 226 -1723073393
39.333 238 -1723073393
39.360 250 -1723073393
39.387 254 -1723073393
39.413 260 -1723073393
39.440 260 -1723073393
39.467 248 -1723073393
39.493 240 -1723073393
39.520 236 -1723073393
39.547 226 -1723073393
39.573 214 -1723073393
39.600 203 -1723073393
39.627 185 -1723073393
39.653 170 -1723073393
39.680 164 -1723073393
39.707 155 -1723073393
39.733 144 -1723073393
39.760 143 -1723073393
39.787 138 -1723073393
39.813 127 -1723073393
39.840 123 -1723073393
39.867 120 -1723073393
39.893 116 -1723073393
39.920 117 -1723073393
39.947 117 -1723073393
39.973 110 -1723073393
40.000 106 -1723073393
40.027 104 -1723073393
40.053 97 -1723073393
40.080 94 -1723073393
40.107 94 -1723073393
40.133 91 -1723073393
40.160 82 -1723073393
40.187 71 -1723073393
40.213 56 -1723073393
40.240 43 -1723073393
40.267 40 -1723073393
40.293 42 -1723073393
40.320 43 -1723073393
40.347 48 -1723073393
40.373 54 -1723073393
40.400 62 -1723073393
40.427 79 -1723073393
40.453 106 -1723073393
40.480 133 -1723073393
40.507 160 -1723073393
40.533 179 -1723073393
40.560 190 -1723073393
40.587 204 -1723073393
40.613 221 -1723073393
40.640 229 -1723073393
40.667 233 -1723073393
40.693 235 -1723073393
40.720 230 -1723073393
40.747 223 -1723073393
40.773 218 -1723073393
40.800 208 -1723073393
40.827 195 -1723073393
40.853 187 -1723073393
40.880 178 -1723073393
40.907 167 -1723073393
40.933 162 -1723073393
40.960 160 -1723073393
40.987 153 -1723073393
41.013 151 -1723073393
41.040 155 -1723073393
41.067 156 -1723073393
41.093 158 -1723073393
41.120 161 -1723073393
41.147 158 -1723073393
41.173 151 -1723073393
41.200 148 -1723073393
41.227 146 -1723073393
41.253 145 -1723073393
41.280 143 -1723073393
41.307 136 -1723073393
41.333 128 -1723073393
41.360 129 -1723073393
41.387 130 -1723073393
41.413 125 -1723073393
41.440 122 -1723073393
41.467 124 -1723073393
41.493 123 -1723073393
41.520 124 -1723073393
41.547 128 -1723073393
41.573 130 -1723073393
41.600 131 -1723073393
41.627 135 -1723073393
41.653 135 -1723073393
41.680 131 -1723073393
41.707 126 -1723073393
41.733 120 -1723073393
41.760 112 -1723073393
41.787 105 -1723073393
41.813 90 -1723073393
41.840 61 -1723073393
41.867 32 -1723073393
41.893 0 -1723073393
41.920 -38 -1723073393
41.947 -73 -1723073393
41.973 -105 -1723073393
42.000 -134 -1723073393
42.027 -154 -1723073393
42.053 -165 -1723073393
42.080 -172 -1723073393
42.107 -171 -1723073393
42.133 -163 -1723073393
42.160 -149 -1723073393
42.187 -124 -1723073393
42.213 -89 -1723073393
42.240 -52 -1723073393
42.267 -15 -1723073393
42.293 19 -1723073393
42.320 47 -1723073393
42.347 66 -1723073393
42.373 82 -1723073393
42.400 89 -1723073393
42.427 81 -1723073393
42.453 61 -1723073393
42.480 41 -1723073393
42.507 15 -1723073393
42.533 -11 -1723073393
42.560 -37 -1723073393
42.587 -58 -1723073393
42.613 -73 -1723073393
42.640 -82 -1723073393
42.667 -87 -1723073393
42.693 -86 -1723073393
42.720 -76 -1723073393
42.747 -58 -1723073393
42.773 -34 -1723073393
42.800 -4 -1723073393
42.827 27 -1723073393
42.853 62 -1723073393
42.880 101 -1723073393
42.907 136 -1723073393
42.933 165 -1723073393
42.960 188 -1723073393
42.987 207 -1723073393
43.013 222 -1723073393
43.040 234 -1723073393
43.067 239 -1723073393
43.093 235 -1723073393
43.120 225 -1723073393
43.147 210 -1723073393
43.173 187 -1723073393
43.200 161 -1723073393
43.227 138 -1723073393
43.253 122 -1723073393
43.280 105 -1723073393
43.307 85 -1723073393
43.333 67 -1723073393
43.360 48 -1723073393
43.387 24 -1723073393
43.413 6 -1723073393
43.440 -11 -1723073393
43.467 -32 -1723073393
43.493 -50 -1723073393
43.520 -68 -1723073393
43.547 -90 -1723073393
43.573 -117 -1723073393
43.600 -141 -1723073393
43.627 -169 -1723073393
43.653 -189 -1723073393
43.680 -198 -1723073393
43.707 -203 -1723073393
43.733 -200 -1723073393
43.760 -189 -1723073393
43.787 -179 -1723073393
43.813 -161 -1723073393
43.840 -131 -1723073393
43.867 -104 -1723073393
43.893 -78 -1723073393
43.920 -46 -1723073393
43.947 -17 -1723073393
43.973 6 -1723073393
44.000 29 -1723073393
44.027 45 -1723073393
44.053 49 -1723073393
44.080 48 -1723073393
44.107 43 -1723073393
44.133 26 -1723073393
44.160 5 -1723073393
44.187 -13 -1723073393
44.213 -38 -1723073393
44.240 -65 -1723073393
44.267 -86 -1723073393
44.293 -96 -1723073393
44.320 -100 -1723073393
44.347 -96 -1723073393
44.373 -84 -1723073393
44.400 -71 -1723073393
44.427 -51 -1723073393
44.453 -24 -1723073393
44.480 0 -1723073393
44.507 29 -1723073393
44.533 62 -1723073393
44.560 86 -1723073393
44.587 108 -1723073393
44.613 138 -1723073393
44.640 163 -1723073393
44.667 183 -1723073393
44.693 206 -1723073393
44.720 226 -1723073393
44.747 235 -1723073393
44.773 241 -1723073393
44.800 243 -1723073393
44.827 233 -1723073393
44.853 220 -1723073393
44.880 209 -1723073393
44.907 198 -1723073393
44.933 181 -1723073393
44.960 167 -1723073393
44.987 149 -1723073393
45.013 129 -1723073393
45.040 117 -1723073393
45.067 102 -1723073393
45.093 76 -1723073393
45.120 50 -1723073393
45.147 25 -1723073393
45.173 0 -1723073393
45.200 -20 -1723073393
45.227 -33 -1723073393
45.253 -51 -1723073393
45.280 -67 -1723073393
45.307 -76 -1723073393
45.333 -90 -1723073393
45.360 -103 -1723073393
45.387 -109 -1723073393
45.413 -112 -1723073393
45.440 -107 -1723073393
45.467 -95 -1723073393
45.493 -84 -1723073393
45.520 -69 -1723073393
45.547 -41 -1723073393
45.573 -9 -1723073393
45.600 18 -1723073393
45.627 51 -1723073393
45.653 82 -1723073393
45.680 98 -1723073393
45.707 116 -1723073393
45.733 140 -1723073393
45.760 157 -1723073393
45.787 166 -1723073393
45.813 170 -1723073393
45.840 165 -1723073393
45.867 153 -1723073393
45.893 138 -1723073393
45.920 118 -1723073393
45.947 89 -1723073393
45.973 57 -1723073393
46.000 24 -1723073393
46.027 -14 -1723073393
46.053 -47 -1723073393
46.080 -73 -1723073393
46.107 -101 -1723073393
46.133 -123 -1723073393
46.160 -129 -1723073393
46.187 -133 -1723073393
46.213 -134 -1723073393
46.240 -119 -1723073393
46.267 -98 -1723073393
46.293 -78 -1723073393
46.320 -42 -1723073393
46.347 -1 -1723073393
46.373 29 -1723073393
46.400 64 -1723073393
46.427 104 -1723073393
46.453 136 -1723073393
46.480 169 -1723073393
46.507 208 -1723073393
46.533 243 -1723073393
46.560 271 -1723073393
46.587 299 -1723073393
46.613 320 -1723073393
46.640 332 -1723073393
46.667 343 -1723073393
46.693 348 -1723073393
46.720 344 -1723073393
46.747 335 -1723073393
46.773 324 -1723073393
46.800 304 -1723073393
46.827 278 -1723073393
46.853 250 -1723073393
46.880 215 -1723073393
46.907 174 -1723073393
46.933 133 -1723073393
46.960 94 -1723073393
46.987 63 -1723073393
47.013 43 -1723073393
47.040 28 -1723073393
47.067 21 -1723073393
47.093 29 -1723073393
47.120 41 -1723073393
47.147 46 -1723073393
47.173 61 -1723073393
47.200 84 -1723073393
47.227 101 -1723073393
47.253 121 -1723073393
47.280 150 -1723073393
47.307 176 -1723073393
47.333 197 -1723073393
47.360 222 -1723073393
47.387 241 -1723073393
47.413 248 -1723073393
47.440 258 -1723073393
47.467 267 -1723073393
47.493 267 -1723073393
47.520 264 -1723073393
47.547 260 -1723073393
47.573 245 -1723073393
47.600 229 -1723073393
47.627 219 -1723073393
47.653 202 -1723073393
47.680 183 -1723073393
47.707 167 -1723073393
47.733 153 -1723073393
47.760 139 -1723073393
47.787 133 -1723073393
47.813 130 -1723073393
47.840 121 -1723073393
47.867 123 -1723073393
47.893 135 -1723073393
47.920 147 -1723073393
47.947 164 -1723073393
47.973 187 -1723073393
48.000 212 -1723073393
48.027 237 -1723073393
48.053 270 -1723073393
48.080 304 -1723073393
48.107 334 -1723073393
48.133 364 -1723073393
48.160 393 -1723073393
48.187 421 -1723073393
48.213 449 -1723073393
48.240 480 -1723073393
48.267 507 -1723073393
48.293 525 -1723073393
48.320 541 -1723073393
48.347 555 -1723073393
48.373 564 -1723073393
48.400 572 -1723073393
48.427 579 -1723073393
48.453 583 -1723073393
48.480 583 -1723073393
48.507 580 -1723073393
48.533 569 -1723073393
48.560 549 -1723073393
48.587 528 -1723073393
48.613 505 -1723073393
48.640 469 -1723073393
48.667 432 -1723073393
48.693 400 -1723073393
48.720 369 -1723073393
48.747 340 -1723073393
48.773 314 -1723073393
48.800 289 -1723073393
48.827 264 -1723073393
48.853 246 -1723073393
48.880 234 -1723073393
48.907 223 -1723073393
48.933 218 -1723073393
48.960 221 -1723073393
48.987 223 -1723073393
49.013 226 -1723073393
49.040 226 -1723073393
49.067 221 -1723073393
49.093 215 -1723073393
49.120 211 -1723073393
49.147 208 -1723073393
49.173 206 -1723073393
49.200 207 -1723073393
49.227 207 -1723073393
49.253 206 -1723073393
49.280 208 -1723073393
49.307 211 -1723073393
49.333 215 -1723073393
49.360 217 -1723073393
49.387 211 -1723073393
49.413 203 -1723073393
49.440 208 -1723073393
49.467 208 -1723073393
49.493 198 -1723073393
49.520 192 -1723073393
49.547 184 -1723073393
49.573 164 -1723073393
49.600 150 -1723073393
49.627 144 -1723073393
49.653 132 -1723073393
49.680 128 -1723073393
49.707 137 -1723073393
49.733 141 -1723073393
49.760 143 -1723073393
49.787 153 -1723073393
49.813 163 -1723073393
49.840 174 -1723073393
49.867 190 -1723073393
49.893 205 -1723073393
49.920 214 -1723073393
49.947 226 -1723073393
49.973 239 -1723073393
50.000 246 -1723073393
50.027 252 -1723073393
50.053 253 -1723073393
50.080 243 -1723073393
50.107 229 -1723073393
50.133 219 -1723073393
50.160 205 -1723073393
50.187 183 -1723073393
50.213 167 -1723073393
50.240 150 -1723073393
50.267 127 -1723073393
50.293 105 -1723073393
50.320 81 -1723073393
50.347 50 -1723073393
50.373 18 -1723073393
50.400 -10 -1723073393
50.427 -44 -1723073393
50.453 -79 -1723073393
50.480 -95 -1723073393
50.507 -110 -1723073393
50.533 -131 -1723073393
50.560 -139 -1723073393
50.587 -147 -1723073393
50.613 -166 -1723073393
50.640 -172 -1723073393
50.667 -167 -1723073393
50.693 -173 -1723073393
50.720 -170 -1723073393
50.747 -151 -1723073393
50.773 -139 -1723073393
50.800 -131 -1723073393
50.827 -109 -1723073393
50.853 -91 -1723073393
50.880 -82 -1723073393
50.907 -64 -1723073393
50.933 -45 -1723073393
50.960 -39 -1723073393
50.987 -25 -1723073393
51.013 -10 -1723073393
51.040 -11 -1723073393
51.067 -11 -1723073393
51.093 2 -1723073393
51.120 9 -1723073393
51.147 5 -1723073393
51.173 5 -1723073393
51.200 -2 -1723073393
51.227 -22 -1723073393
51.253 -29 -1723073393
51.280 -27 -1723073393
51.307 -33 -1723073393
51.333 -29 -1723073393
51.360 -12 -1723073393
51.387 -7 -1723073393
51.413 -3 -1723073393
51.440 19 -1723073393
51.467 40 -1723073393
51.493 55 -1723073393
51.520 84 -1723073393
51.547 114 -1723073393
51.573 133 -1723073393
51.600 161 -1723073393
51.627 197 -1723073393
51.653 221 -1723073393
51.680 238 -1723073393
51.707 259 -1723073393
51.733 275 -1723073393
51.760 284 -1723073393
51.787 298 -1723073393
51.813 308 -1723073393
51.840 304 -1723073393
51.867 297 -1723073393
51.893 291 -1723073393
51.920 282 -1723073393
51.947 276 -1723073393
51.973 281 -1723073393
52.000 288 -1723073393
52.027 295 -1723073393
52.053 311 -1723073393
52.080 323 -1723073393
52.107 330 -1723073393
52.133 343 -1723073393
52.160 356 -1723073393
52.187 363 -1723073393
52.213 365 -1723073393
52.240 368 -1723073393
52.267 360 -1723073393
52.293 344 -1723073393
52.320 324 -1723073393
52.347 297 -1723073393
52.373 264 -1723073393
52.400 235 -1723073393
52.427 209 -1723073393
52.453 184 -1723073393
52.480 164 -1723073393
52.507 145 -1723073393
52.533 127 -1723073393
52.560 112 -1723073393
52.587 104 -1723073393
52.613 95 -1723073393
52.640 89 -1723073393
52.667 93 -1723073393
52.693 95 -1723073393
52.720 93 -1723073393
52.747 98 -1723073393
52.773 101 -1723073393
52.800 89 -1723073393
52.827 78 -1723073393
52.853 74 -1723073393
52.880 62 -1723073393
52.907 50 -1723073393
52.933 50 -1723073393
52.960 43 -1723073393
52.987 29 -1723073393
53.013 25 -1723073393
53.040 24 -1723073393
53.067 16 -1723073393
53.093 18 -1723073393
53.120 21 -1723073393
53.147 12 -1723073393
53.173 5 -1723073393
53.200 9 -1723073393
53.227 5 -1723073393
53.253 0 -1723073393
53.280 11 -1723073393
53.307 23 -1723073393
53.333 23 -1723073393
53.360 32 -1723073393
53.387 46 -1723073393
53.413 54 -1723073393
53.440 71 -1723073393
53.467 98 -1723073393
53.493 117 -1723073393
53.520 133 -1723073393
53.547 157 -1723073393
53.573 176 -1723073393
53.600 188 -1723073393
53.627 207 -1723073393
53.653 224 -1723073393
53.680 228 -1723073393
53.707 233 -1723073393
53.733 244 -1723073393
53.760 244 -1723073393
53.787 236 -1723073393
53.813 233 -1723073393
53.840 230 -1723073393
53.867 224 -1723073393
53.893 224 -1723073393
53.920 225 -1723073393
53.947 217 -1723073393
53.973 207 -1723073393
54.000 201 -1723073393
54.027 189 -1723073393
54.053 172 -1723073393
54.080 158 -1723073393
54.107 138 -1723073393
54.133 117 -1723073393
54.160 98 -1723073393
54.187 79 -1723073393
54.213 60 -1723073393
54.240 47 -1723073393
54.267 38 -1723073393
54.293 28 -1723073393
54.320 22 -1723073393
54.347 23 -1723073393
54.373 20 -1723073393
54.400 12 -1723073393
54.427 12 -1723073393
54.453 15 -1723073393
54.480 14 -1723073393
54.507 22 -1723073393
54.533 33 -1723073393
54.560 37 -1723073393
54.587 42 -1723073393
54.613 54 -1723073393
54.640 61 -1723073393
54.667 64 -1723073393
54.693 74 -1723073393
54.720 84 -1723073393
54.747 90 -1723073393
54.773 97 -1723073393
54.800 100 -1723073393
54.827 97 -1723073393
54.853 96 -1723073393
54.880 101 -1723073393
54.907 110 -1723073393
54.933 119 -1723073393
54.960 124 -1723073393
54.987 129 -1723073393
55.013 140 -1723073393
55.040 154 -1723073393
55.067 165 -1723073393
55.093 176 -1723073393
55.120 192 -1723073393
55.147 215 -1723073393
55.173 232 -1723073393
55.200 248 -1723073393
55.227 267 -1723073393
55.253 283 -1723073393
55.280 291 -1723073393
55.307 301 -1723073393
55.333 316 -1723073393
55.360 324 -1723073393
55.387 333 -1723073393
55.413 344 -1723073393
55.440 351 -1723073393
55.467 355 -1723073393
55.493 361 -1723073393
55.520 367 -1723073393
55.547 373 -1723073393
55.573 380 -1723073393
55.600 389 -1723073393
55.627 399 -1723073393
55.653 413 -1723073393
55.680 431 -1723073393
55.707 450 -1723073393
55.733 465 -1723073393
55.760 480 -1723073393
55.787 491 -1723073393
55.813 492 -1723073393
55.840 491 -1723073393
55.867 489 -1723073393
55.893 483 -1723073393
55.920 472 -1723073393
55.947 461 -1723073393
55.973 446 -1723073393
56.000 423 -1723073393
56.027 400 -1723073393
56.053 375 -1723073393
56.080 345 -1723073393
56.107 310 -1723073393
56.133 274 -1723073393
56.160 243 -1723073393
56.187 211 -1723073393
56.213 184 -1723073393
56.240 162 -1723073393
56.267 147 -1723073393
56.293 136 -1723073393
56.320 124 -1723073393
56.347 112 -1723073393
56.373 102 -1723073393
56.400 89 -1723073393
56.427 75 -1723073393
56.453 63 -1723073393
56.480 46 -1723073393
56.507 25 -1723073393
56.533 6 -1723073393
56.560 -11 -1723073393
56.587 -31 -1723073393
56.613 -45 -1723073393
56.640 -54 -1723073393
56.667 -62 -1723073393
56.693 -72 -1723073393
56.720 -72 -1723073393
56.747 -77 -1723073393
56.773 -88 -1723073393
56.800 -93 -1723073393
56.827 -91 -1723073393
56.853 -92 -1723073393
56.880 -91 -1723073393
56.907 -87 -1723073393
56.933 -87 -1723073393
56.960 -90 -1723073393
56.987 -85 -1723073393
57.013 -77 -1723073393
57.040 -71 -1723073393
57.067 -59 -1723073393
57.093 -41 -1723073393
57.120 -27 -1723073393
57.147 -8 -1723073393
57.173 15 -1723073393
57.200 39 -1723073393
57.227 67 -1723073393
57.253 101 -1723073393
57.280 128 -1723073393
57.307 148 -1723073393
57.333 170 -1723073393
57.360 187 -1723073393
57.387 194 -1723073393
57.413 202 -1723073393
57.440 214 -1723073393
57.467 227 -1723073393
57.493 240 -1723073393
57.520 258 -1723073393
57.547 275 -1723073393
57.573 291 -1723073393
57.600 311 -1723073393
57.627 337 -1723073393
57.653 359 -1723073393
57.680 381 -1723073393
57.707 411 -1723073393
57.733 440 -1723073393
57.760 463 -1723073393
57.787 487 -1723073393
57.813 507 -1723073393
57.840 522 -1723073393
57.867 534 -1723073393
57.893 548 -1723073393
57.920 557 -1723073393
57.947 557 -1723073393
57.973 557 -1723073393
58.000 559 -1723073393
58.027 556 -1723073393
58.053 547 -1723073393
58.080 535 -1723073393
58.107 517 -1723073393
58.133 497 -1723073393
58.160 484 -1723073393
58.187 475 -1723073393
58.213 465 -1723073393
58.240 460 -1723073393
58.267 466 -1723073393
58.293 474 -1723073393
58.320 485 -1723073393
58.347 504 -1723073393
58.373 527 -1723073393
58.400 549 -1723073393
58.427 577 -1723073393
58.453 603 -1723073393
58.480 623 -1723073393
58.507 645 -1723073393
58.533 670 -1723073393
58.560 686 -1723073393
58.587 698 -1723073393
58.613 714 -1723073393
58.640 722 -1723073393
58.667 720 -1723073393
58.693 722 -1723073393
58.720 721 -1723073393
58.747 703 -1723073393
58.773 680 -1723073393
58.800 667 -1723073393
58.827 654 -1723073393
58.853 637 -1723073393
58.880 628 -1723073393
58.907 621 -1723073393
58.933 613 -1723073393
58.960 610 -1723073393
58.987 606 -1723073393
59.013 595 -1723073393
59.040 579 -1723073393
59.067 566 -1723073393
59.093 547 -1723073393
59.120 525 -1723073393
59.147 510 -1723073393
59.173 492 -1723073393
59.200 469 -1723073393
59.227 453 -1723073393
59.253 444 -1723073393
59.280 433 -1723073393
59.307 427 -1723073393
59.333 429 -1723073393
59.360 428 -1723073393
59.387 422 -1723073393
59.413 416 -1723073393
59.440 408 -1723073393
59.467 394 -1723073393
59.493 379 -1723073393
59.520 362 -1723073393
59.547 339 -1723073393
59.573 312 -1723073393
59.600 286 -1723073393
59.627 256 -1723073393
59.653 222 -1723073393
59.680 186 -1723073393
59.707 147 -1723073393
59.733 104 -1723073393
59.760 63 -1723073393
59.787 22 -1723073393
59.813 -20 -1723073393
59.840 -59 -1723073393
59.867 -92 -1723073393
59.893 -118 -1723073393
59.920 -134 -1723073393
59.947 -141 -1723073393
59.973 -150 -1723073393
60.000 -159 -1723073393
60.027 -161 -1723073393
60.053 -156 -1723073393
60.080 -144 -1723073393
60.107 -117 -1723073393
60.133 -91 -1723073393
60.160 -73 -1723073393
60.187 -58 -1723073393
60.213 -40 -1723073393
60.240 -22 -1723073393
60.267 -12 -1723073393
60.293 -2 -1723073393
60.320 6 -1723073393
60.347 5 -1723073393
60.373 3 -1723073393
60.400 3 -1723073393
60.427 -2 -1723073393
60.453 -12 -1723073393
60.480 -23 -1723073393
60.507 -43 -1723073393
60.533 -62 -1723073393
60.560 -80 -1723073393
60.587 -103 -1723073393
60.613 -126 -1723073393
60.640 -144 -1723073393
60.667 -158 -1723073393
60.693 -173 -1723073393
60.720 -185 -1723073393
60.747 -195 -1723073393
60.773 -203 -1723073393
60.800 -209 -1723073393
60.827 -214 -1723073393
60.853 -216 -1723073393
60.880 -217 -1723073393
60.907 -216 -1723073393
60.933 -212 -1723073393
60.960 -204 -1723073393
60.987 -196 -1723073393
61.013 -188 -1723073393
61.040 -177 -1723073393
61.067 -160 -1723073393
61.093 -140 -1723073393
61.120 -119 -1723073393
61.147 -99 -1723073393
61.173 -79 -1723073393
61.200 -64 -1723073393
61.227 -57 -1723073393
61.253 -55 -1723073393
61.280 -55 -1723073393
61.307 -58 -1723073393
61.333 -63 -1723073393
61.360 -71 -1723073393
61.387 -85 -1723073393
61.413 -103 -1723073393
61.440 -121 -1723073393
61.467 -139 -1723073393
61.493 -156 -1723073393
61.520 -174 -1723073393
61.547 -192 -1723073393
61.573 -213 -1723073393
61.600 -227 -1723073393
61.627 -237 -1723073393
61.653 -247 -1723073393
61.680 -254 -1723073393
61.707 -255 -1723073393
61.733 -252 -1723073393
61.760 -245 -1723073393
61.787 -232 -1723073393
61.813 -217 -1723073393
61.840 -204 -1723073393
61.867 -185 -1723073393
61.893 -158 -1723073393
61.920 -130 -1723073393
61.947 -100 -1723073393
61.973 -70 -1723073393
62.000 -42 -1723073393
62.027 -12 -1723073393
62.053 18 -1723073393
62.080 39 -1723073393
62.107 52 -1723073393
62.133 57 -1723073393
62.160 51 -1723073393
62.187 37 -1723073393
62.213 19 -1723073393
62.240 0 -1723073393
62.267 -21 -1723073393
62.293 -46 -1723073393
62.320 -78 -1723073393
62.347 -115 -1723073393
62.373 -153 -1723073393
62.400 -187 -1723073393
62.427 -215 -1723073393
62.453 -240 -1723073393
62.480 -260 -1723073393
62.507 -271 -1723073393
62.533 -277 -1723073393
62.560 -277 -1723073393
62.587 -265 -1723073393
62.613 -249 -1723073393
62.640 -230 -1723073393
62.667 -202 -1723073393
62.693 -168 -1723073393
62.720 -135 -1723073393
62.747 -103 -1723073393
62.773 -72 -1723073393
62.800 -51 -1723073393
62.827 -35 -1723073393
62.853 -17 -1723073393
62.880 0 -1723073393
62.907 11 -1723073393
62.933 15 -1723073393
62.960 14 -1723073393
62.987 7 -1723073393
63.013 0 -1723073393
63.040 -10 -1723073393
63.067 -28 -1723073393
63.093 -53 -1723073393
63.120 -82 -1723073393
63.147 -116 -1723073393
63.173 -158 -1723073393
63.200 -198 -1723073393
63.227 -234 -1723073393
63.253 -271 -1723073393
63.280 -305 -1723073393
63.307 -330 -1723073393
63.333 -352 -1723073393
63.360 -377 -1723073393
63.387 -396 -1723073393
63.413 -403 -1723073393
63.440 -409 -1723073393
63.467 -410 -1723073393
63.493 -400 -1723073393
63.520 -389 -1723073393
63.547 -379 -1723073393
63.573 -354 -1723073393
63.600 -322 -1723073393
63.627 -295 -1723073393
63.653 -265 -1723073393
63.680 -229 -1723073393
63.707 -193 -1723073393
63.733 -161 -1723073393
63.760 -131 -1723073393
63.787 -105 -1723073393
63.813 -82 -1723073393
63.840 -62 -1723073393
63.867 -51 -1723073393
63.893 -48 -1723073393
63.920 -46 -1723073393
63.947 -47 -1723073393
63.973 -54 -1723073393
64.000 -64 -1723073393
64.027 -74 -1723073393
64.053 -86 -1723073393
64.080 -95 -1723073393
64.107 -99 -1723073393
64.133 -105 -1723073393
64.160 -116 -1723073393
64.187 -124 -1723073393
64.213 -123 -1723073393
64.240 -125 -1723073393
64.267 -128 -1723073393
64.293 -118 -1723073393
64.320 -106 -1723073393
64.347 -96 -1723073393
64.373 -78 -1723073393
64.400 -55 -1723073393
64.427 -36 -1723073393
64.453 -18 -1723073393
64.480 0 -1723073393
64.507 18 -1723073393
64.533 31 -1723073393
64.560 41 -1723073393
64.587 47 -1723073393
64.613 53 -1723073393
64.640 60 -1723073393
64.667 62 -1723073393
64.693 60 -1723073393
64.720 60 -1723073393
64.747 58 -1723073393
64.773 55 -1723073393
64.800 55 -1723073393
64.827 56 -1723073393
64.853 50 -1723073393
64.880 42 -1723073393
64.907 35 -1723073393
64.933 27 -1723073393
64.960 19 -1723073393
64.987 12 -1723073393
65.013 5 -1723073393
65.040 -3 -1723073393
65.067 -8 -1723073393
65.093 -12 -1723073393
65.120 -15 -1723073393
65.147 -17 -1723073393
65.173 -16 -1723073393
65.200 -11 -1723073393
65.227 -8 -1723073393
65.253 0 -1723073393
65.280 11 -1723073393
65.307 31 -1723073393
65.333 53 -1723073393
65.360 80 -1723073393
65.387 112 -1723073393
65.413 143 -1723073393
65.440 173 -1723073393
65.467 206 -1723073393
65.493 239 -1723073393
65.520 264 -1723073393
65.547 282 -1723073393
65.573 299 -1723073393
65.600 314 -1723073393
65.627 328 -1723073393
65.653 335 -1723073393
65.680 337 -1723073393
65.707 343 -1723073393
65.733 345 -1723073393
65.760 334 -1723073393
65.787 325 -1723073393
65.813 316 -1723073393
65.840 303 -1723073393
65.867 290 -1723073393
65.893 281 -1723073393
65.920 267 -1723073393
65.947 255 -1723073393
65.973 255 -1723073393
66.000 255 -1723073393
66.027 253 -1723073393
66.053 250 -1723073393
66.080 246 -1723073393
66.107 241 -1723073393
66.133 237 -1723073393
66.160 237 -1723073393
66.187 237 -1723073393
66.213 235 -1723073393
66.240 231 -1723073393
66.267 229 -1723073393
66.293 224 -1723073393
66.320 223 -1723073393
66.347 225 -1723073393
66.373 224 -1723073393
66.400 220 -1723073393
66.427 218 -1723073393
66.453 216 -1723073393
66.480 215 -1723073393
66.507 222 -1723073393
66.533 232 -1723073393
66.560 238 -1723073393
66.587 238 -1723073393
66.613 241 -1723073393
66.640 239 -1723073393
66.667 233 -1723073393
66.693 229 -1723073393
66.720 227 -1723073393
66.747 223 -1723073393
66.773 219 -1723073393
66.800 216 -1723073393
66.827 213 -1723073393
66.853 214 -1723073393
66.880 221 -1723073393
66.907 230 -1723073393
66.933 237 -1723073393
66.960 250 -1723073393
66.987 270 -1723073393
67.013 290 -1723073393
67.040 314 -1723073393
67.067 341 -1723073393
67.093 366 -1723073393
67.120 386 -1723073393
67.147 402 -1723073393
67.173 412 -1723073393
67.200 418 -1723073393
67.227 429 -1723073393
67.253 445 -1723073393
67.280 459 -1723073393
67.307 470 -1723073393
67.333 476 -1723073393
67.360 476 -1723073393
67.387 477 -1723073393
67.413 481 -1723073393
67.440 481 -1723073393
67.467 471 -1723073393
67.493 461 -1723073393
67.520 452 -1723073393
67.547 439 -1723073393
67.573 425 -1723073393
67.600 421 -1723073393
67.627 417 -1723073393
67.653 413 -1723073393
67.680 413 -1723073393
67.707 412 -1723073393
67.733 410 -1723073393
67.760 413 -1723073393
67.787 418 -1723073393
67.813 418 -1723073393
67.840 416 -1723073393
67.867 415 -1723073393
67.893 407 -1723073393
67.920 392 -1723073393
67.947 378 -1723073393
67.973 361 -1723073393
68.000 336 -1723073393
68.027 312 -1723073393
68.053 291 -1723073393
68.080 268 -1723073393
68.107 247 -1723073393
68.133 230 -1723073393
68.160 213 -1723073393
68.187 197 -1723073393
68.213 185 -1723073393
68.240 178 -1723073393
68.267 171 -1723073393
68.293 169 -1723073393
68.320 175 -1723073393
68.347 183 -1723073393
68.373 190 -1723073393
68.400 203 -1723073393
68.427 219 -1723073393
68.453 232 -1723073393
68.480 243 -1723073393
68.507 255 -1723073393
68.533 262 -1723073393
68.560 265 -1723073393
68.587 269 -1723073393
68.613 272 -1723073393
68.640 271 -1723073393
68.667 271 -1723073393
68.693 270 -1723073393
68.720 265 -1723073393
68.747 261 -1723073393
68.773 262 -1723073393
68.800 259 -1723073393
68.827 252 -1723073393
68.853 253 -1723073393
68.880 258 -1723073393
68.907 259 -1723073393
68.933 259 -1723073393
68.960 261 -1723073393
68.987 265 -1723073393
69.013 274 -1723073393
69.040 288 -1723073393
69.067 305 -1723073393
69.093 319 -1723073393
69.120 331 -1723073393
69.147 335 -1723073393
69.173 335 -1723073393
69.200 337 -1723073393
69.227 342 -1723073393
69.253 345 -1723073393
69.280 350 -1723073393
69.307 359 -1723073393
69.333 367 -1723073393
69.360 370 -1723073393
69.387 376 -1723073393
69.413 382 -1723073393
69.440 384 -1723073393
69.467 385 -1723073393
69.493 388 -1723073393
69.520 382 -1723073393
69.547 367 -1723073393
69.573 354 -1723073393
69.600 343 -1723073393
69.627 332 -1723073393
69.653 322 -1723073393
69.680 310 -1723073393
69.707 293 -1723073393
69.733 272 -1723073393
69.760 250 -1723073393
69.787 228 -1723073393
69.813 207 -1723073393
69.840 190 -1723073393
69.867 178 -1723073393
69.893 169 -1723073393
69.920 162 -1723073393
69.947 158 -1723073393
69.973 159 -1723073393
70.000 161 -1723073393
70.027 166 -1723073393
70.053 177 -1723073393
70.080 188 -1723073393
70.107 197 -1723073393
70.133 210 -1723073393
70.160 225 -1723073393
70.187 238 -1723073393
70.213 252 -1723073393
70.240 268 -1723073393
70.267 281 -1723073393
70.293 290 -1723073393
70.320 301 -1723073393
70.347 309 -1723073393
70.373 312 -1723073393
70.400 311 -1723073393
70.427 311 -1723073393
70.453 308 -1723073393
70.480 301 -1723073393
70.507 294 -1723073393
70.533 289 -1723073393
70.560 283 -1723073393
70.587 276 -1723073393
70.613 272 -1723073393
70.640 270 -1723073393
70.667 268 -1723073393
70.693 266 -1723073393
70.720 265 -1723073393
70.747 269 -1723073393
70.773 272 -1723073393
70.800 270 -1723073393
70.827 272 -1723073393
70.853 282 -1723073393
70.880 294 -1723073393
70.907 309 -1723073393
70.933 330 -1723073393
70.960 347 -1723073393
70.987 352 -1723073393
71.013 358 -1723073393
71.040 363 -1723073393
71.067 364 -1723073393
71.093 370 -1723073393
71.120 380 -1723073393
71.147 386 -1723073393
71.173 387 -1723073393
71.200 394 -1723073393
71.227 400 -1723073393
71.253 400 -1723073393
71.280 401 -1723073393
71.307 404 -1723073393
71.333 403 -1723073393
71.360 400 -1723073393
71.387 399 -1723073393
71.413 393 -1723073393
71.440 382 -1723073393
71.467 372 -1723073393
71.493 360 -1723073393
71.520 341 -1723073393
71.547 322 -1723073393
71.573 301 -1723073393
71.600 280 -1723073393
71.627 263 -1723073393
71.653 250 -1723073393
71.680 234 -1723073393
71.707 216 -1723073393
71.733 203 -1723073393
71.760 191 -1723073393
71.787 175 -1723073393
71.813 164 -1723073393
71.840 164 -1723073393
71.867 169 -1723073393
71.893 176 -1723073393
71.920 185 -1723073393
71.947 196 -1723073393
71.973 206 -1723073393
72.000 218 -1723073393
72.027 232 -1723073393
72.053 244 -1723073393
72.080 256 -1723073393
72.107 269 -1723073393
72.133 274 -1723073393
72.160 273 -1723073393
72.187 272 -1723073393
72.213 271 -1723073393
72.240 271 -1723073393
72.267 272 -1723073393
72.293 271 -1723073393
72.320 268 -1723073393
72.347 267 -1723073393
72.373 263 -1723073393
72.400 254 -1723073393
72.427 244 -1723073393
72.453 230 -1723073393
72.480 215 -1723073393
72.507 205 -1723073393
72.533 206 -1723073393
72.560 213 -1723073393
72.587 219 -1723073393
72.613 223 -1723073393
72.640 226 -1723073393
72.667 226 -1723073393
72.693 220 -1723073393
72.720 213 -1723073393
72.747 210 -1723073393
72.773 207 -1723073393
72.800 205 -1723073393
72.827 202 -1723073393
72.853 197 -1723073393
72.880 191 -1723073393
72.907 191 -1723073393
72.933 188 -1723073393
72.960 179 -1723073393
72.987 172 -1723073393
73.013 168 -1723073393
73.040 166 -1723073393
73.067 161 -1723073393
73.093 158 -1723073393
73.120 156 -1723073393
73.147 154 -1723073393
73.173 164 -1723073393
73.200 178 -1723073393
73.227 188 -1723073393
73.253 200 -1723073393
73.280 210 -1723073393
73.307 214 -1723073393
73.333 216 -1723073393
73.360 224 -1723073393
73.387 232 -1723073393
73.413 239 -1723073393
73.440 247 -1723073393
73.467 253 -1723073393
73.493 260 -1723073393
73.520 270 -1723073393
73.547 278 -1723073393
73.573 282 -1723073393
73.600 289 -1723073393
73.627 297 -1723073393
73.653 301 -1723073393
73.680 303 -1723073393
73.707 309 -1723073393
73.733 314 -1723073393
73.760 314 -1723073393
73.787 314 -1723073393
73.813 314 -1723073393
73.840 310 -1723073393
73.867 310 -1723073393
73.893 312 -1723073393
73.920 303 -1723073393
73.947 290 -1723073393
73.973 278 -1723073393
74.000 263 -1723073393
74.027 245 -1723073393
74.053 229 -1723073393
74.080 211 -1723073393
74.107 187 -1723073393
74.133 165 -1723073393
74.160 145 -1723073393
74.187 121 -1723073393
74.213 95 -1723073393
74.240 73 -1723073393
74.267 54 -1723073393
74.293 30 -1723073393
74.320 10 -1723073393
74.347 5 -1723073393
74.373 7 -1723073393
74.400 14 -1723073393
74.427 30 -1723073393
74.453 50 -1723073393
74.480 68 -1723073393
74.507 88 -1723073393
74.533 112 -1723073393
74.560 135 -1723073393
74.587 160 -1723073393
74.613 187 -1723073393
74.640 210 -1723073393
74.667 230 -1723073393
74.693 251 -1723073393
74.720 264 -1723073393
74.747 264 -1723073393
74.773 265 -1723073393
74.800 266 -1723073393
74.827 265 -1723073393
74.853 267 -1723073393
74.880 272 -1723073393
74.907 276 -1723073393
74.933 279 -1723073393
74.960 285 -1723073393
74.987 285 -1723073393
75.013 282 -1723073393
75.040 285 -1723073393
75.067 288 -1723073393
75.093 285 -1723073393
75.120 283 -1723073393
75.147 278 -1723073393
75.173 268 -1723073393
75.200 259 -1723073393
75.227 254 -1723073393
75.253 245 -1723073393
75.280 236 -1723073393
75.307 229 -1723073393
75.333 227 -1723073393
75.360 220 -1723073393
75.387 215 -1723073393
75.413 213 -1723073393
75.440 203 -1723073393
75.467 198 -1723073393
75.493 207 -1723073393
75.520 217 -1723073393
75.547 222 -1723073393
75.573 231 -1723073393
75.600 239 -1723073393
75.627 246 -1723073393
75.653 258 -1723073393
75.680 274 -1723073393
75.707 278 -1723073393
75.733 272 -1723073393
75.760 264 -1723073393
75.787 249 -1723073393
75.813 233 -1723073393
75.840 224 -1723073393
75.867 212 -1723073393
75.893 194 -1723073393
75.920 183 -1723073393
75.947 180 -1723073393
75.973 169 -1723073393
76.000 155 -1723073393
76.027 149 -1723073393
76.053 144 -1723073393
76.080 137 -1723073393
76.107 140 -1723073393
76.133 146 -1723073393
76.160 146 -1723073393
76.187 151 -1723073393
76.213 162 -1723073393
76.240 169 -1723073393
76.267 177 -1723073393
76.293 192 -1723073393
76.320 204 -1723073393
76.347 214 -1723073393
76.373 231 -1723073393
76.400 250 -1723073393
76.427 267 -1723073393
76.453 285 -1723073393
76.480 299 -1723073393
76.507 303 -1723073393
76.533 309 -1723073393
76.560 325 -1723073393
76.587 336 -1723073393
76.613 347 -1723073393
76.640 360 -1723073393
76.667 365 -1723073393
76.693 362 -1723073393
76.720 364 -1723073393
76.747 365 -1723073393
76.773 362 -1723073393
76.800 362 -1723073393
76.827 362 -1723073393
76.853 355 -1723073393
76.880 346 -1723073393
76.907 340 -1723073393
76.933 328 -1723073393
76.960 311 -1723073393
76.987 302 -1723073393
77.013 297 -1723073393
77.040 286 -1723073393
77.067 279 -1723073393
77.093 284 -1723073393
77.120 286 -1723073393
77.147 284 -1723073393
77.173 287 -1723073393
77.200 288 -1723073393
77.227 284 -1723073393
77.253 285 -1723073393
77.280 292 -1723073393
77.307 295 -1723073393
77.333 302 -1723073393
77.360 314 -1723073393
77.387 317 -1723073393
77.413 321 -1723073393
77.440 336 -1723073393
77.467 350 -1723073393
77.493 358 -1723073393
77.520 372 -1723073393
77.547 380 -1723073393
77.573 376 -1723073393
77.600 375 -1723073393
77.627 374 -1723073393
77.653 366 -1723073393
77.680 360 -1723073393
77.707 362 -1723073393
77.733 352 -1723073393
77.760 337 -1723073393
77.787 328 -1723073393
77.813 313 -1723073393
77.840 286 -1723073393
77.867 264 -1723073393
77.893 243 -1723073393
77.920 213 -1723073393
77.947 188 -1723073393
77.973 174 -1723073393
78.000 155 -1723073393
78.027 136 -1723073393
78.053 134 -1723073393
78.080 136 -1723073393
78.107 135 -1723073393
78.133 145 -1723073393
78.160 161 -1723073393
78.187 168 -1723073393
78.213 176 -1723073393
78.240 196 -1723073393
78.267 212 -1723073393
78.293 226 -1723073393
78.320 246 -1723073393
78.347 259 -1723073393
78.373 261 -1723073393
78.400 269 -1723073393
78.427 275 -1723073393
78.453 274 -1723073393
78.480 274 -1723073393
78.507 276 -1723073393
78.533 265 -1723073393
78.560 248 -1723073393
78.587 238 -1723073393
78.613 222 -1723073393
78.640 200 -1723073393
78.667 190 -1723073393
78.693 182 -1723073393
78.720 166 -1723073393
78.747 158 -1723073393
78.773 155 -1723073393
78.800 139 -1723073393
78.827 125 -1723073393
78.853 125 -1723073393
78.880 124 -1723073393
78.907 121 -1723073393
78.933 131 -1723073393
78.960 136 -1723073393
78.987 136 -1723073393
79.013 146 -1723073393
79.040 159 -1723073393
79.067 165 -1723073393
79.093 173 -1723073393
79.120 184 -1723073393
79.147 191 -1723073393
79.173 203 -1723073393
79.200 217 -1723073393
79.227 221 -1723073393
79.253 218 -1723073393
79.280 218 -1723073393
79.307 215 -1723073393
79.333 209 -1723073393
79.360 202 -1723073393
79.387 191 -1723073393
79.413 174 -1723073393
79.440 161 -1723073393
79.467 152 -1723073393
79.493 134 -1723073393
79.520 111 -1723073393
79.547 92 -1723073393
79.573 66 -1723073393
79.600 40 -1723073393
79.627 26 -1723073393
79.653 18 -1723073393
79.680 9 -1723073393
79.707 10 -1723073393
79.733 17 -1723073393
79.760 16 -1723073393
79.787 21 -1723073393
79.813 35 -1723073393
79.840 47 -1723073393
79.867 62 -1723073393
79.893 88 -1723073393
79.920 112 -1723073393
79.947 129 -1723073393
79.973 155 -1723073393
80.000 184 -1723073393
80.027 206 -1723073393
80.053 226 -1723073393
80.080 247 -1723073393
80.107 264 -1723073393
80.133 277 -1723073393
80.160 290 -1723073393
80.187 296 -1723073393
80.213 303 -1723073393
80.240 313 -1723073393
80.267 318 -1723073393
80.293 319 -1723073393
80.320 320 -1723073393
80.347 319 -1723073393
80.373 315 -1723073393
80.400 308 -1723073393
80.427 298 -1723073393
80.453 284 -1723073393
80.480 276 -1723073393
80.507 275 -1723073393
80.533 271 -1723073393
80.560 266 -1723073393
80.587 258 -1723073393
80.613 252 -1723073393
80.640 246 -1723073393
80.667 243 -1723073393
80.693 238 -1723073393
80.720 231 -1723073393
80.747 230 -1723073393
80.773 231 -1723073393
80.800 230 -1723073393
80.827 228 -1723073393
80.853 229 -1723073393
80.880 228 -1723073393
80.907 228 -1723073393
80.933 230 -1723073393
80.960 228 -1723073393
80.987 225 -1723073393
81.013 226 -1723073393
81.040 226 -1723073393
81.067 224 -1723073393
81.093 224 -1723073393
81.120 222 -1723073393
81.147 212 -1723073393
81.173 206 -1723073393
81.200 200 -1723073393
81.227 192 -1723073393
81.253 186 -1723073393
81.280 180 -1723073393
81.307 171 -1723073393
81.333 164 -1723073393
81.360 161 -1723073393
81.387 150 -1723073393
81.413 138 -1723073393
81.440 131 -1723073393
81.467 125 -1723073393
81.493 116 -1723073393
81.520 115 -1723073393
81.547 118 -1723073393
81.573 119 -1723073393
81.600 122 -1723073393
81.627 129 -1723073393
81.653 132 -1723073393
81.680 140 -1723073393
81.707 162 -1723073393
81.733 184 -1723073393
81.760 206 -1723073393
81.787 234 -1723073393
81.813 258 -1723073393
81.840 279 -1723073393
81.867 300 -1723073393
81.893 313 -1723073393
81.920 314 -1723073393
81.947 320 -1723073393
81.973 325 -1723073393
82.000 326 -1723073393
82.027 328 -1723073393
82.053 326 -1723073393
82.080 313 -1723073393
82.107 298 -1723073393
82.133 290 -1723073393
82.160 280 -1723073393
82.187 267 -1723073393
82.213 260 -1723073393
82.240 250 -1723073393
82.267 235 -1723073393
82.293 228 -1723073393
82.320 224 -1723073393
82.347 220 -1723073393
82.373 223 -1723073393
82.400 226 -1723073393
82.427 227 -1723073393
82.453 232 -1723073393
82.480 238 -1723073393
82.507 242 -1723073393
82.533 247 -1723073393
82.560 256 -1723073393
82.587 263 -1723073393
82.613 271 -1723073393
82.640 282 -1723073393
82.667 284 -1723073393
82.693 284 -1723073393
82.720 289 -1723073393
82.747 291 -1723073393
82.773 290 -1723073393
82.800 292 -1723073393
82.827 292 -1723073393
82.853 293 -1723073393
82.880 296 -1723073393
82.907 296 -1723073393
82.933 286 -1723073393
82.960 280 -1723073393
82.987 279 -1723073393
83.013 267 -1723073393
83.040 254 -1723073393
83.067 247 -1723073393
83.093 235 -1723073393
83.120 223 -1723073393
83.147 217 -1723073393
83.173 206 -1723073393
83.200 191 -1723073393
83.227 184 -1723073393
83.253 177 -1723073393
83.280 167 -1723073393
83.307 162 -1723073393
83.333 159 -1723073393
83.360 150 -1723073393
83.387 151 -1723073393
83.413 160 -1723073393
83.440 165 -1723073393
83.467 174 -1723073393
83.493 193 -1723073393
83.520 201 -1723073393
83.547 204 -1723073393
83.573 212 -1723073393
83.600 215 -1723073393
83.627 209 -1723073393
83.653 206 -1723073393
83.680 202 -1723073393
83.707 196 -1723073393
83.733 199 -1723073393
83.760 204 -1723073393
83.787 201 -1723073393
83.813 201 -1723073393
83.840 200 -1723073393
83.867 194 -1723073393
83.893 194 -1723073393
83.920 202 -1723073393
83.947 205 -1723073393
83.973 215 -1723073393
84.000 234 -1723073393
84.027 244 -1723073393
84.053 250 -1723073393
84.080 258 -1723073393
84.107 265 -1723073393
84.133 268 -1723073393
84.160 274 -1723073393
84.187 275 -1723073393
84.213 270 -1723073393
84.240 267 -1723073393
84.267 265 -1723073393
84.293 260 -1723073393
84.320 258 -1723073393
84.347 257 -1723073393
84.373 252 -1723073393
84.400 245 -1723073393
84.427 235 -1723073393
84.453 222 -1723073393
84.480 212 -1723073393
84.507 209 -1723073393
84.533 207 -1723073393
84.560 202 -1723073393
84.587 201 -1723073393
84.613 202 -1723073393
84.640 203 -1723073393
84.667 205 -1723073393
84.693 202 -1723073393
84.720 196 -1723073393
84.747 189 -1723073393
84.773 176 -1723073393
84.800 167 -1723073393
84.827 170 -1723073393
84.853 172 -1723073393
84.880 168 -1723073393
84.907 165 -1723073393
84.933 160 -1723073393
84.960 157 -1723073393
84.987 162 -1723073393
85.013 164 -1723073393
85.040 160 -1723073393
85.067 155 -1723073393
85.093 154 -1723073393
85.120 156 -1723073393
85.147 159 -1723073393
85.173 157 -1723073393
85.200 155 -1723073393
85.227 155 -1723073393
85.253 162 -1723073393
85.280 174 -1723073393
85.307 184 -1723073393
85.333 191 -1723073393
85.360 196 -1723073393
85.387 202 -1723073393
85.413 209 -1723073393
85.440 217 -1723073393
85.467 224 -1723073393
85.493 228 -1723073393
85.520 233 -1723073393
85.547 239 -1723073393
85.573 242 -1723073393
85.600 244 -1723073393
85.627 247 -1723073393
85.653 248 -1723073393
85.680 247 -1723073393
85.707 249 -1723073393
85.733 254 -1723073393
85.760 260 -1723073393
85.787 268 -1723073393
85.813 274 -1723073393
85.840 276 -1723073393
85.867 278 -1723073393
85.893 276 -1723073393
85.920 273 -1723073393
85.947 267 -1723073393
85.973 264 -1723073393
86.000 257 -1723073393
86.027 247 -1723073393
86.053 244 -1723073393
86.080 238 -1723073393
86.107 226 -1723073393
86.133 217 -1723073393
86.160 209 -1723073393
86.187 207 -1723073393
86.213 209 -1723073393
86.240 209 -1723073393
86.267 210 -1723073393
86.293 214 -1723073393
86.320 213 -1723073393
86.347 207 -1723073393
86.373 201 -1723073393
86.400 197 -1723073393
86.427 195 -1723073393
86.453 195 -1723073393
86.480 193 -1723073393
86.507 188 -1723073393
86.533 185 -1723073393
86.560 180 -1723073393
86.587 175 -1723073393
86.613 172 -1723073393
86.640 171 -1723073393
86.667 172 -1723073393
86.693 173 -1723073393
86.720 173 -1723073393
86.747 172 -1723073393
86.773 175 -1723073393
86.800 177 -1723073393
86.827 180 -1723073393
86.853 182 -1723073393
86.880 186 -1723073393
86.907 194 -1723073393
86.933 202 -1723073393
86.960 211 -1723073393
86.987 219 -1723073393
87.013 223 -1723073393
87.040 224 -1723073393
87.067 222 -1723073393
87.093 221 -1723073393
87.120 219 -1723073393
87.147 217 -1723073393
87.173 214 -1723073393
87.200 211 -1723073393
87.227 208 -1723073393
87.253 208 -1723073393
87.280 210 -1723073393
87.307 208 -1723073393
87.333 202 -1723073393
87.360 192 -1723073393
87.387 184 -1723073393
87.413 178 -1723073393
87.440 180 -1723073393
87.467 187 -1723073393
87.493 196 -1723073393
87.520 203 -1723073393
87.547 212 -1723073393
87.573 223 -1723073393
87.600 229 -1723073393
87.627 231 -1723073393
87.653 229 -1723073393
87.680 233 -1723073393
87.707 237 -1723073393
87.733 237 -1723073393
87.760 237 -1723073393
87.787 240 -1723073393
87.813 241 -1723073393
87.840 241 -1723073393
87.867 240 -1723073393
87.893 236 -1723073393
87.920 228 -1723073393
87.947 219 -1723073393
87.973 209 -1723073393
88.000 202 -1723073393
88.027 197 -1723073393
88.053 192 -1723073393
88.080 190 -1723073393
88.107 188 -1723073393
88.133 190 -1723073393
88.160 195 -1723073393
88.187 199 -1723073393
88.213 198 -1723073393
88.240 197 -1723073393
88.267 198 -1723073393
88.293 201 -1723073393
88.320 203 -1723073393
88.347 204 -1723073393
88.373 203 -1723073393
88.400 207 -1723073393
88.427 207 -1723073393
88.453 206 -1723073393
88.480 208 -1723073393
88.507 206 -1723073393
88.533 199 -1723073393
88.560 189 -1723073393
88.587 175 -1723073393
88.613 161 -1723073393
88.640 146 -1723073393
88.667 133 -1723073393
88.693 121 -1723073393
88.720 111 -1723073393
88.747 101 -1723073393
88.773 97 -1723073393
88.800 98 -1723073393
88.827 93 -1723073393
88.853 85 -1723073393
88.880 85 -1723073393
88.907 87 -1723073393
88.933 88 -1723073393
88.960 92 -1723073393
88.987 100 -1723073393
89.013 109 -1723073393
89.040 117 -1723073393
89.067 119 -1723073393
89.093 116 -1723073393
89.120 120 -1723073393
89.147 131 -1723073393
89.173 146 -1723073393
89.200 157 -1723073393
89.227 162 -1723073393
89.253 164 -1723073393
89.280 167 -1723073393
89.307 170 -1723073393
89.333 175 -1723073393
89.360 179 -1723073393
89.387 182 -1723073393
89.413 184 -1723073393
89.440 187 -1723073393
89.467 186 -1723073393
89.493 188 -1723073393
89.520 189 -1723073393
89.547 187 -1723073393
89.573 185 -1723073393
89.600 182 -1723073393
89.627 173 -1723073393
89.653 172 -1723073393
89.680 170 -1723073393
89.707 163 -1723073393
89.733 156 -1723073393
89.760 149 -1723073393
89.787 138 -1723073393
89.813 132 -1723073393
89.840 127 -1723073393
89.867 117 -1723073393
89.893 108 -1723073393
89.920 105 -1723073393
89.947 103 -1723073393
89.973 105 -1723073393
90.000 107 -1723073393
90.027 111 -1723073393
90.053 116 -1723073393
90.080 124 -1723073393
90.107 130 -1723073393
90.133 133 -1723073393
90.160 137 -1723073393
90.187 144 -1723073393
90.213 150 -1723073393
90.240 158 -1723073393
90.267 168 -1723073393
90.293 173 -1723073393
90.320 173 -1723073393
90.347 173 -1723073393
90.373 172 -1723073393
90.400 171 -1723073393
90.427 169 -1723073393
90.453 167 -1723073393
90.480 165 -1723073393
90.507 162 -1723073393
90.533 161 -1723073393
90.560 164 -1723073393
90.587 164 -1723073393
90.613 158 -1723073393
90.640 152 -1723073393
90.667 152 -1723073393
90.693 157 -1723073393
90.720 161 -1723073393
90.747 165 -1723073393
90.773 166 -1723073393
90.800 169 -1723073393
90.827 175 -1723073393
90.853 182 -1723073393
90.880 190 -1723073393
90.907 200 -1723073393
90.933 213 -1723073393
90.960 229 -1723073393
90.987 247 -1723073393
91.013 266 -1723073393
91.040 289 -1723073393
91.067 305 -1723073393
91.093 317 -1723073393
91.120 337 -1723073393
91.147 355 -1723073393
91.173 364 -1723073393
91.200 375 -1723073393
91.227 379 -1723073393
91.253 381 -1723073393
91.280 384 -1723073393
91.307 380 -1723073393
91.333 372 -1723073393
91.360 363 -1723073393
91.387 354 -1723073393
91.413 344 -1723073393
91.440 335 -1723073393
91.467 327 -1723073393
91.493 320 -1723073393
91.520 305 -1723073393
91.547 286 -1723073393
91.573 278 -1723073393
91.600 273 -1723073393
91.627 268 -1723073393
91.653 274 -1723073393
91.680 277 -1723073393
91.707 272 -1723073393
91.733 273 -1723073393
91.760 274 -1723073393
91.787 278 -1723073393
91.813 288 -1723073393
91.840 296 -1723073393
91.867 308 -1723073393
91.893 324 -1723073393
91.920 332 -1723073393
91.947 342 -1723073393
91.973 347 -1723073393
92.000 354 -1723073393
92.027 375 -1723073393
92.053 389 -1723073393
92.080 395 -1723073393
92.107 402 -1723073393
92.133 401 -1723073393
92.160 399 -1723073393
92.187 401 -1723073393
92.213 395 -1723073393
92.240 381 -1723073393
92.267 365 -1723073393
92.293 348 -1723073393
92.320 333 -1723073393
92.347 320 -1723073393
92.373 311 -1723073393
92.400 308 -1723073393
92.427 296 -1723073393
92.453 281 -1723073393
92.480 274 -1723073393
92.507 268 -1723073393
92.533 268 -1723073393
92.560 274 -1723073393
92.587 282 -1723073393
92.613 294 -1723073393
92.640 300 -1723073393
92.667 305 -1723073393
92.693 318 -1723073393
92.720 324 -1723073393
92.747 331 -1723073393
92.773 342 -1723073393
92.800 347 -1723073393
92.827 356 -1723073393
92.853 366 -1723073393
92.880 370 -1723073393
92.907 369 -1723073393
92.933 365 -1723073393
92.960 363 -1723073393
92.987 369 -1723073393
93.013 372 -1723073393
93.040 376 -1723073393
93.067 372 -1723073393
93.093 355 -1723073393
93.120 348 -1723073393
93.147 347 -1723073393
93.173 348 -1723073393
93.200 358 -1723073393
93.227 362 -1723073393
93.253 363 -1723073393
93.280 368 -1723073393
93.307 368 -1723073393
93.333 363 -1723073393
93.360 352 -1723073393
93.387 338 -1723073393
93.413 332 -1723073393
93.440 326 -1723073393
93.467 322 -1723073393
93.493 327 -1723073393
93.520 323 -1723073393
93.547 322 -1723073393
93.573 327 -1723073393
93.600 326 -1723073393
93.627 332 -1723073393
93.653 335 -1723073393
93.680 335 -1723073393
93.707 338 -1723073393
93.733 339 -1723073393
93.760 346 -1723073393
93.787 359 -1723073393
93.813 367 -1723073393
93.840 377 -1723073393
93.867 377 -1723073393
93.893 364 -1723073393
93.920 362 -1723073393
93.947 357 -1723073393
93.973 355 -1723073393
94.000 352 -1723073393
94.027 335 -1723073393
94.053 327 -1723073393
94.080 318 -1723073393
94.107 306 -1723073393
94.133 302 -1723073393
94.160 292 -1723073393
94.187 283 -1723073393
94.213 275 -1723073393
94.240 266 -1723073393
94.267 263 -1723073393
94.293 263 -1723073393
94.320 263 -1723073393
94.347 261 -1723073393
94.373 260 -1723073393
94.400 269 -1723073393
94.427 281 -1723073393
94.453 289 -1723073393
94.480 297 -1723073393
94.507 308 -1723073393
94.533 321 -1723073393
94.560 335 -1723073393
94.587 342 -1723073393
94.613 349 -1723073393
94.640 352 -1723073393
94.667 353 -1723073393
94.693 357 -1723073393
94.720 362 -1723073393
94.747 365 -1723073393
94.773 363 -1723073393
94.800 355 -1723073393
94.827 358 -1723073393
94.853 362 -1723073393
94.880 360 -1723073393
94.907 359 -1723073393
94.933 357 -1723073393
94.960 353 -1723073393
94.987 342 -1723073393
95.013 323 -1723073393
95.040 303 -1723073393
95.067 283 -1723073393
95.093 277 -1723073393
95.120 275 -1723073393
95.147 267 -1723073393
95.173 259 -1723073393
95.200 252 -1723073393
95.227 251 -1723073393
95.253 247 -1723073393
95.280 243 -1723073393
95.307 245 -1723073393
95.333 242 -1723073393
95.360 240 -1723073393
95.387 239 -1723073393
95.413 237 -1723073393
95.440 240 -1723073393
95.467 244 -1723073393
95.493 245 -1723073393
95.520 241 -1723073393
95.547 230 -1723073393
95.573 220 -1723073393
95.600 214 -1723073393
95.627 214 -1723073393
95.653 212 -1723073393
95.680 201 -1723073393
95.707 191 -1723073393
95.733 173 -1723073393
95.760 158 -1723073393
95.787 151 -1723073393
95.813 137 -1723073393
95.840 129 -1723073393
95.867 122 -1723073393
95.893 119 -1723073393
95.920 117 -1723073393
95.947 115 -1723073393
95.973 119 -1723073393
96.000 115 -1723073393
96.027 112 -1723073393
96.053 114 -1723073393
96.080 116 -1723073393
96.107 123 -1723073393
96.133 125 -1723073393
96.160 133 -1723073393
96.187 147 -1723073393
96.213 162 -1723073393
96.240 169 -1723073393
96.267 165 -1723073393
96.293 166 -1723073393
96.320 171 -1723073393
96.347 178 -1723073393
96.373 190 -1723073393
96.400 192 -1723073393
96.427 197 -1723073393
96.453 195 -1723073393
96.480 195 -1723073393
96.507 197 -1723073393
96.533 183 -1723073393
96.560 180 -1723073393
96.587 171 -1723073393
96.613 162 -1723073393
96.640 155 -1723073393
96.667 137 -1723073393
96.693 125 -1723073393
96.720 112 -1723073393
96.747 109 -1723073393
96.773 105 -1723073393
96.800 98 -1723073393
96.827 93 -1723073393
96.853 80 -1723073393
96.880 77 -1723073393
96.907 75 -1723073393
96.933 79 -1723073393
96.960 82 -1723073393
96.987 71 -1723073393
97.013 73 -1723073393
97.040 63 -1723073393
97.067 63 -1723073393
97.093 72 -1723073393
97.120 69 -1723073393
97.147 75 -1723073393
97.173 77 -1723073393
97.200 79 -1723073393
97.227 77 -1723073393
97.253 73 -1723073393
97.280 78 -1723073393
97.307 72 -1723073393
97.333 79 -1723073393
97.360 72 -1723073393
97.387 72 -1723073393
97.413 77 -1723073393
97.440 79 -1723073393
97.467 80 -1723073393
97.493 74 -1723073393
97.520 72 -1723073393
97.547 61 -1723073393
97.573 57 -1723073393
97.600 55 -1723073393
97.627 51 -1723073393
97.653 49 -1723073393
97.680 45 -1723073393
97.707 38 -1723073393
97.733 29 -1723073393
97.760 35 -1723073393
97.787 32 -1723073393
97.813 27 -1723073393
97.840 24 -1723073393
97.867 19 -1723073393
97.893 28 -1723073393
97.920 30 -1723073393
97.947 39 -1723073393
97.973 39 -1723073393
98.000 44 -1723073393
98.027 50 -1723073393
98.053 50 -1723073393
98.080 56 -1723073393
98.107 50 -1723073393
98.133 48 -1723073393
98.160 44 -1723073393
98.187 58 -1723073393
98.213 67 -1723073393
98.240 75 -1723073393
98.267 74 -1723073393
98.293 70 -1723073393
98.320 71 -1723073393
98.347 75 -1723073393
98.373 87 -1723073393
98.400 89 -1723073393
98.427 99 -1723073393
98.453 99 -1723073393
98.480 99 -1723073393
98.507 94 -1723073393
98.533 92 -1723073393
98.560 91 -1723073393
98.587 85 -1723073393
98.613 81 -1723073393
98.640 66 -1723073393
98.667 60 -1723073393
98.693 46 -1723073393
98.720 52 -1723073393
98.747 50 -1723073393
98.773 42 -1723073393
98.800 27 -1723073393
98.827 17 -1723073393
98.853 5 -1723073393
98.880 0 -1723073393
98.907 0 -1723073393
98.933 -3 -1723073393
98.960 -1 -1723073393
98.987 -1 -1723073393
99.013 4 -1723073393
99.040 0 -1723073393
99.067 3 -1723073393
99.093 -1 -1723073393
99.120 10 -1723073393
99.147 12 -1723073393
99.173 20 -1723073393
99.200 12 -1723073393
99.227 8 -1723073393
99.253 2 -1723073393
99.280 -1 -1723073393
99.307 -14 -1723073393
99.333 -26 -1723073393
99.360 -35 -1723073393
99.387 -36 -1723073393
99.413 -39 -1723073393
99.440 -50 -1723073393
99.467 -49 -1723073393
99.493 -59 -1723073393
99.520 -60 -1723073393
99.547 -66 -1723073393
99.573 -60 -1723073393
99.600 -59 -1723073393
99.627 -44 -1723073393
99.653 -47 -1723073393
99.680 -37 -1723073393
99.707 -49 -1723073393
99.733 -36 -1723073393
99.760 -40 -1723073393
99.787 -29 -1723073393
99.813 -31 -1723073393
99.840 -23 -1723073393
99.867 -28 -1723073393
99.893 -17 -1723073393
99.920 -16 -1723073393
99.947 -3 -1723073393
99.973 -5 -1723073393
100.000 0 -1723073393
