0.000 23 -1723073393
0.027 18 -1723073393
0.053 12 -1723073393
0.080 9 -1723073393
0.107 10 -1723073393
0.133 17 -1723073393
0.160 18 -1723073393
0.187 15 -1723073393
0.213 17 -1723073393
0.240 15 -1723073393
0.267 14 -1723073393
0.293 15 -1723073393
0.320 15 -1723073393
0.347 20 -1723073393
0.373 27 -1723073393
0.400 30 -1723073393
0.427 36 -1723073393
0.453 39 -1723073393
0.480 34 -1723073393
0.507 29 -1723073393
0.533 20 -1723073393
0.560 14 -1723073393
0.587 15 -1723073393
0.613 16 -1723073393
0.640 16 -1723073393
0.667 14 -1723073393
0.693 7 -1723073393
0.720 8 -1723073393
0.747 12 -1723073393
0.773 6 -1723073393
0.800 5 -1723073393
0.827 5 -1723073393
0.853 1 -1723073393
0.880 0 -1723073393
0.907 -5 -1723073393
0.933 -7 -1723073393
0.960 -3 -1723073393
0.987 -6 -1723073393
1.013 -6 -1723073393
1.040 -2 -1723073393
1.067 -8 -1723073393
1.093 -11 -1723073393
1.120 -11 -1723073393
1.147 -14 -1723073393
1.173 -5 -1723073393
1.200 0 -1723073393
1.227 0 -1723073393
1.253 3 -1723073393
1.280 -3 -1723073393
1.307 -11 -1723073393
1.333 -9 -1723073393
1.360 -11 -1723073393
1.387 -10 -1723073393
1.413 -7 -1723073393
1.440 -14 -1723073393
1.467 -16 -1723073393
1.493 -18 -1723073393
1.520 -19 -1723073393
1.547 -15 -1723073393
1.573 -15 -1723073393
1.600 -12 -1723073393
1.627 -3 -1723073393
1.653 -2 -1723073393
1.680 -3 -1723073393
1.707 1 -1723073393
1.733 1 -1723073393
1.760 4 -1723073393
1.787 5 -1723073393
1.813 -4 -1723073393
1.840 -9 -1723073393
1.867 -9 -1723073393
1.893 -11 -1723073393
1.920 -10 -1723073393
1.947 -5 -1723073393
1.973 -3 -1723073393
2.000 0 -1723073393
2.027 -2 -1723073393
2.053 -8 -1723073393
2.080 -7 -1723073393
2.107 -10 -1723073393
2.133 -9 -1723073393
2.160 -1 -1723073393
2.187 0 -1723073393
2.213 4 -1723073393
2.240 6 -1723073393
2.267 0 -1723073393
2.293 2 -1723073393
2.320 0 -1723073393
2.347 -5 -1723073393
2.373 -6 -1723073393
2.400 -14 -1723073393
2.427 -22 -1723073393
2.453 -24 -1723073393
2.480 -30 -1723073393
2.507 -30 -1723073393
2.533 -27 -1723073393
2.560 -31 -1723073393
2.587 -29 -1723073393
2.613 -32 -1723073393
2.640 -38 -1723073393
2.667 -29 -1723073393
2.693 -24 -1723073393
2.720 -24 -1723073393
2.747 -17 -1723073393
2.773 -16 -1723073393
2.800 -15 -1723073393
2.827 -10 -1723073393
2.853 -17 -1723073393
2.880 -23 -1723073393
2.907 -26 -1723073393
2.933 -37 -1723073393
2.960 -38 -1723073393
2.987 -34 -1723073393
3.013 -31 -1723073393
3.040 -19 -1723073393
3.067 -18 -1723073393
3.093 -25 -1723073393
3.120 -22 -1723073393
3.147 -30 -1723073393
3.173 -38 -1723073393
3.200 -33 -1723073393
3.227 -35 -1723073393
3.253 -32 -1723073393
3.280 -24 -1723073393
3.307 -28 -1723073393
3.333 -28 -1723073393
3.360 -22 -1723073393
3.387 -25 -1723073393
3.413 -22 -1723073393
3.440 -28 -1723073393
3.467 -37 -1723073393
3.493 -32 -1723073393
3.520 -33 -1723073393
3.547 -35 -1723073393
3.573 -27 -1723073393
3.600 -30 -1723073393
3.627 -29 -1723073393
3.653 -20 -1723073393
3.680 -21 -1723073393
3.707 -17 -1723073393
3.733 -19 -1723073393
3.760 -30 -1723073393
3.787 -30 -1723073393
3.813 -32 -1723073393
3.840 -38 -1723073393
3.867 -36 -1723073393
3.893 -41 -1723073393
3.920 -45 -1723073393
3.947 -41 -1723073393
3.973 -46 -1723073393
4.000 -42 -1723073393
4.027 -36 -1723073393
4.053 -41 -1723073393
4.080 -35 -1723073393
4.107 -29 -1723073393
4.133 -31 -1723073393
4.160 -24 -1723073393
4.187 -25 -1723073393
4.213 -32 -1723073393
4.240 -29 -1723073393
4.267 -35 -1723073393
4.293 -39 -1723073393
4.320 -36 -1723073393
4.347 -39 -1723073393
4.373 -33 -1723073393
4.400 -31 -1723073393
4.427 -38 -1723073393
4.453 -31 -1723073393
4.480 -26 -1723073393
4.507 -27 -1723073393
4.533 -22 -1723073393
4.560 -25 -1723073393
4.587 -26 -1723073393
4.613 -16 -1723073393
4.640 -17 -1723073393
4.667 -14 -1723073393
4.693 -9 -1723073393
4.720 -14 -1723073393
4.747 -13 -1723073393
4.773 -12 -1723073393
4.800 -17 -1723073393
4.827 -17 -1723073393
4.853 -17 -1723073393
4.880 -20 -1723073393
4.907 -17 -1723073393
4.933 -20 -1723073393
4.960 -27 -1723073393
4.987 -23 -1723073393
5.013 -27 -1723073393
5.040 -26 -1723073393
5.067 -21 -1723073393
5.093 -27 -1723073393
5.120 -25 -1723073393
5.147 -22 -1723073393
5.173 -31 -1723073393
5.200 -29 -1723073393
5.227 -26 -1723073393
5.253 -32 -1723073393
5.280 -28 -1723073393
5.307 -30 -1723073393
5.333 -30 -1723073393
5.360 -22 -1723073393
5.387 -28 -1723073393
5.413 -27 -1723073393
5.440 -17 -1723073393
5.467 -18 -1723073393
5.493 -18 -1723073393
5.520 -15 -1723073393
5.547 -22 -1723073393
5.573 -22 -1723073393
5.600 -21 -1723073393
5.627 -21 -1723073393
5.653 -9 -1723073393
5.680 -7 -1723073393
5.707 -10 -1723073393
5.733 -6 -1723073393
5.760 -13 -1723073393
5.787 -15 -1723073393
5.813 -15 -1723073393
5.840 -24 -1723073393
5.867 -25 -1723073393
5.893 -25 -1723073393
5.920 -32 -1723073393
5.947 -24 -1723073393
5.973 -18 -1723073393
6.000 -22 -1723073393
6.027 -19 -1723073393
6.053 -20 -1723073393
6.080 -20 -1723073393
6.107 -11 -1723073393
6.133 -12 -1723073393
6.160 -14 -1723073393
6.187 -10 -1723073393
6.213 -15 -1723073393
6.240 -19 -1723073393
6.267 -18 -1723073393
6.293 -24 -1723073393
6.320 -23 -1723073393
6.347 -23 -1723073393
6.373 -24 -1723073393
6.400 -23 -1723073393
6.427 -29 -1723073393
6.453 -35 -1723073393
6.480 -32 -1723073393
6.507 -36 -1723073393
6.533 -40 -1723073393
6.560 -38 -1723073393
6.587 -45 -1723073393
6.613 -41 -1723073393
6.640 -30 -1723073393
6.667 -26 -1723073393
6.693 -17 -1723073393
6.720 -17 -1723073393
6.747 -25 -1723073393
6.773 -22 -1723073393
6.800 -22 -1723073393
6.827 -24 -1723073393
6.853 -20 -1723073393
6.880 -23 -1723073393
6.907 -22 -1723073393
6.933 -16 -1723073393
6.960 -21 -1723073393
6.987 -21 -1723073393
7.013 -18 -1723073393
7.040 -22 -1723073393
7.067 -16 -1723073393
7.093 -10 -1723073393
7.120 -15 -1723073393
7.147 -12 -1723073393
7.173 -10 -1723073393
7.200 -19 -1723073393
7.227 -21 -1723073393
7.253 -30 -1723073393
7.280 -37 -1723073393
7.307 -31 -1723073393
7.333 -38 -1723073393
7.360 -43 -1723073393
7.387 -38 -1723073393
7.413 -43 -1723073393
7.440 -38 -1723073393
7.467 -28 -1723073393
7.493 -32 -1723073393
7.520 -27 -1723073393
7.547 -24 -1723073393
7.573 -33 -1723073393
7.600 -32 -1723073393
7.627 -36 -1723073393
7.653 -44 -1723073393
7.680 -43 -1723073393
7.707 -49 -1723073393
7.733 -54 -1723073393
7.760 -44 -1723073393
7.787 -42 -1723073393
7.813 -39 -1723073393
7.840 -31 -1723073393
7.867 -36 -1723073393
7.893 -37 -1723073393
7.920 -32 -1723073393
7.947 -39 -1723073393
7.973 -36 -1723073393
8.000 -37 -1723073393
8.027 -49 -1723073393
8.053 -47 -1723073393
8.080 -46 -1723073393
8.107 -48 -1723073393
8.133 -37 -1723073393
8.160 -36 -1723073393
8.187 -39 -1723073393
8.213 -33 -1723073393
8.240 -40 -1723073393
8.267 -46 -1723073393
8.293 -41 -1723073393
8.320 -44 -1723073393
8.347 -37 -1723073393
8.373 -31 -1723073393
8.400 -36 -1723073393
8.427 -31 -1723073393
8.453 -30 -1723073393
8.480 -40 -1723073393
8.507 -36 -1723073393
8.533 -34 -1723073393
8.560 -36 -1723073393
8.587 -29 -1723073393
8.613 -33 -1723073393
8.640 -36 -1723073393
8.667 -23 -1723073393
8.693 -21 -1723073393
8.720 -16 -1723073393
8.747 -10 -1723073393
8.773 -15 -1723073393
8.800 -10 -1723073393
8.827 -3 -1723073393
8.853 -10 -1723073393
8.880 -11 -1723073393
8.907 -10 -1723073393
8.933 -17 -1723073393
8.960 -15 -1723073393
8.987 -16 -1723073393
9.013 -19 -1723073393
9.040 -20 -1723073393
9.067 -31 -1723073393
9.093 -37 -1723073393
9.120 -32 -1723073393
9.147 -38 -1723073393
9.173 -38 -1723073393
9.200 -33 -1723073393
9.227 -41 -1723073393
9.253 -41 -1723073393
9.280 -40 -1723073393
9.307 -47 -1723073393
9.333 -44 -1723073393
9.360 -43 -1723073393
9.387 -50 -1723073393
9.413 -45 -1723073393
9.440 -46 -1723073393
9.467 -49 -1723073393
9.493 -44 -1723073393
9.520 -47 -1723073393
9.547 -51 -1723073393
9.573 -50 -1723073393
9.600 -59 -1723073393
9.627 -63 -1723073393
9.653 -59 -1723073393
9.680 -66 -1723073393
9.707 -64 -1723073393
9.733 -58 -1723073393
9.760 -58 -1723073393
9.787 -53 -1723073393
9.813 -51 -1723073393
9.840 -55 -1723073393
9.867 -50 -1723073393
9.893 -49 -1723073393
9.920 -54 -1723073393
9.947 -50 -1723073393
9.973 -52 -1723073393
10.000 -55 -1723073393
10.027 -51 -1723073393
10.053 -53 -1723073393
10.080 -51 -1723073393
10.107 -40 -1723073393
10.133 -39 -1723073393
10.160 -34 -1723073393
10.187 -25 -1723073393
10.213 -25 -1723073393
10.240 -16 -1723073393
10.267 -7 -1723073393
10.293 -7 -1723073393
10.320 2 -1723073393
10.347 13 -1723073393
10.373 24 -1723073393
10.400 43 -1723073393
10.427 58 -1723073393
10.453 76 -1723073393
10.480 101 -1723073393
10.507 116 -1723073393
10.533 135 -1723073393
10.560 159 -1723073393
10.587 169 -1723073393
10.613 177 -1723073393
10.640 186 -1723073393
10.667 182 -1723073393
10.693 183 -1723073393
10.720 186 -1723073393
10.747 178 -1723073393
10.773 166 -1723073393
10.800 144 -1723073393
10.827 119 -1723073393
10.853 96 -1723073393
10.880 73 -1723073393
10.907 52 -1723073393
10.933 33 -1723073393
10.960 8 -1723073393
10.987 -14 -1723073393
11.013 -34 -1723073393
11.040 -60 -1723073393
11.067 -78 -1723073393
11.093 -90 -1723073393
11.120 -106 -1723073393
11.147 -111 -1723073393
11.173 -116 -1723073393
11.200 -124 -1723073393
11.227 -120 -1723073393
11.253 -122 -1723073393
11.280 -126 -1723073393
11.307 -118 -1723073393
11.333 -118 -1723073393
11.360 -117 -1723073393
11.387 -112 -1723073393
11.413 -117 -1723073393
11.440 -121 -1723073393
11.467 -119 -1723073393
11.493 -123 -1723073393
11.520 -121 -1723073393
11.547 -113 -1723073393
11.573 -112 -1723073393
11.600 -106 -1723073393
11.627 -105 -1723073393
11.653 -111 -1723073393
11.680 -106 -1723073393
11.707 -99 -1723073393
11.733 -93 -1723073393
11.760 -74 -1723073393
11.787 -63 -1723073393
11.813 -51 -1723073393
11.840 -27 -1723073393
11.867 -10 -1723073393
11.893 6 -1723073393
11.920 29 -1723073393
11.947 45 -1723073393
11.973 63 -1723073393
12.000 81 -1723073393
12.027 87 -1723073393
12.053 99 -1723073393
12.080 111 -1723073393
12.107 117 -1723073393
12.133 125 -1723073393
12.160 133 -1723073393
12.187 137 -1723073393
12.213 147 -1723073393
12.240 157 -1723073393
12.267 165 -1723073393
12.293 183 -1723073393
12.320 201 -1723073393
12.347 211 -1723073393
12.373 225 -1723073393
12.400 236 -1723073393
12.427 248 -1723073393
12.453 263 -1723073393
12.480 264 -1723073393
12.507 264 -1723073393
12.533 271 -1723073393
12.560 269 -1723073393
12.587 259 -1723073393
12.613 253 -1723073393
12.640 240 -1723073393
12.667 224 -1723073393
12.693 204 -1723073393
12.720 177 -1723073393
12.747 152 -1723073393
12.773 124 -1723073393
12.800 85 -1723073393
12.827 48 -1723073393
12.853 5 -1723073393
12.880 -36 -1723073393
12.907 -64 -1723073393
12.933 -94 -1723073393
12.960 -119 -1723073393
12.987 -137 -1723073393
13.013 -161 -1723073393
13.040 -176 -1723073393
13.067 -186 -1723073393
13.093 -200 -1723073393
13.120 -198 -1723073393
13.147 -199 -1723073393
13.173 -204 -1723073393
13.200 -195 -1723073393
13.227 -185 -1723073393
13.253 -178 -1723073393
13.280 -163 -1723073393
13.307 -158 -1723073393
13.333 -159 -1723073393
13.360 -150 -1723073393
13.387 -145 -1723073393
13.413 -138 -1723073393
13.440 -124 -1723073393
13.467 -117 -1723073393
13.493 -103 -1723073393
13.520 -81 -1723073393
13.547 -69 -1723073393
13.573 -54 -1723073393
13.600 -36 -1723073393
13.627 -25 -1723073393
13.653 -6 -1723073393
13.680 9 -1723073393
13.707 16 -1723073393
13.733 36 -1723073393
13.760 53 -1723073393
13.787 64 -1723073393
13.813 76 -1723073393
13.840 79 -1723073393
13.867 71 -1723073393
13.893 66 -1723073393
13.920 50 -1723073393
13.947 29 -1723073393
13.973 12 -1723073393
14.000 -13 -1723073393
14.027 -40 -1723073393
14.053 -66 -1723073393
14.080 -107 -1723073393
14.107 -147 -1723073393
14.133 -185 -1723073393
14.160 -227 -1723073393
14.187 -259 -1723073393
14.213 -290 -1723073393
14.240 -331 -1723073393
14.267 -358 -1723073393
14.293 -381 -1723073393
14.320 -405 -1723073393
14.347 -412 -1723073393
14.373 -424 -1723073393
14.400 -434 -1723073393
14.427 -424 -1723073393
14.453 -430 -1723073393
14.480 -437 -1723073393
14.507 -427 -1723073393
14.533 -432 -1723073393
14.560 -428 -1723073393
14.587 -415 -1723073393
14.613 -420 -1723073393
14.640 -413 -1723073393
14.667 -400 -1723073393
14.693 -402 -1723073393
14.720 -395 -1723073393
14.747 -392 -1723073393
14.773 -408 -1723073393
14.800 -411 -1723073393
14.827 -416 -1723073393
14.853 -433 -1723073393
14.880 -437 -1723073393
14.907 -448 -1723073393
14.933 -462 -1723073393
14.960 -456 -1723073393
14.987 -460 -1723073393
15.013 -463 -1723073393
15.040 -449 -1723073393
15.067 -449 -1723073393
15.093 -449 -1723073393
15.120 -438 -1723073393
15.147 -449 -1723073393
15.173 -448 -1723073393
15.200 -431 -1723073393
15.227 -432 -1723073393
15.253 -426 -1723073393
15.280 -413 -1723073393
15.307 -417 -1723073393
15.333 -414 -1723073393
15.360 -422 -1723073393
15.387 -451 -1723073393
15.413 -464 -1723073393
15.440 -476 -1723073393
15.467 -504 -1723073393
15.493 -523 -1723073393
15.520 -550 -1723073393
15.547 -591 -1723073393
15.573 -618 -1723073393
15.600 -658 -1723073393
15.627 -700 -1723073393
15.653 -719 -1723073393
15.680 -752 -1723073393
15.707 -787 -1723073393
15.733 -803 -1723073393
15.760 -838 -1723073393
15.787 -869 -1723073393
15.813 -884 -1723073393
15.840 -919 -1723073393
15.867 -944 -1723073393
15.893 -956 -1723073393
15.920 -990 -1723073393
15.947 -1012 -1723073393
15.973 -1032 -1723073393
16.000 -1076 -1723073393
16.027 -1098 -1723073393
16.053 -1122 -1723073393
16.080 -1168 -1723073393
16.107 -1188 -1723073393
16.133 -1213 -1723073393
16.160 -1250 -1723073393
16.187 -1246 -1723073393
16.213 -1252 -1723073393
16.240 -1260 -1723073393
16.267 -1222 -1723073393
16.293 -1189 -1723073393
16.320 -1133 -1723073393
16.347 -1011 -1723073393
16.373 -880 -1723073393
16.400 -699 -1723073393
16.427 -442 -1723073393
16.453 -156 -1723073393
16.480 191 -1723073393
16.507 618 -1723073393
16.533 1089 -1723073393
16.560 1629 -1723073393
16.587 2257 -1723073393
16.613 2920 -1723073393
16.640 3614 -1723073393
16.667 4345 -1723073393
16.693 5082 -1723073393
16.720 5771 -1723073393
16.747 6412 -1723073393
16.773 6986 -1723073393
16.800 7388 -1723073393
16.827 7699 -1723073393
16.853 7884 -1723073393
16.880 7792 -1723073393
16.907 7604 -1723073393
16.933 7264 -1723073393
16.960 6645 -1723073393
16.987 5981 -1723073393
17.013 5210 -1723073393
17.040 4259 -1723073393
17.067 3353 -1723073393
17.093 2402 -1723073393
17.120 1375 -1723073393
17.147 482 -1723073393
17.173 -369 -1723073393
17.200 -1189 -1723073393
17.227 -1893 -1723073393
17.253 -2516 -1723073393
17.280 -3034 -1723073393
17.307 -3464 -1723073393
17.333 -3787 -1723073393
17.360 -4025 -1723073393
17.387 -4234 -1723073393
17.413 -4327 -1723073393
17.440 -4375 -1723073393
17.467 -4435 -1723073393
17.493 -4404 -1723073393
17.520 -4375 -1723073393
17.547 -4378 -1723073393
17.573 -4314 -1723073393
17.600 -4290 -1723073393
17.627 -4297 -1723073393
17.653 -4232 -1723073393
17.680 -4223 -1723073393
17.707 -4230 -1723073393
17.733 -4168 -1723073393
17.760 -4160 -1723073393
17.787 -4144 -1723073393
17.813 -4051 -1723073393
17.840 -4000 -1723073393
17.867 -3919 -1723073393
17.893 -3756 -1723073393
17.920 -3617 -1723073393
17.947 -3417 -1723073393
17.973 -3139 -1723073393
18.000 -2872 -1723073393
18.027 -2523 -1723073393
18.053 -2092 -1723073393
18.080 -1675 -1723073393
18.107 -1178 -1723073393
18.133 -618 -1723073393
18.160 -50 -1723073393
18.187 607 -1723073393
18.213 1313 -1723073393
18.240 2049 -1723073393
18.267 2865 -1723073393
18.293 3753 -1723073393
18.320 4722 -1723073393
18.347 5739 -1723073393
18.373 6844 -1723073393
18.400 8026 -1723073393
18.427 9213 -1723073393
18.453 10510 -1723073393
18.480 11812 -1723073393
18.507 13014 -1723073393
18.533 14271 -1723073393
18.560 15431 -1723073393
18.587 16356 -1723073393
18.613 17254 -1723073393
18.640 17908 -1723073393
18.667 18202 -1723073393
18.693 18432 -1723073393
18.720 18314 -1723073393
18.747 17797 -1723073393
18.773 17241 -1723073393
18.800 16303 -1723073393
18.827 15045 -1723073393
18.853 13813 -1723073393
18.880 12281 -1723073393
18.907 10614 -1723073393
18.933 9055 -1723073393
18.960 7316 -1723073393
18.987 5562 -1723073393
19.013 4007 -1723073393
19.040 2422 -1723073393
19.067 945 -1723073393
19.093 -357 -1723073393
19.120 -1605 -1723073393
19.147 -2673 -1723073393
19.173 -3583 -1723073393
19.200 -4366 -1723073393
19.227 -5026 -1723073393
19.253 -5586 -1723073393
19.280 -5978 -1723073393
19.307 -6298 -1723073393
19.333 -6547 -1723073393
19.360 -6653 -1723073393
19.387 -6763 -1723073393
19.413 -6824 -1723073393
19.440 -6768 -1723073393
19.467 -6753 -1723073393
19.493 -6703 -1723073393
19.520 -6569 -1723073393
19.547 -6524 -1723073393
19.573 -6454 -1723073393
19.600 -6328 -1723073393
19.627 -6277 -1723073393
19.653 -6181 -1723073393
19.680 -6048 -1723073393
19.707 -5988 -1723073393
19.733 -5877 -1723073393
19.760 -5740 -1723073393
19.787 -5664 -1723073393
19.813 -5521 -1723073393
19.840 -5366 -1723073393
19.867 -5256 -1723073393
19.893 -5078 -1723073393
19.920 -4905 -1723073393
19.947 -4786 -1723073393
19.973 -4613 -1723073393
20.000 -4480 -1723073393
20.027 -4418 -1723073393
20.053 -4329 -1723073393
20.080 -4319 -1723073393
20.107 -4394 -1723073393
20.133 -4475 -1723073393
20.160 -4650 -1723073393
20.187 -4916 -1723073393
20.213 -5185 -1723073393
20.240 -5537 -1723073393
20.267 -5942 -1723073393
20.293 -6328 -1723073393
20.320 -6779 -1723073393
20.347 -7216 -1723073393
20.373 -7575 -1723073393
20.400 -7955 -1723073393
20.427 -8264 -1723073393
20.453 -8443 -1723073393
20.480 -8602 -1723073393
20.507 -8625 -1723073393
20.533 -8500 -1723073393
20.560 -8354 -1723073393
20.587 -8059 -1723073393
20.613 -7651 -1723073393
20.640 -7248 -1723073393
20.667 -6717 -1723073393
20.693 -6126 -1723073393
20.720 -5569 -1723073393
20.747 -4941 -1723073393
20.773 -4331 -1723073393
20.800 -3783 -1723073393
20.827 -3210 -1723073393
20.853 -2679 -1723073393
20.880 -2236 -1723073393
20.907 -1801 -1723073393
20.933 -1419 -1723073393
20.960 -1105 -1723073393
20.987 -806 -1723073393
21.013 -560 -1723073393
21.040 -356 -1723073393
21.067 -163 -1723073393
21.093 -3 -1723073393
21.120 123 -1723073393
21.147 244 -1723073393
21.173 350 -1723073393
21.200 437 -1723073393
21.227 522 -1723073393
21.253 604 -1723073393
21.280 675 -1723073393
21.307 741 -1723073393
21.333 800 -1723073393
21.360 842 -1723073393
21.387 884 -1723073393
21.413 928 -1723073393
21.440 964 -1723073393
21.467 1003 -1723073393
21.493 1046 -1723073393
21.520 1068 -1723073393
21.547 1087 -1723073393
21.573 1113 -1723073393
21.600 1129 -1723073393
21.627 1143 -1723073393
21.653 1161 -1723073393
21.680 1174 -1723073393
21.707 1195 -1723073393
21.733 1222 -1723073393
21.760 1238 -1723073393
21.787 1266 -1723073393
21.813 1299 -1723073393
21.840 1324 -1723073393
21.867 1355 -1723073393
21.893 1390 -1723073393
21.920 1423 -1723073393
21.947 1469 -1723073393
21.973 1520 -1723073393
22.000 1559 -1723073393
22.027 1600 -1723073393
22.053 1645 -1723073393
22.080 1681 -1723073393
22.107 1730 -1723073393
22.133 1781 -1723073393
22.160 1826 -1723073393
22.187 1892 -1723073393
22.213 1958 -1723073393
22.240 2020 -1723073393
22.267 2101 -1723073393
22.293 2182 -1723073393
22.320 2253 -1723073393
22.347 2333 -1723073393
22.373 2395 -1723073393
22.400 2438 -1723073393
22.427 2482 -1723073393
22.453 2495 -1723073393
22.480 2480 -1723073393
22.507 2461 -1723073393
22.533 2407 -1723073393
22.560 2326 -1723073393
22.587 2239 -1723073393
22.613 2116 -1723073393
22.640 1975 -1723073393
22.667 1835 -1723073393
22.693 1672 -1723073393
22.720 1505 -1723073393
22.747 1354 -1723073393
22.773 1199 -1723073393
22.800 1057 -1723073393
22.827 938 -1723073393
22.853 832 -1723073393
22.880 758 -1723073393
22.907 714 -1723073393
22.933 686 -1723073393
22.960 681 -1723073393
22.987 691 -1723073393
23.013 706 -1723073393
23.040 730 -1723073393
23.067 758 -1723073393
23.093 785 -1723073393
23.120 809 -1723073393
23.147 831 -1723073393
23.173 852 -1723073393
23.200 881 -1723073393
23.227 903 -1723073393
23.253 912 -1723073393
23.280 922 -1723073393
23.307 926 -1723073393
23.333 926 -1723073393
23.360 933 -1723073393
23.387 928 -1723073393
23.413 914 -1723073393
23.440 901 -1723073393
23.467 876 -1723073393
23.493 844 -1723073393
23.520 813 -1723073393
23.547 779 -1723073393
23.573 741 -1723073393
23.600 705 -1723073393
23.627 666 -1723073393
23.653 626 -1723073393
23.680 590 -1723073393
23.707 549 -1723073393
23.733 499 -1723073393
23.760 445 -1723073393
23.787 386 -1723073393
23.813 330 -1723073393
23.840 275 -1723073393
23.867 210 -1723073393
23.893 151 -1723073393
23.920 95 -1723073393
23.947 38 -1723073393
23.973 -10 -1723073393
24.000 -54 -1723073393
24.027 -90 -1723073393
24.053 -108 -1723073393
24.080 -112 -1723073393
24.107 -102 -1723073393
24.133 -74 -1723073393
24.160 -44 -1723073393
24.187 -7 -1723073393
24.213 36 -1723073393
24.240 76 -1723073393
24.267 119 -1723073393
24.293 163 -1723073393
24.320 205 -1723073393
24.347 248 -1723073393
24.373 292 -1723073393
24.400 331 -1723073393
24.427 374 -1723073393
24.453 427 -1723073393
24.480 476 -1723073393
24.507 525 -1723073393
24.533 579 -1723073393
24.560 630 -1723073393
24.587 683 -1723073393
24.613 738 -1723073393
24.640 786 -1723073393
24.667 827 -1723073393
24.693 867 -1723073393
24.720 898 -1723073393
24.747 916 -1723073393
24.773 931 -1723073393
24.800 930 -1723073393
24.827 917 -1723073393
24.853 902 -1723073393
24.880 868 -1723073393
24.907 817 -1723073393
24.933 764 -1723073393
24.960 697 -1723073393
24.987 617 -1723073393
25.013 537 -1723073393
25.040 445 -1723073393
25.067 349 -1723073393
25.093 266 -1723073393
25.120 185 -1723073393
25.147 116 -1723073393
25.173 66 -1723073393
25.200 20 -1723073393
25.227 -7 -1723073393
25.253 -16 -1723073393
25.280 -17 -1723073393
25.307 -6 -1723073393
25.333 13 -1723073393
25.360 34 -1723073393
25.387 61 -1723073393
25.413 80 -1723073393
25.440 90 -1723073393
25.467 103 -1723073393
25.493 114 -1723073393
25.520 115 -1723073393
25.547 115 -1723073393
25.573 108 -1723073393
25.600 87 -1723073393
25.627 67 -1723073393
25.653 42 -1723073393
25.680 6 -1723073393
25.707 -29 -1723073393
25.733 -63 -1723073393
25.760 -97 -1723073393
25.787 -125 -1723073393
25.813 -148 -1723073393
25.840 -159 -1723073393
25.867 -160 -1723073393
25.893 -154 -1723073393
25.920 -137 -1723073393
25.947 -110 -1723073393
25.973 -77 -1723073393
26.000 -35 -1723073393
26.027 15 -1723073393
26.053 65 -1723073393
26.080 114 -1723073393
26.107 165 -1723073393
26.133 212 -1723073393
26.160 255 -1723073393
26.187 292 -1723073393
26.213 316 -1723073393
26.240 330 -1723073393
26.267 341 -1723073393
26.293 343 -1723073393
26.320 333 -1723073393
26.347 315 -1723073393
26.373 286 -1723073393
26.400 248 -1723073393
26.427 215 -1723073393
26.453 173 -1723073393
26.480 121 -1723073393
26.507 75 -1723073393
26.533 27 -1723073393
26.560 -17 -1723073393
26.587 -44 -1723073393
26.613 -64 -1723073393
26.640 -83 -1723073393
26.667 -94 -1723073393
26.693 -103 -1723073393
26.720 -108 -1723073393
26.747 -108 -1723073393
26.773 -113 -1723073393
26.800 -120 -1723073393
26.827 -124 -1723073393
26.853 -134 -1723073393
26.880 -147 -1723073393
26.907 -160 -1723073393
26.933 -180 -1723073393
26.960 -204 -1723073393
26.987 -224 -1723073393
27.013 -235 -1723073393
27.040 -235 -1723073393
27.067 -227 -1723073393
27.093 -218 -1723073393
27.120 -201 -1723073393
27.147 -184 -1723073393
27.173 -169 -1723073393
27.200 -147 -1723073393
27.227 -124 -1723073393
27.253 -108 -1723073393
27.280 -95 -1723073393
27.307 -82 -1723073393
27.333 -71 -1723073393
27.360 -62 -1723073393
27.387 -59 -1723073393
27.413 -60 -1723073393
27.440 -59 -1723073393
27.467 -61 -1723073393
27.493 -68 -1723073393
27.520 -78 -1723073393
27.547 -89 -1723073393
27.573 -108 -1723073393
27.600 -129 -1723073393
27.627 -146 -1723073393
27.653 -161 -1723073393
27.680 -171 -1723073393
27.707 -179 -1723073393
27.733 -189 -1723073393
27.760 -198 -1723073393
27.787 -208 -1723073393
27.813 -219 -1723073393
27.840 -223 -1723073393
27.867 -219 -1723073393
27.893 -210 -1723073393
27.920 -193 -1723073393
27.947 -169 -1723073393
27.973 -143 -1723073393
28.000 -111 -1723073393
28.027 -75 -1723073393
28.053 -35 -1723073393
28.080 8 -1723073393
28.107 51 -1723073393
28.133 96 -1723073393
28.160 143 -1723073393
28.187 186 -1723073393
28.213 222 -1723073393
28.240 256 -1723073393
28.267 289 -1723073393
28.293 316 -1723073393
28.320 339 -1723073393
28.347 355 -1723073393
28.373 364 -1723073393
28.400 373 -1723073393
28.427 376 -1723073393
28.453 372 -1723073393
28.480 369 -1723073393
28.507 354 -1723073393
28.533 329 -1723073393
28.560 302 -1723073393
28.587 269 -1723073393
28.613 233 -1723073393
28.640 199 -1723073393
28.667 160 -1723073393
28.693 117 -1723073393
28.720 77 -1723073393
28.747 37 -1723073393
28.773 1 -1723073393
28.800 -26 -1723073393
28.827 -48 -1723073393
28.853 -60 -1723073393
28.880 -61 -1723073393
28.907 -55 -1723073393
28.933 -44 -1723073393
28.960 -25 -1723073393
28.987 -8 -1723073393
29.013 7 -1723073393
29.040 31 -1723073393
29.067 51 -1723073393
29.093 68 -1723073393
29.120 86 -1723073393
29.147 99 -1723073393
29.173 107 -1723073393
29.200 107 -1723073393
29.227 100 -1723073393
29.253 93 -1723073393
29.280 86 -1723073393
29.307 67 -1723073393
29.333 43 -1723073393
29.360 18 -1723073393
29.387 -16 -1723073393
29.413 -50 -1723073393
29.440 -83 -1723073393
29.467 -118 -1723073393
29.493 -143 -1723073393
29.520 -156 -1723073393
29.547 -164 -1723073393
29.573 -167 -1723073393
29.600 -166 -1723073393
29.627 -160 -1723073393
29.653 -143 -1723073393
29.680 -120 -1723073393
29.707 -93 -1723073393
29.733 -55 -1723073393
29.760 -12 -1723073393
29.787 27 -1723073393
29.813 66 -1723073393
29.840 103 -1723073393
29.867 134 -1723073393
29.893 165 -1723073393
29.920 197 -1723073393
29.947 217 -1723073393
29.973 229 -1723073393
30.000 241 -1723073393
30.027 252 -1723073393
30.053 260 -1723073393
30.080 267 -1723073393
30.107 268 -1723073393
30.133 269 -1723073393
30.160 273 -1723073393
30.187 275 -1723073393
30.213 277 -1723073393
30.240 280 -1723073393
30.267 280 -1723073393
30.293 282 -1723073393
30.320 281 -1723073393
30.347 269 -1723073393
30.373 250 -1723073393
30.400 226 -1723073393
30.427 195 -1723073393
30.453 158 -1723073393
30.480 120 -1723073393
30.507 76 -1723073393
30.533 36 -1723073393
30.560 -2 -1723073393
30.587 -47 -1723073393
30.613 -91 -1723073393
30.640 -128 -1723073393
30.667 -160 -1723073393
30.693 -181 -1723073393
30.720 -191 -1723073393
30.747 -191 -1723073393
30.773 -178 -1723073393
30.800 -156 -1723073393
30.827 -122 -1723073393
30.853 -75 -1723073393
30.880 -27 -1723073393
30.907 23 -1723073393
30.933 83 -1723073393
30.960 145 -1723073393
30.987 199 -1723073393
31.013 242 -1723073393
31.040 267 -1723073393
31.067 274 -1723073393
31.093 267 -1723073393
31.120 248 -1723073393
31.147 215 -1723073393
31.173 173 -1723073393
31.200 122 -1723073393
31.227 64 -1723073393
31.253 0 -1723073393
31.280 -63 -1723073393
31.307 -123 -1723073393
31.333 -175 -1723073393
31.360 -222 -1723073393
31.387 -262 -1723073393
31.413 -288 -1723073393
31.440 -301 -1723073393
31.467 -299 -1723073393
31.493 -278 -1723073393
31.520 -243 -1723073393
31.547 -204 -1723073393
31.573 -159 -1723073393
31.600 -104 -1723073393
31.627 -48 -1723073393
31.653 8 -1723073393
31.680 63 -1723073393
31.707 109 -1723073393
31.733 148 -1723073393
31.760 187 -1723073393
31.787 216 -1723073393
31.813 232 -1723073393
31.840 245 -1723073393
31.867 251 -1723073393
31.893 252 -1723073393
31.920 253 -1723073393
31.947 246 -1723073393
31.973 239 -1723073393
32.000 240 -1723073393
32.027 238 -1723073393
32.053 237 -1723073393
32.080 242 -1723073393
32.107 242 -1723073393
32.133 230 -1723073393
32.160 211 -1723073393
32.187 177 -1723073393
32.213 137 -1723073393
32.240 106 -1723073393
32.267 68 -1723073393
32.293 26 -1723073393
32.320 -11 -1723073393
32.347 -49 -1723073393
32.373 -84 -1723073393
32.400 -108 -1723073393
32.427 -127 -1723073393
32.453 -141 -1723073393
32.480 -138 -1723073393
32.507 -125 -1723073393
32.533 -102 -1723073393
32.560 -64 -1723073393
32.587 -15 -1723073393
32.613 32 -1723073393
32.640 83 -1723073393
32.667 133 -1723073393
32.693 184 -1723073393
32.720 234 -1723073393
32.747 267 -1723073393
32.773 285 -1723073393
32.800 295 -1723073393
32.827 289 -1723073393
32.853 262 -1723073393
32.880 225 -1723073393
32.907 172 -1723073393
32.933 103 -1723073393
32.960 25 -1723073393
32.987 -65 -1723073393
33.013 -157 -1723073393
33.040 -237 -1723073393
33.067 -309 -1723073393
33.093 -371 -1723073393
33.120 -412 -1723073393
33.147 -434 -1723073393
33.173 -433 -1723073393
33.200 -405 -1723073393
33.227 -356 -1723073393
33.253 -294 -1723073393
33.280 -220 -1723073393
33.307 -139 -1723073393
33.333 -57 -1723073393
33.360 24 -1723073393
33.387 106 -1723073393
33.413 181 -1723073393
33.440 252 -1723073393
33.467 317 -1723073393
33.493 367 -1723073393
33.520 407 -1723073393
33.547 438 -1723073393
33.573 452 -1723073393
33.600 455 -1723073393
33.627 455 -1723073393
33.653 448 -1723073393
33.680 440 -1723073393
33.707 435 -1723073393
33.733 425 -1723073393
33.760 418 -1723073393
33.787 414 -1723073393
33.813 408 -1723073393
33.840 401 -1723073393
33.867 397 -1723073393
33.893 383 -1723073393
33.920 366 -1723073393
33.947 351 -1723073393
33.973 320 -1723073393
34.000 275 -1723073393
34.027 234 -1723073393
34.053 185 -1723073393
34.080 131 -1723073393
34.107 83 -1723073393
34.133 36 -1723073393
34.160 -2 -1723073393
34.187 -29 -1723073393
34.213 -45 -1723073393
34.240 -54 -1723073393
34.267 -51 -1723073393
34.293 -36 -1723073393
34.320 -8 -1723073393
34.347 29 -1723073393
34.373 68 -1723073393
34.400 109 -1723073393
34.427 160 -1723073393
34.453 214 -1723073393
34.480 265 -1723073393
34.507 314 -1723073393
34.533 358 -1723073393
34.560 386 -1723073393
34.587 405 -1723073393
34.613 408 -1723073393
34.640 387 -1723073393
34.667 356 -1723073393
34.693 309 -1723073393
34.720 237 -1723073393
34.747 164 -1723073393
34.773 89 -1723073393
34.800 0 -1723073393
34.827 -82 -1723073393
34.853 -151 -1723073393
34.880 -212 -1723073393
34.907 -259 -1723073393
34.933 -285 -1723073393
34.960 -297 -1723073393
34.987 -286 -1723073393
35.013 -250 -1723073393
35.040 -197 -1723073393
35.067 -133 -1723073393
35.093 -62 -1723073393
35.120 14 -1723073393
35.147 88 -1723073393
35.173 163 -1723073393
35.200 236 -1723073393
35.227 300 -1723073393
35.253 354 -1723073393
35.280 397 -1723073393
35.307 431 -1723073393
35.333 463 -1723073393
35.360 481 -1723073393
35.387 485 -1723073393
35.413 487 -1723073393
35.440 476 -1723073393
35.467 455 -1723073393
35.493 436 -1723073393
35.520 411 -1723073393
35.547 376 -1723073393
35.573 340 -1723073393
35.600 302 -1723073393
35.627 263 -1723073393
35.653 227 -1723073393
35.680 192 -1723073393
35.707 152 -1723073393
35.733 116 -1723073393
35.760 83 -1723073393
35.787 52 -1723073393
35.813 28 -1723073393
35.840 6 -1723073393
35.867 -12 -1723073393
35.893 -20 -1723073393
35.920 -17 -1723073393
35.947 -13 -1723073393
35.973 -5 -1723073393
36.000 9 -1723073393
36.027 27 -1723073393
36.053 46 -1723073393
36.080 71 -1723073393
36.107 106 -1723073393
36.133 149 -1723073393
36.160 192 -1723073393
36.187 232 -1723073393
36.213 271 -1723073393
36.240 310 -1723073393
36.267 345 -1723073393
36.293 375 -1723073393
36.320 400 -1723073393
36.347 410 -1723073393
36.373 407 -1723073393
36.400 398 -1723073393
36.427 375 -1723073393
36.453 339 -1723073393
36.480 298 -1723073393
36.507 249 -1723073393
36.533 190 -1723073393
36.560 129 -1723073393
36.587 66 -1723073393
36.613 5 -1723073393
36.640 -46 -1723073393
36.667 -83 -1723073393
36.693 -108 -1723073393
36.720 -120 -1723073393
36.747 -115 -1723073393
36.773 -94 -1723073393
36.800 -65 -1723073393
36.827 -28 -1723073393
36.853 18 -1723073393
36.880 67 -1723073393
36.907 118 -1723073393
36.933 170 -1723073393
36.960 221 -1723073393
36.987 267 -1723073393
37.013 304 -1723073393
37.040 336 -1723073393
37.067 363 -1723073393
37.093 376 -1723073393
37.120 380 -1723073393
37.147 382 -1723073393
37.173 374 -1723073393
37.200 360 -1723073393
37.227 349 -1723073393
37.253 335 -1723073393
37.280 321 -1723073393
37.307 313 -1723073393
37.333 306 -1723073393
37.360 300 -1723073393
37.387 301 -1723073393
37.413 306 -1723073393
37.440 313 -1723073393
37.467 323 -1723073393
37.493 328 -1723073393
37.520 328 -1723073393
37.547 330 -1723073393
37.573 326 -1723073393
37.600 320 -1723073393
37.627 316 -1723073393
37.653 309 -1723073393
37.680 298 -1723073393
37.707 289 -1723073393
37.733 278 -1723073393
37.760 261 -1723073393
37.787 251 -1723073393
37.813 244 -1723073393
37.840 233 -1723073393
37.867 227 -1723073393
37.893 227 -1723073393
37.920 227 -1723073393
37.947 230 -1723073393
37.973 235 -1723073393
38.000 239 -1723073393
38.027 243 -1723073393
38.053 251 -1723073393
38.080 253 -1723073393
38.107 252 -1723073393
38.133 253 -1723073393
38.160 246 -1723073393
38.187 226 -1723073393
38.213 202 -1723073393
38.240 170 -1723073393
38.267 130 -1723073393
38.293 89 -1723073393
38.320 39 -1723073393
38.347 -21 -1723073393
38.373 -73 -1723073393
38.400 -117 -1723073393
38.427 -151 -1723073393
38.453 -171 -1723073393
38.480 -179 -1723073393
38.507 -183 -1723073393
38.533 -173 -1723073393
38.560 -147 -1723073393
38.587 -114 -1723073393
38.613 -74 -1723073393
38.640 -33 -1723073393
38.667 7 -1723073393
38.693 50 -1723073393
38.720 96 -1723073393
38.747 137 -1723073393
38.773 175 -1723073393
38.800 212 -1723073393
38.827 241 -1723073393
38.853 256 -1723073393
38.880 270 -1723073393
38.907 277 -1723073393
38.933 271 -1723073393
38.960 266 -1723073393
38.987 254 -1723073393
39.013 235 -1723073393
39.040 229 -1723073393
39.067 228 -1723073393
39.093 223 -1723073393
39.120 224 -1723073393
39.147 229 -1723073393
39.173 228 -1723073393
39.200 230 -1723073393
39.227 238 -1723073393
39.253 241 -1723073393
39.280 240 -1723073393
39.307 239 -1723073393
39.333 227 -1723073393
39.360 214 -1723073393
39.387 206 -1723073393
39.413 196 -1723073393
39.440 186 -1723073393
39.467 183 -1723073393
39.493 176 -1723073393
39.520 168 -1723073393
39.547 166 -1723073393
39.573 165 -1723073393
39.600 165 -1723073393
39.627 172 -1723073393
39.653 177 -1723073393
39.680 178 -1723073393
39.707 180 -1723073393
39.733 180 -1723073393
39.760 175 -1723073393
39.787 168 -1723073393
39.813 154 -1723073393
39.840 136 -1723073393
39.867 123 -1723073393
39.893 113 -1723073393
39.920 99 -1723073393
39.947 86 -1723073393
39.973 70 -1723073393
40.000 48 -1723073393
40.027 32 -1723073393
40.053 20 -1723073393
40.080 5 -1723073393
40.107 -7 -1723073393
40.133 -11 -1723073393
40.160 -14 -1723073393
40.187 -14 -1723073393
40.213 0 -1723073393
40.240 19 -1723073393
40.267 44 -1723073393
40.293 76 -1723073393
40.320 111 -1723073393
40.347 143 -1723073393
40.373 179 -1723073393
40.400 210 -1723073393
40.427 232 -1723073393
40.453 258 -1723073393
40.480 282 -1723073393
40.507 287 -1723073393
40.533 288 -1723073393
40.560 284 -1723073393
40.587 270 -1723073393
40.613 255 -1723073393
40.640 244 -1723073393
40.667 229 -1723073393
40.693 209 -1723073393
40.720 194 -1723073393
40.747 174 -1723073393
40.773 153 -1723073393
40.800 146 -1723073393
40.827 142 -1723073393
40.853 139 -1723073393
40.880 147 -1723073393
40.907 161 -1723073393
40.933 168 -1723073393
40.960 180 -1723073393
40.987 193 -1723073393
41.013 198 -1723073393
41.040 202 -1723073393
41.067 210 -1723073393
41.093 212 -1723073393
41.120 211 -1723073393
41.147 211 -1723073393
41.173 203 -1723073393
41.200 192 -1723073393
41.227 186 -1723073393
41.253 173 -1723073393
41.280 152 -1723073393
41.307 136 -1723073393
41.333 117 -1723073393
41.360 98 -1723073393
41.387 94 -1723073393
41.413 88 -1723073393
41.440 76 -1723073393
41.467 75 -1723073393
41.493 80 -1723073393
41.520 80 -1723073393
41.547 85 -1723073393
41.573 93 -1723073393
41.600 93 -1723073393
41.627 94 -1723073393
41.653 97 -1723073393
41.680 85 -1723073393
41.707 67 -1723073393
41.733 53 -1723073393
41.760 35 -1723073393
41.787 16 -1723073393
41.813 3 -1723073393
41.840 -12 -1723073393
41.867 -34 -1723073393
41.893 -51 -1723073393
41.920 -70 -1723073393
41.947 -88 -1723073393
41.973 -90 -1723073393
42.000 -85 -1723073393
42.027 -82 -1723073393
42.053 -66 -1723073393
42.080 -45 -1723073393
42.107 -32 -1723073393
42.133 -13 -1723073393
42.160 5 -1723073393
42.187 12 -1723073393
42.213 22 -1723073393
42.240 33 -1723073393
42.267 31 -1723073393
42.293 27 -1723073393
42.320 31 -1723073393
42.347 24 -1723073393
42.373 9 -1723073393
42.400 3 -1723073393
42.427 -5 -1723073393
42.453 -21 -1723073393
42.480 -24 -1723073393
42.507 -23 -1723073393
42.533 -27 -1723073393
42.560 -20 -1723073393
42.587 -4 -1723073393
42.613 3 -1723073393
42.640 16 -1723073393
42.667 34 -1723073393
42.693 41 -1723073393
42.720 52 -1723073393
42.747 75 -1723073393
42.773 94 -1723073393
42.800 110 -1723073393
42.827 132 -1723073393
42.853 148 -1723073393
42.880 155 -1723073393
42.907 169 -1723073393
42.933 176 -1723073393
42.960 174 -1723073393
42.987 176 -1723073393
43.013 175 -1723073393
43.040 162 -1723073393
43.067 150 -1723073393
43.093 140 -1723073393
43.120 119 -1723073393
43.147 101 -1723073393
43.173 90 -1723073393
43.200 76 -1723073393
43.227 65 -1723073393
43.253 61 -1723073393
43.280 52 -1723073393
43.307 40 -1723073393
43.333 34 -1723073393
43.360 20 -1723073393
43.387 0 -1723073393
43.413 -14 -1723073393
43.440 -34 -1723073393
43.467 -63 -1723073393
43.493 -85 -1723073393
43.520 -104 -1723073393
43.547 -124 -1723073393
43.573 -138 -1723073393
43.600 -151 -1723073393
43.627 -171 -1723073393
43.653 -180 -1723073393
43.680 -176 -1723073393
43.707 -174 -1723073393
43.733 -166 -1723073393
43.760 -143 -1723073393
43.787 -123 -1723073393
43.813 -102 -1723073393
43.840 -67 -1723073393
43.867 -32 -1723073393
43.893 -7 -1723073393
43.920 20 -1723073393
43.947 38 -1723073393
43.973 38 -1723073393
44.000 37 -1723073393
44.027 31 -1723073393
44.053 8 -1723073393
44.080 -18 -1723073393
44.107 -41 -1723073393
44.133 -71 -1723073393
44.160 -98 -1723073393
44.187 -112 -1723073393
44.213 -126 -1723073393
44.240 -137 -1723073393
44.267 -126 -1723073393
44.293 -112 -1723073393
44.320 -102 -1723073393
44.347 -71 -1723073393
44.373 -30 -1723073393
44.400 1 -1723073393
44.427 46 -1723073393
44.453 96 -1723073393
44.480 130 -1723073393
44.507 165 -1723073393
44.533 205 -1723073393
44.560 231 -1723073393
44.587 250 -1723073393
44.613 275 -1723073393
44.640 287 -1723073393
44.667 289 -1723073393
44.693 291 -1723073393
44.720 282 -1723073393
44.747 260 -1723073393
44.773 240 -1723073393
44.800 219 -1723073393
44.827 189 -1723073393
44.853 162 -1723073393
44.880 138 -1723073393
44.907 106 -1723073393
44.933 77 -1723073393
44.960 54 -1723073393
44.987 21 -1723073393
45.013 -12 -1723073393
45.040 -34 -1723073393
45.067 -57 -1723073393
45.093 -83 -1723073393
45.120 -96 -1723073393
45.147 -106 -1723073393
45.173 -121 -1723073393
45.200 -119 -1723073393
45.227 -108 -1723073393
45.253 -101 -1723073393
45.280 -84 -1723073393
45.307 -61 -1723073393
45.333 -46 -1723073393
45.360 -34 -1723073393
45.387 -14 -1723073393
45.413 -2 -1723073393
45.440 12 -1723073393
45.467 39 -1723073393
45.493 62 -1723073393
45.520 79 -1723073393
45.547 100 -1723073393
45.573 117 -1723073393
45.600 124 -1723073393
45.627 135 -1723073393
45.653 141 -1723073393
45.680 133 -1723073393
45.707 126 -1723073393
45.733 123 -1723073393
45.760 108 -1723073393
45.787 91 -1723073393
45.813 79 -1723073393
45.840 57 -1723073393
45.867 30 -1723073393
45.893 9 -1723073393
45.920 -17 -1723073393
45.947 -42 -1723073393
45.973 -53 -1723073393
46.000 -64 -1723073393
46.027 -79 -1723073393
46.053 -78 -1723073393
46.080 -69 -1723073393
46.107 -65 -1723073393
46.133 -49 -1723073393
46.160 -20 -1723073393
46.187 4 -1723073393
46.213 33 -1723073393
46.240 71 -1723073393
46.267 100 -1723073393
46.293 122 -1723073393
46.320 148 -1723073393
46.347 169 -1723073393
46.373 182 -1723073393
46.400 201 -1723073393
46.427 220 -1723073393
46.453 233 -1723073393
46.480 252 -1723073393
46.507 268 -1723073393
46.533 272 -1723073393
46.560 278 -1723073393
46.587 289 -1723073393
46.613 289 -1723073393
46.640 279 -1723073393
46.667 264 -1723073393
46.693 244 -1723073393
46.720 220 -1723073393
46.747 200 -1723073393
46.773 174 -1723073393
46.800 140 -1723073393
46.827 109 -1723073393
46.853 81 -1723073393
46.880 53 -1723073393
46.907 34 -1723073393
46.933 23 -1723073393
46.960 11 -1723073393
46.987 10 -1723073393
47.013 21 -1723073393
47.040 28 -1723073393
47.067 40 -1723073393
47.093 64 -1723073393
47.120 86 -1723073393
47.147 106 -1723073393
47.173 133 -1723073393
47.200 156 -1723073393
47.227 170 -1723073393
47.253 190 -1723073393
47.280 210 -1723073393
47.307 226 -1723073393
47.333 243 -1723073393
47.360 260 -1723073393
47.387 263 -1723073393
47.413 259 -1723073393
47.440 258 -1723073393
47.467 250 -1723073393
47.493 237 -1723073393
47.520 229 -1723073393
47.547 218 -1723073393
47.573 201 -1723073393
47.600 187 -1723073393
47.627 168 -1723073393
47.653 143 -1723073393
47.680 126 -1723073393
47.707 116 -1723073393
47.733 103 -1723073393
47.760 95 -1723073393
47.787 95 -1723073393
47.813 97 -1723073393
47.840 107 -1723073393
47.867 132 -1723073393
47.893 161 -1723073393
47.920 189 -1723073393
47.947 228 -1723073393
47.973 269 -1723073393
48.000 301 -1723073393
48.027 342 -1723073393
48.053 387 -1723073393
48.080 423 -1723073393
48.107 455 -1723073393
48.133 487 -1723073393
48.160 508 -1723073393
48.187 529 -1723073393
48.213 549 -1723073393
48.240 559 -1723073393
48.267 569 -1723073393
48.293 583 -1723073393
48.320 589 -1723073393
48.347 587 -1723073393
48.373 584 -1723073393
48.400 570 -1723073393
48.427 545 -1723073393
48.453 523 -1723073393
48.480 497 -1723073393
48.507 464 -1723073393
48.533 432 -1723073393
48.560 400 -1723073393
48.587 364 -1723073393
48.613 337 -1723073393
48.640 321 -1723073393
48.667 300 -1723073393
48.693 279 -1723073393
48.720 269 -1723073393
48.747 261 -1723073393
48.773 257 -1723073393
48.800 266 -1723073393
48.827 284 -1723073393
48.853 297 -1723073393
48.880 312 -1723073393
48.907 327 -1723073393
48.933 328 -1723073393
48.960 324 -1723073393
48.987 324 -1723073393
49.013 316 -1723073393
49.040 307 -1723073393
49.067 305 -1723073393
49.093 297 -1723073393
49.120 283 -1723073393
49.147 273 -1723073393
49.173 260 -1723073393
49.200 239 -1723073393
49.227 221 -1723073393
49.253 212 -1723073393
49.280 203 -1723073393
49.307 198 -1723073393
49.333 202 -1723073393
49.360 199 -1723073393
49.387 186 -1723073393
49.413 181 -1723073393
49.440 179 -1723073393
49.467 177 -1723073393
49.493 179 -1723073393
49.520 183 -1723073393
49.547 180 -1723073393
49.573 183 -1723073393
49.600 194 -1723073393
49.627 200 -1723073393
49.653 206 -1723073393
49.680 223 -1723073393
49.707 234 -1723073393
49.733 241 -1723073393
49.760 256 -1723073393
49.787 269 -1723073393
49.813 271 -1723073393
49.840 278 -1723073393
49.867 286 -1723073393
49.893 283 -1723073393
49.920 276 -1723073393
49.947 269 -1723073393
49.973 254 -1723073393
50.000 236 -1723073393
50.027 221 -1723073393
50.053 206 -1723073393
50.080 192 -1723073393
50.107 184 -1723073393
50.133 172 -1723073393
50.160 154 -1723073393
50.187 140 -1723073393
50.213 128 -1723073393
50.240 107 -1723073393
50.267 84 -1723073393
50.293 65 -1723073393
50.320 40 -1723073393
50.347 9 -1723073393
50.373 -17 -1723073393
50.400 -47 -1723073393
50.427 -80 -1723073393
50.453 -104 -1723073393
50.480 -123 -1723073393
50.507 -148 -1723073393
50.533 -165 -1723073393
50.560 -170 -1723073393
50.587 -181 -1723073393
50.613 -186 -1723073393
50.640 -175 -1723073393
50.667 -164 -1723073393
50.693 -155 -1723073393
50.720 -131 -1723073393
50.747 -110 -1723073393
50.773 -99 -1723073393
50.800 -83 -1723073393
50.827 -66 -1723073393
50.853 -60 -1723073393
50.880 -50 -1723073393
50.907 -39 -1723073393
50.933 -39 -1723073393
50.960 -40 -1723073393
50.987 -35 -1723073393
51.013 -37 -1723073393
51.040 -43 -1723073393
51.067 -46 -1723073393
51.093 -54 -1723073393
51.120 -64 -1723073393
51.147 -67 -1723073393
51.173 -66 -1723073393
51.200 -67 -1723073393
51.227 -63 -1723073393
51.253 -50 -1723073393
51.280 -38 -1723073393
51.307 -26 -1723073393
51.333 -9 -1723073393
51.360 6 -1723073393
51.387 22 -1723073393
51.413 47 -1723073393
51.440 74 -1723073393
51.467 100 -1723073393
51.493 129 -1723073393
51.520 160 -1723073393
51.547 185 -1723073393
51.573 215 -1723073393
51.600 248 -1723073393
51.627 276 -1723073393
51.653 296 -1723073393
51.680 311 -1723073393
51.707 316 -1723073393
51.733 318 -1723073393
51.760 322 -1723073393
51.787 321 -1723073393
51.813 317 -1723073393
51.840 314 -1723073393
51.867 306 -1723073393
51.893 297 -1723073393
51.920 293 -1723073393
51.947 291 -1723073393
51.973 287 -1723073393
52.000 287 -1723073393
52.027 296 -1723073393
52.053 300 -1723073393
52.080 299 -1723073393
52.107 300 -1723073393
52.133 297 -1723073393
52.160 287 -1723073393
52.187 276 -1723073393
52.213 265 -1723073393
52.240 252 -1723073393
52.267 236 -1723073393
52.293 219 -1723073393
52.320 198 -1723073393
52.347 181 -1723073393
52.373 172 -1723073393
52.400 163 -1723073393
52.427 155 -1723073393
52.453 155 -1723073393
52.480 156 -1723073393
52.507 154 -1723073393
52.533 157 -1723073393
52.560 162 -1723073393
52.587 159 -1723073393
52.613 156 -1723073393
52.640 155 -1723073393
52.667 149 -1723073393
52.693 136 -1723073393
52.720 124 -1723073393
52.747 111 -1723073393
52.773 96 -1723073393
52.800 81 -1723073393
52.827 66 -1723073393
52.853 47 -1723073393
52.880 34 -1723073393
52.907 30 -1723073393
52.933 21 -1723073393
52.960 9 -1723073393
52.987 3 -1723073393
53.013 2 -1723073393
53.040 1 -1723073393
53.067 7 -1723073393
53.093 19 -1723073393
53.120 29 -1723073393
53.147 39 -1723073393
53.173 52 -1723073393
53.200 60 -1723073393
53.227 64 -1723073393
53.253 76 -1723073393
53.280 89 -1723073393
53.307 99 -1723073393
53.333 113 -1723073393
53.360 128 -1723073393
53.387 135 -1723073393
53.413 142 -1723073393
53.440 151 -1723073393
53.467 157 -1723073393
53.493 162 -1723073393
53.520 172 -1723073393
53.547 180 -1723073393
53.573 188 -1723073393
53.600 202 -1723073393
53.627 216 -1723073393
53.653 225 -1723073393
53.680 237 -1723073393
53.707 250 -1723073393
53.733 258 -1723073393
53.760 263 -1723073393
53.787 267 -1723073393
53.813 267 -1723073393
53.840 264 -1723073393
53.867 259 -1723073393
53.893 243 -1723073393
53.920 222 -1723073393
53.947 205 -1723073393
53.973 185 -1723073393
54.000 157 -1723073393
54.027 133 -1723073393
54.053 110 -1723073393
54.080 85 -1723073393
54.107 60 -1723073393
54.133 42 -1723073393
54.160 22 -1723073393
54.187 1 -1723073393
54.213 -10 -1723073393
54.240 -19 -1723073393
54.267 -28 -1723073393
54.293 -31 -1723073393
54.320 -25 -1723073393
54.347 -20 -1723073393
54.373 -12 -1723073393
54.400 4 -1723073393
54.427 18 -1723073393
54.453 25 -1723073393
54.480 36 -1723073393
54.507 44 -1723073393
54.533 43 -1723073393
54.560 45 -1723073393
54.587 48 -1723073393
54.613 44 -1723073393
54.640 40 -1723073393
54.667 44 -1723073393
54.693 48 -1723073393
54.720 53 -1723073393
54.747 63 -1723073393
54.773 69 -1723073393
54.800 70 -1723073393
54.827 73 -1723073393
54.853 78 -1723073393
54.880 84 -1723073393
54.907 93 -1723073393
54.933 108 -1723073393
54.960 126 -1723073393
54.987 145 -1723073393
55.013 170 -1723073393
55.040 192 -1723073393
55.067 213 -1723073393
55.093 234 -1723073393
55.120 253 -1723073393
55.147 272 -1723073393
55.173 289 -1723073393
55.200 304 -1723073393
55.227 321 -1723073393
55.253 341 -1723073393
55.280 357 -1723073393
55.307 369 -1723073393
55.333 384 -1723073393
55.360 396 -1723073393
55.387 404 -1723073393
55.413 414 -1723073393
55.440 424 -1723073393
55.467 428 -1723073393
55.493 435 -1723073393
55.520 445 -1723073393
55.547 450 -1723073393
55.573 456 -1723073393
55.600 468 -1723073393
55.627 476 -1723073393
55.653 477 -1723073393
55.680 482 -1723073393
55.707 489 -1723073393
55.733 487 -1723073393
55.760 488 -1723073393
55.787 491 -1723073393
55.813 486 -1723073393
55.840 477 -1723073393
55.867 468 -1723073393
55.893 453 -1723073393
55.920 432 -1723073393
55.947 417 -1723073393
55.973 402 -1723073393
56.000 381 -1723073393
56.027 359 -1723073393
56.053 338 -1723073393
56.080 312 -1723073393
56.107 286 -1723073393
56.133 265 -1723073393
56.160 243 -1723073393
56.187 215 -1723073393
56.213 190 -1723073393
56.240 168 -1723073393
56.267 142 -1723073393
56.293 120 -1723073393
56.320 104 -1723073393
56.347 86 -1723073393
56.373 66 -1723073393
56.400 51 -1723073393
56.427 39 -1723073393
56.453 20 -1723073393
56.480 3 -1723073393
56.507 -5 -1723073393
56.533 -14 -1723073393
56.560 -20 -1723073393
56.587 -19 -1723073393
56.613 -18 -1723073393
56.640 -22 -1723073393
56.667 -22 -1723073393
56.693 -18 -1723073393
56.720 -20 -1723073393
56.747 -23 -1723073393
56.773 -23 -1723073393
56.800 -30 -1723073393
56.827 -43 -1723073393
56.853 -52 -1723073393
56.880 -62 -1723073393
56.907 -76 -1723073393
56.933 -80 -1723073393
56.960 -77 -1723073393
56.987 -81 -1723073393
57.013 -82 -1723073393
57.040 -66 -1723073393
57.067 -48 -1723073393
57.093 -29 -1723073393
57.120 0 -1723073393
57.147 26 -1723073393
57.173 44 -1723073393
57.200 67 -1723073393
57.227 96 -1723073393
57.253 117 -1723073393
57.280 137 -1723073393
57.307 164 -1723073393
57.333 181 -1723073393
57.360 191 -1723073393
57.387 208 -1723073393
57.413 224 -1723073393
57.440 234 -1723073393
57.467 254 -1723073393
57.493 276 -1723073393
57.520 292 -1723073393
57.547 311 -1723073393
57.573 334 -1723073393
57.600 353 -1723073393
57.627 368 -1723073393
57.653 388 -1723073393
57.680 402 -1723073393
57.707 405 -1723073393
57.733 405 -1723073393
57.760 408 -1723073393
57.787 406 -1723073393
57.813 406 -1723073393
57.840 409 -1723073393
57.867 409 -1723073393
57.893 413 -1723073393
57.920 424 -1723073393
57.947 436 -1723073393
57.973 443 -1723073393
58.000 450 -1723073393
58.027 454 -1723073393
58.053 458 -1723073393
58.080 466 -1723073393
58.107 476 -1723073393
58.133 479 -1723073393
58.160 483 -1723073393
58.187 493 -1723073393
58.213 501 -1723073393
58.240 509 -1723073393
58.267 525 -1723073393
58.293 542 -1723073393
58.320 556 -1723073393
58.347 575 -1723073393
58.373 598 -1723073393
58.400 618 -1723073393
58.427 638 -1723073393
58.453 660 -1723073393
58.480 677 -1723073393
58.507 689 -1723073393
58.533 699 -1723073393
58.560 699 -1723073393
58.587 693 -1723073393
58.613 687 -1723073393
58.640 681 -1723073393
58.667 675 -1723073393
58.693 670 -1723073393
58.720 667 -1723073393
58.747 662 -1723073393
58.773 662 -1723073393
58.800 668 -1723073393
58.827 671 -1723073393
58.853 670 -1723073393
58.880 667 -1723073393
58.907 662 -1723073393
58.933 649 -1723073393
58.960 636 -1723073393
58.987 625 -1723073393
59.013 612 -1723073393
59.040 599 -1723073393
59.067 588 -1723073393
59.093 570 -1723073393
59.120 547 -1723073393
59.147 530 -1723073393
59.173 518 -1723073393
59.200 501 -1723073393
59.227 487 -1723073393
59.253 481 -1723073393
59.280 473 -1723073393
59.307 465 -1723073393
59.333 460 -1723073393
59.360 452 -1723073393
59.387 439 -1723073393
59.413 429 -1723073393
59.440 417 -1723073393
59.467 396 -1723073393
59.493 373 -1723073393
59.520 351 -1723073393
59.547 318 -1723073393
59.573 283 -1723073393
59.600 252 -1723073393
59.627 218 -1723073393
59.653 177 -1723073393
59.680 139 -1723073393
59.707 103 -1723073393
59.733 61 -1723073393
59.760 21 -1723073393
59.787 -7 -1723073393
59.813 -36 -1723073393
59.840 -64 -1723073393
59.867 -78 -1723073393
59.893 -80 -1723073393
59.920 -85 -1723073393
59.947 -84 -1723073393
59.973 -73 -1723073393
60.000 -61 -1723073393
60.027 -49 -1723073393
60.053 -27 -1723073393
60.080 -8 -1723073393
60.107 5 -1723073393
60.133 24 -1723073393
60.160 40 -1723073393
60.187 53 -1723073393
60.213 63 -1723073393
60.240 70 -1723073393
60.267 66 -1723073393
60.293 55 -1723073393
60.320 44 -1723073393
60.347 26 -1723073393
60.373 0 -1723073393
60.400 -25 -1723073393
60.427 -48 -1723073393
60.453 -77 -1723073393
60.480 -105 -1723073393
60.507 -128 -1723073393
60.533 -150 -1723073393
60.560 -170 -1723073393
60.587 -182 -1723073393
60.613 -195 -1723073393
60.640 -207 -1723073393
60.667 -207 -1723073393
60.693 -205 -1723073393
60.720 -206 -1723073393
60.747 -202 -1723073393
60.773 -197 -1723073393
60.800 -192 -1723073393
60.827 -183 -1723073393
60.853 -169 -1723073393
60.880 -159 -1723073393
60.907 -150 -1723073393
60.933 -138 -1723073393
60.960 -126 -1723073393
60.987 -122 -1723073393
61.013 -119 -1723073393
61.040 -113 -1723073393
61.067 -110 -1723073393
61.093 -114 -1723073393
61.120 -115 -1723073393
61.147 -118 -1723073393
61.173 -124 -1723073393
61.200 -131 -1723073393
61.227 -139 -1723073393
61.253 -151 -1723073393
61.280 -167 -1723073393
61.307 -183 -1723073393
61.333 -204 -1723073393
61.360 -227 -1723073393
61.387 -244 -1723073393
61.413 -255 -1723073393
61.440 -270 -1723073393
61.467 -282 -1723073393
61.493 -290 -1723073393
61.520 -298 -1723073393
61.547 -301 -1723073393
61.573 -292 -1723073393
61.600 -287 -1723073393
61.627 -281 -1723073393
61.653 -262 -1723073393
61.680 -241 -1723073393
61.707 -222 -1723073393
61.733 -197 -1723073393
61.760 -166 -1723073393
61.787 -143 -1723073393
61.813 -124 -1723073393
61.840 -99 -1723073393
61.867 -76 -1723073393
61.893 -56 -1723073393
61.920 -31 -1723073393
61.947 -11 -1723073393
61.973 -4 -1723073393
62.000 1 -1723073393
62.027 8 -1723073393
62.053 4 -1723073393
62.080 -2 -1723073393
62.107 -13 -1723073393
62.133 -34 -1723073393
62.160 -61 -1723073393
62.187 -90 -1723073393
62.213 -123 -1723073393
62.240 -158 -1723073393
62.267 -187 -1723073393
62.293 -208 -1723073393
62.320 -225 -1723073393
62.347 -240 -1723073393
62.373 -249 -1723073393
62.400 -257 -1723073393
62.427 -260 -1723073393
62.453 -250 -1723073393
62.480 -232 -1723073393
62.507 -215 -1723073393
62.533 -196 -1723073393
62.560 -173 -1723073393
62.587 -153 -1723073393
62.613 -131 -1723073393
62.640 -107 -1723073393
62.667 -88 -1723073393
62.693 -70 -1723073393
62.720 -53 -1723073393
62.747 -42 -1723073393
62.773 -33 -1723073393
62.800 -22 -1723073393
62.827 -11 -1723073393
62.853 -12 -1723073393
62.880 -18 -1723073393
62.907 -27 -1723073393
62.933 -40 -1723073393
62.960 -56 -1723073393
62.987 -74 -1723073393
63.013 -95 -1723073393
63.040 -119 -1723073393
63.067 -144 -1723073393
63.093 -169 -1723073393
63.120 -199 -1723073393
63.147 -231 -1723073393
63.173 -260 -1723073393
63.200 -289 -1723073393
63.227 -316 -1723073393
63.253 -337 -1723073393
63.280 -356 -1723073393
63.307 -374 -1723073393
63.333 -383 -1723073393
63.360 -379 -1723073393
63.387 -372 -1723073393
63.413 -365 -1723073393
63.440 -348 -1723073393
63.467 -324 -1723073393
63.493 -299 -1723073393
63.520 -269 -1723073393
63.547 -234 -1723073393
63.573 -203 -1723073393
63.600 -175 -1723073393
63.627 -151 -1723073393
63.653 -131 -1723073393
63.680 -114 -1723073393
63.707 -96 -1723073393
63.733 -79 -1723073393
63.760 -68 -1723073393
63.787 -62 -1723073393
63.813 -61 -1723073393
63.840 -68 -1723073393
63.867 -81 -1723073393
63.893 -91 -1723073393
63.920 -101 -1723073393
63.947 -119 -1723073393
63.973 -137 -1723073393
64.000 -152 -1723073393
64.027 -170 -1723073393
64.053 -189 -1723073393
64.080 -200 -1723073393
64.107 -205 -1723073393
64.133 -204 -1723073393
64.160 -191 -1723073393
64.187 -170 -1723073393
64.213 -152 -1723073393
64.240 -130 -1723073393
64.267 -106 -1723073393
64.293 -82 -1723073393
64.320 -55 -1723073393
64.347 -28 -1723073393
64.373 -11 -1723073393
64.400 4 -1723073393
64.427 25 -1723073393
64.453 44 -1723073393
64.480 52 -1723073393
64.507 60 -1723073393
64.533 68 -1723073393
64.560 71 -1723073393
64.587 75 -1723073393
64.613 82 -1723073393
64.640 81 -1723073393
64.667 73 -1723073393
64.693 63 -1723073393
64.720 49 -1723073393
64.747 31 -1723073393
64.773 18 -1723073393
64.800 8 -1723073393
64.827 -4 -1723073393
64.853 -17 -1723073393
64.880 -23 -1723073393
64.907 -30 -1723073393
64.933 -37 -1723073393
64.960 -42 -1723073393
64.987 -45 -1723073393
65.013 -50 -1723073393
65.040 -45 -1723073393
65.067 -33 -1723073393
65.093 -28 -1723073393
65.120 -18 -1723073393
65.147 2 -1723073393
65.173 24 -1723073393
65.200 47 -1723073393
65.227 76 -1723073393
65.253 103 -1723073393
65.280 127 -1723073393
65.307 156 -1723073393
65.333 185 -1723073393
65.360 203 -1723073393
65.387 224 -1723073393
65.413 250 -1723073393
65.440 266 -1723073393
65.467 277 -1723073393
65.493 291 -1723073393
65.520 301 -1723073393
65.547 298 -1723073393
65.573 296 -1723073393
65.600 298 -1723073393
65.627 291 -1723073393
65.653 283 -1723073393
65.680 280 -1723073393
65.707 272 -1723073393
65.733 264 -1723073393
65.760 262 -1723073393
65.787 259 -1723073393
65.813 251 -1723073393
65.840 250 -1723073393
65.867 251 -1723073393
65.893 244 -1723073393
65.920 238 -1723073393
65.947 240 -1723073393
65.973 239 -1723073393
66.000 237 -1723073393
66.027 238 -1723073393
66.053 235 -1723073393
66.080 226 -1723073393
66.107 225 -1723073393
66.133 223 -1723073393
66.160 214 -1723073393
66.187 206 -1723073393
66.213 203 -1723073393
66.240 196 -1723073393
66.267 188 -1723073393
66.293 188 -1723073393
66.320 191 -1723073393
66.347 190 -1723073393
66.373 188 -1723073393
66.400 192 -1723073393
66.427 195 -1723073393
66.453 200 -1723073393
66.480 207 -1723073393
66.507 212 -1723073393
66.533 217 -1723073393
66.560 224 -1723073393
66.587 228 -1723073393
66.613 228 -1723073393
66.640 231 -1723073393
66.667 235 -1723073393
66.693 232 -1723073393
66.720 227 -1723073393
66.747 222 -1723073393
66.773 219 -1723073393
66.800 221 -1723073393
66.827 235 -1723073393
66.853 255 -1723073393
66.880 270 -1723073393
66.907 285 -1723073393
66.933 304 -1723073393
66.960 320 -1723073393
66.987 336 -1723073393
67.013 358 -1723073393
67.040 382 -1723073393
67.067 401 -1723073393
67.093 420 -1723073393
67.120 440 -1723073393
67.147 455 -1723073393
67.173 465 -1723073393
67.200 476 -1723073393
67.227 482 -1723073393
67.253 483 -1723073393
67.280 487 -1723073393
67.307 492 -1723073393
67.333 489 -1723073393
67.360 480 -1723073393
67.387 470 -1723073393
67.413 462 -1723073393
67.440 452 -1723073393
67.467 441 -1723073393
67.493 429 -1723073393
67.520 415 -1723073393
67.547 401 -1723073393
67.573 391 -1723073393
67.600 382 -1723073393
67.627 377 -1723073393
67.653 370 -1723073393
67.680 362 -1723073393
67.707 355 -1723073393
67.733 347 -1723073393
67.760 339 -1723073393
67.787 333 -1723073393
67.813 331 -1723073393
67.840 327 -1723073393
67.867 316 -1723073393
67.893 306 -1723073393
67.920 300 -1723073393
67.947 293 -1723073393
67.973 284 -1723073393
68.000 272 -1723073393
68.027 260 -1723073393
68.053 243 -1723073393
68.080 230 -1723073393
68.107 222 -1723073393
68.133 216 -1723073393
68.160 213 -1723073393
68.187 217 -1723073393
68.213 223 -1723073393
68.240 224 -1723073393
68.267 225 -1723073393
68.293 229 -1723073393
68.320 233 -1723073393
68.347 233 -1723073393
68.373 235 -1723073393
68.400 238 -1723073393
68.427 241 -1723073393
68.453 243 -1723073393
68.480 242 -1723073393
68.507 239 -1723073393
68.533 236 -1723073393
68.560 234 -1723073393
68.587 232 -1723073393
68.613 233 -1723073393
68.640 239 -1723073393
68.667 243 -1723073393
68.693 244 -1723073393
68.720 250 -1723073393
68.747 262 -1723073393
68.773 269 -1723073393
68.800 274 -1723073393
68.827 277 -1723073393
68.853 278 -1723073393
68.880 280 -1723073393
68.907 292 -1723073393
68.933 307 -1723073393
68.960 318 -1723073393
68.987 327 -1723073393
69.013 340 -1723073393
69.040 347 -1723073393
69.067 352 -1723073393
69.093 364 -1723073393
69.120 376 -1723073393
69.147 380 -1723073393
69.173 381 -1723073393
69.200 384 -1723073393
69.227 387 -1723073393
69.253 391 -1723073393
69.280 398 -1723073393
69.307 401 -1723073393
69.333 402 -1723073393
69.360 404 -1723073393
69.387 401 -1723073393
69.413 391 -1723073393
69.440 381 -1723073393
69.467 373 -1723073393
69.493 359 -1723073393
69.520 340 -1723073393
69.547 322 -1723073393
69.573 302 -1723073393
69.600 275 -1723073393
69.627 250 -1723073393
69.653 230 -1723073393
69.680 210 -1723073393
69.707 191 -1723073393
69.733 176 -1723073393
69.760 160 -1723073393
69.787 146 -1723073393
69.813 141 -1723073393
69.840 135 -1723073393
69.867 130 -1723073393
69.893 133 -1723073393
69.920 140 -1723073393
69.947 149 -1723073393
69.973 164 -1723073393
70.000 184 -1723073393
70.027 203 -1723073393
70.053 220 -1723073393
70.080 241 -1723073393
70.107 258 -1723073393
70.133 269 -1723073393
70.160 280 -1723073393
70.187 293 -1723073393
70.213 303 -1723073393
70.240 311 -1723073393
70.267 318 -1723073393
70.293 318 -1723073393
70.320 314 -1723073393
70.347 311 -1723073393
70.373 307 -1723073393
70.400 299 -1723073393
70.427 291 -1723073393
70.453 284 -1723073393
70.480 274 -1723073393
70.507 266 -1723073393
70.533 262 -1723073393
70.560 260 -1723073393
70.587 259 -1723073393
70.613 262 -1723073393
70.640 266 -1723073393
70.667 267 -1723073393
70.693 272 -1723073393
70.720 282 -1723073393
70.747 291 -1723073393
70.773 300 -1723073393
70.800 311 -1723073393
70.827 320 -1723073393
70.853 323 -1723073393
70.880 326 -1723073393
70.907 329 -1723073393
70.933 330 -1723073393
70.960 333 -1723073393
70.987 338 -1723073393
71.013 341 -1723073393
71.040 342 -1723073393
71.067 346 -1723073393
71.093 349 -1723073393
71.120 349 -1723073393
71.147 353 -1723073393
71.173 357 -1723073393
71.200 354 -1723073393
71.227 352 -1723073393
71.253 355 -1723073393
71.280 357 -1723073393
71.307 359 -1723073393
71.333 361 -1723073393
71.360 362 -1723073393
71.387 359 -1723073393
71.413 355 -1723073393
71.440 349 -1723073393
71.467 338 -1723073393
71.493 326 -1723073393
71.520 312 -1723073393
71.547 294 -1723073393
71.573 273 -1723073393
71.600 260 -1723073393
71.627 252 -1723073393
71.653 239 -1723073393
71.680 225 -1723073393
71.707 216 -1723073393
71.733 205 -1723073393
71.760 198 -1723073393
71.787 197 -1723073393
71.813 196 -1723073393
71.840 197 -1723073393
71.867 205 -1723073393
71.893 215 -1723073393
71.920 221 -1723073393
71.947 229 -1723073393
71.973 237 -1723073393
72.000 237 -1723073393
72.027 235 -1723073393
72.053 238 -1723073393
72.080 241 -1723073393
72.107 240 -1723073393
72.133 242 -1723073393
72.160 240 -1723073393
72.187 229 -1723073393
72.213 220 -1723073393
72.240 216 -1723073393
72.267 213 -1723073393
72.293 214 -1723073393
72.320 218 -1723073393
72.347 219 -1723073393
72.373 218 -1723073393
72.400 223 -1723073393
72.427 231 -1723073393
72.453 231 -1723073393
72.480 231 -1723073393
72.507 237 -1723073393
72.533 237 -1723073393
72.560 233 -1723073393
72.587 238 -1723073393
72.613 243 -1723073393
72.640 238 -1723073393
72.667 235 -1723073393
72.693 236 -1723073393
72.720 230 -1723073393
72.747 225 -1723073393
72.773 225 -1723073393
72.800 222 -1723073393
72.827 214 -1723073393
72.853 208 -1723073393
72.880 200 -1723073393
72.907 187 -1723073393
72.933 174 -1723073393
72.960 165 -1723073393
72.987 155 -1723073393
73.013 146 -1723073393
73.040 143 -1723073393
73.067 143 -1723073393
73.093 144 -1723073393
73.120 149 -1723073393
73.147 156 -1723073393
73.173 160 -1723073393
73.200 169 -1723073393
73.227 183 -1723073393
73.253 194 -1723073393
73.280 200 -1723073393
73.307 207 -1723073393
73.333 210 -1723073393
73.360 212 -1723073393
73.387 221 -1723073393
73.413 236 -1723073393
73.440 246 -1723073393
73.467 252 -1723073393
73.493 256 -1723073393
73.520 257 -1723073393
73.547 259 -1723073393
73.573 267 -1723073393
73.600 276 -1723073393
73.627 284 -1723073393
73.653 293 -1723073393
73.680 301 -1723073393
73.707 308 -1723073393
73.733 312 -1723073393
73.760 315 -1723073393
73.787 318 -1723073393
73.813 317 -1723073393
73.840 310 -1723073393
73.867 298 -1723073393
73.893 281 -1723073393
73.920 264 -1723073393
73.947 243 -1723073393
73.973 216 -1723073393
74.000 187 -1723073393
74.027 162 -1723073393
74.053 133 -1723073393
74.080 103 -1723073393
74.107 82 -1723073393
74.133 66 -1723073393
74.160 51 -1723073393
74.187 41 -1723073393
74.213 37 -1723073393
74.240 35 -1723073393
74.267 43 -1723073393
74.293 59 -1723073393
74.320 70 -1723073393
74.347 80 -1723073393
74.373 96 -1723073393
74.400 112 -1723073393
74.427 126 -1723073393
74.453 144 -1723073393
74.480 164 -1723073393
74.507 180 -1723073393
74.533 198 -1723073393
74.560 219 -1723073393
74.587 233 -1723073393
74.613 244 -1723073393
74.640 255 -1723073393
74.667 259 -1723073393
74.693 261 -1723073393
74.720 266 -1723073393
74.747 270 -1723073393
74.773 272 -1723073393
74.800 276 -1723073393
74.827 279 -1723073393
74.853 278 -1723073393
74.880 280 -1723073393
74.907 286 -1723073393
74.933 284 -1723073393
74.960 278 -1723073393
74.987 276 -1723073393
75.013 278 -1723073393
75.040 278 -1723073393
75.067 277 -1723073393
75.093 275 -1723073393
75.120 272 -1723073393
75.147 269 -1723073393
75.173 266 -1723073393
75.200 257 -1723073393
75.227 247 -1723073393
75.253 245 -1723073393
75.280 246 -1723073393
75.307 246 -1723073393
75.333 244 -1723073393
75.360 243 -1723073393
75.387 243 -1723073393
75.413 245 -1723073393
75.440 251 -1723073393
75.467 257 -1723073393
75.493 263 -1723073393
75.520 270 -1723073393
75.547 274 -1723073393
75.573 272 -1723073393
75.600 268 -1723073393
75.627 267 -1723073393
75.653 267 -1723073393
75.680 266 -1723073393
75.707 264 -1723073393
75.733 256 -1723073393
75.760 242 -1723073393
75.787 228 -1723073393
75.813 213 -1723073393
75.840 191 -1723073393
75.867 169 -1723073393
75.893 150 -1723073393
75.920 134 -1723073393
75.947 122 -1723073393
75.973 116 -1723073393
76.000 114 -1723073393
76.027 116 -1723073393
76.053 124 -1723073393
76.080 134 -1723073393
76.107 140 -1723073393
76.133 149 -1723073393
76.160 162 -1723073393
76.187 170 -1723073393
76.213 182 -1723073393
76.240 205 -1723073393
76.267 231 -1723073393
76.293 252 -1723073393
76.320 275 -1723073393
76.347 294 -1723073393
76.373 307 -1723073393
76.400 323 -1723073393
76.427 339 -1723073393
76.453 347 -1723073393
76.480 352 -1723073393
76.507 359 -1723073393
76.533 359 -1723073393
76.560 354 -1723073393
76.587 352 -1723073393
76.613 350 -1723073393
76.640 343 -1723073393
76.667 338 -1723073393
76.693 332 -1723073393
76.720 320 -1723073393
76.747 309 -1723073393
76.773 300 -1723073393
76.800 291 -1723073393
76.827 283 -1723073393
76.853 279 -1723073393
76.880 275 -1723073393
76.907 270 -1723073393
76.933 268 -1723073393
76.960 269 -1723073393
76.987 268 -1723073393
77.013 268 -1723073393
77.040 272 -1723073393
77.067 277 -1723073393
77.093 286 -1723073393
77.120 302 -1723073393
77.147 319 -1723073393
77.173 330 -1723073393
77.200 339 -1723073393
77.227 344 -1723073393
77.253 348 -1723073393
77.280 357 -1723073393
77.307 367 -1723073393
77.333 371 -1723073393
77.360 371 -1723073393
77.387 373 -1723073393
77.413 371 -1723073393
77.440 364 -1723073393
77.467 360 -1723073393
77.493 359 -1723073393
77.520 349 -1723073393
77.547 340 -1723073393
77.573 335 -1723073393
77.600 328 -1723073393
77.627 319 -1723073393
77.653 312 -1723073393
77.680 302 -1723073393
77.707 286 -1723073393
77.733 272 -1723073393
77.760 257 -1723073393
77.787 240 -1723073393
77.813 229 -1723073393
77.840 222 -1723073393
77.867 215 -1723073393
77.893 208 -1723073393
77.920 204 -1723073393
77.947 199 -1723073393
77.973 198 -1723073393
78.000 206 -1723073393
78.027 212 -1723073393
78.053 212 -1723073393
78.080 219 -1723073393
78.107 228 -1723073393
78.133 234 -1723073393
78.160 243 -1723073393
78.187 257 -1723073393
78.213 262 -1723073393
78.240 260 -1723073393
78.267 266 -1723073393
78.293 271 -1723073393
78.320 270 -1723073393
78.347 272 -1723073393
78.373 275 -1723073393
78.400 269 -1723073393
78.427 259 -1723073393
78.453 253 -1723073393
78.480 243 -1723073393
78.507 231 -1723073393
78.533 221 -1723073393
78.560 210 -1723073393
78.587 194 -1723073393
78.613 186 -1723073393
78.640 181 -1723073393
78.667 169 -1723073393
78.693 159 -1723073393
78.720 155 -1723073393
78.747 147 -1723073393
78.773 143 -1723073393
78.800 147 -1723073393
78.827 151 -1723073393
78.853 152 -1723073393
78.880 155 -1723073393
78.907 158 -1723073393
78.933 164 -1723073393
78.960 172 -1723073393
78.987 174 -1723073393
79.013 178 -1723073393
79.040 188 -1723073393
79.067 196 -1723073393
79.093 201 -1723073393
79.120 213 -1723073393
79.147 225 -1723073393
79.173 226 -1723073393
79.200 227 -1723073393
79.227 227 -1723073393
79.253 220 -1723073393
79.280 206 -1723073393
79.307 195 -1723073393
79.333 182 -1723073393
79.360 165 -1723073393
79.387 146 -1723073393
79.413 124 -1723073393
79.440 100 -1723073393
79.467 79 -1723073393
79.493 59 -1723073393
79.520 38 -1723073393
79.547 19 -1723073393
79.573 9 -1723073393
79.600 0 -1723073393
79.627 -4 -1723073393
79.653 0 -1723073393
79.680 6 -1723073393
79.707 16 -1723073393
79.733 37 -1723073393
79.760 58 -1723073393
79.787 73 -1723073393
79.813 91 -1723073393
79.840 111 -1723073393
79.867 128 -1723073393
79.893 152 -1723073393
79.920 182 -1723073393
79.947 204 -1723073393
79.973 224 -1723073393
80.000 248 -1723073393
80.027 269 -1723073393
80.053 283 -1723073393
80.080 299 -1723073393
80.107 312 -1723073393
80.133 314 -1723073393
80.160 312 -1723073393
80.187 309 -1723073393
80.213 301 -1723073393
80.240 292 -1723073393
80.267 285 -1723073393
80.293 275 -1723073393
80.320 260 -1723073393
80.347 248 -1723073393
80.373 237 -1723073393
80.400 230 -1723073393
80.427 226 -1723073393
80.453 220 -1723073393
80.480 212 -1723073393
80.507 212 -1723073393
80.533 212 -1723073393
80.560 212 -1723073393
80.587 223 -1723073393
80.613 238 -1723073393
80.640 247 -1723073393
80.667 254 -1723073393
80.693 263 -1723073393
80.720 265 -1723073393
80.747 265 -1723073393
80.773 269 -1723073393
80.800 269 -1723073393
80.827 262 -1723073393
80.853 257 -1723073393
80.880 250 -1723073393
80.907 237 -1723073393
80.933 229 -1723073393
80.960 228 -1723073393
80.987 220 -1723073393
81.013 210 -1723073393
81.040 206 -1723073393
81.067 199 -1723073393
81.093 190 -1723073393
81.120 184 -1723073393
81.147 173 -1723073393
81.173 159 -1723073393
81.200 150 -1723073393
81.227 140 -1723073393
81.253 127 -1723073393
81.280 124 -1723073393
81.307 128 -1723073393
81.333 125 -1723073393
81.360 123 -1723073393
81.387 128 -1723073393
81.413 134 -1723073393
81.440 142 -1723073393
81.467 159 -1723073393
81.493 173 -1723073393
81.520 182 -1723073393
81.547 201 -1723073393
81.573 220 -1723073393
81.600 230 -1723073393
81.627 241 -1723073393
81.653 255 -1723073393
81.680 264 -1723073393
81.707 274 -1723073393
81.733 285 -1723073393
81.760 287 -1723073393
81.787 289 -1723073393
81.813 298 -1723073393
81.840 306 -1723073393
81.867 308 -1723073393
81.893 308 -1723073393
81.920 305 -1723073393
81.947 300 -1723073393
81.973 299 -1723073393
82.000 298 -1723073393
82.027 289 -1723073393
82.053 281 -1723073393
82.080 279 -1723073393
82.107 273 -1723073393
82.133 267 -1723073393
82.160 266 -1723073393
82.187 264 -1723073393
82.213 257 -1723073393
82.240 253 -1723073393
82.267 247 -1723073393
82.293 242 -1723073393
82.320 241 -1723073393
82.347 236 -1723073393
82.373 230 -1723073393
82.400 235 -1723073393
82.427 244 -1723073393
82.453 249 -1723073393
82.480 257 -1723073393
82.507 268 -1723073393
82.533 273 -1723073393
82.560 277 -1723073393
82.587 283 -1723073393
82.613 284 -1723073393
82.640 286 -1723073393
82.667 293 -1723073393
82.693 296 -1723073393
82.720 295 -1723073393
82.747 300 -1723073393
82.773 303 -1723073393
82.800 299 -1723073393
82.827 293 -1723073393
82.853 288 -1723073393
82.880 280 -1723073393
82.907 272 -1723073393
82.933 264 -1723073393
82.960 250 -1723073393
82.987 236 -1723073393
83.013 227 -1723073393
83.040 214 -1723073393
83.067 199 -1723073393
83.093 187 -1723073393
83.120 176 -1723073393
83.147 165 -1723073393
83.173 164 -1723073393
83.200 167 -1723073393
83.227 165 -1723073393
83.253 166 -1723073393
83.280 171 -1723073393
83.307 173 -1723073393
83.333 177 -1723073393
83.360 183 -1723073393
83.387 187 -1723073393
83.413 196 -1723073393
83.440 207 -1723073393
83.467 214 -1723073393
83.493 224 -1723073393
83.520 238 -1723073393
83.547 244 -1723073393
83.573 241 -1723073393
83.600 239 -1723073393
83.627 231 -1723073393
83.653 221 -1723073393
83.680 218 -1723073393
83.707 214 -1723073393
83.733 205 -1723073393
83.760 200 -1723073393
83.787 197 -1723073393
83.813 194 -1723073393
83.840 198 -1723073393
83.867 205 -1723073393
83.893 211 -1723073393
83.920 220 -1723073393
83.947 232 -1723073393
83.973 240 -1723073393
84.000 249 -1723073393
84.027 256 -1723073393
84.053 257 -1723073393
84.080 259 -1723073393
84.107 261 -1723073393
84.133 256 -1723073393
84.160 253 -1723073393
84.187 254 -1723073393
84.213 252 -1723073393
84.240 250 -1723073393
84.267 250 -1723073393
84.293 244 -1723073393
84.320 235 -1723073393
84.347 228 -1723073393
84.373 224 -1723073393
84.400 215 -1723073393
84.427 212 -1723073393
84.453 213 -1723073393
84.480 212 -1723073393
84.507 211 -1723073393
84.533 207 -1723073393
84.560 200 -1723073393
84.587 201 -1723073393
84.613 203 -1723073393
84.640 193 -1723073393
84.667 183 -1723073393
84.693 176 -1723073393
84.720 164 -1723073393
84.747 154 -1723073393
84.773 152 -1723073393
84.800 147 -1723073393
84.827 145 -1723073393
84.853 153 -1723073393
84.880 155 -1723073393
84.907 153 -1723073393
84.933 156 -1723073393
84.960 151 -1723073393
84.987 146 -1723073393
85.013 153 -1723073393
85.040 156 -1723073393
85.067 157 -1723073393
85.093 168 -1723073393
85.120 178 -1723073393
85.147 186 -1723073393
85.173 202 -1723073393
85.200 214 -1723073393
85.227 210 -1723073393
85.253 206 -1723073393
85.280 205 -1723073393
85.307 203 -1723073393
85.333 211 -1723073393
85.360 218 -1723073393
85.387 217 -1723073393
85.413 221 -1723073393
85.440 230 -1723073393
85.467 229 -1723073393
85.493 232 -1723073393
85.520 239 -1723073393
85.547 239 -1723073393
85.573 241 -1723073393
85.600 247 -1723073393
85.627 245 -1723073393
85.653 246 -1723073393
85.680 252 -1723073393
85.707 251 -1723073393
85.733 251 -1723073393
85.760 266 -1723073393
85.787 275 -1723073393
85.813 275 -1723073393
85.840 278 -1723073393
85.867 275 -1723073393
85.893 272 -1723073393
85.920 273 -1723073393
85.947 268 -1723073393
85.973 257 -1723073393
86.000 251 -1723073393
86.027 238 -1723073393
86.053 221 -1723073393
86.080 214 -1723073393
86.107 204 -1723073393
86.133 189 -1723073393
86.160 186 -1723073393
86.187 185 -1723073393
86.213 176 -1723073393
86.240 179 -1723073393
86.267 184 -1723073393
86.293 180 -1723073393
86.320 186 -1723073393
86.347 197 -1723073393
86.373 196 -1723073393
86.400 200 -1723073393
86.427 204 -1723073393
86.453 198 -1723073393
86.480 197 -1723073393
86.507 199 -1723073393
86.533 191 -1723073393
86.560 191 -1723073393
86.587 191 -1723073393
86.613 176 -1723073393
86.640 168 -1723073393
86.667 166 -1723073393
86.693 155 -1723073393
86.720 152 -1723073393
86.747 156 -1723073393
86.773 155 -1723073393
86.800 156 -1723073393
86.827 165 -1723073393
86.853 166 -1723073393
86.880 167 -1723073393
86.907 179 -1723073393
86.933 182 -1723073393
86.960 184 -1723073393
86.987 195 -1723073393
87.013 198 -1723073393
87.040 203 -1723073393
87.067 218 -1723073393
87.093 222 -1723073393
87.120 220 -1723073393
87.147 224 -1723073393
87.173 221 -1723073393
87.200 224 -1723073393
87.227 234 -1723073393
87.253 236 -1723073393
87.280 235 -1723073393
87.307 239 -1723073393
87.333 236 -1723073393
87.360 231 -1723073393
87.387 235 -1723073393
87.413 233 -1723073393
87.440 228 -1723073393
87.467 227 -1723073393
87.493 224 -1723073393
87.520 223 -1723073393
87.547 232 -1723073393
87.573 232 -1723073393
87.600 228 -1723073393
87.627 233 -1723073393
87.653 231 -1723073393
87.680 226 -1723073393
87.707 236 -1723073393
87.733 239 -1723073393
87.760 235 -1723073393
87.787 239 -1723073393
87.813 237 -1723073393
87.840 227 -1723073393
87.867 222 -1723073393
87.893 215 -1723073393
87.920 206 -1723073393
87.947 202 -1723073393
87.973 196 -1723073393
88.000 189 -1723073393
88.027 194 -1723073393
88.053 198 -1723073393
88.080 200 -1723073393
88.107 210 -1723073393
88.133 213 -1723073393
88.160 217 -1723073393
88.187 229 -1723073393
88.213 229 -1723073393
88.240 222 -1723073393
88.267 223 -1723073393
88.293 219 -1723073393
88.320 213 -1723073393
88.347 216 -1723073393
88.373 212 -1723073393
88.400 206 -1723073393
88.427 208 -1723073393
88.453 200 -1723073393
88.480 183 -1723073393
88.507 175 -1723073393
88.533 163 -1723073393
88.560 150 -1723073393
88.587 152 -1723073393
88.613 144 -1723073393
88.640 126 -1723073393
88.667 121 -1723073393
88.693 114 -1723073393
88.720 108 -1723073393
88.747 115 -1723073393
88.773 110 -1723073393
88.800 104 -1723073393
88.827 115 -1723073393
88.853 114 -1723073393
88.880 116 -1723073393
88.907 128 -1723073393
88.933 126 -1723073393
88.960 125 -1723073393
88.987 135 -1723073393
89.013 136 -1723073393
89.040 142 -1723073393
89.067 156 -1723073393
89.093 157 -1723073393
89.120 164 -1723073393
89.147 180 -1723073393
89.173 186 -1723073393
89.200 195 -1723073393
89.227 208 -1723073393
89.253 208 -1723073393
89.280 210 -1723073393
89.307 216 -1723073393
89.333 214 -1723073393
89.360 220 -1723073393
89.387 226 -1723073393
89.413 215 -1723073393
89.440 210 -1723073393
89.467 206 -1723073393
89.493 194 -1723073393
89.520 191 -1723073393
89.547 183 -1723073393
89.573 169 -1723073393
89.600 162 -1723073393
89.627 153 -1723073393
89.653 139 -1723073393
89.680 138 -1723073393
89.707 132 -1723073393
89.733 123 -1723073393
89.760 124 -1723073393
89.787 120 -1723073393
89.813 117 -1723073393
89.840 129 -1723073393
89.867 133 -1723073393
89.893 138 -1723073393
89.920 158 -1723073393
89.947 165 -1723073393
89.973 168 -1723073393
90.000 181 -1723073393
90.027 179 -1723073393
90.053 178 -1723073393
90.080 188 -1723073393
90.107 183 -1723073393
90.133 181 -1723073393
90.160 190 -1723073393
90.187 184 -1723073393
90.213 181 -1723073393
90.240 179 -1723073393
90.267 162 -1723073393
90.293 159 -1723073393
90.320 163 -1723073393
90.347 150 -1723073393
90.373 144 -1723073393
90.400 141 -1723073393
90.427 130 -1723073393
90.453 132 -1723073393
90.480 135 -1723073393
90.507 129 -1723073393
90.533 137 -1723073393
90.560 139 -1723073393
90.587 137 -1723073393
90.613 150 -1723073393
90.640 153 -1723073393
90.667 159 -1723073393
90.693 176 -1723073393
90.720 179 -1723073393
90.747 186 -1723073393
90.773 199 -1723073393
90.800 206 -1723073393
90.827 223 -1723073393
90.853 243 -1723073393
90.880 254 -1723073393
90.907 272 -1723073393
90.933 288 -1723073393
90.960 291 -1723073393
90.987 303 -1723073393
91.013 314 -1723073393
91.040 317 -1723073393
91.067 332 -1723073393
91.093 343 -1723073393
91.120 347 -1723073393
91.147 357 -1723073393
91.173 360 -1723073393
91.200 364 -1723073393
91.227 373 -1723073393
91.253 369 -1723073393
91.280 368 -1723073393
91.307 371 -1723073393
91.333 362 -1723073393
91.360 353 -1723073393
91.387 345 -1723073393
91.413 331 -1723073393
91.440 326 -1723073393
91.467 317 -1723073393
91.493 303 -1723073393
91.520 296 -1723073393
91.547 287 -1723073393
91.573 276 -1723073393
91.600 277 -1723073393
91.627 277 -1723073393
91.653 282 -1723073393
91.680 291 -1723073393
91.707 289 -1723073393
91.733 294 -1723073393
91.760 305 -1723073393
91.787 305 -1723073393
91.813 313 -1723073393
91.840 325 -1723073393
91.867 336 -1723073393
91.893 354 -1723073393
91.920 368 -1723073393
91.947 373 -1723073393
91.973 383 -1723073393
92.000 381 -1723073393
92.027 376 -1723073393
92.053 381 -1723073393
92.080 378 -1723073393
92.107 376 -1723073393
92.133 373 -1723073393
92.160 360 -1723073393
92.187 354 -1723073393
92.213 344 -1723073393
92.240 324 -1723073393
92.267 318 -1723073393
92.293 308 -1723073393
92.320 297 -1723073393
92.347 300 -1723073393
92.373 295 -1723073393
92.400 296 -1723073393
92.427 304 -1723073393
92.453 298 -1723073393
92.480 301 -1723073393
92.507 305 -1723073393
92.533 303 -1723073393
92.560 315 -1723073393
92.587 323 -1723073393
92.613 332 -1723073393
92.640 351 -1723073393
92.667 359 -1723073393
92.693 369 -1723073393
92.720 380 -1723073393
92.747 380 -1723073393
92.773 390 -1723073393
92.800 393 -1723073393
92.827 390 -1723073393
92.853 395 -1723073393
92.880 392 -1723073393
92.907 391 -1723073393
92.933 396 -1723073393
92.960 388 -1723073393
92.987 388 -1723073393
93.013 390 -1723073393
93.040 384 -1723073393
93.067 386 -1723073393
93.093 381 -1723073393
93.120 367 -1723073393
93.147 358 -1723073393
93.173 340 -1723073393
93.200 329 -1723073393
93.227 323 -1723073393
93.253 306 -1723073393
93.280 305 -1723073393
93.307 304 -1723073393
93.333 299 -1723073393
93.360 311 -1723073393
93.387 310 -1723073393
93.413 312 -1723073393
93.440 324 -1723073393
93.467 329 -1723073393
93.493 340 -1723073393
93.520 351 -1723073393
93.547 352 -1723073393
93.573 363 -1723073393
93.600 369 -1723073393
93.627 369 -1723073393
93.653 378 -1723073393
93.680 377 -1723073393
93.707 379 -1723073393
93.733 385 -1723073393
93.760 383 -1723073393
93.787 386 -1723073393
93.813 381 -1723073393
93.840 371 -1723073393
93.867 366 -1723073393
93.893 353 -1723073393
93.920 342 -1723073393
93.947 330 -1723073393
93.973 304 -1723073393
94.000 291 -1723073393
94.027 281 -1723073393
94.053 268 -1723073393
94.080 268 -1723073393
94.107 266 -1723073393
94.133 270 -1723073393
94.160 276 -1723073393
94.187 274 -1723073393
94.213 278 -1723073393
94.240 282 -1723073393
94.267 290 -1723073393
94.293 305 -1723073393
94.320 313 -1723073393
94.347 324 -1723073393
94.373 333 -1723073393
94.400 336 -1723073393
94.427 345 -1723073393
94.453 355 -1723073393
94.480 364 -1723073393
94.507 371 -1723073393
94.533 374 -1723073393
94.560 387 -1723073393
94.587 393 -1723073393
94.613 392 -1723073393
94.640 397 -1723073393
94.667 394 -1723073393
94.693 389 -1723073393
94.720 380 -1723073393
94.747 366 -1723073393
94.773 363 -1723073393
94.800 362 -1723073393
94.827 360 -1723073393
94.853 359 -1723073393
94.880 349 -1723073393
94.907 343 -1723073393
94.933 332 -1723073393
94.960 319 -1723073393
94.987 317 -1723073393
95.013 310 -1723073393
95.040 312 -1723073393
95.067 308 -1723073393
95.093 293 -1723073393
95.120 290 -1723073393
95.147 279 -1723073393
95.173 273 -1723073393
95.200 273 -1723073393
95.227 265 -1723073393
95.253 273 -1723073393
95.280 273 -1723073393
95.307 279 -1723073393
95.333 285 -1723073393
95.360 278 -1723073393
95.387 281 -1723073393
95.413 274 -1723073393
95.440 270 -1723073393
95.467 273 -1723073393
95.493 265 -1723073393
95.520 261 -1723073393
95.547 251 -1723073393
95.573 242 -1723073393
95.600 240 -1723073393
95.627 224 -1723073393
95.653 218 -1723073393
95.680 201 -1723073393
95.707 184 -1723073393
95.733 183 -1723073393
95.760 176 -1723073393
95.787 176 -1723073393
95.813 165 -1723073393
95.840 152 -1723073393
95.867 149 -1723073393
95.893 134 -1723073393
95.920 141 -1723073393
95.947 138 -1723073393
95.973 135 -1723073393
96.000 142 -1723073393
96.027 135 -1723073393
96.053 140 -1723073393
96.080 139 -1723073393
96.107 145 -1723073393
96.133 164 -1723073393
96.160 166 -1723073393
96.187 180 -1723073393
96.213 181 -1723073393
96.240 184 -1723073393
96.267 194 -1723073393
96.293 191 -1723073393
96.320 196 -1723073393
96.347 191 -1723073393
96.373 195 -1723073393
96.400 205 -1723073393
96.427 201 -1723073393
96.453 199 -1723073393
96.480 183 -1723073393
96.507 182 -1723073393
96.533 176 -1723073393
96.560 158 -1723073393
96.587 153 -1723073393
96.613 132 -1723073393
96.640 126 -1723073393
96.667 115 -1723073393
96.693 104 -1723073393
96.720 100 -1723073393
96.747 84 -1723073393
96.773 86 -1723073393
96.800 77 -1723073393
96.827 73 -1723073393
96.853 68 -1723073393
96.880 54 -1723073393
96.907 62 -1723073393
96.933 51 -1723073393
96.960 69 -1723073393
96.987 79 -1723073393
97.013 81 -1723073393
97.040 91 -1723073393
97.067 83 -1723073393
97.093 90 -1723073393
97.120 81 -1723073393
97.147 88 -1723073393
97.173 89 -1723073393
97.200 79 -1723073393
97.227 87 -1723073393
97.253 74 -1723073393
97.280 74 -1723073393
97.307 62 -1723073393
97.333 55 -1723073393
97.360 55 -1723073393
97.387 52 -1723073393
97.413 65 -1723073393
97.440 60 -1723073393
97.467 65 -1723073393
97.493 62 -1723073393
97.520 62 -1723073393
97.547 64 -1723073393
97.573 50 -1723073393
97.600 56 -1723073393
97.627 42 -1723073393
97.653 48 -1723073393
97.680 42 -1723073393
97.707 40 -1723073393
97.733 47 -1723073393
97.760 36 -1723073393
97.787 46 -1723073393
97.813 40 -1723073393
97.840 54 -1723073393
97.867 58 -1723073393
97.893 70 -1723073393
97.920 78 -1723073393
97.947 77 -1723073393
97.973 85 -1723073393
98.000 76 -1723073393
98.027 82 -1723073393
98.053 72 -1723073393
98.080 85 -1723073393
98.107 85 -1723073393
98.133 91 -1723073393
98.160 94 -1723073393
98.187 92 -1723073393
98.213 100 -1723073393
98.240 91 -1723073393
98.267 97 -1723073393
98.293 81 -1723073393
98.320 77 -1723073393
98.347 72 -1723073393
98.373 82 -1723073393
98.400 90 -1723073393
98.427 88 -1723073393
98.453 88 -1723073393
98.480 74 -1723073393
98.507 77 -1723073393
98.533 62 -1723073393
98.560 62 -1723073393
98.587 46 -1723073393
98.613 46 -1723073393
98.640 39 -1723073393
98.667 34 -1723073393
98.693 30 -1723073393
98.720 21 -1723073393
98.747 22 -1723073393
98.773 9 -1723073393
98.800 21 -1723073393
98.827 14 -1723073393
98.853 27 -1723073393
98.880 20 -1723073393
98.907 26 -1723073393
98.933 11 -1723073393
98.960 18 -1723073393
98.987 21 -1723073393
99.013 24 -1723073393
99.040 34 -1723073393
99.067 29 -1723073393
99.093 27 -1723073393
99.120 9 -1723073393
99.147 13 -1723073393
99.173 -1 -1723073393
99.200 4 -1723073393
99.227 -11 -1723073393
99.253 -1 -1723073393
99.280 -21 -1723073393
99.307 -25 -1723073393
99.333 -43 -1723073393
99.360 -30 -1723073393
99.387 -41 -1723073393
99.413 -33 -1723073393
99.440 -49 -1723073393
99.467 -46 -1723073393
99.493 -57 -1723073393
99.520 -54 -1723073393
99.547 -50 -1723073393
99.573 -47 -1723073393
99.600 -54 -1723073393
99.627 -58 -1723073393
99.653 -58 -1723073393
99.680 -57 -1723073393
99.707 -53 -1723073393
99.733 -47 -1723073393
99.760 -32 -1723073393
99.787 -31 -1723073393
99.813 -16 -1723073393
99.840 -7 -1723073393
99.867 12 -1723073393
99.893 19 -1723073393
99.920 32 -1723073393
99.947 41 -1723073393
99.973 59 -1723073393
100.000 0 -1723073393
