0.000 30 -1723073393
0.027 30 -1723073393
0.053 22 -1723073393
0.080 18 -1723073393
0.107 18 -1723073393
0.133 16 -1723073393
0.160 22 -1723073393
0.187 29 -1723073393
0.213 33 -1723073393
0.240 34 -1723073393
0.267 30 -1723073393
0.293 29 -1723073393
0.320 27 -1723073393
0.347 23 -1723073393
0.373 24 -1723073393
0.400 21 -1723073393
0.427 18 -1723073393
0.453 23 -1723073393
0.480 28 -1723073393
0.507 29 -1723073393
0.533 27 -1723073393
0.560 19 -1723073393
0.587 17 -1723073393
0.613 23 -1723073393
0.640 26 -1723073393
0.667 27 -1723073393
0.693 27 -1723073393
0.720 23 -1723073393
0.747 24 -1723073393
0.773 22 -1723073393
0.800 19 -1723073393
0.827 15 -1723073393
0.853 5 -1723073393
0.880 3 -1723073393
0.907 1 -1723073393
0.933 -2 -1723073393
0.960 -1 -1723073393
0.987 2 -1723073393
1.013 2 -1723073393
1.040 0 -1723073393
1.067 -1 -1723073393
1.093 -2 -1723073393
1.120 3 -1723073393
1.147 4 -1723073393
1.173 0 -1723073393
1.200 -3 -1723073393
1.227 -12 -1723073393
1.253 -15 -1723073393
1.280 -14 -1723073393
1.307 -14 -1723073393
1.333 -10 -1723073393
1.360 -8 -1723073393
1.387 -7 -1723073393
1.413 -4 -1723073393
1.440 -5 -1723073393
1.467 -5 -1723073393
1.493 -2 -1723073393
1.520 -6 -1723073393
1.547 -11 -1723073393
1.573 -15 -1723073393
1.600 -22 -1723073393
1.627 -21 -1723073393
1.653 -18 -1723073393
1.680 -19 -1723073393
1.707 -20 -1723073393
1.733 -20 -1723073393
1.760 -19 -1723073393
1.787 -12 -1723073393
1.813 -12 -1723073393
1.840 -12 -1723073393
1.867 -9 -1723073393
1.893 -11 -1723073393
1.920 -10 -1723073393
1.947 -17 -1723073393
1.973 -28 -1723073393
2.000 -25 -1723073393
2.027 -22 -1723073393
2.053 -19 -1723073393
2.080 -15 -1723073393
2.107 -15 -1723073393
2.133 -15 -1723073393
2.160 -13 -1723073393
2.187 -20 -1723073393
2.213 -19 -1723073393
2.240 -18 -1723073393
2.267 -21 -1723073393
2.293 -17 -1723073393
2.320 -18 -1723073393
2.347 -20 -1723073393
2.373 -15 -1723073393
2.400 -15 -1723073393
2.427 -20 -1723073393
2.453 -20 -1723073393
2.480 -25 -1723073393
2.507 -21 -1723073393
2.533 -14 -1723073393
2.560 -17 -1723073393
2.587 -12 -1723073393
2.613 -13 -1723073393
2.640 -23 -1723073393
2.667 -28 -1723073393
2.693 -36 -1723073393
2.720 -40 -1723073393
2.747 -31 -1723073393
2.773 -27 -1723073393
2.800 -25 -1723073393
2.827 -20 -1723073393
2.853 -23 -1723073393
2.880 -22 -1723073393
2.907 -22 -1723073393
2.933 -25 -1723073393
2.960 -24 -1723073393
2.987 -27 -1723073393
3.013 -32 -1723073393
3.040 -28 -1723073393
3.067 -28 -1723073393
3.093 -26 -1723073393
3.120 -22 -1723073393
3.147 -30 -1723073393
3.173 -29 -1723073393
3.200 -26 -1723073393
3.227 -31 -1723073393
3.253 -26 -1723073393
3.280 -23 -1723073393
3.307 -24 -1723073393
3.333 -18 -1723073393
3.360 -26 -1723073393
3.387 -31 -1723073393
3.413 -29 -1723073393
3.440 -41 -1723073393
3.467 -44 -1723073393
3.493 -41 -1723073393
3.520 -46 -1723073393
3.547 -39 -1723073393
3.573 -33 -1723073393
3.600 -32 -1723073393
3.627 -22 -1723073393
3.653 -19 -1723073393
3.680 -20 -1723073393
3.707 -15 -1723073393
3.733 -21 -1723073393
3.760 -23 -1723073393
3.787 -16 -1723073393
3.813 -23 -1723073393
3.840 -20 -1723073393
3.867 -17 -1723073393
3.893 -26 -1723073393
3.920 -25 -1723073393
3.947 -30 -1723073393
3.973 -41 -1723073393
4.000 -38 -1723073393
4.027 -41 -1723073393
4.053 -41 -1723073393
4.080 -34 -1723073393
4.107 -46 -1723073393
4.133 -51 -1723073393
4.160 -49 -1723073393
4.187 -57 -1723073393
4.213 -49 -1723073393
4.240 -38 -1723073393
4.267 -47 -1723073393
4.293 -46 -1723073393
4.320 -43 -1723073393
4.347 -41 -1723073393
4.373 -30 -1723073393
4.400 -34 -1723073393
4.427 -35 -1723073393
4.453 -27 -1723073393
4.480 -34 -1723073393
4.507 -27 -1723073393
4.533 -23 -1723073393
4.560 -34 -1723073393
4.587 -30 -1723073393
4.613 -31 -1723073393
4.640 -35 -1723073393
4.667 -24 -1723073393
4.693 -24 -1723073393
4.720 -27 -1723073393
4.747 -22 -1723073393
4.773 -24 -1723073393
4.800 -18 -1723073393
4.827 -12 -1723073393
4.853 -20 -1723073393
4.880 -17 -1723073393
4.907 -16 -1723073393
4.933 -24 -1723073393
4.960 -20 -1723073393
4.987 -20 -1723073393
5.013 -18 -1723073393
5.040 -10 -1723073393
5.067 -17 -1723073393
5.093 -21 -1723073393
5.120 -13 -1723073393
5.147 -15 -1723073393
5.173 -14 -1723073393
5.200 -16 -1723073393
5.227 -24 -1723073393
5.253 -19 -1723073393
5.280 -18 -1723073393
5.307 -22 -1723073393
5.333 -17 -1723073393
5.360 -23 -1723073393
5.387 -26 -1723073393
5.413 -18 -1723073393
5.440 -27 -1723073393
5.467 -29 -1723073393
5.493 -22 -1723073393
5.520 -25 -1723073393
5.547 -15 -1723073393
5.573 -4 -1723073393
5.600 -6 -1723073393
5.627 -5 -1723073393
5.653 -2 -1723073393
5.680 0 -1723073393
5.707 7 -1723073393
5.733 1 -1723073393
5.760 -3 -1723073393
5.787 1 -1723073393
5.813 0 -1723073393
5.840 0 -1723073393
5.867 0 -1723073393
5.893 -6 -1723073393
5.920 -4 -1723073393
5.947 -3 -1723073393
5.973 -12 -1723073393
6.000 -10 -1723073393
6.027 -12 -1723073393
6.053 -22 -1723073393
6.080 -22 -1723073393
6.107 -27 -1723073393
6.133 -28 -1723073393
6.160 -15 -1723073393
6.187 -17 -1723073393
6.213 -19 -1723073393
6.240 -19 -1723073393
6.267 -21 -1723073393
6.293 -7 -1723073393
6.320 0 -1723073393
6.347 -1 -1723073393
6.373 6 -1723073393
6.400 2 -1723073393
6.427 -4 -1723073393
6.453 -5 -1723073393
6.480 -12 -1723073393
6.507 -15 -1723073393
6.533 -14 -1723073393
6.560 -17 -1723073393
6.587 -10 -1723073393
6.613 -3 -1723073393
6.640 -6 -1723073393
6.667 -6 -1723073393
6.693 -13 -1723073393
6.720 -22 -1723073393
6.747 -20 -1723073393
6.773 -28 -1723073393
6.800 -33 -1723073393
6.827 -31 -1723073393
6.853 -38 -1723073393
6.880 -38 -1723073393
6.907 -33 -1723073393
6.933 -32 -1723073393
6.960 -24 -1723073393
6.987 -19 -1723073393
7.013 -21 -1723073393
7.040 -17 -1723073393
7.067 -15 -1723073393
7.093 -14 -1723073393
7.120 -14 -1723073393
7.147 -21 -1723073393
7.173 -24 -1723073393
7.200 -28 -1723073393
7.227 -38 -1723073393
7.253 -33 -1723073393
7.280 -28 -1723073393
7.307 -31 -1723073393
7.333 -24 -1723073393
7.360 -19 -1723073393
7.387 -19 -1723073393
7.413 -16 -1723073393
7.440 -20 -1723073393
7.467 -25 -1723073393
7.493 -26 -1723073393
7.520 -34 -1723073393
7.547 -36 -1723073393
7.573 -33 -1723073393
7.600 -41 -1723073393
7.627 -41 -1723073393
7.653 -39 -1723073393
7.680 -40 -1723073393
7.707 -27 -1723073393
7.733 -24 -1723073393
7.760 -28 -1723073393
7.787 -26 -1723073393
7.813 -33 -1723073393
7.840 -35 -1723073393
7.867 -26 -1723073393
7.893 -25 -1723073393
7.920 -22 -1723073393
7.947 -22 -1723073393
7.973 -32 -1723073393
8.000 -31 -1723073393
8.027 -30 -1723073393
8.053 -31 -1723073393
8.080 -22 -1723073393
8.107 -20 -1723073393
8.133 -24 -1723073393
8.160 -23 -1723073393
8.187 -24 -1723073393
8.213 -24 -1723073393
8.240 -27 -1723073393
8.267 -39 -1723073393
8.293 -41 -1723073393
8.320 -38 -1723073393
8.347 -43 -1723073393
8.373 -37 -1723073393
8.400 -37 -1723073393
8.427 -40 -1723073393
8.453 -29 -1723073393
8.480 -25 -1723073393
8.507 -26 -1723073393
8.533 -22 -1723073393
8.560 -22 -1723073393
8.587 -17 -1723073393
8.613 -11 -1723073393
8.640 -11 -1723073393
8.667 -8 -1723073393
8.693 -5 -1723073393
8.720 -5 -1723073393
8.747 0 -1723073393
8.773 -1 -1723073393
8.800 -5 -1723073393
8.827 -3 -1723073393
8.853 -5 -1723073393
8.880 -6 -1723073393
8.907 -2 -1723073393
8.933 -8 -1723073393
8.960 -13 -1723073393
8.987 -10 -1723073393
9.013 -11 -1723073393
9.040 -9 -1723073393
9.067 -8 -1723073393
9.093 -13 -1723073393
9.120 -12 -1723073393
9.147 -16 -1723073393
9.173 -22 -1723073393
9.200 -16 -1723073393
9.227 -18 -1723073393
9.253 -20 -1723073393
9.280 -15 -1723073393
9.307 -23 -1723073393
9.333 -28 -1723073393
9.360 -25 -1723073393
9.387 -28 -1723073393
9.413 -30 -1723073393
9.440 -30 -1723073393
9.467 -34 -1723073393
9.493 -34 -1723073393
9.520 -36 -1723073393
9.547 -42 -1723073393
9.573 -40 -1723073393
9.600 -43 -1723073393
9.627 -46 -1723073393
9.653 -36 -1723073393
9.680 -35 -1723073393
9.707 -36 -1723073393
9.733 -30 -1723073393
9.760 -38 -1723073393
9.787 -40 -1723073393
9.813 -36 -1723073393
9.840 -41 -1723073393
9.867 -42 -1723073393
9.893 -44 -1723073393
9.920 -54 -1723073393
9.947 -54 -1723073393
9.973 -54 -1723073393
10.000 -55 -1723073393
10.027 -46 -1723073393
10.053 -46 -1723073393
10.080 -49 -1723073393
10.107 -42 -1723073393
10.133 -40 -1723073393
10.160 -38 -1723073393
10.187 -34 -1723073393
10.213 -38 -1723073393
10.240 -35 -1723073393
10.267 -30 -1723073393
10.293 -31 -1723073393
10.320 -18 -1723073393
10.347 -8 -1723073393
10.373 -2 -1723073393
10.400 13 -1723073393
10.427 31 -1723073393
10.453 51 -1723073393
10.480 74 -1723073393
10.507 90 -1723073393
10.533 108 -1723073393
10.560 131 -1723073393
10.587 147 -1723073393
10.613 164 -1723073393
10.640 180 -1723073393
10.667 187 -1723073393
10.693 199 -1723073393
10.720 204 -1723073393
10.747 200 -1723073393
10.773 198 -1723073393
10.800 189 -1723073393
10.827 173 -1723073393
10.853 159 -1723073393
10.880 138 -1723073393
10.907 118 -1723073393
10.933 100 -1723073393
10.960 70 -1723073393
10.987 39 -1723073393
11.013 18 -1723073393
11.040 -2 -1723073393
11.067 -20 -1723073393
11.093 -36 -1723073393
11.120 -58 -1723073393
11.147 -66 -1723073393
11.173 -75 -1723073393
11.200 -85 -1723073393
11.227 -85 -1723073393
11.253 -89 -1723073393
11.280 -93 -1723073393
11.307 -89 -1723073393
11.333 -95 -1723073393
11.360 -98 -1723073393
11.387 -96 -1723073393
11.413 -105 -1723073393
11.440 -109 -1723073393
11.467 -107 -1723073393
11.493 -115 -1723073393
11.520 -117 -1723073393
11.547 -114 -1723073393
11.573 -121 -1723073393
11.600 -120 -1723073393
11.627 -121 -1723073393
11.653 -128 -1723073393
11.680 -119 -1723073393
11.707 -113 -1723073393
11.733 -110 -1723073393
11.760 -93 -1723073393
11.787 -86 -1723073393
11.813 -79 -1723073393
11.840 -60 -1723073393
11.867 -53 -1723073393
11.893 -35 -1723073393
11.920 -11 -1723073393
11.947 -1 -1723073393
11.973 17 -1723073393
12.000 38 -1723073393
12.027 53 -1723073393
12.053 77 -1723073393
12.080 91 -1723073393
12.107 91 -1723073393
12.133 99 -1723073393
12.160 100 -1723073393
12.187 97 -1723073393
12.213 103 -1723073393
12.240 106 -1723073393
12.267 110 -1723073393
12.293 121 -1723073393
12.320 126 -1723073393
12.347 143 -1723073393
12.373 168 -1723073393
12.400 184 -1723073393
12.427 200 -1723073393
12.453 217 -1723073393
12.480 228 -1723073393
12.507 242 -1723073393
12.533 256 -1723073393
12.560 266 -1723073393
12.587 281 -1723073393
12.613 284 -1723073393
12.640 276 -1723073393
12.667 268 -1723073393
12.693 255 -1723073393
12.720 235 -1723073393
12.747 212 -1723073393
12.773 179 -1723073393
12.800 140 -1723073393
12.827 102 -1723073393
12.853 62 -1723073393
12.880 30 -1723073393
12.907 -3 -1723073393
12.933 -44 -1723073393
12.960 -75 -1723073393
12.987 -103 -1723073393
13.013 -135 -1723073393
13.040 -155 -1723073393
13.067 -174 -1723073393
13.093 -196 -1723073393
13.120 -198 -1723073393
13.147 -202 -1723073393
13.173 -207 -1723073393
13.200 -198 -1723073393
13.227 -200 -1723073393
13.253 -199 -1723073393
13.280 -183 -1723073393
13.307 -178 -1723073393
13.333 -172 -1723073393
13.360 -160 -1723073393
13.387 -159 -1723073393
13.413 -149 -1723073393
13.440 -130 -1723073393
13.467 -123 -1723073393
13.493 -111 -1723073393
13.520 -99 -1723073393
13.547 -99 -1723073393
13.573 -90 -1723073393
13.600 -78 -1723073393
13.627 -70 -1723073393
13.653 -50 -1723073393
13.680 -32 -1723073393
13.707 -21 -1723073393
13.733 -2 -1723073393
13.760 10 -1723073393
13.787 24 -1723073393
13.813 45 -1723073393
13.840 57 -1723073393
13.867 67 -1723073393
13.893 75 -1723073393
13.920 72 -1723073393
13.947 67 -1723073393
13.973 61 -1723073393
14.000 46 -1723073393
14.027 33 -1723073393
14.053 15 -1723073393
14.080 -11 -1723073393
14.107 -38 -1723073393
14.133 -74 -1723073393
14.160 -120 -1723073393
14.187 -153 -1723073393
14.213 -192 -1723073393
14.240 -236 -1723073393
14.267 -265 -1723073393
14.293 -304 -1723073393
14.320 -343 -1723073393
14.347 -363 -1723073393
14.373 -388 -1723073393
14.400 -412 -1723073393
14.427 -423 -1723073393
14.453 -441 -1723073393
14.480 -446 -1723073393
14.507 -439 -1723073393
14.533 -444 -1723073393
14.560 -437 -1723073393
14.587 -425 -1723073393
14.613 -425 -1723073393
14.640 -416 -1723073393
14.667 -403 -1723073393
14.693 -403 -1723073393
14.720 -394 -1723073393
14.747 -391 -1723073393
14.773 -400 -1723073393
14.800 -396 -1723073393
14.827 -398 -1723073393
14.853 -412 -1723073393
14.880 -414 -1723073393
14.907 -425 -1723073393
14.933 -439 -1723073393
14.960 -437 -1723073393
14.987 -441 -1723073393
15.013 -447 -1723073393
15.040 -439 -1723073393
15.067 -443 -1723073393
15.093 -444 -1723073393
15.120 -431 -1723073393
15.147 -434 -1723073393
15.173 -435 -1723073393
15.200 -423 -1723073393
15.227 -418 -1723073393
15.253 -406 -1723073393
15.280 -392 -1723073393
15.307 -389 -1723073393
15.333 -383 -1723073393
15.360 -382 -1723073393
15.387 -400 -1723073393
15.413 -413 -1723073393
15.440 -426 -1723073393
15.467 -446 -1723073393
15.493 -461 -1723073393
15.520 -486 -1723073393
15.547 -519 -1723073393
15.573 -545 -1723073393
15.600 -579 -1723073393
15.627 -610 -1723073393
15.653 -634 -1723073393
15.680 -670 -1723073393
15.707 -703 -1723073393
15.733 -727 -1723073393
15.760 -756 -1723073393
15.787 -779 -1723073393
15.813 -800 -1723073393
15.840 -835 -1723073393
15.867 -861 -1723073393
15.893 -883 -1723073393
15.920 -917 -1723073393
15.947 -943 -1723073393
15.973 -969 -1723073393
16.000 -1008 -1723073393
16.027 -1035 -1723073393
16.053 -1068 -1723073393
16.080 -1108 -1723073393
16.107 -1132 -1723073393
16.133 -1162 -1723073393
16.160 -1198 -1723073393
16.187 -1216 -1723073393
16.213 -1238 -1723073393
16.240 -1259 -1723073393
16.267 -1253 -1723073393
16.293 -1243 -1723073393
16.320 -1220 -1723073393
16.347 -1164 -1723073393
16.373 -1094 -1723073393
16.400 -990 -1723073393
16.427 -829 -1723073393
16.453 -633 -1723073393
16.480 -385 -1723073393
16.507 -64 -1723073393
16.533 300 -1723073393
16.560 737 -1723073393
16.587 1255 -1723073393
16.613 1818 -1723073393
16.640 2449 -1723073393
16.667 3124 -1723073393
16.693 3846 -1723073393
16.720 4577 -1723073393
16.747 5276 -1723073393
16.773 5968 -1723073393
16.800 6571 -1723073393
16.827 7095 -1723073393
16.853 7529 -1723073393
16.880 7769 -1723073393
16.907 7868 -1723073393
16.933 7823 -1723073393
16.960 7539 -1723073393
16.987 7116 -1723073393
17.013 6575 -1723073393
17.040 5827 -1723073393
17.067 5012 -1723073393
17.093 4126 -1723073393
17.120 3133 -1723073393
17.147 2178 -1723073393
17.173 1229 -1723073393
17.200 300 -1723073393
17.227 -563 -1723073393
17.253 -1351 -1723073393
17.280 -2038 -1723073393
17.307 -2648 -1723073393
17.333 -3151 -1723073393
17.360 -3556 -1723073393
17.387 -3898 -1723073393
17.413 -4141 -1723073393
17.440 -4303 -1723073393
17.467 -4423 -1723073393
17.493 -4471 -1723073393
17.520 -4482 -1723073393
17.547 -4492 -1723073393
17.573 -4461 -1723073393
17.600 -4423 -1723073393
17.627 -4397 -1723073393
17.653 -4346 -1723073393
17.680 -4316 -1723073393
17.707 -4307 -1723073393
17.733 -4275 -1723073393
17.760 -4266 -1723073393
17.787 -4266 -1723073393
17.813 -4226 -1723073393
17.840 -4197 -1723073393
17.867 -4167 -1723073393
17.893 -4090 -1723073393
17.920 -4014 -1723073393
17.947 -3920 -1723073393
17.973 -3762 -1723073393
18.000 -3588 -1723073393
18.027 -3373 -1723073393
18.053 -3080 -1723073393
18.080 -2766 -1723073393
18.107 -2404 -1723073393
18.133 -1979 -1723073393
18.160 -1522 -1723073393
18.187 -1009 -1723073393
18.213 -450 -1723073393
18.240 151 -1723073393
18.267 803 -1723073393
18.293 1528 -1723073393
18.320 2310 -1723073393
18.347 3126 -1723073393
18.373 4029 -1723073393
18.400 4995 -1723073393
18.427 6026 -1723073393
18.453 7150 -1723073393
18.480 8316 -1723073393
18.507 9518 -1723073393
18.533 10764 -1723073393
18.560 12064 -1723073393
18.587 13300 -1723073393
18.613 14481 -1723073393
18.640 15625 -1723073393
18.667 16545 -1723073393
18.693 17356 -1723073393
18.720 17999 -1723073393
18.747 18279 -1723073393
18.773 18372 -1723073393
18.800 18241 -1723073393
18.827 17704 -1723073393
18.853 16990 -1723073393
18.880 16089 -1723073393
18.907 14829 -1723073393
18.933 13484 -1723073393
18.960 12013 -1723073393
18.987 10329 -1723073393
19.013 8709 -1723073393
19.040 7068 -1723073393
19.067 5381 -1723073393
19.093 3782 -1723073393
19.120 2257 -1723073393
19.147 845 -1723073393
19.173 -432 -1723073393
19.200 -1558 -1723073393
19.227 -2579 -1723073393
19.253 -3470 -1723073393
19.280 -4186 -1723073393
19.307 -4794 -1723073393
19.333 -5301 -1723073393
19.360 -5676 -1723073393
19.387 -5968 -1723073393
19.413 -6198 -1723073393
19.440 -6320 -1723073393
19.467 -6391 -1723073393
19.493 -6457 -1723073393
19.520 -6436 -1723073393
19.547 -6401 -1723073393
19.573 -6384 -1723073393
19.600 -6303 -1723073393
19.627 -6231 -1723073393
19.653 -6191 -1723073393
19.680 -6099 -1723073393
19.707 -6021 -1723073393
19.733 -5967 -1723073393
19.760 -5863 -1723073393
19.787 -5778 -1723073393
19.813 -5708 -1723073393
19.840 -5575 -1723073393
19.867 -5455 -1723073393
19.893 -5334 -1723073393
19.920 -5159 -1723073393
19.947 -5013 -1723073393
19.973 -4866 -1723073393
20.000 -4689 -1723073393
20.027 -4550 -1723073393
20.053 -4421 -1723073393
20.080 -4289 -1723073393
20.107 -4222 -1723073393
20.133 -4187 -1723073393
20.160 -4175 -1723073393
20.187 -4259 -1723073393
20.213 -4387 -1723073393
20.240 -4558 -1723073393
20.267 -4820 -1723073393
20.293 -5121 -1723073393
20.320 -5465 -1723073393
20.347 -5877 -1723073393
20.373 -6287 -1723073393
20.400 -6703 -1723073393
20.427 -7157 -1723073393
20.453 -7546 -1723073393
20.480 -7890 -1723073393
20.507 -8227 -1723073393
20.533 -8430 -1723073393
20.560 -8562 -1723073393
20.587 -8647 -1723073393
20.613 -8565 -1723073393
20.640 -8407 -1723073393
20.667 -8204 -1723073393
20.693 -7832 -1723073393
20.720 -7418 -1723073393
20.747 -6997 -1723073393
20.773 -6448 -1723073393
20.800 -5908 -1723073393
20.827 -5383 -1723073393
20.853 -4787 -1723073393
20.880 -4249 -1723073393
20.907 -3753 -1723073393
20.933 -3240 -1723073393
20.960 -2785 -1723073393
20.987 -2380 -1723073393
21.013 -1986 -1723073393
21.040 -1649 -1723073393
21.067 -1358 -1723073393
21.093 -1067 -1723073393
21.120 -814 -1723073393
21.147 -593 -1723073393
21.173 -377 -1723073393
21.200 -200 -1723073393
21.227 -41 -1723073393
21.253 108 -1723073393
21.280 233 -1723073393
21.307 346 -1723073393
21.333 451 -1723073393
21.360 540 -1723073393
21.387 621 -1723073393
21.413 694 -1723073393
21.440 756 -1723073393
21.467 815 -1723073393
21.493 868 -1723073393
21.520 912 -1723073393
21.547 948 -1723073393
21.573 984 -1723073393
21.600 1018 -1723073393
21.627 1050 -1723073393
21.653 1079 -1723073393
21.680 1101 -1723073393
21.707 1121 -1723073393
21.733 1145 -1723073393
21.760 1169 -1723073393
21.787 1190 -1723073393
21.813 1215 -1723073393
21.840 1242 -1723073393
21.867 1263 -1723073393
21.893 1289 -1723073393
21.920 1322 -1723073393
21.947 1354 -1723073393
21.973 1390 -1723073393
22.000 1423 -1723073393
22.027 1453 -1723073393
22.053 1483 -1723073393
22.080 1507 -1723073393
22.107 1528 -1723073393
22.133 1554 -1723073393
22.160 1583 -1723073393
22.187 1615 -1723073393
22.213 1661 -1723073393
22.240 1723 -1723073393
22.267 1794 -1723073393
22.293 1883 -1723073393
22.320 1981 -1723073393
22.347 2075 -1723073393
22.373 2183 -1723073393
22.400 2285 -1723073393
22.427 2385 -1723073393
22.453 2489 -1723073393
22.480 2568 -1723073393
22.507 2630 -1723073393
22.533 2689 -1723073393
22.560 2710 -1723073393
22.587 2701 -1723073393
22.613 2686 -1723073393
22.640 2630 -1723073393
22.667 2546 -1723073393
22.693 2454 -1723073393
22.720 2320 -1723073393
22.747 2170 -1723073393
22.773 2027 -1723073393
22.800 1856 -1723073393
22.827 1679 -1723073393
22.853 1529 -1723073393
22.880 1383 -1723073393
22.907 1254 -1723073393
22.933 1155 -1723073393
22.960 1059 -1723073393
22.987 980 -1723073393
23.013 930 -1723073393
23.040 892 -1723073393
23.067 872 -1723073393
23.093 871 -1723073393
23.120 875 -1723073393
23.147 885 -1723073393
23.173 896 -1723073393
23.200 906 -1723073393
23.227 922 -1723073393
23.253 937 -1723073393
23.280 947 -1723073393
23.307 959 -1723073393
23.333 969 -1723073393
23.360 973 -1723073393
23.387 982 -1723073393
23.413 992 -1723073393
23.440 993 -1723073393
23.467 988 -1723073393
23.493 975 -1723073393
23.520 953 -1723073393
23.547 930 -1723073393
23.573 899 -1723073393
23.600 859 -1723073393
23.627 814 -1723073393
23.653 768 -1723073393
23.680 720 -1723073393
23.707 672 -1723073393
23.733 621 -1723073393
23.760 570 -1723073393
23.787 517 -1723073393
23.813 463 -1723073393
23.840 415 -1723073393
23.867 371 -1723073393
23.893 321 -1723073393
23.920 265 -1723073393
23.947 209 -1723073393
23.973 154 -1723073393
24.000 110 -1723073393
24.027 66 -1723073393
24.053 22 -1723073393
24.080 -10 -1723073393
24.107 -36 -1723073393
24.133 -48 -1723073393
24.160 -39 -1723073393
24.187 -29 -1723073393
24.213 -14 -1723073393
24.240 12 -1723073393
24.267 37 -1723073393
24.293 67 -1723073393
24.320 105 -1723073393
24.347 129 -1723073393
24.373 156 -1723073393
24.400 190 -1723073393
24.427 213 -1723073393
24.453 242 -1723073393
24.480 277 -1723073393
24.507 303 -1723073393
24.533 329 -1723073393
24.560 366 -1723073393
24.587 406 -1723073393
24.613 451 -1723073393
24.640 499 -1723073393
24.667 541 -1723073393
24.693 588 -1723073393
24.720 645 -1723073393
24.747 697 -1723073393
24.773 751 -1723073393
24.800 799 -1723073393
24.827 835 -1723073393
24.853 861 -1723073393
24.880 882 -1723073393
24.907 892 -1723073393
24.933 881 -1723073393
24.960 856 -1723073393
24.987 813 -1723073393
25.013 747 -1723073393
25.040 664 -1723073393
25.067 575 -1723073393
25.093 482 -1723073393
25.120 393 -1723073393
25.147 307 -1723073393
25.173 226 -1723073393
25.200 156 -1723073393
25.227 98 -1723073393
25.253 55 -1723073393
25.280 25 -1723073393
25.307 6 -1723073393
25.333 8 -1723073393
25.360 17 -1723073393
25.387 23 -1723073393
25.413 40 -1723073393
25.440 60 -1723073393
25.467 76 -1723073393
25.493 101 -1723073393
25.520 124 -1723073393
25.547 133 -1723073393
25.573 137 -1723073393
25.600 131 -1723073393
25.627 115 -1723073393
25.653 101 -1723073393
25.680 82 -1723073393
25.707 52 -1723073393
25.733 25 -1723073393
25.760 -8 -1723073393
25.787 -51 -1723073393
25.813 -85 -1723073393
25.840 -118 -1723073393
25.867 -153 -1723073393
25.893 -174 -1723073393
25.920 -188 -1723073393
25.947 -192 -1723073393
25.973 -172 -1723073393
26.000 -144 -1723073393
26.027 -113 -1723073393
26.053 -63 -1723073393
26.080 -13 -1723073393
26.107 32 -1723073393
26.133 93 -1723073393
26.160 153 -1723073393
26.187 204 -1723073393
26.213 257 -1723073393
26.240 305 -1723073393
26.267 342 -1723073393
26.293 375 -1723073393
26.320 396 -1723073393
26.347 402 -1723073393
26.373 405 -1723073393
26.400 398 -1723073393
26.427 374 -1723073393
26.453 341 -1723073393
26.480 300 -1723073393
26.507 250 -1723073393
26.533 200 -1723073393
26.560 147 -1723073393
26.587 92 -1723073393
26.613 53 -1723073393
26.640 13 -1723073393
26.667 -22 -1723073393
26.693 -48 -1723073393
26.720 -70 -1723073393
26.747 -80 -1723073393
26.773 -78 -1723073393
26.800 -86 -1723073393
26.827 -93 -1723073393
26.853 -100 -1723073393
26.880 -120 -1723073393
26.907 -137 -1723073393
26.933 -146 -1723073393
26.960 -167 -1723073393
26.987 -186 -1723073393
27.013 -196 -1723073393
27.040 -211 -1723073393
27.067 -221 -1723073393
27.093 -222 -1723073393
27.120 -231 -1723073393
27.147 -232 -1723073393
27.173 -222 -1723073393
27.200 -216 -1723073393
27.227 -201 -1723073393
27.253 -171 -1723073393
27.280 -153 -1723073393
27.307 -137 -1723073393
27.333 -116 -1723073393
27.360 -109 -1723073393
27.387 -101 -1723073393
27.413 -80 -1723073393
27.440 -72 -1723073393
27.467 -70 -1723073393
27.493 -66 -1723073393
27.520 -72 -1723073393
27.547 -75 -1723073393
27.573 -75 -1723073393
27.600 -88 -1723073393
27.627 -104 -1723073393
27.653 -116 -1723073393
27.680 -139 -1723073393
27.707 -159 -1723073393
27.733 -169 -1723073393
27.760 -181 -1723073393
27.787 -186 -1723073393
27.813 -183 -1723073393
27.840 -192 -1723073393
27.867 -198 -1723073393
27.893 -194 -1723073393
27.920 -199 -1723073393
27.947 -198 -1723073393
27.973 -180 -1723073393
28.000 -171 -1723073393
28.027 -155 -1723073393
28.053 -122 -1723073393
28.080 -98 -1723073393
28.107 -69 -1723073393
28.133 -31 -1723073393
28.160 1 -1723073393
28.187 42 -1723073393
28.213 90 -1723073393
28.240 131 -1723073393
28.267 172 -1723073393
28.293 215 -1723073393
28.320 248 -1723073393
28.347 276 -1723073393
28.373 305 -1723073393
28.400 325 -1723073393
28.427 339 -1723073393
28.453 354 -1723073393
28.480 367 -1723073393
28.507 378 -1723073393
28.533 382 -1723073393
28.560 370 -1723073393
28.587 346 -1723073393
28.613 321 -1723073393
28.640 289 -1723073393
28.667 250 -1723073393
28.693 210 -1723073393
28.720 166 -1723073393
28.747 128 -1723073393
28.773 93 -1723073393
28.800 54 -1723073393
28.827 16 -1723073393
28.853 -13 -1723073393
28.880 -37 -1723073393
28.907 -50 -1723073393
28.933 -47 -1723073393
28.960 -45 -1723073393
28.987 -36 -1723073393
29.013 -17 -1723073393
29.040 -3 -1723073393
29.067 16 -1723073393
29.093 47 -1723073393
29.120 69 -1723073393
29.147 93 -1723073393
29.173 124 -1723073393
29.200 137 -1723073393
29.227 141 -1723073393
29.253 149 -1723073393
29.280 142 -1723073393
29.307 128 -1723073393
29.333 114 -1723073393
29.360 83 -1723073393
29.387 51 -1723073393
29.413 27 -1723073393
29.440 -9 -1723073393
29.467 -42 -1723073393
29.493 -67 -1723073393
29.520 -102 -1723073393
29.547 -130 -1723073393
29.573 -144 -1723073393
29.600 -159 -1723073393
29.627 -166 -1723073393
29.653 -159 -1723073393
29.680 -156 -1723073393
29.707 -142 -1723073393
29.733 -114 -1723073393
29.760 -92 -1723073393
29.787 -60 -1723073393
29.813 -18 -1723073393
29.840 13 -1723073393
29.867 52 -1723073393
29.893 101 -1723073393
29.920 140 -1723073393
29.947 176 -1723073393
29.973 216 -1723073393
30.000 243 -1723073393
30.027 263 -1723073393
30.053 281 -1723073393
30.080 286 -1723073393
30.107 287 -1723073393
30.133 288 -1723073393
30.160 285 -1723073393
30.187 284 -1723073393
30.213 288 -1723073393
30.240 288 -1723073393
30.267 287 -1723073393
30.293 290 -1723073393
30.320 292 -1723073393
30.347 291 -1723073393
30.373 285 -1723073393
30.400 269 -1723073393
30.427 249 -1723073393
30.453 230 -1723073393
30.480 206 -1723073393
30.507 174 -1723073393
30.533 141 -1723073393
30.560 101 -1723073393
30.587 55 -1723073393
30.613 13 -1723073393
30.640 -29 -1723073393
30.667 -70 -1723073393
30.693 -101 -1723073393
30.720 -134 -1723073393
30.747 -162 -1723073393
30.773 -170 -1723073393
30.800 -172 -1723073393
30.827 -163 -1723073393
30.853 -134 -1723073393
30.880 -108 -1723073393
30.907 -74 -1723073393
30.933 -22 -1723073393
30.960 25 -1723073393
30.987 75 -1723073393
31.013 132 -1723073393
31.040 177 -1723073393
31.067 214 -1723073393
31.093 243 -1723073393
31.120 256 -1723073393
31.147 254 -1723073393
31.173 237 -1723073393
31.200 207 -1723073393
31.227 167 -1723073393
31.253 122 -1723073393
31.280 72 -1723073393
31.307 11 -1723073393
31.333 -47 -1723073393
31.360 -108 -1723073393
31.387 -169 -1723073393
31.413 -211 -1723073393
31.440 -242 -1723073393
31.467 -263 -1723073393
31.493 -265 -1723073393
31.520 -262 -1723073393
31.547 -256 -1723073393
31.573 -227 -1723073393
31.600 -193 -1723073393
31.627 -159 -1723073393
31.653 -103 -1723073393
31.680 -47 -1723073393
31.707 0 -1723073393
31.733 57 -1723073393
31.760 115 -1723073393
31.787 156 -1723073393
31.813 196 -1723073393
31.840 229 -1723073393
31.867 247 -1723073393
31.893 263 -1723073393
31.920 280 -1723073393
31.947 289 -1723073393
31.973 296 -1723073393
32.000 299 -1723073393
32.027 296 -1723073393
32.053 292 -1723073393
32.080 290 -1723073393
32.107 286 -1723073393
32.133 277 -1723073393
32.160 265 -1723073393
32.187 245 -1723073393
32.213 222 -1723073393
32.240 189 -1723073393
32.267 147 -1723073393
32.293 108 -1723073393
32.320 75 -1723073393
32.347 36 -1723073393
32.373 -2 -1723073393
32.400 -34 -1723073393
32.427 -68 -1723073393
32.453 -93 -1723073393
32.480 -107 -1723073393
32.507 -121 -1723073393
32.533 -120 -1723073393
32.560 -102 -1723073393
32.587 -87 -1723073393
32.613 -56 -1723073393
32.640 -5 -1723073393
32.667 41 -1723073393
32.693 94 -1723073393
32.720 159 -1723073393
32.747 211 -1723073393
32.773 253 -1723073393
32.800 289 -1723073393
32.827 309 -1723073393
32.853 313 -1723073393
32.880 310 -1723073393
32.907 289 -1723073393
32.933 246 -1723073393
32.960 187 -1723073393
32.987 115 -1723073393
33.013 34 -1723073393
33.040 -57 -1723073393
33.067 -151 -1723073393
33.093 -236 -1723073393
33.120 -304 -1723073393
33.147 -366 -1723073393
33.173 -415 -1723073393
33.200 -430 -1723073393
33.227 -432 -1723073393
33.253 -419 -1723073393
33.280 -371 -1723073393
33.307 -309 -1723073393
33.333 -252 -1723073393
33.360 -168 -1723073393
33.387 -78 -1723073393
33.413 -3 -1723073393
33.440 82 -1723073393
33.467 166 -1723073393
33.493 235 -1723073393
33.520 303 -1723073393
33.547 358 -1723073393
33.573 396 -1723073393
33.600 425 -1723073393
33.627 447 -1723073393
33.653 456 -1723073393
33.680 456 -1723073393
33.707 454 -1723073393
33.733 449 -1723073393
33.760 444 -1723073393
33.787 438 -1723073393
33.813 431 -1723073393
33.840 426 -1723073393
33.867 419 -1723073393
33.893 409 -1723073393
33.920 400 -1723073393
33.947 390 -1723073393
33.973 374 -1723073393
34.000 355 -1723073393
34.027 329 -1723073393
34.053 296 -1723073393
34.080 261 -1723073393
34.107 221 -1723073393
34.133 173 -1723073393
34.160 128 -1723073393
34.187 89 -1723073393
34.213 50 -1723073393
34.240 17 -1723073393
34.267 -3 -1723073393
34.293 -21 -1723073393
34.320 -31 -1723073393
34.347 -24 -1723073393
34.373 -13 -1723073393
34.400 10 -1723073393
34.427 56 -1723073393
34.453 103 -1723073393
34.480 149 -1723073393
34.507 208 -1723073393
34.533 259 -1723073393
34.560 303 -1723073393
34.587 355 -1723073393
34.613 393 -1723073393
34.640 410 -1723073393
34.667 414 -1723073393
34.693 400 -1723073393
34.720 369 -1723073393
34.747 328 -1723073393
34.773 268 -1723073393
34.800 195 -1723073393
34.827 116 -1723073393
34.853 32 -1723073393
34.880 -53 -1723073393
34.907 -128 -1723073393
34.933 -192 -1723073393
34.960 -251 -1723073393
34.987 -284 -1723073393
35.013 -290 -1723073393
35.040 -290 -1723073393
35.067 -266 -1723073393
35.093 -211 -1723073393
35.120 -158 -1723073393
35.147 -96 -1723073393
35.173 -8 -1723073393
35.200 69 -1723073393
35.227 137 -1723073393
35.253 214 -1723073393
35.280 281 -1723073393
35.307 338 -1723073393
35.333 393 -1723073393
35.360 435 -1723073393
35.387 460 -1723073393
35.413 478 -1723073393
35.440 486 -1723073393
35.467 488 -1723073393
35.493 484 -1723073393
35.520 475 -1723073393
35.547 457 -1723073393
35.573 432 -1723073393
35.600 403 -1723073393
35.627 371 -1723073393
35.653 338 -1723073393
35.680 301 -1723073393
35.707 260 -1723073393
35.733 220 -1723073393
35.760 180 -1723073393
35.787 139 -1723073393
35.813 101 -1723073393
35.840 68 -1723073393
35.867 34 -1723073393
35.893 9 -1723073393
35.920 -1 -1723073393
35.947 -10 -1723073393
35.973 -18 -1723073393
36.000 -20 -1723073393
36.027 -21 -1723073393
36.053 -9 -1723073393
36.080 18 -1723073393
36.107 46 -1723073393
36.133 79 -1723073393
36.160 123 -1723073393
36.187 165 -1723073393
36.213 204 -1723073393
36.240 251 -1723073393
36.267 293 -1723073393
36.293 324 -1723073393
36.320 358 -1723073393
36.347 389 -1723073393
36.373 410 -1723073393
36.400 423 -1723073393
36.427 426 -1723073393
36.453 414 -1723073393
36.480 389 -1723073393
36.507 353 -1723073393
36.533 305 -1723073393
36.560 253 -1723073393
36.587 196 -1723073393
36.613 134 -1723073393
36.640 72 -1723073393
36.667 19 -1723073393
36.693 -31 -1723073393
36.720 -73 -1723073393
36.747 -96 -1723073393
36.773 -112 -1723073393
36.800 -111 -1723073393
36.827 -88 -1723073393
36.853 -61 -1723073393
36.880 -33 -1723073393
36.907 19 -1723073393
36.933 75 -1723073393
36.960 123 -1723073393
36.987 183 -1723073393
37.013 236 -1723073393
37.040 277 -1723073393
37.067 320 -1723073393
37.093 353 -1723073393
37.120 365 -1723073393
37.147 373 -1723073393
37.173 380 -1723073393
37.200 379 -1723073393
37.227 373 -1723073393
37.253 370 -1723073393
37.280 357 -1723073393
37.307 338 -1723073393
37.333 325 -1723073393
37.360 311 -1723073393
37.387 300 -1723073393
37.413 299 -1723073393
37.440 298 -1723073393
37.467 295 -1723073393
37.493 300 -1723073393
37.520 304 -1723073393
37.547 306 -1723073393
37.573 315 -1723073393
37.600 322 -1723073393
37.627 324 -1723073393
37.653 328 -1723073393
37.680 328 -1723073393
37.707 316 -1723073393
37.733 304 -1723073393
37.760 292 -1723073393
37.787 276 -1723073393
37.813 265 -1723073393
37.840 257 -1723073393
37.867 246 -1723073393
37.893 238 -1723073393
37.920 235 -1723073393
37.947 225 -1723073393
37.973 219 -1723073393
38.000 222 -1723073393
38.027 223 -1723073393
38.053 227 -1723073393
38.080 240 -1723073393
38.107 247 -1723073393
38.133 251 -1723073393
38.160 258 -1723073393
38.187 261 -1723073393
38.213 252 -1723073393
38.240 241 -1723073393
38.267 225 -1723073393
38.293 196 -1723073393
38.320 163 -1723073393
38.347 126 -1723073393
38.373 80 -1723073393
38.400 33 -1723073393
38.427 -18 -1723073393
38.453 -70 -1723073393
38.480 -111 -1723073393
38.507 -142 -1723073393
38.533 -166 -1723073393
38.560 -173 -1723073393
38.587 -163 -1723073393
38.613 -151 -1723073393
38.640 -127 -1723073393
38.667 -84 -1723073393
38.693 -44 -1723073393
38.720 0 -1723073393
38.747 57 -1723073393
38.773 103 -1723073393
38.800 141 -1723073393
38.827 188 -1723073393
38.853 223 -1723073393
38.880 240 -1723073393
38.907 259 -1723073393
38.933 273 -1723073393
38.960 275 -1723073393
38.987 274 -1723073393
39.013 271 -1723073393
39.040 266 -1723073393
39.067 261 -1723073393
39.093 257 -1723073393
39.120 252 -1723073393
39.147 246 -1723073393
39.173 243 -1723073393
39.200 239 -1723073393
39.227 237 -1723073393
39.253 240 -1723073393
39.280 243 -1723073393
39.307 242 -1723073393
39.333 244 -1723073393
39.360 242 -1723073393
39.387 234 -1723073393
39.413 224 -1723073393
39.440 212 -1723073393
39.467 201 -1723073393
39.493 193 -1723073393
39.520 184 -1723073393
39.547 172 -1723073393
39.573 165 -1723073393
39.600 165 -1723073393
39.627 168 -1723073393
39.653 172 -1723073393
39.680 176 -1723073393
39.707 176 -1723073393
39.733 177 -1723073393
39.760 183 -1723073393
39.787 184 -1723073393
39.813 179 -1723073393
39.840 178 -1723073393
39.867 171 -1723073393
39.893 157 -1723073393
39.920 143 -1723073393
39.947 128 -1723073393
39.973 108 -1723073393
40.000 88 -1723073393
40.027 68 -1723073393
40.053 47 -1723073393
40.080 31 -1723073393
40.107 17 -1723073393
40.133 -4 -1723073393
40.160 -18 -1723073393
40.187 -22 -1723073393
40.213 -30 -1723073393
40.240 -29 -1723073393
40.267 -10 -1723073393
40.293 4 -1723073393
40.320 24 -1723073393
40.347 62 -1723073393
40.373 96 -1723073393
40.400 122 -1723073393
40.427 161 -1723073393
40.453 199 -1723073393
40.480 227 -1723073393
40.507 261 -1723073393
40.533 289 -1723073393
40.560 301 -1723073393
40.587 310 -1723073393
40.613 313 -1723073393
40.640 303 -1723073393
40.667 289 -1723073393
40.693 277 -1723073393
40.720 258 -1723073393
40.747 234 -1723073393
40.773 212 -1723073393
40.800 187 -1723073393
40.827 164 -1723073393
40.853 154 -1723073393
40.880 147 -1723073393
40.907 143 -1723073393
40.933 151 -1723073393
40.960 160 -1723073393
40.987 170 -1723073393
41.013 192 -1723073393
41.040 212 -1723073393
41.067 220 -1723073393
41.093 230 -1723073393
41.120 240 -1723073393
41.147 240 -1723073393
41.173 236 -1723073393
41.200 232 -1723073393
41.227 217 -1723073393
41.253 198 -1723073393
41.280 188 -1723073393
41.307 174 -1723073393
41.333 158 -1723073393
41.360 149 -1723073393
41.387 137 -1723073393
41.413 119 -1723073393
41.440 106 -1723073393
41.467 96 -1723073393
41.493 84 -1723073393
41.520 84 -1723073393
41.547 91 -1723073393
41.573 89 -1723073393
41.600 90 -1723073393
41.627 94 -1723073393
41.653 87 -1723073393
41.680 79 -1723073393
41.707 78 -1723073393
41.733 68 -1723073393
41.760 51 -1723073393
41.787 40 -1723073393
41.813 25 -1723073393
41.840 2 -1723073393
41.867 -11 -1723073393
41.893 -23 -1723073393
41.920 -46 -1723073393
41.947 -59 -1723073393
41.973 -62 -1723073393
42.000 -73 -1723073393
42.027 -76 -1723073393
42.053 -67 -1723073393
42.080 -72 -1723073393
42.107 -72 -1723073393
42.133 -53 -1723073393
42.160 -42 -1723073393
42.187 -37 -1723073393
42.213 -14 -1723073393
42.240 1 -1723073393
42.267 3 -1723073393
42.293 18 -1723073393
42.320 31 -1723073393
42.347 22 -1723073393
42.373 17 -1723073393
42.400 17 -1723073393
42.427 5 -1723073393
42.453 0 -1723073393
42.480 0 -1723073393
42.507 -12 -1723073393
42.533 -20 -1723073393
42.560 -13 -1723073393
42.587 -13 -1723073393
42.613 -11 -1723073393
42.640 1 -1723073393
42.667 6 -1723073393
42.693 7 -1723073393
42.720 26 -1723073393
42.747 44 -1723073393
42.773 55 -1723073393
42.800 76 -1723073393
42.827 102 -1723073393
42.853 118 -1723073393
42.880 135 -1723073393
42.907 156 -1723073393
42.933 164 -1723073393
42.960 167 -1723073393
42.987 175 -1723073393
43.013 172 -1723073393
43.040 165 -1723073393
43.067 171 -1723073393
43.093 176 -1723073393
43.120 165 -1723073393
43.147 153 -1723073393
43.173 138 -1723073393
43.200 119 -1723073393
43.227 103 -1723073393
43.253 92 -1723073393
43.280 73 -1723073393
43.307 56 -1723073393
43.333 47 -1723073393
43.360 32 -1723073393
43.387 18 -1723073393
43.413 13 -1723073393
43.440 0 -1723073393
43.467 -19 -1723073393
43.493 -32 -1723073393
43.520 -52 -1723073393
43.547 -84 -1723073393
43.573 -102 -1723073393
43.600 -114 -1723073393
43.627 -138 -1723073393
43.653 -154 -1723073393
43.680 -163 -1723073393
43.707 -183 -1723073393
43.733 -193 -1723073393
43.760 -183 -1723073393
43.787 -175 -1723073393
43.813 -162 -1723073393
43.840 -130 -1723073393
43.867 -105 -1723073393
43.893 -87 -1723073393
43.920 -52 -1723073393
43.947 -23 -1723073393
43.973 -13 -1723073393
44.000 3 -1723073393
44.027 21 -1723073393
44.053 17 -1723073393
44.080 9 -1723073393
44.107 5 -1723073393
44.133 -12 -1723073393
44.160 -37 -1723073393
44.187 -59 -1723073393
44.213 -86 -1723073393
44.240 -114 -1723073393
44.267 -126 -1723073393
44.293 -135 -1723073393
44.320 -146 -1723073393
44.347 -132 -1723073393
44.373 -112 -1723073393
44.400 -101 -1723073393
44.427 -70 -1723073393
44.453 -22 -1723073393
44.480 10 -1723073393
44.507 49 -1723073393
44.533 103 -1723073393
44.560 144 -1723073393
44.587 177 -1723073393
44.613 214 -1723073393
44.640 243 -1723073393
44.667 261 -1723073393
44.693 283 -1723073393
44.720 296 -1723073393
44.747 290 -1723073393
44.773 281 -1723073393
44.800 271 -1723073393
44.827 250 -1723073393
44.853 222 -1723073393
44.880 200 -1723073393
44.907 177 -1723073393
44.933 147 -1723073393
44.960 111 -1723073393
44.987 73 -1723073393
45.013 36 -1723073393
45.040 4 -1723073393
45.067 -30 -1723073393
45.093 -67 -1723073393
45.120 -87 -1723073393
45.147 -101 -1723073393
45.173 -120 -1723073393
45.200 -126 -1723073393
45.227 -120 -1723073393
45.253 -123 -1723073393
45.280 -118 -1723073393
45.307 -97 -1723073393
45.333 -85 -1723073393
45.360 -75 -1723073393
45.387 -52 -1723073393
45.413 -36 -1723073393
45.440 -26 -1723073393
45.467 -2 -1723073393
45.493 21 -1723073393
45.520 34 -1723073393
45.547 51 -1723073393
45.573 71 -1723073393
45.600 81 -1723073393
45.627 95 -1723073393
45.653 115 -1723073393
45.680 122 -1723073393
45.707 119 -1723073393
45.733 121 -1723073393
45.760 119 -1723073393
45.787 107 -1723073393
45.813 95 -1723073393
45.840 79 -1723073393
45.867 54 -1723073393
45.893 34 -1723073393
45.920 20 -1723073393
45.947 -2 -1723073393
45.973 -28 -1723073393
46.000 -45 -1723073393
46.027 -66 -1723073393
46.053 -79 -1723073393
46.080 -71 -1723073393
46.107 -65 -1723073393
46.133 -65 -1723073393
46.160 -46 -1723073393
46.187 -26 -1723073393
46.213 -18 -1723073393
46.240 7 -1723073393
46.267 39 -1723073393
46.293 53 -1723073393
46.320 73 -1723073393
46.347 106 -1723073393
46.373 129 -1723073393
46.400 148 -1723073393
46.427 176 -1723073393
46.453 199 -1723073393
46.480 213 -1723073393
46.507 232 -1723073393
46.533 247 -1723073393
46.560 249 -1723073393
46.587 255 -1723073393
46.613 263 -1723073393
46.640 256 -1723073393
46.667 249 -1723073393
46.693 249 -1723073393
46.720 242 -1723073393
46.747 229 -1723073393
46.773 218 -1723073393
46.800 197 -1723073393
46.827 168 -1723073393
46.853 143 -1723073393
46.880 121 -1723073393
46.907 95 -1723073393
46.933 73 -1723073393
46.960 60 -1723073393
46.987 41 -1723073393
47.013 29 -1723073393
47.040 28 -1723073393
47.067 25 -1723073393
47.093 29 -1723073393
47.120 51 -1723073393
47.147 68 -1723073393
47.173 80 -1723073393
47.200 107 -1723073393
47.227 132 -1723073393
47.253 148 -1723073393
47.280 175 -1723073393
47.307 205 -1723073393
47.333 216 -1723073393
47.360 226 -1723073393
47.387 238 -1723073393
47.413 242 -1723073393
47.440 244 -1723073393
47.467 252 -1723073393
47.493 252 -1723073393
47.520 239 -1723073393
47.547 232 -1723073393
47.573 224 -1723073393
47.600 208 -1723073393
47.627 193 -1723073393
47.653 178 -1723073393
47.680 155 -1723073393
47.707 133 -1723073393
47.733 121 -1723073393
47.760 103 -1723073393
47.787 83 -1723073393
47.813 80 -1723073393
47.840 80 -1723073393
47.867 80 -1723073393
47.893 97 -1723073393
47.920 121 -1723073393
47.947 139 -1723073393
47.973 170 -1723073393
48.000 211 -1723073393
48.027 244 -1723073393
48.053 280 -1723073393
48.080 326 -1723073393
48.107 365 -1723073393
48.133 398 -1723073393
48.160 438 -1723073393
48.187 474 -1723073393
48.213 498 -1723073393
48.240 521 -1723073393
48.267 546 -1723073393
48.293 561 -1723073393
48.320 570 -1723073393
48.347 581 -1723073393
48.373 592 -1723073393
48.400 590 -1723073393
48.427 582 -1723073393
48.453 572 -1723073393
48.480 551 -1723073393
48.507 524 -1723073393
48.533 500 -1723073393
48.560 472 -1723073393
48.587 438 -1723073393
48.613 409 -1723073393
48.640 378 -1723073393
48.667 348 -1723073393
48.693 324 -1723073393
48.720 301 -1723073393
48.747 280 -1723073393
48.773 270 -1723073393
48.800 268 -1723073393
48.827 269 -1723073393
48.853 281 -1723073393
48.880 296 -1723073393
48.907 302 -1723073393
48.933 314 -1723073393
48.960 331 -1723073393
48.987 339 -1723073393
49.013 344 -1723073393
49.040 354 -1723073393
49.067 356 -1723073393
49.093 347 -1723073393
49.120 339 -1723073393
49.147 331 -1723073393
49.173 315 -1723073393
49.200 293 -1723073393
49.227 270 -1723073393
49.253 243 -1723073393
49.280 223 -1723073393
49.307 212 -1723073393
49.333 199 -1723073393
49.360 186 -1723073393
49.387 182 -1723073393
49.413 178 -1723073393
49.440 170 -1723073393
49.467 171 -1723073393
49.493 172 -1723073393
49.520 160 -1723073393
49.547 158 -1723073393
49.573 166 -1723073393
49.600 172 -1723073393
49.627 178 -1723073393
49.653 194 -1723073393
49.680 209 -1723073393
49.707 221 -1723073393
49.733 243 -1723073393
49.760 265 -1723073393
49.787 277 -1723073393
49.813 290 -1723073393
49.840 303 -1723073393
49.867 304 -1723073393
49.893 306 -1723073393
49.920 313 -1723073393
49.947 309 -1723073393
49.973 297 -1723073393
50.000 289 -1723073393
50.027 280 -1723073393
50.053 263 -1723073393
50.080 248 -1723073393
50.107 232 -1723073393
50.133 207 -1723073393
50.160 190 -1723073393
50.187 179 -1723073393
50.213 161 -1723073393
50.240 142 -1723073393
50.267 128 -1723073393
50.293 108 -1723073393
50.320 82 -1723073393
50.347 66 -1723073393
50.373 45 -1723073393
50.400 12 -1723073393
50.427 -15 -1723073393
50.453 -41 -1723073393
50.480 -78 -1723073393
50.507 -112 -1723073393
50.533 -140 -1723073393
50.560 -176 -1723073393
50.587 -202 -1723073393
50.613 -202 -1723073393
50.640 -206 -1723073393
50.667 -211 -1723073393
50.693 -198 -1723073393
50.720 -187 -1723073393
50.747 -185 -1723073393
50.773 -161 -1723073393
50.800 -128 -1723073393
50.827 -115 -1723073393
50.853 -95 -1723073393
50.880 -66 -1723073393
50.907 -59 -1723073393
50.933 -59 -1723073393
50.960 -44 -1723073393
50.987 -39 -1723073393
51.013 -51 -1723073393
51.040 -50 -1723073393
51.067 -47 -1723073393
51.093 -59 -1723073393
51.120 -58 -1723073393
51.147 -48 -1723073393
51.173 -55 -1723073393
51.200 -64 -1723073393
51.227 -58 -1723073393
51.253 -60 -1723073393
51.280 -65 -1723073393
51.307 -51 -1723073393
51.333 -38 -1723073393
51.360 -37 -1723073393
51.387 -23 -1723073393
51.413 0 -1723073393
51.440 10 -1723073393
51.467 27 -1723073393
51.493 56 -1723073393
51.520 79 -1723073393
51.547 102 -1723073393
51.573 142 -1723073393
51.600 176 -1723073393
51.627 199 -1723073393
51.653 230 -1723073393
51.680 261 -1723073393
51.707 280 -1723073393
51.733 301 -1723073393
51.760 325 -1723073393
51.787 338 -1723073393
51.813 341 -1723073393
51.840 344 -1723073393
51.867 340 -1723073393
51.893 327 -1723073393
51.920 315 -1723073393
51.947 305 -1723073393
51.973 290 -1723073393
52.000 281 -1723073393
52.027 281 -1723073393
52.053 282 -1723073393
52.080 286 -1723073393
52.107 294 -1723073393
52.133 296 -1723073393
52.160 290 -1723073393
52.187 286 -1723073393
52.213 282 -1723073393
52.240 269 -1723073393
52.267 259 -1723073393
52.293 255 -1723073393
52.320 246 -1723073393
52.347 233 -1723073393
52.373 224 -1723073393
52.400 216 -1723073393
52.427 207 -1723073393
52.453 207 -1723073393
52.480 204 -1723073393
52.507 190 -1723073393
52.533 183 -1723073393
52.560 183 -1723073393
52.587 173 -1723073393
52.613 168 -1723073393
52.640 171 -1723073393
52.667 167 -1723073393
52.693 156 -1723073393
52.720 153 -1723073393
52.747 142 -1723073393
52.773 125 -1723073393
52.800 118 -1723073393
52.827 113 -1723073393
52.853 95 -1723073393
52.880 80 -1723073393
52.907 72 -1723073393
52.933 56 -1723073393
52.960 38 -1723073393
52.987 32 -1723073393
53.013 24 -1723073393
53.040 12 -1723073393
53.067 14 -1723073393
53.093 22 -1723073393
53.120 17 -1723073393
53.147 21 -1723073393
53.173 36 -1723073393
53.200 41 -1723073393
53.227 50 -1723073393
53.253 71 -1723073393
53.280 82 -1723073393
53.307 85 -1723073393
53.333 104 -1723073393
53.360 123 -1723073393
53.387 125 -1723073393
53.413 132 -1723073393
53.440 147 -1723073393
53.467 151 -1723073393
53.493 154 -1723073393
53.520 171 -1723073393
53.547 180 -1723073393
53.573 181 -1723073393
53.600 190 -1723073393
53.627 198 -1723073393
53.653 199 -1723073393
53.680 210 -1723073393
53.707 228 -1723073393
53.733 239 -1723073393
53.760 247 -1723073393
53.787 261 -1723073393
53.813 269 -1723073393
53.840 271 -1723073393
53.867 278 -1723073393
53.893 279 -1723073393
53.920 269 -1723073393
53.947 262 -1723073393
53.973 252 -1723073393
54.000 228 -1723073393
54.027 202 -1723073393
54.053 178 -1723073393
54.080 150 -1723073393
54.107 120 -1723073393
54.133 98 -1723073393
54.160 71 -1723073393
54.187 38 -1723073393
54.213 16 -1723073393
54.240 -5 -1723073393
54.267 -30 -1723073393
54.293 -43 -1723073393
54.320 -47 -1723073393
54.347 -55 -1723073393
54.373 -56 -1723073393
54.400 -39 -1723073393
54.427 -31 -1723073393
54.453 -30 -1723073393
54.480 -13 -1723073393
54.507 5 -1723073393
54.533 7 -1723073393
54.560 15 -1723073393
54.587 33 -1723073393
54.613 35 -1723073393
54.640 36 -1723073393
54.667 51 -1723073393
54.693 55 -1723073393
54.720 53 -1723073393
54.747 63 -1723073393
54.773 67 -1723073393
54.800 54 -1723073393
54.827 54 -1723073393
54.853 62 -1723073393
54.880 58 -1723073393
54.907 62 -1723073393
54.933 82 -1723073393
54.960 95 -1723073393
54.987 99 -1723073393
55.013 120 -1723073393
55.040 146 -1723073393
55.067 157 -1723073393
55.093 179 -1723073393
55.120 211 -1723073393
55.147 232 -1723073393
55.173 252 -1723073393
55.200 282 -1723073393
55.227 302 -1723073393
55.253 315 -1723073393
55.280 335 -1723073393
55.307 354 -1723073393
55.333 364 -1723073393
55.360 380 -1723073393
55.387 405 -1723073393
55.413 422 -1723073393
55.440 434 -1723073393
55.467 450 -1723073393
55.493 460 -1723073393
55.520 459 -1723073393
55.547 462 -1723073393
55.573 466 -1723073393
55.600 465 -1723073393
55.627 467 -1723073393
55.653 472 -1723073393
55.680 477 -1723073393
55.707 483 -1723073393
55.733 491 -1723073393
55.760 495 -1723073393
55.787 493 -1723073393
55.813 492 -1723073393
55.840 487 -1723073393
55.867 478 -1723073393
55.893 472 -1723073393
55.920 470 -1723073393
55.947 463 -1723073393
55.973 451 -1723073393
56.000 438 -1723073393
56.027 424 -1723073393
56.053 405 -1723073393
56.080 382 -1723073393
56.107 357 -1723073393
56.133 333 -1723073393
56.160 313 -1723073393
56.187 296 -1723073393
56.213 274 -1723073393
56.240 251 -1723073393
56.267 233 -1723073393
56.293 211 -1723073393
56.320 186 -1723073393
56.347 168 -1723073393
56.373 148 -1723073393
56.400 121 -1723073393
56.427 99 -1723073393
56.453 80 -1723073393
56.480 51 -1723073393
56.507 34 -1723073393
56.533 35 -1723073393
56.560 26 -1723073393
56.587 13 -1723073393
56.613 10 -1723073393
56.640 4 -1723073393
56.667 -10 -1723073393
56.693 -6 -1723073393
56.720 1 -1723073393
56.747 -4 -1723073393
56.773 -5 -1723073393
56.800 0 -1723073393
56.827 -10 -1723073393
56.853 -24 -1723073393
56.880 -24 -1723073393
56.907 -35 -1723073393
56.933 -59 -1723073393
56.960 -61 -1723073393
56.987 -59 -1723073393
57.013 -72 -1723073393
57.040 -76 -1723073393
57.067 -61 -1723073393
57.093 -57 -1723073393
57.120 -56 -1723073393
57.147 -31 -1723073393
57.173 -10 -1723073393
57.200 -3 -1723073393
57.227 20 -1723073393
57.253 52 -1723073393
57.280 65 -1723073393
57.307 82 -1723073393
57.333 113 -1723073393
57.360 129 -1723073393
57.387 141 -1723073393
57.413 167 -1723073393
57.440 184 -1723073393
57.467 191 -1723073393
57.493 212 -1723073393
57.520 239 -1723073393
57.547 253 -1723073393
57.573 266 -1723073393
57.600 286 -1723073393
57.627 301 -1723073393
57.653 316 -1723073393
57.680 336 -1723073393
57.707 345 -1723073393
57.733 348 -1723073393
57.760 357 -1723073393
57.787 365 -1723073393
57.813 367 -1723073393
57.840 373 -1723073393
57.867 382 -1723073393
57.893 387 -1723073393
57.920 386 -1723073393
57.947 389 -1723073393
57.973 391 -1723073393
58.000 391 -1723073393
58.027 396 -1723073393
58.053 406 -1723073393
58.080 414 -1723073393
58.107 422 -1723073393
58.133 432 -1723073393
58.160 443 -1723073393
58.187 451 -1723073393
58.213 459 -1723073393
58.240 468 -1723073393
58.267 477 -1723073393
58.293 489 -1723073393
58.320 504 -1723073393
58.347 521 -1723073393
58.373 543 -1723073393
58.400 563 -1723073393
58.427 582 -1723073393
58.453 606 -1723073393
58.480 627 -1723073393
58.507 643 -1723073393
58.533 655 -1723073393
58.560 664 -1723073393
58.587 671 -1723073393
58.613 681 -1723073393
58.640 688 -1723073393
58.667 688 -1723073393
58.693 690 -1723073393
58.720 690 -1723073393
58.747 682 -1723073393
58.773 678 -1723073393
58.800 679 -1723073393
58.827 670 -1723073393
58.853 660 -1723073393
58.880 660 -1723073393
58.907 658 -1723073393
58.933 655 -1723073393
58.960 659 -1723073393
58.987 662 -1723073393
59.013 653 -1723073393
59.040 644 -1723073393
59.067 639 -1723073393
59.093 628 -1723073393
59.120 614 -1723073393
59.147 605 -1723073393
59.173 589 -1723073393
59.200 568 -1723073393
59.227 549 -1723073393
59.253 533 -1723073393
59.280 515 -1723073393
59.307 501 -1723073393
59.333 498 -1723073393
59.360 493 -1723073393
59.387 482 -1723073393
59.413 473 -1723073393
59.440 464 -1723073393
59.467 450 -1723073393
59.493 438 -1723073393
59.520 425 -1723073393
59.547 404 -1723073393
59.573 380 -1723073393
59.600 357 -1723073393
59.627 328 -1723073393
59.653 293 -1723073393
59.680 256 -1723073393
59.707 218 -1723073393
59.733 180 -1723073393
59.760 141 -1723073393
59.787 101 -1723073393
59.813 66 -1723073393
59.840 30 -1723073393
59.867 -5 -1723073393
59.893 -29 -1723073393
59.920 -45 -1723073393
59.947 -66 -1723073393
59.973 -74 -1723073393
60.000 -65 -1723073393
60.027 -60 -1723073393
60.053 -52 -1723073393
60.080 -25 -1723073393
60.107 2 -1723073393
60.133 20 -1723073393
60.160 45 -1723073393
60.187 73 -1723073393
60.213 86 -1723073393
60.240 99 -1723073393
60.267 117 -1723073393
60.293 117 -1723073393
60.320 102 -1723073393
60.347 90 -1723073393
60.373 73 -1723073393
60.400 49 -1723073393
60.427 28 -1723073393
60.453 3 -1723073393
60.480 -33 -1723073393
60.507 -68 -1723073393
60.533 -87 -1723073393
60.560 -110 -1723073393
60.587 -136 -1723073393
60.613 -146 -1723073393
60.640 -153 -1723073393
60.667 -171 -1723073393
60.693 -178 -1723073393
60.720 -172 -1723073393
60.747 -178 -1723073393
60.773 -186 -1723073393
60.800 -178 -1723073393
60.827 -177 -1723073393
60.853 -185 -1723073393
60.880 -173 -1723073393
60.907 -159 -1723073393
60.933 -161 -1723073393
60.960 -153 -1723073393
60.987 -132 -1723073393
61.013 -128 -1723073393
61.040 -127 -1723073393
61.067 -113 -1723073393
61.093 -107 -1723073393
61.120 -113 -1723073393
61.147 -105 -1723073393
61.173 -95 -1723073393
61.200 -104 -1723073393
61.227 -113 -1723073393
61.253 -118 -1723073393
61.280 -138 -1723073393
61.307 -164 -1723073393
61.333 -176 -1723073393
61.360 -192 -1723073393
61.387 -223 -1723073393
61.413 -237 -1723073393
61.440 -245 -1723073393
61.467 -266 -1723073393
61.493 -278 -1723073393
61.520 -275 -1723073393
61.547 -290 -1723073393
61.573 -310 -1723073393
61.600 -302 -1723073393
61.627 -294 -1723073393
61.653 -302 -1723073393
61.680 -287 -1723073393
61.707 -258 -1723073393
61.733 -247 -1723073393
61.760 -228 -1723073393
61.787 -186 -1723073393
61.813 -160 -1723073393
61.840 -145 -1723073393
61.867 -109 -1723073393
61.893 -72 -1723073393
61.920 -57 -1723073393
61.947 -36 -1723073393
61.973 -10 -1723073393
62.000 -4 -1723073393
62.027 -5 -1723073393
62.053 4 -1723073393
62.080 4 -1723073393
62.107 -10 -1723073393
62.133 -19 -1723073393
62.160 -28 -1723073393
62.187 -54 -1723073393
62.213 -76 -1723073393
62.240 -92 -1723073393
62.267 -120 -1723073393
62.293 -150 -1723073393
62.320 -166 -1723073393
62.347 -188 -1723073393
62.373 -216 -1723073393
62.400 -226 -1723073393
62.427 -226 -1723073393
62.453 -241 -1723073393
62.480 -245 -1723073393
62.507 -230 -1723073393
62.533 -229 -1723073393
62.560 -230 -1723073393
62.587 -201 -1723073393
62.613 -177 -1723073393
62.640 -168 -1723073393
62.667 -140 -1723073393
62.693 -103 -1723073393
62.720 -90 -1723073393
62.747 -74 -1723073393
62.773 -41 -1723073393
62.800 -28 -1723073393
62.827 -26 -1723073393
62.853 -4 -1723073393
62.880 9 -1723073393
62.907 -1 -1723073393
62.933 -8 -1723073393
62.960 -8 -1723073393
62.987 -27 -1723073393
63.013 -49 -1723073393
63.040 -54 -1723073393
63.067 -70 -1723073393
63.093 -101 -1723073393
63.120 -120 -1723073393
63.147 -143 -1723073393
63.173 -185 -1723073393
63.200 -217 -1723073393
63.227 -237 -1723073393
63.253 -276 -1723073393
63.280 -312 -1723073393
63.307 -324 -1723073393
63.333 -339 -1723073393
63.360 -364 -1723073393
63.387 -361 -1723073393
63.413 -352 -1723073393
63.440 -364 -1723073393
63.467 -358 -1723073393
63.493 -328 -1723073393
63.520 -318 -1723073393
63.547 -306 -1723073393
63.573 -261 -1723073393
63.600 -227 -1723073393
63.627 -217 -1723073393
63.653 -182 -1723073393
63.680 -141 -1723073393
63.707 -128 -1723073393
63.733 -110 -1723073393
63.760 -76 -1723073393
63.787 -62 -1723073393
63.813 -62 -1723073393
63.840 -52 -1723073393
63.867 -50 -1723073393
63.893 -68 -1723073393
63.920 -76 -1723073393
63.947 -79 -1723073393
63.973 -103 -1723073393
64.000 -132 -1723073393
64.027 -147 -1723073393
64.053 -167 -1723073393
64.080 -191 -1723073393
64.107 -195 -1723073393
64.133 -196 -1723073393
64.160 -212 -1723073393
64.187 -210 -1723073393
64.213 -191 -1723073393
64.240 -188 -1723073393
64.267 -180 -1723073393
64.293 -143 -1723073393
64.320 -112 -1723073393
64.347 -95 -1723073393
64.373 -58 -1723073393
64.400 -22 -1723073393
64.427 -7 -1723073393
64.453 14 -1723073393
64.480 46 -1723073393
64.507 61 -1723073393
64.533 67 -1723073393
64.560 84 -1723073393
64.587 94 -1723073393
64.613 90 -1723073393
64.640 96 -1723073393
64.667 104 -1723073393
64.693 97 -1723073393
64.720 89 -1723073393
64.747 89 -1723073393
64.773 79 -1723073393
64.800 59 -1723073393
64.827 44 -1723073393
64.853 29 -1723073393
64.880 4 -1723073393
64.907 -12 -1723073393
64.933 -22 -1723073393
64.960 -46 -1723073393
64.987 -68 -1723073393
65.013 -70 -1723073393
65.040 -76 -1723073393
65.067 -82 -1723073393
65.093 -66 -1723073393
65.120 -46 -1723073393
65.147 -38 -1723073393
65.173 -18 -1723073393
65.200 13 -1723073393
65.227 30 -1723073393
65.253 46 -1723073393
65.280 79 -1723073393
65.307 107 -1723073393
65.333 125 -1723073393
65.360 157 -1723073393
65.387 193 -1723073393
65.413 211 -1723073393
65.440 230 -1723073393
65.467 256 -1723073393
65.493 270 -1723073393
65.520 276 -1723073393
65.547 289 -1723073393
65.573 299 -1723073393
65.600 297 -1723073393
65.627 297 -1723073393
65.653 302 -1723073393
65.680 303 -1723073393
65.707 300 -1723073393
65.733 301 -1723073393
65.760 296 -1723073393
65.787 283 -1723073393
65.813 272 -1723073393
65.840 263 -1723073393
65.867 251 -1723073393
65.893 243 -1723073393
65.920 243 -1723073393
65.947 240 -1723073393
65.973 239 -1723073393
66.000 246 -1723073393
66.027 248 -1723073393
66.053 242 -1723073393
66.080 242 -1723073393
66.107 244 -1723073393
66.133 240 -1723073393
66.160 240 -1723073393
66.187 242 -1723073393
66.213 233 -1723073393
66.240 220 -1723073393
66.267 214 -1723073393
66.293 206 -1723073393
66.320 189 -1723073393
66.347 182 -1723073393
66.373 181 -1723073393
66.400 172 -1723073393
66.427 166 -1723073393
66.453 175 -1723073393
66.480 183 -1723073393
66.507 189 -1723073393
66.533 202 -1723073393
66.560 213 -1723073393
66.587 211 -1723073393
66.613 213 -1723073393
66.640 222 -1723073393
66.667 222 -1723073393
66.693 218 -1723073393
66.720 219 -1723073393
66.747 215 -1723073393
66.773 208 -1723073393
66.800 211 -1723073393
66.827 219 -1723073393
66.853 221 -1723073393
66.880 229 -1723073393
66.907 244 -1723073393
66.933 252 -1723073393
66.960 261 -1723073393
66.987 282 -1723073393
67.013 303 -1723073393
67.040 317 -1723073393
67.067 339 -1723073393
67.093 371 -1723073393
67.120 398 -1723073393
67.147 420 -1723073393
67.173 444 -1723073393
67.200 461 -1723073393
67.227 469 -1723073393
67.253 474 -1723073393
67.280 480 -1723073393
67.307 485 -1723073393
67.333 488 -1723073393
67.360 487 -1723073393
67.387 483 -1723073393
67.413 475 -1723073393
67.440 467 -1723073393
67.467 461 -1723073393
67.493 451 -1723073393
67.520 438 -1723073393
67.547 429 -1723073393
67.573 424 -1723073393
67.600 419 -1723073393
67.627 414 -1723073393
67.653 408 -1723073393
67.680 401 -1723073393
67.707 393 -1723073393
67.733 385 -1723073393
67.760 375 -1723073393
67.787 369 -1723073393
67.813 365 -1723073393
67.840 362 -1723073393
67.867 355 -1723073393
67.893 352 -1723073393
67.920 347 -1723073393
67.947 337 -1723073393
67.973 326 -1723073393
68.000 315 -1723073393
68.027 298 -1723073393
68.053 281 -1723073393
68.080 270 -1723073393
68.107 254 -1723073393
68.133 239 -1723073393
68.160 231 -1723073393
68.187 226 -1723073393
68.213 215 -1723073393
68.240 215 -1723073393
68.267 220 -1723073393
68.293 218 -1723073393
68.320 218 -1723073393
68.347 225 -1723073393
68.373 229 -1723073393
68.400 228 -1723073393
68.427 234 -1723073393
68.453 240 -1723073393
68.480 239 -1723073393
68.507 240 -1723073393
68.533 245 -1723073393
68.560 245 -1723073393
68.587 243 -1723073393
68.613 245 -1723073393
68.640 244 -1723073393
68.667 240 -1723073393
68.693 238 -1723073393
68.720 241 -1723073393
68.747 243 -1723073393
68.773 250 -1723073393
68.800 263 -1723073393
68.827 268 -1723073393
68.853 268 -1723073393
68.880 275 -1723073393
68.907 283 -1723073393
68.933 291 -1723073393
68.960 304 -1723073393
68.987 319 -1723073393
69.013 329 -1723073393
69.040 341 -1723073393
69.067 358 -1723073393
69.093 369 -1723073393
69.120 373 -1723073393
69.147 378 -1723073393
69.173 384 -1723073393
69.200 387 -1723073393
69.227 389 -1723073393
69.253 393 -1723073393
69.280 393 -1723073393
69.307 392 -1723073393
69.333 393 -1723073393
69.360 395 -1723073393
69.387 393 -1723073393
69.413 390 -1723073393
69.440 392 -1723073393
69.467 391 -1723073393
69.493 381 -1723073393
69.520 369 -1723073393
69.547 356 -1723073393
69.573 339 -1723073393
69.600 321 -1723073393
69.627 306 -1723073393
69.653 290 -1723073393
69.680 272 -1723073393
69.707 250 -1723073393
69.733 223 -1723073393
69.760 197 -1723073393
69.787 177 -1723073393
69.813 159 -1723073393
69.840 143 -1723073393
69.867 134 -1723073393
69.893 123 -1723073393
69.920 114 -1723073393
69.947 123 -1723073393
69.973 137 -1723073393
70.000 143 -1723073393
70.027 155 -1723073393
70.053 177 -1723073393
70.080 187 -1723073393
70.107 199 -1723073393
70.133 226 -1723073393
70.160 248 -1723073393
70.187 257 -1723073393
70.213 268 -1723073393
70.240 281 -1723073393
70.267 285 -1723073393
70.293 289 -1723073393
70.320 296 -1723073393
70.347 296 -1723073393
70.373 292 -1723073393
70.400 295 -1723073393
70.427 299 -1723073393
70.453 294 -1723073393
70.480 289 -1723073393
70.507 288 -1723073393
70.533 277 -1723073393
70.560 263 -1723073393
70.587 258 -1723073393
70.613 256 -1723073393
70.640 252 -1723073393
70.667 259 -1723073393
70.693 271 -1723073393
70.720 271 -1723073393
70.747 274 -1723073393
70.773 286 -1723073393
70.800 294 -1723073393
70.827 296 -1723073393
70.853 302 -1723073393
70.880 305 -1723073393
70.907 303 -1723073393
70.933 311 -1723073393
70.960 324 -1723073393
70.987 331 -1723073393
71.013 336 -1723073393
71.040 348 -1723073393
71.067 356 -1723073393
71.093 358 -1723073393
71.120 362 -1723073393
71.147 366 -1723073393
71.173 365 -1723073393
71.200 363 -1723073393
71.227 366 -1723073393
71.253 363 -1723073393
71.280 358 -1723073393
71.307 360 -1723073393
71.333 364 -1723073393
71.360 363 -1723073393
71.387 365 -1723073393
71.413 366 -1723073393
71.440 360 -1723073393
71.467 348 -1723073393
71.493 340 -1723073393
71.520 328 -1723073393
71.547 314 -1723073393
71.573 305 -1723073393
71.600 296 -1723073393
71.627 286 -1723073393
71.653 277 -1723073393
71.680 269 -1723073393
71.707 254 -1723073393
71.733 241 -1723073393
71.760 237 -1723073393
71.787 229 -1723073393
71.813 219 -1723073393
71.840 219 -1723073393
71.867 219 -1723073393
71.893 214 -1723073393
71.920 217 -1723073393
71.947 225 -1723073393
71.973 225 -1723073393
72.000 225 -1723073393
72.027 235 -1723073393
72.053 238 -1723073393
72.080 235 -1723073393
72.107 239 -1723073393
72.133 245 -1723073393
72.160 241 -1723073393
72.187 239 -1723073393
72.213 239 -1723073393
72.240 229 -1723073393
72.267 216 -1723073393
72.293 215 -1723073393
72.320 213 -1723073393
72.347 209 -1723073393
72.373 211 -1723073393
72.400 214 -1723073393
72.427 213 -1723073393
72.453 219 -1723073393
72.480 228 -1723073393
72.507 233 -1723073393
72.533 238 -1723073393
72.560 245 -1723073393
72.587 244 -1723073393
72.613 239 -1723073393
72.640 243 -1723073393
72.667 250 -1723073393
72.693 251 -1723073393
72.720 257 -1723073393
72.747 266 -1723073393
72.773 266 -1723073393
72.800 264 -1723073393
72.827 266 -1723073393
72.853 257 -1723073393
72.880 239 -1723073393
72.907 227 -1723073393
72.933 215 -1723073393
72.960 197 -1723073393
72.987 187 -1723073393
73.013 185 -1723073393
73.040 174 -1723073393
73.067 163 -1723073393
73.093 164 -1723073393
73.120 160 -1723073393
73.147 153 -1723073393
73.173 155 -1723073393
73.200 158 -1723073393
73.227 151 -1723073393
73.253 151 -1723073393
73.280 163 -1723073393
73.307 168 -1723073393
73.333 170 -1723073393
73.360 186 -1723073393
73.387 201 -1723073393
73.413 204 -1723073393
73.440 219 -1723073393
73.467 239 -1723073393
73.493 248 -1723073393
73.520 258 -1723073393
73.547 273 -1723073393
73.573 277 -1723073393
73.600 283 -1723073393
73.627 295 -1723073393
73.653 303 -1723073393
73.680 306 -1723073393
73.707 314 -1723073393
73.733 320 -1723073393
73.760 318 -1723073393
73.787 313 -1723073393
73.813 311 -1723073393
73.840 308 -1723073393
73.867 302 -1723073393
73.893 298 -1723073393
73.920 293 -1723073393
73.947 284 -1723073393
73.973 270 -1723073393
74.000 253 -1723073393
74.027 230 -1723073393
74.053 203 -1723073393
74.080 176 -1723073393
74.107 146 -1723073393
74.133 122 -1723073393
74.160 104 -1723073393
74.187 81 -1723073393
74.213 56 -1723073393
74.240 42 -1723073393
74.267 36 -1723073393
74.293 26 -1723073393
74.320 26 -1723073393
74.347 43 -1723073393
74.373 50 -1723073393
74.400 57 -1723073393
74.427 80 -1723073393
74.453 100 -1723073393
74.480 109 -1723073393
74.507 127 -1723073393
74.533 149 -1723073393
74.560 165 -1723073393
74.587 187 -1723073393
74.613 210 -1723073393
74.640 220 -1723073393
74.667 227 -1723073393
74.693 243 -1723073393
74.720 251 -1723073393
74.747 247 -1723073393
74.773 249 -1723073393
74.800 256 -1723073393
74.827 255 -1723073393
74.853 255 -1723073393
74.880 263 -1723073393
74.907 264 -1723073393
74.933 264 -1723073393
74.960 270 -1723073393
74.987 276 -1723073393
75.013 277 -1723073393
75.040 285 -1723073393
75.067 294 -1723073393
75.093 296 -1723073393
75.120 297 -1723073393
75.147 300 -1723073393
75.173 298 -1723073393
75.200 292 -1723073393
75.227 291 -1723073393
75.253 289 -1723073393
75.280 283 -1723073393
75.307 279 -1723073393
75.333 277 -1723073393
75.360 268 -1723073393
75.387 262 -1723073393
75.413 265 -1723073393
75.440 265 -1723073393
75.467 262 -1723073393
75.493 264 -1723073393
75.520 266 -1723073393
75.547 263 -1723073393
75.573 266 -1723073393
75.600 274 -1723073393
75.627 273 -1723073393
75.653 274 -1723073393
75.680 280 -1723073393
75.707 278 -1723073393
75.733 271 -1723073393
75.760 265 -1723073393
75.787 257 -1723073393
75.813 247 -1723073393
75.840 237 -1723073393
75.867 223 -1723073393
75.893 202 -1723073393
75.920 181 -1723073393
75.947 167 -1723073393
75.973 150 -1723073393
76.000 132 -1723073393
76.027 121 -1723073393
76.053 111 -1723073393
76.080 101 -1723073393
76.107 104 -1723073393
76.133 111 -1723073393
76.160 114 -1723073393
76.187 127 -1723073393
76.213 150 -1723073393
76.240 168 -1723073393
76.267 187 -1723073393
76.293 217 -1723073393
76.320 243 -1723073393
76.347 262 -1723073393
76.373 288 -1723073393
76.400 308 -1723073393
76.427 320 -1723073393
76.453 332 -1723073393
76.480 345 -1723073393
76.507 348 -1723073393
76.533 347 -1723073393
76.560 349 -1723073393
76.587 356 -1723073393
76.613 360 -1723073393
76.640 363 -1723073393
76.667 362 -1723073393
76.693 358 -1723073393
76.720 354 -1723073393
76.747 355 -1723073393
76.773 354 -1723073393
76.800 348 -1723073393
76.827 338 -1723073393
76.853 326 -1723073393
76.880 311 -1723073393
76.907 298 -1723073393
76.933 284 -1723073393
76.960 271 -1723073393
76.987 268 -1723073393
77.013 271 -1723073393
77.040 274 -1723073393
77.067 278 -1723073393
77.093 285 -1723073393
77.120 291 -1723073393
77.147 301 -1723073393
77.173 316 -1723073393
77.200 324 -1723073393
77.227 329 -1723073393
77.253 342 -1723073393
77.280 355 -1723073393
77.307 364 -1723073393
77.333 378 -1723073393
77.360 397 -1723073393
77.387 409 -1723073393
77.413 414 -1723073393
77.440 416 -1723073393
77.467 420 -1723073393
77.493 420 -1723073393
77.520 415 -1723073393
77.547 408 -1723073393
77.573 399 -1723073393
77.600 389 -1723073393
77.627 375 -1723073393
77.653 360 -1723073393
77.680 348 -1723073393
77.707 335 -1723073393
77.733 318 -1723073393
77.760 295 -1723073393
77.787 273 -1723073393
77.813 258 -1723073393
77.840 248 -1723073393
77.867 242 -1723073393
77.893 239 -1723073393
77.920 233 -1723073393
77.947 226 -1723073393
77.973 225 -1723073393
78.000 223 -1723073393
78.027 222 -1723073393
78.053 227 -1723073393
78.080 234 -1723073393
78.107 236 -1723073393
78.133 244 -1723073393
78.160 255 -1723073393
78.187 258 -1723073393
78.213 260 -1723073393
78.240 269 -1723073393
78.267 272 -1723073393
78.293 273 -1723073393
78.320 280 -1723073393
78.347 287 -1723073393
78.373 290 -1723073393
78.400 289 -1723073393
78.427 286 -1723073393
78.453 279 -1723073393
78.480 269 -1723073393
78.507 257 -1723073393
78.533 242 -1723073393
78.560 230 -1723073393
78.587 220 -1723073393
78.613 210 -1723073393
78.640 200 -1723073393
78.667 193 -1723073393
78.693 185 -1723073393
78.720 169 -1723073393
78.747 160 -1723073393
78.773 154 -1723073393
78.800 144 -1723073393
78.827 140 -1723073393
78.853 143 -1723073393
78.880 142 -1723073393
78.907 144 -1723073393
78.933 155 -1723073393
78.960 163 -1723073393
78.987 168 -1723073393
79.013 176 -1723073393
79.040 184 -1723073393
79.067 187 -1723073393
79.093 197 -1723073393
79.120 206 -1723073393
79.147 204 -1723073393
79.173 201 -1723073393
79.200 208 -1723073393
79.227 214 -1723073393
79.253 218 -1723073393
79.280 225 -1723073393
79.307 224 -1723073393
79.333 212 -1723073393
79.360 201 -1723073393
79.387 190 -1723073393
79.413 173 -1723073393
79.440 158 -1723073393
79.467 145 -1723073393
79.493 122 -1723073393
79.520 100 -1723073393
79.547 83 -1723073393
79.573 62 -1723073393
79.600 41 -1723073393
79.627 26 -1723073393
79.653 11 -1723073393
79.680 0 -1723073393
79.707 3 -1723073393
79.733 10 -1723073393
79.760 12 -1723073393
79.787 25 -1723073393
79.813 45 -1723073393
79.840 59 -1723073393
79.867 80 -1723073393
79.893 112 -1723073393
79.920 138 -1723073393
79.947 163 -1723073393
79.973 197 -1723073393
80.000 225 -1723073393
80.027 244 -1723073393
80.053 263 -1723073393
80.080 278 -1723073393
80.107 288 -1723073393
80.133 299 -1723073393
80.160 310 -1723073393
80.187 316 -1723073393
80.213 321 -1723073393
80.240 325 -1723073393
80.267 322 -1723073393
80.293 313 -1723073393
80.320 300 -1723073393
80.347 282 -1723073393
80.373 263 -1723073393
80.400 247 -1723073393
80.427 236 -1723073393
80.453 228 -1723073393
80.480 225 -1723073393
80.507 223 -1723073393
80.533 220 -1723073393
80.560 223 -1723073393
80.587 232 -1723073393
80.613 236 -1723073393
80.640 236 -1723073393
80.667 242 -1723073393
80.693 250 -1723073393
80.720 255 -1723073393
80.747 259 -1723073393
80.773 263 -1723073393
80.800 266 -1723073393
80.827 268 -1723073393
80.853 273 -1723073393
80.880 277 -1723073393
80.907 277 -1723073393
80.933 280 -1723073393
80.960 280 -1723073393
80.987 271 -1723073393
81.013 260 -1723073393
81.040 244 -1723073393
81.067 228 -1723073393
81.093 216 -1723073393
81.120 207 -1723073393
81.147 198 -1723073393
81.173 191 -1723073393
81.200 185 -1723073393
81.227 172 -1723073393
81.253 157 -1723073393
81.280 145 -1723073393
81.307 130 -1723073393
81.333 120 -1723073393
81.360 119 -1723073393
81.387 117 -1723073393
81.413 115 -1723073393
81.440 119 -1723073393
81.467 121 -1723073393
81.493 121 -1723073393
81.520 132 -1723073393
81.547 146 -1723073393
81.573 156 -1723073393
81.600 170 -1723073393
81.627 192 -1723073393
81.653 206 -1723073393
81.680 217 -1723073393
81.707 233 -1723073393
81.733 246 -1723073393
81.760 254 -1723073393
81.787 270 -1723073393
81.813 287 -1723073393
81.840 295 -1723073393
81.867 304 -1723073393
81.893 316 -1723073393
81.920 323 -1723073393
81.947 327 -1723073393
81.973 331 -1723073393
82.000 328 -1723073393
82.027 319 -1723073393
82.053 314 -1723073393
82.080 308 -1723073393
82.107 298 -1723073393
82.133 294 -1723073393
82.160 291 -1723073393
82.187 281 -1723073393
82.213 274 -1723073393
82.240 268 -1723073393
82.267 260 -1723073393
82.293 257 -1723073393
82.320 262 -1723073393
82.347 261 -1723073393
82.373 258 -1723073393
82.400 254 -1723073393
82.427 240 -1723073393
82.453 229 -1723073393
82.480 234 -1723073393
82.507 239 -1723073393
82.533 243 -1723073393
82.560 254 -1723073393
82.587 263 -1723073393
82.613 268 -1723073393
82.640 277 -1723073393
82.667 287 -1723073393
82.693 295 -1723073393
82.720 305 -1723073393
82.747 317 -1723073393
82.773 317 -1723073393
82.800 310 -1723073393
82.827 305 -1723073393
82.853 297 -1723073393
82.880 290 -1723073393
82.907 289 -1723073393
82.933 285 -1723073393
82.960 276 -1723073393
82.987 267 -1723073393
83.013 255 -1723073393
83.040 236 -1723073393
83.067 222 -1723073393
83.093 212 -1723073393
83.120 198 -1723073393
83.147 190 -1723073393
83.173 185 -1723073393
83.200 176 -1723073393
83.227 173 -1723073393
83.253 175 -1723073393
83.280 175 -1723073393
83.307 179 -1723073393
83.333 185 -1723073393
83.360 188 -1723073393
83.387 195 -1723073393
83.413 202 -1723073393
83.440 201 -1723073393
83.467 205 -1723073393
83.493 213 -1723073393
83.520 214 -1723073393
83.547 217 -1723073393
83.573 223 -1723073393
83.600 221 -1723073393
83.627 218 -1723073393
83.653 219 -1723073393
83.680 218 -1723073393
83.707 215 -1723073393
83.733 216 -1723073393
83.760 217 -1723073393
83.787 215 -1723073393
83.813 216 -1723073393
83.840 215 -1723073393
83.867 208 -1723073393
83.893 206 -1723073393
83.920 214 -1723073393
83.947 219 -1723073393
83.973 225 -1723073393
84.000 234 -1723073393
84.027 239 -1723073393
84.053 245 -1723073393
84.080 254 -1723073393
84.107 258 -1723073393
84.133 253 -1723073393
84.160 249 -1723073393
84.187 246 -1723073393
84.213 243 -1723073393
84.240 245 -1723073393
84.267 247 -1723073393
84.293 245 -1723073393
84.320 246 -1723073393
84.347 251 -1723073393
84.373 253 -1723073393
84.400 260 -1723073393
84.427 268 -1723073393
84.453 268 -1723073393
84.480 264 -1723073393
84.507 260 -1723073393
84.533 250 -1723073393
84.560 239 -1723073393
84.587 230 -1723073393
84.613 218 -1723073393
84.640 207 -1723073393
84.667 201 -1723073393
84.693 196 -1723073393
84.720 189 -1723073393
84.747 185 -1723073393
84.773 179 -1723073393
84.800 167 -1723073393
84.827 160 -1723073393
84.853 157 -1723073393
84.880 153 -1723073393
84.907 155 -1723073393
84.933 157 -1723073393
84.960 154 -1723073393
84.987 158 -1723073393
85.013 165 -1723073393
85.040 165 -1723073393
85.067 165 -1723073393
85.093 169 -1723073393
85.120 168 -1723073393
85.147 168 -1723073393
85.173 173 -1723073393
85.200 178 -1723073393
85.227 187 -1723073393
85.253 199 -1723073393
85.280 204 -1723073393
85.307 207 -1723073393
85.333 211 -1723073393
85.360 208 -1723073393
85.387 205 -1723073393
85.413 207 -1723073393
85.440 211 -1723073393
85.467 214 -1723073393
85.493 221 -1723073393
85.520 228 -1723073393
85.547 234 -1723073393
85.573 243 -1723073393
85.600 251 -1723073393
85.627 256 -1723073393
85.653 261 -1723073393
85.680 267 -1723073393
85.707 271 -1723073393
85.733 272 -1723073393
85.760 274 -1723073393
85.787 275 -1723073393
85.813 279 -1723073393
85.840 286 -1723073393
85.867 291 -1723073393
85.893 295 -1723073393
85.920 299 -1723073393
85.947 295 -1723073393
85.973 285 -1723073393
86.000 277 -1723073393
86.027 264 -1723073393
86.053 248 -1723073393
86.080 238 -1723073393
86.107 223 -1723073393
86.133 206 -1723073393
86.160 197 -1723073393
86.187 190 -1723073393
86.213 179 -1723073393
86.240 175 -1723073393
86.267 176 -1723073393
86.293 176 -1723073393
86.320 180 -1723073393
86.347 183 -1723073393
86.373 183 -1723073393
86.400 184 -1723073393
86.427 185 -1723073393
86.453 186 -1723073393
86.480 194 -1723073393
86.507 199 -1723073393
86.533 197 -1723073393
86.560 194 -1723073393
86.587 185 -1723073393
86.613 176 -1723073393
86.640 172 -1723073393
86.667 168 -1723073393
86.693 162 -1723073393
86.720 161 -1723073393
86.747 161 -1723073393
86.773 159 -1723073393
86.800 157 -1723073393
86.827 154 -1723073393
86.853 155 -1723073393
86.880 163 -1723073393
86.907 171 -1723073393
86.933 175 -1723073393
86.960 183 -1723073393
86.987 191 -1723073393
87.013 192 -1723073393
87.040 191 -1723073393
87.067 190 -1723073393
87.093 188 -1723073393
87.120 192 -1723073393
87.147 204 -1723073393
87.173 212 -1723073393
87.200 218 -1723073393
87.227 224 -1723073393
87.253 227 -1723073393
87.280 230 -1723073393
87.307 233 -1723073393
87.333 234 -1723073393
87.360 235 -1723073393
87.387 235 -1723073393
87.413 232 -1723073393
87.440 228 -1723073393
87.467 222 -1723073393
87.493 219 -1723073393
87.520 222 -1723073393
87.547 226 -1723073393
87.573 227 -1723073393
87.600 232 -1723073393
87.627 242 -1723073393
87.653 249 -1723073393
87.680 254 -1723073393
87.707 256 -1723073393
87.733 254 -1723073393
87.760 251 -1723073393
87.787 247 -1723073393
87.813 238 -1723073393
87.840 236 -1723073393
87.867 240 -1723073393
87.893 239 -1723073393
87.920 232 -1723073393
87.947 223 -1723073393
87.973 212 -1723073393
88.000 207 -1723073393
88.027 205 -1723073393
88.053 201 -1723073393
88.080 200 -1723073393
88.107 202 -1723073393
88.133 199 -1723073393
88.160 201 -1723073393
88.187 203 -1723073393
88.213 204 -1723073393
88.240 208 -1723073393
88.267 218 -1723073393
88.293 222 -1723073393
88.320 222 -1723073393
88.347 225 -1723073393
88.373 221 -1723073393
88.400 217 -1723073393
88.427 213 -1723073393
88.453 205 -1723073393
88.480 201 -1723073393
88.507 198 -1723073393
88.533 187 -1723073393
88.560 178 -1723073393
88.587 173 -1723073393
88.613 166 -1723073393
88.640 162 -1723073393
88.667 154 -1723073393
88.693 140 -1723073393
88.720 133 -1723073393
88.747 127 -1723073393
88.773 119 -1723073393
88.800 117 -1723073393
88.827 114 -1723073393
88.853 108 -1723073393
88.880 108 -1723073393
88.907 111 -1723073393
88.933 116 -1723073393
88.960 125 -1723073393
88.987 130 -1723073393
89.013 132 -1723073393
89.040 136 -1723073393
89.067 141 -1723073393
89.093 142 -1723073393
89.120 151 -1723073393
89.147 158 -1723073393
89.173 167 -1723073393
89.200 184 -1723073393
89.227 197 -1723073393
89.253 199 -1723073393
89.280 203 -1723073393
89.307 206 -1723073393
89.333 204 -1723073393
89.360 209 -1723073393
89.387 210 -1723073393
89.413 208 -1723073393
89.440 212 -1723073393
89.467 216 -1723073393
89.493 216 -1723073393
89.520 217 -1723073393
89.547 212 -1723073393
89.573 204 -1723073393
89.600 196 -1723073393
89.627 181 -1723073393
89.653 165 -1723073393
89.680 155 -1723073393
89.707 147 -1723073393
89.733 139 -1723073393
89.760 127 -1723073393
89.787 113 -1723073393
89.813 106 -1723073393
89.840 105 -1723073393
89.867 107 -1723073393
89.893 110 -1723073393
89.920 113 -1723073393
89.947 114 -1723073393
89.973 124 -1723073393
90.000 136 -1723073393
90.027 145 -1723073393
90.053 154 -1723073393
90.080 160 -1723073393
90.107 167 -1723073393
90.133 176 -1723073393
90.160 179 -1723073393
90.187 180 -1723073393
90.213 183 -1723073393
90.240 183 -1723073393
90.267 182 -1723073393
90.293 180 -1723073393
90.320 172 -1723073393
90.347 161 -1723073393
90.373 154 -1723073393
90.400 146 -1723073393
90.427 135 -1723073393
90.453 127 -1723073393
90.480 121 -1723073393
90.507 120 -1723073393
90.533 120 -1723073393
90.560 117 -1723073393
90.587 119 -1723073393
90.613 123 -1723073393
90.640 129 -1723073393
90.667 139 -1723073393
90.693 143 -1723073393
90.720 149 -1723073393
90.747 162 -1723073393
90.773 172 -1723073393
90.800 182 -1723073393
90.827 199 -1723073393
90.853 211 -1723073393
90.880 222 -1723073393
90.907 236 -1723073393
90.933 247 -1723073393
90.960 262 -1723073393
90.987 279 -1723073393
91.013 289 -1723073393
91.040 298 -1723073393
91.067 310 -1723073393
91.093 319 -1723073393
91.120 328 -1723073393
91.147 333 -1723073393
91.173 333 -1723073393
91.200 340 -1723073393
91.227 349 -1723073393
91.253 353 -1723073393
91.280 357 -1723073393
91.307 359 -1723073393
91.333 355 -1723073393
91.360 352 -1723073393
91.387 353 -1723073393
91.413 348 -1723073393
91.440 341 -1723073393
91.467 330 -1723073393
91.493 316 -1723073393
91.520 310 -1723073393
91.547 303 -1723073393
91.573 297 -1723073393
91.600 291 -1723073393
91.627 283 -1723073393
91.653 283 -1723073393
91.680 286 -1723073393
91.707 285 -1723073393
91.733 289 -1723073393
91.760 295 -1723073393
91.787 305 -1723073393
91.813 317 -1723073393
91.840 323 -1723073393
91.867 335 -1723073393
91.893 350 -1723073393
91.920 355 -1723073393
91.947 362 -1723073393
91.973 372 -1723073393
92.000 372 -1723073393
92.027 374 -1723073393
92.053 371 -1723073393
92.080 366 -1723073393
92.107 368 -1723073393
92.133 369 -1723073393
92.160 368 -1723073393
92.187 370 -1723073393
92.213 365 -1723073393
92.240 357 -1723073393
92.267 354 -1723073393
92.293 349 -1723073393
92.320 338 -1723073393
92.347 323 -1723073393
92.373 305 -1723073393
92.400 296 -1723073393
92.427 295 -1723073393
92.453 293 -1723073393
92.480 295 -1723073393
92.507 295 -1723073393
92.533 295 -1723073393
92.560 298 -1723073393
92.587 303 -1723073393
92.613 311 -1723073393
92.640 320 -1723073393
92.667 330 -1723073393
92.693 343 -1723073393
92.720 359 -1723073393
92.747 367 -1723073393
92.773 373 -1723073393
92.800 387 -1723073393
92.827 396 -1723073393
92.853 401 -1723073393
92.880 407 -1723073393
92.907 412 -1723073393
92.933 411 -1723073393
92.960 410 -1723073393
92.987 407 -1723073393
93.013 398 -1723073393
93.040 385 -1723073393
93.067 380 -1723073393
93.093 376 -1723073393
93.120 374 -1723073393
93.147 374 -1723073393
93.173 367 -1723073393
93.200 361 -1723073393
93.227 353 -1723073393
93.253 346 -1723073393
93.280 343 -1723073393
93.307 341 -1723073393
93.333 342 -1723073393
93.360 339 -1723073393
93.387 326 -1723073393
93.413 322 -1723073393
93.440 321 -1723073393
93.467 317 -1723073393
93.493 322 -1723073393
93.520 331 -1723073393
93.547 340 -1723073393
93.573 353 -1723073393
93.600 364 -1723073393
93.627 374 -1723073393
93.653 378 -1723073393
93.680 377 -1723073393
93.707 379 -1723073393
93.733 379 -1723073393
93.760 375 -1723073393
93.787 375 -1723073393
93.813 374 -1723073393
93.840 370 -1723073393
93.867 360 -1723073393
93.893 349 -1723073393
93.920 344 -1723073393
93.947 340 -1723073393
93.973 339 -1723073393
94.000 338 -1723073393
94.027 332 -1723073393
94.053 324 -1723073393
94.080 316 -1723073393
94.107 307 -1723073393
94.133 300 -1723073393
94.160 291 -1723073393
94.187 283 -1723073393
94.213 276 -1723073393
94.240 267 -1723073393
94.267 266 -1723073393
94.293 271 -1723073393
94.320 283 -1723073393
94.347 300 -1723073393
94.373 312 -1723073393
94.400 323 -1723073393
94.427 334 -1723073393
94.453 334 -1723073393
94.480 341 -1723073393
94.507 350 -1723073393
94.533 359 -1723073393
94.560 367 -1723073393
94.587 369 -1723073393
94.613 374 -1723073393
94.640 376 -1723073393
94.667 372 -1723073393
94.693 370 -1723073393
94.720 368 -1723073393
94.747 367 -1723073393
94.773 370 -1723073393
94.800 368 -1723073393
94.827 359 -1723073393
94.853 359 -1723073393
94.880 361 -1723073393
94.907 361 -1723073393
94.933 362 -1723073393
94.960 356 -1723073393
94.987 350 -1723073393
95.013 343 -1723073393
95.040 332 -1723073393
95.067 328 -1723073393
95.093 324 -1723073393
95.120 317 -1723073393
95.147 309 -1723073393
95.173 301 -1723073393
95.200 291 -1723073393
95.227 284 -1723073393
95.253 283 -1723073393
95.280 281 -1723073393
95.307 281 -1723073393
95.333 281 -1723073393
95.360 276 -1723073393
95.387 273 -1723073393
95.413 268 -1723073393
95.440 268 -1723073393
95.467 270 -1723073393
95.493 266 -1723073393
95.520 263 -1723073393
95.547 256 -1723073393
95.573 248 -1723073393
95.600 246 -1723073393
95.627 243 -1723073393
95.653 231 -1723073393
95.680 220 -1723073393
95.707 213 -1723073393
95.733 207 -1723073393
95.760 200 -1723073393
95.787 190 -1723073393
95.813 178 -1723073393
95.840 166 -1723073393
95.867 158 -1723073393
95.893 148 -1723073393
95.920 131 -1723073393
95.947 113 -1723073393
95.973 104 -1723073393
96.000 104 -1723073393
96.027 110 -1723073393
96.053 121 -1723073393
96.080 126 -1723073393
96.107 134 -1723073393
96.133 146 -1723073393
96.160 159 -1723073393
96.187 174 -1723073393
96.213 181 -1723073393
96.240 191 -1723073393
96.267 202 -1723073393
96.293 205 -1723073393
96.320 209 -1723073393
96.347 209 -1723073393
96.373 209 -1723073393
96.400 209 -1723073393
96.427 207 -1723073393
96.453 204 -1723073393
96.480 192 -1723073393
96.507 185 -1723073393
96.533 177 -1723073393
96.560 170 -1723073393
96.587 167 -1723073393
96.613 163 -1723073393
96.640 161 -1723073393
96.667 148 -1723073393
96.693 133 -1723073393
96.720 116 -1723073393
96.747 97 -1723073393
96.773 93 -1723073393
96.800 91 -1723073393
96.827 90 -1723073393
96.853 89 -1723073393
96.880 86 -1723073393
96.907 81 -1723073393
96.933 69 -1723073393
96.960 65 -1723073393
96.987 59 -1723073393
97.013 62 -1723073393
97.040 68 -1723073393
97.067 72 -1723073393
97.093 78 -1723073393
97.120 77 -1723073393
97.147 85 -1723073393
97.173 95 -1723073393
97.200 105 -1723073393
97.227 109 -1723073393
97.253 103 -1723073393
97.280 101 -1723073393
97.307 95 -1723073393
97.333 92 -1723073393
97.360 85 -1723073393
97.387 78 -1723073393
97.413 76 -1723073393
97.440 65 -1723073393
97.467 57 -1723073393
97.493 50 -1723073393
97.520 43 -1723073393
97.547 47 -1723073393
97.573 46 -1723073393
97.600 43 -1723073393
97.627 39 -1723073393
97.653 43 -1723073393
97.680 44 -1723073393
97.707 50 -1723073393
97.733 53 -1723073393
97.760 54 -1723073393
97.787 59 -1723073393
97.813 52 -1723073393
97.840 49 -1723073393
97.867 44 -1723073393
97.893 47 -1723073393
97.920 53 -1723073393
97.947 61 -1723073393
97.973 74 -1723073393
98.000 88 -1723073393
98.027 99 -1723073393
98.053 102 -1723073393
98.080 101 -1723073393
98.107 96 -1723073393
98.133 93 -1723073393
98.160 93 -1723073393
98.187 87 -1723073393
98.213 88 -1723073393
98.240 88 -1723073393
98.267 98 -1723073393
98.293 98 -1723073393
98.320 101 -1723073393
98.347 92 -1723073393
98.373 87 -1723073393
98.400 85 -1723073393
98.427 82 -1723073393
98.453 84 -1723073393
98.480 85 -1723073393
98.507 90 -1723073393
98.533 87 -1723073393
98.560 83 -1723073393
98.587 71 -1723073393
98.613 68 -1723073393
98.640 61 -1723073393
98.667 58 -1723073393
98.693 51 -1723073393
98.720 41 -1723073393
98.747 34 -1723073393
98.773 28 -1723073393
98.800 32 -1723073393
98.827 24 -1723073393
98.853 23 -1723073393
98.880 11 -1723073393
98.907 17 -1723073393
98.933 15 -1723073393
98.960 19 -1723073393
98.987 17 -1723073393
99.013 16 -1723073393
99.040 14 -1723073393
99.067 21 -1723073393
99.093 23 -1723073393
99.120 27 -1723073393
99.147 34 -1723073393
99.173 30 -1723073393
99.200 27 -1723073393
99.227 16 -1723073393
99.253 15 -1723073393
99.280 12 -1723073393
99.307 11 -1723073393
99.333 1 -1723073393
99.360 2 -1723073393
99.387 -7 -1723073393
99.413 -10 -1723073393
99.440 -16 -1723073393
99.467 -14 -1723073393
99.493 -23 -1723073393
99.520 -22 -1723073393
99.547 -30 -1723073393
99.573 -26 -1723073393
99.600 -35 -1723073393
99.627 -38 -1723073393
99.653 -43 -1723073393
99.680 -45 -1723073393
99.707 -52 -1723073393
99.733 -50 -1723073393
99.760 -52 -1723073393
99.787 -41 -1723073393
99.813 -34 -1723073393
99.840 -24 -1723073393
99.867 -14 -1723073393
99.893 0 -1723073393
99.920 5 -1723073393
99.947 18 -1723073393
99.973 25 -1723073393
100.000 0 -1723073393
