0.000 23 -1723073393
0.027 24 -1723073393
0.053 25 -1723073393
0.080 24 -1723073393
0.107 25 -1723073393
0.133 23 -1723073393
0.160 26 -1723073393
0.187 28 -1723073393
0.213 27 -1723073393
0.240 28 -1723073393
0.267 28 -1723073393
0.293 28 -1723073393
0.320 27 -1723073393
0.347 17 -1723073393
0.373 18 -1723073393
0.400 17 -1723073393
0.427 10 -1723073393
0.453 6 -1723073393
0.480 5 -1723073393
0.507 8 -1723073393
0.533 8 -1723073393
0.560 4 -1723073393
0.587 4 -1723073393
0.613 4 -1723073393
0.640 -1 -1723073393
0.667 -2 -1723073393
0.693 -1 -1723073393
0.720 3 -1723073393
0.747 11 -1723073393
0.773 7 -1723073393
0.800 7 -1723073393
0.827 6 -1723073393
0.853 11 -1723073393
0.880 23 -1723073393
0.907 24 -1723073393
0.933 22 -1723073393
0.960 19 -1723073393
0.987 14 -1723073393
1.013 17 -1723073393
1.040 13 -1723073393
1.067 6 -1723073393
1.093 7 -1723073393
1.120 5 -1723073393
1.147 8 -1723073393
1.173 12 -1723073393
1.200 7 -1723073393
1.227 10 -1723073393
1.253 11 -1723073393
1.280 7 -1723073393
1.307 11 -1723073393
1.333 6 -1723073393
1.360 0 -1723073393
1.387 -4 -1723073393
1.413 -17 -1723073393
1.440 -14 -1723073393
1.467 -10 -1723073393
1.493 -10 -1723073393
1.520 -4 -1723073393
1.547 -11 -1723073393
1.573 -15 -1723073393
1.600 -16 -1723073393
1.627 -27 -1723073393
1.653 -18 -1723073393
1.680 -13 -1723073393
1.707 -7 -1723073393
1.733 0 -1723073393
1.760 -5 -1723073393
1.787 -8 -1723073393
1.813 -10 -1723073393
1.840 -15 -1723073393
1.867 -11 -1723073393
1.893 -12 -1723073393
1.920 -18 -1723073393
1.947 -23 -1723073393
1.973 -30 -1723073393
2.000 -28 -1723073393
2.027 -23 -1723073393
2.053 -23 -1723073393
2.080 -14 -1723073393
2.107 -16 -1723073393
2.133 -19 -1723073393
2.160 -17 -1723073393
2.187 -28 -1723073393
2.213 -28 -1723073393
2.240 -21 -1723073393
2.267 -19 -1723073393
2.293 -13 -1723073393
2.320 -15 -1723073393
2.347 -16 -1723073393
2.373 -11 -1723073393
2.400 -12 -1723073393
2.427 -9 -1723073393
2.453 -10 -1723073393
2.480 -18 -1723073393
2.507 -17 -1723073393
2.533 -16 -1723073393
2.560 -16 -1723073393
2.587 -14 -1723073393
2.613 -20 -1723073393
2.640 -17 -1723073393
2.667 -16 -1723073393
2.693 -21 -1723073393
2.720 -20 -1723073393
2.747 -26 -1723073393
2.773 -31 -1723073393
2.800 -23 -1723073393
2.827 -24 -1723073393
2.853 -22 -1723073393
2.880 -19 -1723073393
2.907 -23 -1723073393
2.933 -26 -1723073393
2.960 -32 -1723073393
2.987 -35 -1723073393
3.013 -31 -1723073393
3.040 -31 -1723073393
3.067 -24 -1723073393
3.093 -16 -1723073393
3.120 -15 -1723073393
3.147 -16 -1723073393
3.173 -26 -1723073393
3.200 -31 -1723073393
3.227 -27 -1723073393
3.253 -33 -1723073393
3.280 -28 -1723073393
3.307 -29 -1723073393
3.333 -39 -1723073393
3.360 -37 -1723073393
3.387 -38 -1723073393
3.413 -36 -1723073393
3.440 -31 -1723073393
3.467 -33 -1723073393
3.493 -25 -1723073393
3.520 -24 -1723073393
3.547 -30 -1723073393
3.573 -27 -1723073393
3.600 -33 -1723073393
3.627 -36 -1723073393
3.653 -37 -1723073393
3.680 -47 -1723073393
3.707 -46 -1723073393
3.733 -41 -1723073393
3.760 -40 -1723073393
3.787 -31 -1723073393
3.813 -32 -1723073393
3.840 -35 -1723073393
3.867 -33 -1723073393
3.893 -37 -1723073393
3.920 -31 -1723073393
3.947 -30 -1723073393
3.973 -31 -1723073393
4.000 -26 -1723073393
4.027 -28 -1723073393
4.053 -27 -1723073393
4.080 -24 -1723073393
4.107 -24 -1723073393
4.133 -23 -1723073393
4.160 -29 -1723073393
4.187 -36 -1723073393
4.213 -33 -1723073393
4.240 -33 -1723073393
4.267 -29 -1723073393
4.293 -29 -1723073393
4.320 -32 -1723073393
4.347 -29 -1723073393
4.373 -27 -1723073393
4.400 -25 -1723073393
4.427 -23 -1723073393
4.453 -18 -1723073393
4.480 -13 -1723073393
4.507 -14 -1723073393
4.533 -17 -1723073393
4.560 -17 -1723073393
4.587 -17 -1723073393
4.613 -17 -1723073393
4.640 -16 -1723073393
4.667 -14 -1723073393
4.693 -14 -1723073393
4.720 -17 -1723073393
4.747 -22 -1723073393
4.773 -25 -1723073393
4.800 -27 -1723073393
4.827 -27 -1723073393
4.853 -24 -1723073393
4.880 -21 -1723073393
4.907 -16 -1723073393
4.933 -13 -1723073393
4.960 -15 -1723073393
4.987 -13 -1723073393
5.013 -15 -1723073393
5.040 -21 -1723073393
5.067 -26 -1723073393
5.093 -30 -1723073393
5.120 -25 -1723073393
5.147 -19 -1723073393
5.173 -18 -1723073393
5.200 -18 -1723073393
5.227 -20 -1723073393
5.253 -19 -1723073393
5.280 -19 -1723073393
5.307 -19 -1723073393
5.333 -9 -1723073393
5.360 -2 -1723073393
5.387 0 -1723073393
5.413 -4 -1723073393
5.440 -9 -1723073393
5.467 -9 -1723073393
5.493 -11 -1723073393
5.520 -14 -1723073393
5.547 -11 -1723073393
5.573 -9 -1723073393
5.600 -8 -1723073393
5.627 -5 -1723073393
5.653 -9 -1723073393
5.680 -8 -1723073393
5.707 -7 -1723073393
5.733 -14 -1723073393
5.760 -14 -1723073393
5.787 -15 -1723073393
5.813 -17 -1723073393
5.840 -11 -1723073393
5.867 -14 -1723073393
5.893 -15 -1723073393
5.920 -8 -1723073393
5.947 -7 -1723073393
5.973 -3 -1723073393
6.000 -5 -1723073393
6.027 -7 -1723073393
6.053 -4 -1723073393
6.080 -8 -1723073393
6.107 -6 -1723073393
6.133 -1 -1723073393
6.160 -5 -1723073393
6.187 -6 -1723073393
6.213 -6 -1723073393
6.240 -6 -1723073393
6.267 -3 -1723073393
6.293 -5 -1723073393
6.320 -4 -1723073393
6.347 -11 -1723073393
6.373 -20 -1723073393
6.400 -20 -1723073393
6.427 -22 -1723073393
6.453 -19 -1723073393
6.480 -17 -1723073393
6.507 -19 -1723073393
6.533 -20 -1723073393
6.560 -27 -1723073393
6.587 -35 -1723073393
6.613 -33 -1723073393
6.640 -36 -1723073393
6.667 -41 -1723073393
6.693 -35 -1723073393
6.720 -31 -1723073393
6.747 -26 -1723073393
6.773 -20 -1723073393
6.800 -20 -1723073393
6.827 -21 -1723073393
6.853 -26 -1723073393
6.880 -31 -1723073393
6.907 -32 -1723073393
6.933 -37 -1723073393
6.960 -38 -1723073393
6.987 -34 -1723073393
7.013 -33 -1723073393
7.040 -28 -1723073393
7.067 -30 -1723073393
7.093 -35 -1723073393
7.120 -29 -1723073393
7.147 -27 -1723073393
7.173 -29 -1723073393
7.200 -29 -1723073393
7.227 -34 -1723073393
7.253 -33 -1723073393
7.280 -27 -1723073393
7.307 -26 -1723073393
7.333 -23 -1723073393
7.360 -25 -1723073393
7.387 -27 -1723073393
7.413 -25 -1723073393
7.440 -33 -1723073393
7.467 -34 -1723073393
7.493 -28 -1723073393
7.520 -24 -1723073393
7.547 -19 -1723073393
7.573 -28 -1723073393
7.600 -37 -1723073393
7.627 -38 -1723073393
7.653 -45 -1723073393
7.680 -42 -1723073393
7.707 -34 -1723073393
7.733 -34 -1723073393
7.760 -30 -1723073393
7.787 -32 -1723073393
7.813 -38 -1723073393
7.840 -36 -1723073393
7.867 -41 -1723073393
7.893 -40 -1723073393
7.920 -34 -1723073393
7.947 -37 -1723073393
7.973 -34 -1723073393
8.000 -29 -1723073393
8.027 -34 -1723073393
8.053 -32 -1723073393
8.080 -35 -1723073393
8.107 -41 -1723073393
8.133 -41 -1723073393
8.160 -46 -1723073393
8.187 -44 -1723073393
8.213 -41 -1723073393
8.240 -41 -1723073393
8.267 -28 -1723073393
8.293 -18 -1723073393
8.320 -15 -1723073393
8.347 -15 -1723073393
8.373 -22 -1723073393
8.400 -25 -1723073393
8.427 -24 -1723073393
8.453 -32 -1723073393
8.480 -31 -1723073393
8.507 -30 -1723073393
8.533 -29 -1723073393
8.560 -22 -1723073393
8.587 -17 -1723073393
8.613 -11 -1723073393
8.640 -2 -1723073393
8.667 1 -1723073393
8.693 6 -1723073393
8.720 5 -1723073393
8.747 -5 -1723073393
8.773 -6 -1723073393
8.800 -6 -1723073393
8.827 -12 -1723073393
8.853 -13 -1723073393
8.880 -20 -1723073393
8.907 -22 -1723073393
8.933 -18 -1723073393
8.960 -20 -1723073393
8.987 -17 -1723073393
9.013 -18 -1723073393
9.040 -24 -1723073393
9.067 -22 -1723073393
9.093 -27 -1723073393
9.120 -28 -1723073393
9.147 -27 -1723073393
9.173 -32 -1723073393
9.200 -29 -1723073393
9.227 -29 -1723073393
9.253 -34 -1723073393
9.280 -28 -1723073393
9.307 -33 -1723073393
9.333 -36 -1723073393
9.360 -30 -1723073393
9.387 -40 -1723073393
9.413 -46 -1723073393
9.440 -42 -1723073393
9.467 -45 -1723073393
9.493 -43 -1723073393
9.520 -44 -1723073393
9.547 -49 -1723073393
9.573 -45 -1723073393
9.600 -48 -1723073393
9.627 -52 -1723073393
9.653 -51 -1723073393
9.680 -58 -1723073393
9.707 -62 -1723073393
9.733 -60 -1723073393
9.760 -61 -1723073393
9.787 -56 -1723073393
9.813 -55 -1723073393
9.840 -60 -1723073393
9.867 -60 -1723073393
9.893 -61 -1723073393
9.920 -57 -1723073393
9.947 -48 -1723073393
9.973 -57 -1723073393
10.000 -62 -1723073393
10.027 -63 -1723073393
10.053 -67 -1723073393
10.080 -62 -1723073393
10.107 -63 -1723073393
10.133 -64 -1723073393
10.160 -55 -1723073393
10.187 -54 -1723073393
10.213 -52 -1723073393
10.240 -47 -1723073393
10.267 -47 -1723073393
10.293 -39 -1723073393
10.320 -33 -1723073393
10.347 -32 -1723073393
10.373 -17 -1723073393
10.400 -2 -1723073393
10.427 10 -1723073393
10.453 28 -1723073393
10.480 41 -1723073393
10.507 60 -1723073393
10.533 85 -1723073393
10.560 103 -1723073393
10.587 122 -1723073393
10.613 140 -1723073393
10.640 154 -1723073393
10.667 167 -1723073393
10.693 178 -1723073393
10.720 184 -1723073393
10.747 186 -1723073393
10.773 179 -1723073393
10.800 171 -1723073393
10.827 159 -1723073393
10.853 141 -1723073393
10.880 122 -1723073393
10.907 101 -1723073393
10.933 80 -1723073393
10.960 64 -1723073393
10.987 45 -1723073393
11.013 31 -1723073393
11.040 17 -1723073393
11.067 -5 -1723073393
11.093 -25 -1723073393
11.120 -43 -1723073393
11.147 -61 -1723073393
11.173 -68 -1723073393
11.200 -79 -1723073393
11.227 -92 -1723073393
11.253 -96 -1723073393
11.280 -103 -1723073393
11.307 -106 -1723073393
11.333 -102 -1723073393
11.360 -108 -1723073393
11.387 -107 -1723073393
11.413 -98 -1723073393
11.440 -104 -1723073393
11.467 -103 -1723073393
11.493 -102 -1723073393
11.520 -109 -1723073393
11.547 -107 -1723073393
11.573 -108 -1723073393
11.600 -109 -1723073393
11.627 -104 -1723073393
11.653 -109 -1723073393
11.680 -112 -1723073393
11.707 -111 -1723073393
11.733 -115 -1723073393
11.760 -105 -1723073393
11.787 -92 -1723073393
11.813 -81 -1723073393
11.840 -56 -1723073393
11.867 -44 -1723073393
11.893 -34 -1723073393
11.920 -7 -1723073393
11.947 8 -1723073393
11.973 24 -1723073393
12.000 42 -1723073393
12.027 46 -1723073393
12.053 59 -1723073393
12.080 72 -1723073393
12.107 76 -1723073393
12.133 85 -1723073393
12.160 87 -1723073393
12.187 76 -1723073393
12.213 80 -1723073393
12.240 77 -1723073393
12.267 73 -1723073393
12.293 75 -1723073393
12.320 66 -1723073393
12.347 63 -1723073393
12.373 64 -1723073393
12.400 63 -1723073393
12.427 79 -1723073393
12.453 98 -1723073393
12.480 114 -1723073393
12.507 143 -1723073393
12.533 165 -1723073393
12.560 185 -1723073393
12.587 214 -1723073393
12.613 236 -1723073393
12.640 256 -1723073393
12.667 270 -1723073393
12.693 275 -1723073393
12.720 280 -1723073393
12.747 274 -1723073393
12.773 259 -1723073393
12.800 245 -1723073393
12.827 224 -1723073393
12.853 196 -1723073393
12.880 166 -1723073393
12.907 125 -1723073393
12.933 83 -1723073393
12.960 45 -1723073393
12.987 4 -1723073393
13.013 -29 -1723073393
13.040 -59 -1723073393
13.067 -93 -1723073393
13.093 -114 -1723073393
13.120 -137 -1723073393
13.147 -162 -1723073393
13.173 -174 -1723073393
13.200 -188 -1723073393
13.227 -193 -1723073393
13.253 -187 -1723073393
13.280 -192 -1723073393
13.307 -188 -1723073393
13.333 -177 -1723073393
13.360 -175 -1723073393
13.387 -164 -1723073393
13.413 -158 -1723073393
13.440 -156 -1723073393
13.467 -135 -1723073393
13.493 -125 -1723073393
13.520 -118 -1723073393
13.547 -101 -1723073393
13.573 -105 -1723073393
13.600 -108 -1723073393
13.627 -103 -1723073393
13.653 -112 -1723073393
13.680 -105 -1723073393
13.707 -96 -1723073393
13.733 -100 -1723073393
13.760 -88 -1723073393
13.787 -82 -1723073393
13.813 -74 -1723073393
13.840 -47 -1723073393
13.867 -30 -1723073393
13.893 -11 -1723073393
13.920 18 -1723073393
13.947 29 -1723073393
13.973 39 -1723073393
14.000 53 -1723073393
14.027 52 -1723073393
14.053 58 -1723073393
14.080 56 -1723073393
14.107 41 -1723073393
14.133 34 -1723073393
14.160 19 -1723073393
14.187 -4 -1723073393
14.213 -25 -1723073393
14.240 -61 -1723073393
14.267 -102 -1723073393
14.293 -133 -1723073393
14.320 -171 -1723073393
14.347 -196 -1723073393
14.373 -220 -1723073393
14.400 -260 -1723073393
14.427 -287 -1723073393
14.453 -317 -1723073393
14.480 -355 -1723073393
14.507 -373 -1723073393
14.533 -394 -1723073393
14.560 -411 -1723073393
14.587 -402 -1723073393
14.613 -410 -1723073393
14.640 -420 -1723073393
14.667 -416 -1723073393
14.693 -431 -1723073393
14.720 -431 -1723073393
14.747 -419 -1723073393
14.773 -429 -1723073393
14.800 -421 -1723073393
14.827 -415 -1723073393
14.853 -429 -1723073393
14.880 -426 -1723073393
14.907 -436 -1723073393
14.933 -449 -1723073393
14.960 -438 -1723073393
14.987 -448 -1723073393
15.013 -458 -1723073393
15.040 -450 -1723073393
15.067 -459 -1723073393
15.093 -457 -1723073393
15.120 -447 -1723073393
15.147 -462 -1723073393
15.173 -457 -1723073393
15.200 -454 -1723073393
15.227 -464 -1723073393
15.253 -449 -1723073393
15.280 -450 -1723073393
15.307 -458 -1723073393
15.333 -440 -1723073393
15.360 -439 -1723073393
15.387 -446 -1723073393
15.413 -434 -1723073393
15.440 -444 -1723073393
15.467 -447 -1723073393
15.493 -448 -1723073393
15.520 -475 -1723073393
15.547 -483 -1723073393
15.573 -491 -1723073393
15.600 -520 -1723073393
15.627 -529 -1723073393
15.653 -552 -1723073393
15.680 -588 -1723073393
15.707 -600 -1723073393
15.733 -633 -1723073393
15.760 -673 -1723073393
15.787 -695 -1723073393
15.813 -742 -1723073393
15.840 -782 -1723073393
15.867 -806 -1723073393
15.893 -858 -1723073393
15.920 -894 -1723073393
15.947 -924 -1723073393
15.973 -980 -1723073393
16.000 -1009 -1723073393
16.027 -1041 -1723073393
16.053 -1092 -1723073393
16.080 -1108 -1723073393
16.107 -1136 -1723073393
16.133 -1182 -1723073393
16.160 -1189 -1723073393
16.187 -1211 -1723073393
16.213 -1231 -1723073393
16.240 -1216 -1723073393
16.267 -1227 -1723073393
16.293 -1212 -1723073393
16.320 -1151 -1723073393
16.347 -1101 -1723073393
16.373 -997 -1723073393
16.400 -849 -1723073393
16.427 -696 -1723073393
16.453 -453 -1723073393
16.480 -163 -1723073393
16.507 153 -1723073393
16.533 557 -1723073393
16.560 1022 -1723073393
16.587 1553 -1723073393
16.613 2152 -1723073393
16.640 2793 -1723073393
16.667 3467 -1723073393
16.693 4169 -1723073393
16.720 4915 -1723073393
16.747 5598 -1723073393
16.773 6211 -1723073393
16.800 6822 -1723073393
16.827 7259 -1723073393
16.853 7563 -1723073393
16.880 7821 -1723073393
16.907 7785 -1723073393
16.933 7612 -1723073393
16.960 7386 -1723073393
16.987 6822 -1723073393
17.013 6204 -1723073393
17.040 5549 -1723073393
17.067 4636 -1723073393
17.093 3760 -1723073393
17.120 2871 -1723073393
17.147 1877 -1723073393
17.173 997 -1723073393
17.200 156 -1723073393
17.227 -696 -1723073393
17.253 -1441 -1723073393
17.280 -2079 -1723073393
17.307 -2654 -1723073393
17.333 -3149 -1723073393
17.360 -3506 -1723073393
17.387 -3810 -1723073393
17.413 -4066 -1723073393
17.440 -4170 -1723073393
17.467 -4259 -1723073393
17.493 -4326 -1723073393
17.520 -4263 -1723073393
17.547 -4251 -1723073393
17.573 -4234 -1723073393
17.600 -4118 -1723073393
17.627 -4086 -1723073393
17.653 -4031 -1723073393
17.680 -3927 -1723073393
17.707 -3924 -1723073393
17.733 -3871 -1723073393
17.760 -3787 -1723073393
17.787 -3792 -1723073393
17.813 -3728 -1723073393
17.840 -3657 -1723073393
17.867 -3657 -1723073393
17.893 -3565 -1723073393
17.920 -3481 -1723073393
17.947 -3424 -1723073393
17.973 -3256 -1723073393
18.000 -3109 -1723073393
18.027 -2955 -1723073393
18.053 -2686 -1723073393
18.080 -2455 -1723073393
18.107 -2198 -1723073393
18.133 -1859 -1723073393
18.160 -1568 -1723073393
18.187 -1231 -1723073393
18.213 -850 -1723073393
18.240 -514 -1723073393
18.267 -145 -1723073393
18.293 247 -1723073393
18.320 631 -1723073393
18.347 1046 -1723073393
18.373 1489 -1723073393
18.400 1954 -1723073393
18.427 2469 -1723073393
18.453 3072 -1723073393
18.480 3746 -1723073393
18.507 4485 -1723073393
18.533 5349 -1723073393
18.560 6311 -1723073393
18.587 7351 -1723073393
18.613 8517 -1723073393
18.640 9714 -1723073393
18.667 10906 -1723073393
18.693 12216 -1723073393
18.720 13416 -1723073393
18.747 14467 -1723073393
18.773 15558 -1723073393
18.800 16319 -1723073393
18.827 16857 -1723073393
18.853 17386 -1723073393
18.880 17382 -1723073393
18.907 17166 -1723073393
18.933 16900 -1723073393
18.960 16026 -1723073393
18.987 15051 -1723073393
19.013 14049 -1723073393
19.040 12534 -1723073393
19.067 11089 -1723073393
19.093 9638 -1723073393
19.120 7831 -1723073393
19.147 6254 -1723073393
19.173 4731 -1723073393
19.200 3075 -1723073393
19.227 1660 -1723073393
19.253 320 -1723073393
19.280 -972 -1723073393
19.307 -2054 -1723073393
19.333 -3005 -1723073393
19.360 -3877 -1723073393
19.387 -4627 -1723073393
19.413 -5196 -1723073393
19.440 -5688 -1723073393
19.467 -6118 -1723073393
19.493 -6365 -1723073393
19.520 -6592 -1723073393
19.547 -6782 -1723073393
19.573 -6785 -1723073393
19.600 -6833 -1723073393
19.627 -6860 -1723073393
19.653 -6732 -1723073393
19.680 -6706 -1723073393
19.707 -6654 -1723073393
19.733 -6489 -1723073393
19.760 -6448 -1723073393
19.787 -6350 -1723073393
19.813 -6177 -1723073393
19.840 -6125 -1723073393
19.867 -5990 -1723073393
19.893 -5816 -1723073393
19.920 -5746 -1723073393
19.947 -5563 -1723073393
19.973 -5370 -1723073393
20.000 -5259 -1723073393
20.027 -5027 -1723073393
20.053 -4819 -1723073393
20.080 -4673 -1723073393
20.107 -4420 -1723073393
20.133 -4226 -1723073393
20.160 -4080 -1723073393
20.187 -3860 -1723073393
20.213 -3738 -1723073393
20.240 -3651 -1723073393
20.267 -3523 -1723073393
20.293 -3506 -1723073393
20.320 -3516 -1723073393
20.347 -3518 -1723073393
20.373 -3633 -1723073393
20.400 -3764 -1723073393
20.427 -3915 -1723073393
20.453 -4173 -1723073393
20.480 -4406 -1723073393
20.507 -4660 -1723073393
20.533 -4997 -1723073393
20.560 -5271 -1723073393
20.587 -5573 -1723073393
20.613 -5914 -1723073393
20.640 -6145 -1723073393
20.667 -6403 -1723073393
20.693 -6665 -1723073393
20.720 -6781 -1723073393
20.747 -6935 -1723073393
20.773 -7052 -1723073393
20.800 -7008 -1723073393
20.827 -7030 -1723073393
20.853 -6985 -1723073393
20.880 -6785 -1723073393
20.907 -6661 -1723073393
20.933 -6444 -1723073393
20.960 -6099 -1723073393
20.987 -5835 -1723073393
21.013 -5469 -1723073393
21.040 -5028 -1723073393
21.067 -4675 -1723073393
21.093 -4218 -1723073393
21.120 -3729 -1723073393
21.147 -3329 -1723073393
21.173 -2839 -1723073393
21.200 -2354 -1723073393
21.227 -1945 -1723073393
21.253 -1478 -1723073393
21.280 -1060 -1723073393
21.307 -705 -1723073393
21.333 -334 -1723073393
21.360 -13 -1723073393
21.387 262 -1723073393
21.413 520 -1723073393
21.440 736 -1723073393
21.467 917 -1723073393
21.493 1078 -1723073393
21.520 1207 -1723073393
21.547 1297 -1723073393
21.573 1356 -1723073393
21.600 1399 -1723073393
21.627 1417 -1723073393
21.653 1425 -1723073393
21.680 1438 -1723073393
21.707 1431 -1723073393
21.733 1418 -1723073393
21.760 1414 -1723073393
21.787 1402 -1723073393
21.813 1401 -1723073393
21.840 1420 -1723073393
21.867 1428 -1723073393
21.893 1441 -1723073393
21.920 1460 -1723073393
21.947 1463 -1723073393
21.973 1475 -1723073393
22.000 1493 -1723073393
22.027 1488 -1723073393
22.053 1487 -1723073393
22.080 1469 -1723073393
22.107 1420 -1723073393
22.133 1376 -1723073393
22.160 1318 -1723073393
22.187 1239 -1723073393
22.213 1171 -1723073393
22.240 1099 -1723073393
22.267 1021 -1723073393
22.293 966 -1723073393
22.320 921 -1723073393
22.347 892 -1723073393
22.373 895 -1723073393
22.400 921 -1723073393
22.427 972 -1723073393
22.453 1052 -1723073393
22.480 1150 -1723073393
22.507 1270 -1723073393
22.533 1416 -1723073393
22.560 1578 -1723073393
22.587 1760 -1723073393
22.613 1945 -1723073393
22.640 2120 -1723073393
22.667 2301 -1723073393
22.693 2471 -1723073393
22.720 2608 -1723073393
22.747 2737 -1723073393
22.773 2831 -1723073393
22.800 2873 -1723073393
22.827 2918 -1723073393
22.853 2915 -1723073393
22.880 2858 -1723073393
22.907 2813 -1723073393
22.933 2729 -1723073393
22.960 2605 -1723073393
22.987 2505 -1723073393
23.013 2376 -1723073393
23.040 2226 -1723073393
23.067 2101 -1723073393
23.093 1954 -1723073393
23.120 1803 -1723073393
23.147 1687 -1723073393
23.173 1556 -1723073393
23.200 1429 -1723073393
23.227 1331 -1723073393
23.253 1226 -1723073393
23.280 1136 -1723073393
23.307 1075 -1723073393
23.333 1015 -1723073393
23.360 968 -1723073393
23.387 938 -1723073393
23.413 910 -1723073393
23.440 892 -1723073393
23.467 880 -1723073393
23.493 856 -1723073393
23.520 841 -1723073393
23.547 830 -1723073393
23.573 809 -1723073393
23.600 794 -1723073393
23.627 777 -1723073393
23.653 752 -1723073393
23.680 727 -1723073393
23.707 694 -1723073393
23.733 653 -1723073393
23.760 611 -1723073393
23.787 562 -1723073393
23.813 516 -1723073393
23.840 472 -1723073393
23.867 426 -1723073393
23.893 388 -1723073393
23.920 354 -1723073393
23.947 312 -1723073393
23.973 267 -1723073393
24.000 225 -1723073393
24.027 191 -1723073393
24.053 168 -1723073393
24.080 152 -1723073393
24.107 152 -1723073393
24.133 164 -1723073393
24.160 190 -1723073393
24.187 233 -1723073393
24.213 282 -1723073393
24.240 334 -1723073393
24.267 389 -1723073393
24.293 441 -1723073393
24.320 489 -1723073393
24.347 533 -1723073393
24.373 565 -1723073393
24.400 587 -1723073393
24.427 598 -1723073393
24.453 598 -1723073393
24.480 579 -1723073393
24.507 547 -1723073393
24.533 514 -1723073393
24.560 472 -1723073393
24.587 419 -1723073393
24.613 367 -1723073393
24.640 310 -1723073393
24.667 254 -1723073393
24.693 211 -1723073393
24.720 185 -1723073393
24.747 167 -1723073393
24.773 160 -1723073393
24.800 166 -1723073393
24.827 183 -1723073393
24.853 209 -1723073393
24.880 246 -1723073393
24.907 281 -1723073393
24.933 312 -1723073393
24.960 344 -1723073393
24.987 370 -1723073393
25.013 386 -1723073393
25.040 393 -1723073393
25.067 388 -1723073393
25.093 364 -1723073393
25.120 331 -1723073393
25.147 291 -1723073393
25.173 245 -1723073393
25.200 197 -1723073393
25.227 150 -1723073393
25.253 112 -1723073393
25.280 82 -1723073393
25.307 53 -1723073393
25.333 31 -1723073393
25.360 25 -1723073393
25.387 24 -1723073393
25.413 30 -1723073393
25.440 48 -1723073393
25.467 62 -1723073393
25.493 79 -1723073393
25.520 97 -1723073393
25.547 107 -1723073393
25.573 112 -1723073393
25.600 117 -1723073393
25.627 114 -1723073393
25.653 108 -1723073393
25.680 95 -1723073393
25.707 75 -1723073393
25.733 53 -1723073393
25.760 24 -1723073393
25.787 -14 -1723073393
25.813 -53 -1723073393
25.840 -98 -1723073393
25.867 -145 -1723073393
25.893 -181 -1723073393
25.920 -220 -1723073393
25.947 -253 -1723073393
25.973 -266 -1723073393
26.000 -273 -1723073393
26.027 -278 -1723073393
26.053 -266 -1723073393
26.080 -249 -1723073393
26.107 -222 -1723073393
26.133 -177 -1723073393
26.160 -131 -1723073393
26.187 -80 -1723073393
26.213 -21 -1723073393
26.240 28 -1723073393
26.267 78 -1723073393
26.293 137 -1723073393
26.320 187 -1723073393
26.347 233 -1723073393
26.373 274 -1723073393
26.400 295 -1723073393
26.427 308 -1723073393
26.453 314 -1723073393
26.480 312 -1723073393
26.507 307 -1723073393
26.533 295 -1723073393
26.560 276 -1723073393
26.587 257 -1723073393
26.613 229 -1723073393
26.640 202 -1723073393
26.667 183 -1723073393
26.693 160 -1723073393
26.720 133 -1723073393
26.747 110 -1723073393
26.773 89 -1723073393
26.800 68 -1723073393
26.827 52 -1723073393
26.853 32 -1723073393
26.880 11 -1723073393
26.907 -6 -1723073393
26.933 -29 -1723073393
26.960 -55 -1723073393
26.987 -76 -1723073393
27.013 -101 -1723073393
27.040 -125 -1723073393
27.067 -141 -1723073393
27.093 -165 -1723073393
27.120 -192 -1723073393
27.147 -205 -1723073393
27.173 -216 -1723073393
27.200 -225 -1723073393
27.227 -223 -1723073393
27.253 -224 -1723073393
27.280 -228 -1723073393
27.307 -218 -1723073393
27.333 -205 -1723073393
27.360 -193 -1723073393
27.387 -171 -1723073393
27.413 -157 -1723073393
27.440 -151 -1723073393
27.467 -135 -1723073393
27.493 -128 -1723073393
27.520 -122 -1723073393
27.547 -111 -1723073393
27.573 -114 -1723073393
27.600 -115 -1723073393
27.627 -112 -1723073393
27.653 -116 -1723073393
27.680 -118 -1723073393
27.707 -116 -1723073393
27.733 -125 -1723073393
27.760 -133 -1723073393
27.787 -130 -1723073393
27.813 -129 -1723073393
27.840 -131 -1723073393
27.867 -128 -1723073393
27.893 -132 -1723073393
27.920 -133 -1723073393
27.947 -128 -1723073393
27.973 -131 -1723073393
28.000 -122 -1723073393
28.027 -100 -1723073393
28.053 -86 -1723073393
28.080 -68 -1723073393
28.107 -40 -1723073393
28.133 -20 -1723073393
28.160 4 -1723073393
28.187 31 -1723073393
28.213 52 -1723073393
28.240 83 -1723073393
28.267 119 -1723073393
28.293 149 -1723073393
28.320 179 -1723073393
28.347 208 -1723073393
28.373 231 -1723073393
28.400 255 -1723073393
28.427 278 -1723073393
28.453 294 -1723073393
28.480 306 -1723073393
28.507 311 -1723073393
28.533 305 -1723073393
28.560 297 -1723073393
28.587 282 -1723073393
28.613 258 -1723073393
28.640 231 -1723073393
28.667 202 -1723073393
28.693 170 -1723073393
28.720 139 -1723073393
28.747 107 -1723073393
28.773 71 -1723073393
28.800 39 -1723073393
28.827 10 -1723073393
28.853 -22 -1723073393
28.880 -47 -1723073393
28.907 -66 -1723073393
28.933 -81 -1723073393
28.960 -82 -1723073393
28.987 -71 -1723073393
29.013 -58 -1723073393
29.040 -35 -1723073393
29.067 -4 -1723073393
29.093 25 -1723073393
29.120 66 -1723073393
29.147 105 -1723073393
29.173 137 -1723073393
29.200 169 -1723073393
29.227 193 -1723073393
29.253 202 -1723073393
29.280 204 -1723073393
29.307 194 -1723073393
29.333 173 -1723073393
29.360 150 -1723073393
29.387 114 -1723073393
29.413 73 -1723073393
29.440 38 -1723073393
29.467 2 -1723073393
29.493 -31 -1723073393
29.520 -61 -1723073393
29.547 -99 -1723073393
29.573 -141 -1723073393
29.600 -169 -1723073393
29.627 -191 -1723073393
29.653 -202 -1723073393
29.680 -196 -1723073393
29.707 -191 -1723073393
29.733 -181 -1723073393
29.760 -149 -1723073393
29.787 -115 -1723073393
29.813 -85 -1723073393
29.840 -44 -1723073393
29.867 -8 -1723073393
29.893 29 -1723073393
29.920 78 -1723073393
29.947 116 -1723073393
29.973 145 -1723073393
30.000 173 -1723073393
30.027 194 -1723073393
30.053 211 -1723073393
30.080 224 -1723073393
30.107 228 -1723073393
30.133 233 -1723073393
30.160 242 -1723073393
30.187 244 -1723073393
30.213 248 -1723073393
30.240 254 -1723073393
30.267 258 -1723073393
30.293 265 -1723073393
30.320 275 -1723073393
30.347 280 -1723073393
30.373 286 -1723073393
30.400 292 -1723073393
30.427 292 -1723073393
30.453 291 -1723073393
30.480 287 -1723073393
30.507 269 -1723073393
30.533 244 -1723073393
30.560 212 -1723073393
30.587 175 -1723073393
30.613 141 -1723073393
30.640 104 -1723073393
30.667 60 -1723073393
30.693 22 -1723073393
30.720 -11 -1723073393
30.747 -45 -1723073393
30.773 -68 -1723073393
30.800 -86 -1723073393
30.827 -103 -1723073393
30.853 -107 -1723073393
30.880 -102 -1723073393
30.907 -101 -1723073393
30.933 -88 -1723073393
30.960 -63 -1723073393
30.987 -37 -1723073393
31.013 -6 -1723073393
31.040 30 -1723073393
31.067 58 -1723073393
31.093 84 -1723073393
31.120 110 -1723073393
31.147 126 -1723073393
31.173 139 -1723073393
31.200 143 -1723073393
31.227 126 -1723073393
31.253 106 -1723073393
31.280 85 -1723073393
31.307 57 -1723073393
31.333 30 -1723073393
31.360 2 -1723073393
31.387 -33 -1723073393
31.413 -64 -1723073393
31.440 -87 -1723073393
31.467 -114 -1723073393
31.493 -134 -1723073393
31.520 -141 -1723073393
31.547 -145 -1723073393
31.573 -141 -1723073393
31.600 -126 -1723073393
31.627 -112 -1723073393
31.653 -90 -1723073393
31.680 -59 -1723073393
31.707 -39 -1723073393
31.733 -13 -1723073393
31.760 24 -1723073393
31.787 54 -1723073393
31.813 83 -1723073393
31.840 120 -1723073393
31.867 153 -1723073393
31.893 187 -1723073393
31.920 221 -1723073393
31.947 241 -1723073393
31.973 256 -1723073393
32.000 273 -1723073393
32.027 283 -1723073393
32.053 294 -1723073393
32.080 299 -1723073393
32.107 293 -1723073393
32.133 284 -1723073393
32.160 271 -1723073393
32.187 245 -1723073393
32.213 218 -1723073393
32.240 188 -1723073393
32.267 151 -1723073393
32.293 117 -1723073393
32.320 80 -1723073393
32.347 39 -1723073393
32.373 3 -1723073393
32.400 -29 -1723073393
32.427 -58 -1723073393
32.453 -84 -1723073393
32.480 -105 -1723073393
32.507 -126 -1723073393
32.533 -137 -1723073393
32.560 -134 -1723073393
32.587 -124 -1723073393
32.613 -107 -1723073393
32.640 -74 -1723073393
32.667 -41 -1723073393
32.693 -8 -1723073393
32.720 34 -1723073393
32.747 76 -1723073393
32.773 115 -1723073393
32.800 156 -1723073393
32.827 190 -1723073393
32.853 221 -1723073393
32.880 248 -1723073393
32.907 260 -1723073393
32.933 257 -1723073393
32.960 243 -1723073393
32.987 209 -1723073393
33.013 159 -1723073393
33.040 101 -1723073393
33.067 37 -1723073393
33.093 -27 -1723073393
33.120 -84 -1723073393
33.147 -143 -1723073393
33.173 -196 -1723073393
33.200 -233 -1723073393
33.227 -264 -1723073393
33.253 -288 -1723073393
33.280 -290 -1723073393
33.307 -279 -1723073393
33.333 -262 -1723073393
33.360 -228 -1723073393
33.387 -186 -1723073393
33.413 -143 -1723073393
33.440 -80 -1723073393
33.467 -12 -1723073393
33.493 48 -1723073393
33.520 119 -1723073393
33.547 186 -1723073393
33.573 238 -1723073393
33.600 286 -1723073393
33.627 330 -1723073393
33.653 357 -1723073393
33.680 375 -1723073393
33.707 390 -1723073393
33.733 396 -1723073393
33.760 399 -1723073393
33.787 397 -1723073393
33.813 390 -1723073393
33.840 379 -1723073393
33.867 365 -1723073393
33.893 354 -1723073393
33.920 351 -1723073393
33.947 345 -1723073393
33.973 334 -1723073393
34.000 329 -1723073393
34.027 328 -1723073393
34.053 324 -1723073393
34.080 318 -1723073393
34.107 307 -1723073393
34.133 286 -1723073393
34.160 260 -1723073393
34.187 233 -1723073393
34.213 200 -1723073393
34.240 166 -1723073393
34.267 133 -1723073393
34.293 98 -1723073393
34.320 64 -1723073393
34.347 35 -1723073393
34.373 12 -1723073393
34.400 3 -1723073393
34.427 10 -1723073393
34.453 28 -1723073393
34.480 59 -1723073393
34.507 98 -1723073393
34.533 135 -1723073393
34.560 176 -1723073393
34.587 224 -1723073393
34.613 267 -1723073393
34.640 306 -1723073393
34.667 342 -1723073393
34.693 364 -1723073393
34.720 376 -1723073393
34.747 375 -1723073393
34.773 360 -1723073393
34.800 330 -1723073393
34.827 285 -1723073393
34.853 221 -1723073393
34.880 153 -1723073393
34.907 80 -1723073393
34.933 3 -1723073393
34.960 -67 -1723073393
34.987 -133 -1723073393
35.013 -193 -1723073393
35.040 -235 -1723073393
35.067 -252 -1723073393
35.093 -257 -1723073393
35.120 -248 -1723073393
35.147 -215 -1723073393
35.173 -174 -1723073393
35.200 -121 -1723073393
35.227 -46 -1723073393
35.253 29 -1723073393
35.280 96 -1723073393
35.307 169 -1723073393
35.333 234 -1723073393
35.360 288 -1723073393
35.387 344 -1723073393
35.413 391 -1723073393
35.440 423 -1723073393
35.467 446 -1723073393
35.493 464 -1723073393
35.520 479 -1723073393
35.547 488 -1723073393
35.573 485 -1723073393
35.600 473 -1723073393
35.627 460 -1723073393
35.653 443 -1723073393
35.680 424 -1723073393
35.707 402 -1723073393
35.733 372 -1723073393
35.760 336 -1723073393
35.787 298 -1723073393
35.813 257 -1723073393
35.840 216 -1723073393
35.867 174 -1723073393
35.893 128 -1723073393
35.920 84 -1723073393
35.947 48 -1723073393
35.973 14 -1723073393
36.000 -17 -1723073393
36.027 -37 -1723073393
36.053 -48 -1723073393
36.080 -57 -1723073393
36.107 -56 -1723073393
36.133 -39 -1723073393
36.160 -20 -1723073393
36.187 1 -1723073393
36.213 36 -1723073393
36.240 76 -1723073393
36.267 115 -1723073393
36.293 160 -1723073393
36.320 202 -1723073393
36.347 245 -1723073393
36.373 288 -1723073393
36.400 319 -1723073393
36.427 345 -1723073393
36.453 368 -1723073393
36.480 374 -1723073393
36.507 367 -1723073393
36.533 349 -1723073393
36.560 318 -1723073393
36.587 279 -1723073393
36.613 238 -1723073393
36.640 188 -1723073393
36.667 138 -1723073393
36.693 90 -1723073393
36.720 41 -1723073393
36.747 0 -1723073393
36.773 -31 -1723073393
36.800 -54 -1723073393
36.827 -64 -1723073393
36.853 -60 -1723073393
36.880 -48 -1723073393
36.907 -29 -1723073393
36.933 4 -1723073393
36.960 49 -1723073393
36.987 89 -1723073393
37.013 129 -1723073393
37.040 175 -1723073393
37.067 218 -1723073393
37.093 259 -1723073393
37.120 299 -1723073393
37.147 329 -1723073393
37.173 357 -1723073393
37.200 380 -1723073393
37.227 389 -1723073393
37.253 391 -1723073393
37.280 389 -1723073393
37.307 384 -1723073393
37.333 376 -1723073393
37.360 364 -1723073393
37.387 352 -1723073393
37.413 341 -1723073393
37.440 328 -1723073393
37.467 313 -1723073393
37.493 298 -1723073393
37.520 288 -1723073393
37.547 284 -1723073393
37.573 283 -1723073393
37.600 287 -1723073393
37.627 292 -1723073393
37.653 292 -1723073393
37.680 288 -1723073393
37.707 280 -1723073393
37.733 267 -1723073393
37.760 260 -1723073393
37.787 256 -1723073393
37.813 249 -1723073393
37.840 243 -1723073393
37.867 235 -1723073393
37.893 220 -1723073393
37.920 210 -1723073393
37.947 207 -1723073393
37.973 201 -1723073393
38.000 198 -1723073393
38.027 200 -1723073393
38.053 199 -1723073393
38.080 201 -1723073393
38.107 214 -1723073393
38.133 228 -1723073393
38.160 238 -1723073393
38.187 250 -1723073393
38.213 262 -1723073393
38.240 271 -1723073393
38.267 277 -1723073393
38.293 277 -1723073393
38.320 268 -1723073393
38.347 247 -1723073393
38.373 216 -1723073393
38.400 180 -1723073393
38.427 143 -1723073393
38.453 97 -1723073393
38.480 51 -1723073393
38.507 9 -1723073393
38.533 -34 -1723073393
38.560 -77 -1723073393
38.587 -109 -1723073393
38.613 -131 -1723073393
38.640 -149 -1723073393
38.667 -152 -1723073393
38.693 -137 -1723073393
38.720 -124 -1723073393
38.747 -105 -1723073393
38.773 -69 -1723073393
38.800 -31 -1723073393
38.827 6 -1723073393
38.853 54 -1723073393
38.880 99 -1723073393
38.907 136 -1723073393
38.933 173 -1723073393
38.960 204 -1723073393
38.987 224 -1723073393
39.013 243 -1723073393
39.040 260 -1723073393
39.067 262 -1723073393
39.093 259 -1723073393
39.120 256 -1723073393
39.147 251 -1723073393
39.173 245 -1723073393
39.200 238 -1723073393
39.227 232 -1723073393
39.253 231 -1723073393
39.280 228 -1723073393
39.307 219 -1723073393
39.333 207 -1723073393
39.360 198 -1723073393
39.387 187 -1723073393
39.413 180 -1723073393
39.440 179 -1723073393
39.467 178 -1723073393
39.493 174 -1723073393
39.520 171 -1723073393
39.547 169 -1723073393
39.573 167 -1723073393
39.600 171 -1723073393
39.627 174 -1723073393
39.653 177 -1723073393
39.680 183 -1723073393
39.707 188 -1723073393
39.733 187 -1723073393
39.760 186 -1723073393
39.787 185 -1723073393
39.813 181 -1723073393
39.840 180 -1723073393
39.867 181 -1723073393
39.893 177 -1723073393
39.920 174 -1723073393
39.947 173 -1723073393
39.973 168 -1723073393
40.000 156 -1723073393
40.027 139 -1723073393
40.053 115 -1723073393
40.080 88 -1723073393
40.107 63 -1723073393
40.133 32 -1723073393
40.160 6 -1723073393
40.187 -11 -1723073393
40.213 -27 -1723073393
40.240 -39 -1723073393
40.267 -42 -1723073393
40.293 -46 -1723073393
40.320 -49 -1723073393
40.347 -37 -1723073393
40.373 -15 -1723073393
40.400 11 -1723073393
40.427 51 -1723073393
40.453 95 -1723073393
40.480 131 -1723073393
40.507 168 -1723073393
40.533 205 -1723073393
40.560 230 -1723073393
40.587 252 -1723073393
40.613 273 -1723073393
40.640 285 -1723073393
40.667 294 -1723073393
40.693 298 -1723073393
40.720 292 -1723073393
40.747 280 -1723073393
40.773 258 -1723073393
40.800 233 -1723073393
40.827 216 -1723073393
40.853 199 -1723073393
40.880 185 -1723073393
40.907 177 -1723073393
40.933 172 -1723073393
40.960 168 -1723073393
40.987 172 -1723073393
41.013 178 -1723073393
41.040 181 -1723073393
41.067 188 -1723073393
41.093 202 -1723073393
41.120 215 -1723073393
41.147 225 -1723073393
41.173 235 -1723073393
41.200 237 -1723073393
41.227 230 -1723073393
41.253 228 -1723073393
41.280 221 -1723073393
41.307 204 -1723073393
41.333 185 -1723073393
41.360 169 -1723073393
41.387 148 -1723073393
41.413 129 -1723073393
41.440 114 -1723073393
41.467 97 -1723073393
41.493 80 -1723073393
41.520 68 -1723073393
41.547 56 -1723073393
41.573 50 -1723073393
41.600 53 -1723073393
41.627 54 -1723073393
41.653 52 -1723073393
41.680 54 -1723073393
41.707 55 -1723073393
41.733 47 -1723073393
41.760 38 -1723073393
41.787 36 -1723073393
41.813 28 -1723073393
41.840 20 -1723073393
41.867 18 -1723073393
41.893 9 -1723073393
41.920 6 -1723073393
41.947 11 -1723073393
41.973 5 -1723073393
42.000 -1 -1723073393
42.027 -5 -1723073393
42.053 -18 -1723073393
42.080 -29 -1723073393
42.107 -29 -1723073393
42.133 -29 -1723073393
42.160 -30 -1723073393
42.187 -21 -1723073393
42.213 -12 -1723073393
42.240 -14 -1723073393
42.267 -15 -1723073393
42.293 -10 -1723073393
42.320 -10 -1723073393
42.347 -4 -1723073393
42.373 7 -1723073393
42.400 11 -1723073393
42.427 18 -1723073393
42.453 30 -1723073393
42.480 35 -1723073393
42.507 39 -1723073393
42.533 50 -1723073393
42.560 56 -1723073393
42.587 58 -1723073393
42.613 63 -1723073393
42.640 62 -1723073393
42.667 57 -1723073393
42.693 58 -1723073393
42.720 58 -1723073393
42.747 52 -1723073393
42.773 52 -1723073393
42.800 53 -1723073393
42.827 50 -1723073393
42.853 55 -1723073393
42.880 68 -1723073393
42.907 75 -1723073393
42.933 80 -1723073393
42.960 92 -1723073393
42.987 101 -1723073393
43.013 106 -1723073393
43.040 113 -1723073393
43.067 113 -1723073393
43.093 105 -1723073393
43.120 99 -1723073393
43.147 92 -1723073393
43.173 85 -1723073393
43.200 83 -1723073393
43.227 84 -1723073393
43.253 83 -1723073393
43.280 81 -1723073393
43.307 73 -1723073393
43.333 64 -1723073393
43.360 60 -1723073393
43.387 58 -1723073393
43.413 53 -1723073393
43.440 51 -1723073393
43.467 50 -1723073393
43.493 39 -1723073393
43.520 23 -1723073393
43.547 10 -1723073393
43.573 -9 -1723073393
43.600 -34 -1723073393
43.627 -51 -1723073393
43.653 -68 -1723073393
43.680 -88 -1723073393
43.707 -100 -1723073393
43.733 -110 -1723073393
43.760 -126 -1723073393
43.787 -135 -1723073393
43.813 -138 -1723073393
43.840 -148 -1723073393
43.867 -148 -1723073393
43.893 -132 -1723073393
43.920 -116 -1723073393
43.947 -100 -1723073393
43.973 -76 -1723073393
44.000 -55 -1723073393
44.027 -37 -1723073393
44.053 -17 -1723073393
44.080 -6 -1723073393
44.107 -1 -1723073393
44.133 2 -1723073393
44.160 0 -1723073393
44.187 -16 -1723073393
44.213 -33 -1723073393
44.240 -52 -1723073393
44.267 -75 -1723073393
44.293 -89 -1723073393
44.320 -98 -1723073393
44.347 -113 -1723073393
44.373 -124 -1723073393
44.400 -121 -1723073393
44.427 -113 -1723073393
44.453 -101 -1723073393
44.480 -74 -1723073393
44.507 -44 -1723073393
44.533 -14 -1723073393
44.560 27 -1723073393
44.587 71 -1723073393
44.613 105 -1723073393
44.640 141 -1723073393
44.667 178 -1723073393
44.693 208 -1723073393
44.720 236 -1723073393
44.747 258 -1723073393
44.773 272 -1723073393
44.800 283 -1723073393
44.827 288 -1723073393
44.853 283 -1723073393
44.880 271 -1723073393
44.907 252 -1723073393
44.933 229 -1723073393
44.960 205 -1723073393
44.987 180 -1723073393
45.013 150 -1723073393
45.040 117 -1723073393
45.067 84 -1723073393
45.093 50 -1723073393
45.120 17 -1723073393
45.147 -4 -1723073393
45.173 -21 -1723073393
45.200 -42 -1723073393
45.227 -56 -1723073393
45.253 -60 -1723073393
45.280 -67 -1723073393
45.307 -67 -1723073393
45.333 -58 -1723073393
45.360 -56 -1723073393
45.387 -53 -1723073393
45.413 -39 -1723073393
45.440 -27 -1723073393
45.467 -20 -1723073393
45.493 -6 -1723073393
45.520 9 -1723073393
45.547 16 -1723073393
45.573 22 -1723073393
45.600 32 -1723073393
45.627 35 -1723073393
45.653 42 -1723073393
45.680 52 -1723073393
45.707 57 -1723073393
45.733 61 -1723073393
45.760 71 -1723073393
45.787 75 -1723073393
45.813 74 -1723073393
45.840 74 -1723073393
45.867 72 -1723073393
45.893 67 -1723073393
45.920 63 -1723073393
45.947 58 -1723073393
45.973 48 -1723073393
46.000 41 -1723073393
46.027 30 -1723073393
46.053 13 -1723073393
46.080 3 -1723073393
46.107 0 -1723073393
46.133 -7 -1723073393
46.160 -8 -1723073393
46.187 -1 -1723073393
46.213 3 -1723073393
46.240 12 -1723073393
46.267 32 -1723073393
46.293 55 -1723073393
46.320 75 -1723073393
46.347 98 -1723073393
46.373 122 -1723073393
46.400 142 -1723073393
46.427 165 -1723073393
46.453 190 -1723073393
46.480 206 -1723073393
46.507 221 -1723073393
46.533 234 -1723073393
46.560 238 -1723073393
46.587 243 -1723073393
46.613 251 -1723073393
46.640 252 -1723073393
46.667 251 -1723073393
46.693 251 -1723073393
46.720 248 -1723073393
46.747 241 -1723073393
46.773 234 -1723073393
46.800 223 -1723073393
46.827 205 -1723073393
46.853 186 -1723073393
46.880 166 -1723073393
46.907 142 -1723073393
46.933 117 -1723073393
46.960 92 -1723073393
46.987 69 -1723073393
47.013 52 -1723073393
47.040 42 -1723073393
47.067 29 -1723073393
47.093 15 -1723073393
47.120 12 -1723073393
47.147 11 -1723073393
47.173 7 -1723073393
47.200 11 -1723073393
47.227 23 -1723073393
47.253 34 -1723073393
47.280 52 -1723073393
47.307 77 -1723073393
47.333 98 -1723073393
47.360 120 -1723073393
47.387 150 -1723073393
47.413 175 -1723073393
47.440 193 -1723073393
47.467 213 -1723073393
47.493 230 -1723073393
47.520 241 -1723073393
47.547 254 -1723073393
47.573 264 -1723073393
47.600 267 -1723073393
47.627 268 -1723073393
47.653 265 -1723073393
47.680 251 -1723073393
47.707 237 -1723073393
47.733 222 -1723073393
47.760 202 -1723073393
47.787 181 -1723073393
47.813 164 -1723073393
47.840 143 -1723073393
47.867 122 -1723073393
47.893 110 -1723073393
47.920 105 -1723073393
47.947 104 -1723073393
47.973 116 -1723073393
48.000 132 -1723073393
48.027 148 -1723073393
48.053 171 -1723073393
48.080 199 -1723073393
48.107 225 -1723073393
48.133 256 -1723073393
48.160 295 -1723073393
48.187 337 -1723073393
48.213 376 -1723073393
48.240 415 -1723073393
48.267 447 -1723073393
48.293 474 -1723073393
48.320 495 -1723073393
48.347 511 -1723073393
48.373 523 -1723073393
48.400 531 -1723073393
48.427 538 -1723073393
48.453 542 -1723073393
48.480 537 -1723073393
48.507 525 -1723073393
48.533 509 -1723073393
48.560 491 -1723073393
48.587 465 -1723073393
48.613 434 -1723073393
48.640 408 -1723073393
48.667 379 -1723073393
48.693 349 -1723073393
48.720 326 -1723073393
48.747 312 -1723073393
48.773 296 -1723073393
48.800 283 -1723073393
48.827 279 -1723073393
48.853 278 -1723073393
48.880 276 -1723073393
48.907 282 -1723073393
48.933 296 -1723073393
48.960 310 -1723073393
48.987 322 -1723073393
49.013 332 -1723073393
49.040 346 -1723073393
49.067 358 -1723073393
49.093 363 -1723073393
49.120 364 -1723073393
49.147 361 -1723073393
49.173 349 -1723073393
49.200 334 -1723073393
49.227 319 -1723073393
49.253 303 -1723073393
49.280 289 -1723073393
49.307 278 -1723073393
49.333 269 -1723073393
49.360 256 -1723073393
49.387 235 -1723073393
49.413 217 -1723073393
49.440 207 -1723073393
49.467 198 -1723073393
49.493 186 -1723073393
49.520 178 -1723073393
49.547 176 -1723073393
49.573 174 -1723073393
49.600 172 -1723073393
49.627 176 -1723073393
49.653 182 -1723073393
49.680 193 -1723073393
49.707 210 -1723073393
49.733 224 -1723073393
49.760 234 -1723073393
49.787 249 -1723073393
49.813 267 -1723073393
49.840 278 -1723073393
49.867 287 -1723073393
49.893 296 -1723073393
49.920 300 -1723073393
49.947 301 -1723073393
49.973 302 -1723073393
50.000 298 -1723073393
50.027 292 -1723073393
50.053 283 -1723073393
50.080 275 -1723073393
50.107 268 -1723073393
50.133 261 -1723073393
50.160 256 -1723073393
50.187 249 -1723073393
50.213 236 -1723073393
50.240 223 -1723073393
50.267 209 -1723073393
50.293 194 -1723073393
50.320 178 -1723073393
50.347 159 -1723073393
50.373 140 -1723073393
50.400 118 -1723073393
50.427 90 -1723073393
50.453 51 -1723073393
50.480 13 -1723073393
50.507 -23 -1723073393
50.533 -61 -1723073393
50.560 -99 -1723073393
50.587 -132 -1723073393
50.613 -163 -1723073393
50.640 -188 -1723073393
50.667 -202 -1723073393
50.693 -211 -1723073393
50.720 -213 -1723073393
50.747 -204 -1723073393
50.773 -190 -1723073393
50.800 -179 -1723073393
50.827 -163 -1723073393
50.853 -146 -1723073393
50.880 -138 -1723073393
50.907 -126 -1723073393
50.933 -110 -1723073393
50.960 -103 -1723073393
50.987 -94 -1723073393
51.013 -79 -1723073393
51.040 -71 -1723073393
51.067 -66 -1723073393
51.093 -60 -1723073393
51.120 -59 -1723073393
51.147 -60 -1723073393
51.173 -55 -1723073393
51.200 -53 -1723073393
51.227 -55 -1723073393
51.253 -49 -1723073393
51.280 -43 -1723073393
51.307 -42 -1723073393
51.333 -39 -1723073393
51.360 -36 -1723073393
51.387 -37 -1723073393
51.413 -37 -1723073393
51.440 -32 -1723073393
51.467 -26 -1723073393
51.493 -16 -1723073393
51.520 -1 -1723073393
51.547 16 -1723073393
51.573 38 -1723073393
51.600 70 -1723073393
51.627 100 -1723073393
51.653 128 -1723073393
51.680 161 -1723073393
51.707 195 -1723073393
51.733 226 -1723073393
51.760 260 -1723073393
51.787 292 -1723073393
51.813 314 -1723073393
51.840 328 -1723073393
51.867 334 -1723073393
51.893 333 -1723073393
51.920 335 -1723073393
51.947 330 -1723073393
51.973 319 -1723073393
52.000 310 -1723073393
52.027 300 -1723073393
52.053 284 -1723073393
52.080 268 -1723073393
52.107 255 -1723073393
52.133 241 -1723073393
52.160 225 -1723073393
52.187 211 -1723073393
52.213 199 -1723073393
52.240 187 -1723073393
52.267 182 -1723073393
52.293 177 -1723073393
52.320 171 -1723073393
52.347 169 -1723073393
52.373 168 -1723073393
52.400 161 -1723073393
52.427 156 -1723073393
52.453 157 -1723073393
52.480 160 -1723073393
52.507 162 -1723073393
52.533 165 -1723073393
52.560 169 -1723073393
52.587 175 -1723073393
52.613 185 -1723073393
52.640 193 -1723073393
52.667 198 -1723073393
52.693 205 -1723073393
52.720 211 -1723073393
52.747 208 -1723073393
52.773 200 -1723073393
52.800 191 -1723073393
52.827 176 -1723073393
52.853 158 -1723073393
52.880 142 -1723073393
52.907 128 -1723073393
52.933 112 -1723073393
52.960 97 -1723073393
52.987 86 -1723073393
53.013 75 -1723073393
53.040 64 -1723073393
53.067 55 -1723073393
53.093 45 -1723073393
53.120 39 -1723073393
53.147 40 -1723073393
53.173 46 -1723073393
53.200 53 -1723073393
53.227 60 -1723073393
53.253 70 -1723073393
53.280 83 -1723073393
53.307 95 -1723073393
53.333 108 -1723073393
53.360 122 -1723073393
53.387 133 -1723073393
53.413 138 -1723073393
53.440 142 -1723073393
53.467 145 -1723073393
53.493 146 -1723073393
53.520 153 -1723073393
53.547 160 -1723073393
53.573 161 -1723073393
53.600 163 -1723073393
53.627 168 -1723073393
53.653 172 -1723073393
53.680 179 -1723073393
53.707 191 -1723073393
53.733 201 -1723073393
53.760 208 -1723073393
53.787 223 -1723073393
53.813 239 -1723073393
53.840 250 -1723073393
53.867 260 -1723073393
53.893 271 -1723073393
53.920 279 -1723073393
53.947 282 -1723073393
53.973 281 -1723073393
54.000 275 -1723073393
54.027 264 -1723073393
54.053 250 -1723073393
54.080 230 -1723073393
54.107 205 -1723073393
54.133 178 -1723073393
54.160 148 -1723073393
54.187 115 -1723073393
54.213 85 -1723073393
54.240 57 -1723073393
54.267 30 -1723073393
54.293 8 -1723073393
54.320 -9 -1723073393
54.347 -29 -1723073393
54.373 -45 -1723073393
54.400 -55 -1723073393
54.427 -61 -1723073393
54.453 -60 -1723073393
54.480 -54 -1723073393
54.507 -50 -1723073393
54.533 -47 -1723073393
54.560 -36 -1723073393
54.587 -21 -1723073393
54.613 -11 -1723073393
54.640 1 -1723073393
54.667 16 -1723073393
54.693 23 -1723073393
54.720 25 -1723073393
54.747 29 -1723073393
54.773 32 -1723073393
54.800 34 -1723073393
54.827 39 -1723073393
54.853 41 -1723073393
54.880 40 -1723073393
54.907 42 -1723073393
54.933 41 -1723073393
54.960 38 -1723073393
54.987 42 -1723073393
55.013 52 -1723073393
55.040 63 -1723073393
55.067 79 -1723073393
55.093 101 -1723073393
55.120 124 -1723073393
55.147 145 -1723073393
55.173 167 -1723073393
55.200 190 -1723073393
55.227 217 -1723073393
55.253 246 -1723073393
55.280 280 -1723073393
55.307 314 -1723073393
55.333 340 -1723073393
55.360 363 -1723073393
55.387 385 -1723073393
55.413 403 -1723073393
55.440 418 -1723073393
55.467 433 -1723073393
55.493 444 -1723073393
55.520 446 -1723073393
55.547 448 -1723073393
55.573 458 -1723073393
55.600 466 -1723073393
55.627 470 -1723073393
55.653 476 -1723073393
55.680 483 -1723073393
55.707 485 -1723073393
55.733 485 -1723073393
55.760 486 -1723073393
55.787 485 -1723073393
55.813 487 -1723073393
55.840 493 -1723073393
55.867 499 -1723073393
55.893 499 -1723073393
55.920 496 -1723073393
55.947 491 -1723073393
55.973 480 -1723073393
56.000 471 -1723073393
56.027 463 -1723073393
56.053 449 -1723073393
56.080 434 -1723073393
56.107 419 -1723073393
56.133 399 -1723073393
56.160 376 -1723073393
56.187 355 -1723073393
56.213 334 -1723073393
56.240 314 -1723073393
56.267 292 -1723073393
56.293 265 -1723073393
56.320 236 -1723073393
56.347 210 -1723073393
56.373 187 -1723073393
56.400 164 -1723073393
56.427 144 -1723073393
56.453 128 -1723073393
56.480 114 -1723073393
56.507 100 -1723073393
56.533 87 -1723073393
56.560 75 -1723073393
56.587 65 -1723073393
56.613 60 -1723073393
56.640 54 -1723073393
56.667 45 -1723073393
56.693 35 -1723073393
56.720 24 -1723073393
56.747 15 -1723073393
56.773 12 -1723073393
56.800 8 -1723073393
56.827 1 -1723073393
56.853 -6 -1723073393
56.880 -16 -1723073393
56.907 -26 -1723073393
56.933 -31 -1723073393
56.960 -38 -1723073393
56.987 -46 -1723073393
57.013 -48 -1723073393
57.040 -47 -1723073393
57.067 -49 -1723073393
57.093 -47 -1723073393
57.120 -40 -1723073393
57.147 -38 -1723073393
57.173 -37 -1723073393
57.200 -26 -1723073393
57.227 -16 -1723073393
57.253 -11 -1723073393
57.280 0 -1723073393
57.307 16 -1723073393
57.333 32 -1723073393
57.360 54 -1723073393
57.387 81 -1723073393
57.413 106 -1723073393
57.440 130 -1723073393
57.467 157 -1723073393
57.493 181 -1723073393
57.520 201 -1723073393
57.547 219 -1723073393
57.573 237 -1723073393
57.600 256 -1723073393
57.627 275 -1723073393
57.653 292 -1723073393
57.680 307 -1723073393
57.707 316 -1723073393
57.733 318 -1723073393
57.760 317 -1723073393
57.787 315 -1723073393
57.813 314 -1723073393
57.840 312 -1723073393
57.867 312 -1723073393
57.893 313 -1723073393
57.920 318 -1723073393
57.947 327 -1723073393
57.973 337 -1723073393
58.000 345 -1723073393
58.027 352 -1723073393
58.053 361 -1723073393
58.080 371 -1723073393
58.107 387 -1723073393
58.133 405 -1723073393
58.160 423 -1723073393
58.187 438 -1723073393
58.213 451 -1723073393
58.240 459 -1723073393
58.267 468 -1723073393
58.293 483 -1723073393
58.320 499 -1723073393
58.347 513 -1723073393
58.373 526 -1723073393
58.400 536 -1723073393
58.427 539 -1723073393
58.453 543 -1723073393
58.480 553 -1723073393
58.507 564 -1723073393
58.533 575 -1723073393
58.560 587 -1723073393
58.587 598 -1723073393
58.613 603 -1723073393
58.640 611 -1723073393
58.667 622 -1723073393
58.693 627 -1723073393
58.720 630 -1723073393
58.747 637 -1723073393
58.773 641 -1723073393
58.800 642 -1723073393
58.827 646 -1723073393
58.853 646 -1723073393
58.880 643 -1723073393
58.907 645 -1723073393
58.933 646 -1723073393
58.960 639 -1723073393
58.987 634 -1723073393
59.013 633 -1723073393
59.040 625 -1723073393
59.067 620 -1723073393
59.093 620 -1723073393
59.120 613 -1723073393
59.147 601 -1723073393
59.173 597 -1723073393
59.200 595 -1723073393
59.227 584 -1723073393
59.253 574 -1723073393
59.280 567 -1723073393
59.307 551 -1723073393
59.333 534 -1723073393
59.360 523 -1723073393
59.387 510 -1723073393
59.413 492 -1723073393
59.440 476 -1723073393
59.467 463 -1723073393
59.493 447 -1723073393
59.520 432 -1723073393
59.547 420 -1723073393
59.573 406 -1723073393
59.600 393 -1723073393
59.627 380 -1723073393
59.653 358 -1723073393
59.680 333 -1723073393
59.707 310 -1723073393
59.733 283 -1723073393
59.760 249 -1723073393
59.787 213 -1723073393
59.813 178 -1723073393
59.840 141 -1723073393
59.867 104 -1723073393
59.893 73 -1723073393
59.920 48 -1723073393
59.947 27 -1723073393
59.973 5 -1723073393
60.000 -16 -1723073393
60.027 -30 -1723073393
60.053 -39 -1723073393
60.080 -42 -1723073393
60.107 -39 -1723073393
60.133 -33 -1723073393
60.160 -24 -1723073393
60.187 -6 -1723073393
60.213 12 -1723073393
60.240 27 -1723073393
60.267 40 -1723073393
60.293 50 -1723073393
60.320 52 -1723073393
60.347 47 -1723073393
60.373 40 -1723073393
60.400 30 -1723073393
60.427 16 -1723073393
60.453 1 -1723073393
60.480 -13 -1723073393
60.507 -35 -1723073393
60.533 -63 -1723073393
60.560 -88 -1723073393
60.587 -112 -1723073393
60.613 -142 -1723073393
60.640 -165 -1723073393
60.667 -175 -1723073393
60.693 -187 -1723073393
60.720 -192 -1723073393
60.747 -186 -1723073393
60.773 -183 -1723073393
60.800 -186 -1723073393
60.827 -184 -1723073393
60.853 -181 -1723073393
60.880 -178 -1723073393
60.907 -172 -1723073393
60.933 -164 -1723073393
60.960 -163 -1723073393
60.987 -160 -1723073393
61.013 -154 -1723073393
61.040 -153 -1723073393
61.067 -153 -1723073393
61.093 -151 -1723073393
61.120 -152 -1723073393
61.147 -157 -1723073393
61.173 -157 -1723073393
61.200 -159 -1723073393
61.227 -165 -1723073393
61.253 -169 -1723073393
61.280 -170 -1723073393
61.307 -180 -1723073393
61.333 -195 -1723073393
61.360 -210 -1723073393
61.387 -228 -1723073393
61.413 -248 -1723073393
61.440 -266 -1723073393
61.467 -281 -1723073393
61.493 -294 -1723073393
61.520 -298 -1723073393
61.547 -298 -1723073393
61.573 -300 -1723073393
61.600 -299 -1723073393
61.627 -298 -1723073393
61.653 -299 -1723073393
61.680 -299 -1723073393
61.707 -288 -1723073393
61.733 -279 -1723073393
61.760 -274 -1723073393
61.787 -261 -1723073393
61.813 -241 -1723073393
61.840 -226 -1723073393
61.867 -207 -1723073393
61.893 -176 -1723073393
61.920 -148 -1723073393
61.947 -126 -1723073393
61.973 -101 -1723073393
62.000 -75 -1723073393
62.027 -61 -1723073393
62.053 -50 -1723073393
62.080 -40 -1723073393
62.107 -38 -1723073393
62.133 -37 -1723073393
62.160 -34 -1723073393
62.187 -39 -1723073393
62.213 -51 -1723073393
62.240 -62 -1723073393
62.267 -75 -1723073393
62.293 -94 -1723073393
62.320 -111 -1723073393
62.347 -124 -1723073393
62.373 -137 -1723073393
62.400 -144 -1723073393
62.427 -150 -1723073393
62.453 -156 -1723073393
62.480 -164 -1723073393
62.507 -172 -1723073393
62.533 -183 -1723073393
62.560 -188 -1723073393
62.587 -183 -1723073393
62.613 -176 -1723073393
62.640 -175 -1723073393
62.667 -173 -1723073393
62.693 -167 -1723073393
62.720 -160 -1723073393
62.747 -151 -1723073393
62.773 -136 -1723073393
62.800 -126 -1723073393
62.827 -118 -1723073393
62.853 -102 -1723073393
62.880 -83 -1723073393
62.907 -73 -1723073393
62.933 -59 -1723073393
62.960 -44 -1723073393
62.987 -39 -1723073393
63.013 -41 -1723073393
63.040 -38 -1723073393
63.067 -40 -1723073393
63.093 -50 -1723073393
63.120 -62 -1723073393
63.147 -76 -1723073393
63.173 -93 -1723073393
63.200 -113 -1723073393
63.227 -134 -1723073393
63.253 -160 -1723073393
63.280 -186 -1723073393
63.307 -207 -1723073393
63.333 -229 -1723073393
63.360 -254 -1723073393
63.387 -276 -1723073393
63.413 -296 -1723073393
63.440 -316 -1723073393
63.467 -323 -1723073393
63.493 -318 -1723073393
63.520 -315 -1723073393
63.547 -308 -1723073393
63.573 -289 -1723073393
63.600 -269 -1723073393
63.627 -251 -1723073393
63.653 -222 -1723073393
63.680 -193 -1723073393
63.707 -176 -1723073393
63.733 -158 -1723073393
63.760 -133 -1723073393
63.787 -111 -1723073393
63.813 -88 -1723073393
63.840 -64 -1723073393
63.867 -51 -1723073393
63.893 -44 -1723073393
63.920 -37 -1723073393
63.947 -35 -1723073393
63.973 -44 -1723073393
64.000 -55 -1723073393
64.027 -67 -1723073393
64.053 -88 -1723073393
64.080 -111 -1723073393
64.107 -131 -1723073393
64.133 -152 -1723073393
64.160 -168 -1723073393
64.187 -177 -1723073393
64.213 -185 -1723073393
64.240 -195 -1723073393
64.267 -199 -1723073393
64.293 -197 -1723073393
64.320 -194 -1723073393
64.347 -188 -1723073393
64.373 -171 -1723073393
64.400 -150 -1723073393
64.427 -132 -1723073393
64.453 -109 -1723073393
64.480 -79 -1723073393
64.507 -48 -1723073393
64.533 -15 -1723073393
64.560 20 -1723073393
64.587 53 -1723073393
64.613 77 -1723073393
64.640 97 -1723073393
64.667 115 -1723073393
64.693 122 -1723073393
64.720 123 -1723073393
64.747 122 -1723073393
64.773 116 -1723073393
64.800 108 -1723073393
64.827 99 -1723073393
64.853 89 -1723073393
64.880 77 -1723073393
64.907 65 -1723073393
64.933 54 -1723073393
64.960 38 -1723073393
64.987 20 -1723073393
65.013 7 -1723073393
65.040 -3 -1723073393
65.067 -15 -1723073393
65.093 -21 -1723073393
65.120 -24 -1723073393
65.147 -26 -1723073393
65.173 -22 -1723073393
65.200 -12 -1723073393
65.227 -3 -1723073393
65.253 11 -1723073393
65.280 33 -1723073393
65.307 53 -1723073393
65.333 71 -1723073393
65.360 92 -1723073393
65.387 112 -1723073393
65.413 128 -1723073393
65.440 147 -1723073393
65.467 168 -1723073393
65.493 186 -1723073393
65.520 207 -1723073393
65.547 228 -1723073393
65.573 248 -1723073393
65.600 265 -1723073393
65.627 277 -1723073393
65.653 286 -1723073393
65.680 292 -1723073393
65.707 297 -1723073393
65.733 298 -1723073393
65.760 295 -1723073393
65.787 293 -1723073393
65.813 288 -1723073393
65.840 282 -1723073393
65.867 276 -1723073393
65.893 271 -1723073393
65.920 266 -1723073393
65.947 257 -1723073393
65.973 247 -1723073393
66.000 239 -1723073393
66.027 233 -1723073393
66.053 229 -1723073393
66.080 226 -1723073393
66.107 223 -1723073393
66.133 218 -1723073393
66.160 217 -1723073393
66.187 219 -1723073393
66.213 217 -1723073393
66.240 215 -1723073393
66.267 215 -1723073393
66.293 215 -1723073393
66.320 213 -1723073393
66.347 209 -1723073393
66.373 204 -1723073393
66.400 197 -1723073393
66.427 192 -1723073393
66.453 192 -1723073393
66.480 196 -1723073393
66.507 201 -1723073393
66.533 205 -1723073393
66.560 207 -1723073393
66.587 208 -1723073393
66.613 210 -1723073393
66.640 212 -1723073393
66.667 214 -1723073393
66.693 217 -1723073393
66.720 221 -1723073393
66.747 219 -1723073393
66.773 215 -1723073393
66.800 215 -1723073393
66.827 217 -1723073393
66.853 217 -1723073393
66.880 222 -1723073393
66.907 229 -1723073393
66.933 233 -1723073393
66.960 239 -1723073393
66.987 250 -1723073393
67.013 262 -1723073393
67.040 274 -1723073393
67.067 293 -1723073393
67.093 315 -1723073393
67.120 335 -1723073393
67.147 353 -1723073393
67.173 375 -1723073393
67.200 396 -1723073393
67.227 415 -1723073393
67.253 438 -1723073393
67.280 459 -1723073393
67.307 473 -1723073393
67.333 487 -1723073393
67.360 501 -1723073393
67.387 507 -1723073393
67.413 506 -1723073393
67.440 506 -1723073393
67.467 503 -1723073393
67.493 493 -1723073393
67.520 484 -1723073393
67.547 475 -1723073393
67.573 461 -1723073393
67.600 445 -1723073393
67.627 434 -1723073393
67.653 422 -1723073393
67.680 410 -1723073393
67.707 397 -1723073393
67.733 381 -1723073393
67.760 361 -1723073393
67.787 345 -1723073393
67.813 335 -1723073393
67.840 324 -1723073393
67.867 316 -1723073393
67.893 317 -1723073393
67.920 319 -1723073393
67.947 319 -1723073393
67.973 322 -1723073393
68.000 322 -1723073393
68.027 315 -1723073393
68.053 310 -1723073393
68.080 305 -1723073393
68.107 295 -1723073393
68.133 288 -1723073393
68.160 289 -1723073393
68.187 282 -1723073393
68.213 267 -1723073393
68.240 256 -1723073393
68.267 246 -1723073393
68.293 231 -1723073393
68.320 227 -1723073393
68.347 234 -1723073393
68.373 236 -1723073393
68.400 234 -1723073393
68.427 238 -1723073393
68.453 240 -1723073393
68.480 240 -1723073393
68.507 242 -1723073393
68.533 244 -1723073393
68.560 239 -1723073393
68.587 233 -1723073393
68.613 230 -1723073393
68.640 227 -1723073393
68.667 225 -1723073393
68.693 227 -1723073393
68.720 226 -1723073393
68.747 225 -1723073393
68.773 229 -1723073393
68.800 239 -1723073393
68.827 248 -1723073393
68.853 260 -1723073393
68.880 274 -1723073393
68.907 286 -1723073393
68.933 296 -1723073393
68.960 311 -1723073393
68.987 325 -1723073393
69.013 334 -1723073393
69.040 347 -1723073393
69.067 360 -1723073393
69.093 367 -1723073393
69.120 370 -1723073393
69.147 378 -1723073393
69.173 381 -1723073393
69.200 378 -1723073393
69.227 378 -1723073393
69.253 378 -1723073393
69.280 374 -1723073393
69.307 374 -1723073393
69.333 383 -1723073393
69.360 389 -1723073393
69.387 391 -1723073393
69.413 389 -1723073393
69.440 387 -1723073393
69.467 383 -1723073393
69.493 380 -1723073393
69.520 379 -1723073393
69.547 372 -1723073393
69.573 361 -1723073393
69.600 352 -1723073393
69.627 338 -1723073393
69.653 317 -1723073393
69.680 297 -1723073393
69.707 279 -1723073393
69.733 258 -1723073393
69.760 240 -1723073393
69.787 226 -1723073393
69.813 206 -1723073393
69.840 183 -1723073393
69.867 165 -1723073393
69.893 150 -1723073393
69.920 133 -1723073393
69.947 118 -1723073393
69.973 109 -1723073393
70.000 109 -1723073393
70.027 111 -1723073393
70.053 117 -1723073393
70.080 129 -1723073393
70.107 144 -1723073393
70.133 164 -1723073393
70.160 186 -1723073393
70.187 208 -1723073393
70.213 228 -1723073393
70.240 245 -1723073393
70.267 259 -1723073393
70.293 274 -1723073393
70.320 288 -1723073393
70.347 297 -1723073393
70.373 301 -1723073393
70.400 307 -1723073393
70.427 312 -1723073393
70.453 314 -1723073393
70.480 312 -1723073393
70.507 311 -1723073393
70.533 309 -1723073393
70.560 307 -1723073393
70.587 301 -1723073393
70.613 292 -1723073393
70.640 285 -1723073393
70.667 281 -1723073393
70.693 277 -1723073393
70.720 274 -1723073393
70.747 274 -1723073393
70.773 279 -1723073393
70.800 282 -1723073393
70.827 282 -1723073393
70.853 284 -1723073393
70.880 286 -1723073393
70.907 290 -1723073393
70.933 292 -1723073393
70.960 290 -1723073393
70.987 288 -1723073393
71.013 290 -1723073393
71.040 295 -1723073393
71.067 300 -1723073393
71.093 305 -1723073393
71.120 309 -1723073393
71.147 312 -1723073393
71.173 316 -1723073393
71.200 322 -1723073393
71.227 329 -1723073393
71.253 336 -1723073393
71.280 339 -1723073393
71.307 340 -1723073393
71.333 345 -1723073393
71.360 351 -1723073393
71.387 357 -1723073393
71.413 365 -1723073393
71.440 369 -1723073393
71.467 367 -1723073393
71.493 364 -1723073393
71.520 359 -1723073393
71.547 350 -1723073393
71.573 342 -1723073393
71.600 333 -1723073393
71.627 321 -1723073393
71.653 307 -1723073393
71.680 293 -1723073393
71.707 278 -1723073393
71.733 263 -1723073393
71.760 251 -1723073393
71.787 242 -1723073393
71.813 235 -1723073393
71.840 232 -1723073393
71.867 229 -1723073393
71.893 226 -1723073393
71.920 220 -1723073393
71.947 220 -1723073393
71.973 226 -1723073393
72.000 232 -1723073393
72.027 235 -1723073393
72.053 238 -1723073393
72.080 240 -1723073393
72.107 241 -1723073393
72.133 240 -1723073393
72.160 239 -1723073393
72.187 233 -1723073393
72.213 224 -1723073393
72.240 216 -1723073393
72.267 209 -1723073393
72.293 199 -1723073393
72.320 188 -1723073393
72.347 180 -1723073393
72.373 178 -1723073393
72.400 178 -1723073393
72.427 181 -1723073393
72.453 183 -1723073393
72.480 188 -1723073393
72.507 198 -1723073393
72.533 209 -1723073393
72.560 216 -1723073393
72.587 221 -1723073393
72.613 224 -1723073393
72.640 227 -1723073393
72.667 234 -1723073393
72.693 240 -1723073393
72.720 250 -1723073393
72.747 260 -1723073393
72.773 264 -1723073393
72.800 267 -1723073393
72.827 266 -1723073393
72.853 260 -1723073393
72.880 253 -1723073393
72.907 250 -1723073393
72.933 245 -1723073393
72.960 236 -1723073393
72.987 229 -1723073393
73.013 226 -1723073393
73.040 221 -1723073393
73.067 216 -1723073393
73.093 214 -1723073393
73.120 210 -1723073393
73.147 205 -1723073393
73.173 201 -1723073393
73.200 199 -1723073393
73.227 196 -1723073393
73.253 193 -1723073393
73.280 191 -1723073393
73.307 186 -1723073393
73.333 181 -1723073393
73.360 176 -1723073393
73.387 172 -1723073393
73.413 173 -1723073393
73.440 178 -1723073393
73.467 184 -1723073393
73.493 191 -1723073393
73.520 200 -1723073393
73.547 204 -1723073393
73.573 211 -1723073393
73.600 223 -1723073393
73.627 239 -1723073393
73.653 250 -1723073393
73.680 261 -1723073393
73.707 274 -1723073393
73.733 285 -1723073393
73.760 292 -1723073393
73.787 299 -1723073393
73.813 306 -1723073393
73.840 310 -1723073393
73.867 312 -1723073393
73.893 314 -1723073393
73.920 311 -1723073393
73.947 301 -1723073393
73.973 287 -1723073393
74.000 269 -1723073393
74.027 250 -1723073393
74.053 234 -1723073393
74.080 218 -1723073393
74.107 199 -1723073393
74.133 179 -1723073393
74.160 159 -1723073393
74.187 141 -1723073393
74.213 127 -1723073393
74.240 113 -1723073393
74.267 100 -1723073393
74.293 91 -1723073393
74.320 89 -1723073393
74.347 93 -1723073393
74.373 101 -1723073393
74.400 108 -1723073393
74.427 115 -1723073393
74.453 124 -1723073393
74.480 133 -1723073393
74.507 139 -1723073393
74.533 145 -1723073393
74.560 157 -1723073393
74.587 168 -1723073393
74.613 176 -1723073393
74.640 186 -1723073393
74.667 195 -1723073393
74.693 203 -1723073393
74.720 210 -1723073393
74.747 214 -1723073393
74.773 217 -1723073393
74.800 218 -1723073393
74.827 220 -1723073393
74.853 221 -1723073393
74.880 221 -1723073393
74.907 225 -1723073393
74.933 232 -1723073393
74.960 236 -1723073393
74.987 237 -1723073393
75.013 241 -1723073393
75.040 247 -1723073393
75.067 252 -1723073393
75.093 257 -1723073393
75.120 262 -1723073393
75.147 268 -1723073393
75.173 270 -1723073393
75.200 272 -1723073393
75.227 274 -1723073393
75.253 273 -1723073393
75.280 275 -1723073393
75.307 279 -1723073393
75.333 281 -1723073393
75.360 281 -1723073393
75.387 279 -1723073393
75.413 276 -1723073393
75.440 273 -1723073393
75.467 270 -1723073393
75.493 267 -1723073393
75.520 261 -1723073393
75.547 254 -1723073393
75.573 253 -1723073393
75.600 258 -1723073393
75.627 260 -1723073393
75.653 264 -1723073393
75.680 269 -1723073393
75.707 268 -1723073393
75.733 266 -1723073393
75.760 267 -1723073393
75.787 263 -1723073393
75.813 255 -1723073393
75.840 246 -1723073393
75.867 234 -1723073393
75.893 218 -1723073393
75.920 203 -1723073393
75.947 189 -1723073393
75.973 175 -1723073393
76.000 158 -1723073393
76.027 140 -1723073393
76.053 122 -1723073393
76.080 100 -1723073393
76.107 80 -1723073393
76.133 66 -1723073393
76.160 63 -1723073393
76.187 69 -1723073393
76.213 78 -1723073393
76.240 90 -1723073393
76.267 103 -1723073393
76.293 123 -1723073393
76.320 148 -1723073393
76.347 172 -1723073393
76.373 195 -1723073393
76.400 222 -1723073393
76.427 248 -1723073393
76.453 268 -1723073393
76.480 288 -1723073393
76.507 304 -1723073393
76.533 316 -1723073393
76.560 323 -1723073393
76.587 331 -1723073393
76.613 339 -1723073393
76.640 342 -1723073393
76.667 345 -1723073393
76.693 350 -1723073393
76.720 353 -1723073393
76.747 352 -1723073393
76.773 347 -1723073393
76.800 341 -1723073393
76.827 334 -1723073393
76.853 330 -1723073393
76.880 328 -1723073393
76.907 323 -1723073393
76.933 313 -1723073393
76.960 301 -1723073393
76.987 289 -1723073393
77.013 278 -1723073393
77.040 267 -1723073393
77.067 262 -1723073393
77.093 264 -1723073393
77.120 267 -1723073393
77.147 270 -1723073393
77.173 278 -1723073393
77.200 287 -1723073393
77.227 295 -1723073393
77.253 301 -1723073393
77.280 307 -1723073393
77.307 316 -1723073393
77.333 327 -1723073393
77.360 336 -1723073393
77.387 342 -1723073393
77.413 345 -1723073393
77.440 345 -1723073393
77.467 345 -1723073393
77.493 347 -1723073393
77.520 345 -1723073393
77.547 340 -1723073393
77.573 333 -1723073393
77.600 328 -1723073393
77.627 319 -1723073393
77.653 304 -1723073393
77.680 290 -1723073393
77.707 280 -1723073393
77.733 268 -1723073393
77.760 255 -1723073393
77.787 245 -1723073393
77.813 238 -1723073393
77.840 232 -1723073393
77.867 228 -1723073393
77.893 228 -1723073393
77.920 231 -1723073393
77.947 233 -1723073393
77.973 238 -1723073393
78.000 241 -1723073393
78.027 239 -1723073393
78.053 233 -1723073393
78.080 232 -1723073393
78.107 234 -1723073393
78.133 238 -1723073393
78.160 240 -1723073393
78.187 245 -1723073393
78.213 255 -1723073393
78.240 262 -1723073393
78.267 265 -1723073393
78.293 270 -1723073393
78.320 275 -1723073393
78.347 277 -1723073393
78.373 281 -1723073393
78.400 283 -1723073393
78.427 278 -1723073393
78.453 273 -1723073393
78.480 268 -1723073393
78.507 262 -1723073393
78.533 255 -1723073393
78.560 249 -1723073393
78.587 242 -1723073393
78.613 233 -1723073393
78.640 224 -1723073393
78.667 216 -1723073393
78.693 203 -1723073393
78.720 186 -1723073393
78.747 169 -1723073393
78.773 155 -1723073393
78.800 143 -1723073393
78.827 135 -1723073393
78.853 130 -1723073393
78.880 127 -1723073393
78.907 126 -1723073393
78.933 126 -1723073393
78.960 126 -1723073393
78.987 126 -1723073393
79.013 127 -1723073393
79.040 128 -1723073393
79.067 131 -1723073393
79.093 139 -1723073393
79.120 146 -1723073393
79.147 150 -1723073393
79.173 156 -1723073393
79.200 165 -1723073393
79.227 173 -1723073393
79.253 177 -1723073393
79.280 179 -1723073393
79.307 180 -1723073393
79.333 183 -1723073393
79.360 188 -1723073393
79.387 193 -1723073393
79.413 194 -1723073393
79.440 192 -1723073393
79.467 186 -1723073393
79.493 173 -1723073393
79.520 157 -1723073393
79.547 142 -1723073393
79.573 124 -1723073393
79.600 100 -1723073393
79.627 81 -1723073393
79.653 68 -1723073393
79.680 50 -1723073393
79.707 36 -1723073393
79.733 33 -1723073393
79.760 28 -1723073393
79.787 25 -1723073393
79.813 26 -1723073393
79.840 28 -1723073393
79.867 31 -1723073393
79.893 42 -1723073393
79.920 58 -1723073393
79.947 77 -1723073393
79.973 103 -1723073393
80.000 130 -1723073393
80.027 152 -1723073393
80.053 170 -1723073393
80.080 186 -1723073393
80.107 202 -1723073393
80.133 220 -1723073393
80.160 240 -1723073393
80.187 259 -1723073393
80.213 272 -1723073393
80.240 281 -1723073393
80.267 286 -1723073393
80.293 285 -1723073393
80.320 281 -1723073393
80.347 276 -1723073393
80.373 269 -1723073393
80.400 261 -1723073393
80.427 251 -1723073393
80.453 240 -1723073393
80.480 232 -1723073393
80.507 225 -1723073393
80.533 216 -1723073393
80.560 210 -1723073393
80.587 202 -1723073393
80.613 198 -1723073393
80.640 196 -1723073393
80.667 203 -1723073393
80.693 214 -1723073393
80.720 219 -1723073393
80.747 224 -1723073393
80.773 232 -1723073393
80.800 238 -1723073393
80.827 246 -1723073393
80.853 254 -1723073393
80.880 258 -1723073393
80.907 260 -1723073393
80.933 263 -1723073393
80.960 262 -1723073393
80.987 260 -1723073393
81.013 262 -1723073393
81.040 261 -1723073393
81.067 257 -1723073393
81.093 251 -1723073393
81.120 239 -1723073393
81.147 224 -1723073393
81.173 206 -1723073393
81.200 185 -1723073393
81.227 165 -1723073393
81.253 153 -1723073393
81.280 145 -1723073393
81.307 135 -1723073393
81.333 125 -1723073393
81.360 116 -1723073393
81.387 108 -1723073393
81.413 105 -1723073393
81.440 102 -1723073393
81.467 99 -1723073393
81.493 98 -1723073393
81.520 100 -1723073393
81.547 105 -1723073393
81.573 115 -1723073393
81.600 128 -1723073393
81.627 143 -1723073393
81.653 160 -1723073393
81.680 171 -1723073393
81.707 185 -1723073393
81.733 202 -1723073393
81.760 216 -1723073393
81.787 229 -1723073393
81.813 243 -1723073393
81.840 255 -1723073393
81.867 264 -1723073393
81.893 274 -1723073393
81.920 284 -1723073393
81.947 295 -1723073393
81.973 310 -1723073393
82.000 324 -1723073393
82.027 332 -1723073393
82.053 338 -1723073393
82.080 345 -1723073393
82.107 348 -1723073393
82.133 349 -1723073393
82.160 346 -1723073393
82.187 340 -1723073393
82.213 330 -1723073393
82.240 322 -1723073393
82.267 316 -1723073393
82.293 307 -1723073393
82.320 293 -1723073393
82.347 282 -1723073393
82.373 272 -1723073393
82.400 259 -1723073393
82.427 248 -1723073393
82.453 241 -1723073393
82.480 238 -1723073393
82.507 234 -1723073393
82.533 227 -1723073393
82.560 225 -1723073393
82.587 227 -1723073393
82.613 228 -1723073393
82.640 226 -1723073393
82.667 226 -1723073393
82.693 230 -1723073393
82.720 236 -1723073393
82.747 239 -1723073393
82.773 244 -1723073393
82.800 249 -1723073393
82.827 247 -1723073393
82.853 246 -1723073393
82.880 247 -1723073393
82.907 247 -1723073393
82.933 248 -1723073393
82.960 249 -1723073393
82.987 244 -1723073393
83.013 237 -1723073393
83.040 232 -1723073393
83.067 225 -1723073393
83.093 216 -1723073393
83.120 211 -1723073393
83.147 205 -1723073393
83.173 198 -1723073393
83.200 191 -1723073393
83.227 185 -1723073393
83.253 178 -1723073393
83.280 172 -1723073393
83.307 172 -1723073393
83.333 174 -1723073393
83.360 177 -1723073393
83.387 182 -1723073393
83.413 184 -1723073393
83.440 184 -1723073393
83.467 190 -1723073393
83.493 198 -1723073393
83.520 206 -1723073393
83.547 218 -1723073393
83.573 231 -1723073393
83.600 240 -1723073393
83.627 248 -1723073393
83.653 252 -1723073393
83.680 253 -1723073393
83.707 254 -1723073393
83.733 252 -1723073393
83.760 252 -1723073393
83.787 249 -1723073393
83.813 245 -1723073393
83.840 242 -1723073393
83.867 238 -1723073393
83.893 236 -1723073393
83.920 234 -1723073393
83.947 229 -1723073393
83.973 225 -1723073393
84.000 217 -1723073393
84.027 209 -1723073393
84.053 207 -1723073393
84.080 210 -1723073393
84.107 208 -1723073393
84.133 207 -1723073393
84.160 205 -1723073393
84.187 202 -1723073393
84.213 202 -1723073393
84.240 208 -1723073393
84.267 214 -1723073393
84.293 220 -1723073393
84.320 228 -1723073393
84.347 237 -1723073393
84.373 241 -1723073393
84.400 241 -1723073393
84.427 239 -1723073393
84.453 233 -1723073393
84.480 232 -1723073393
84.507 233 -1723073393
84.533 230 -1723073393
84.560 226 -1723073393
84.587 224 -1723073393
84.613 223 -1723073393
84.640 223 -1723073393
84.667 225 -1723073393
84.693 224 -1723073393
84.720 218 -1723073393
84.747 216 -1723073393
84.773 207 -1723073393
84.800 198 -1723073393
84.827 193 -1723073393
84.853 185 -1723073393
84.880 173 -1723073393
84.907 166 -1723073393
84.933 160 -1723073393
84.960 153 -1723073393
84.987 150 -1723073393
85.013 147 -1723073393
85.040 142 -1723073393
85.067 143 -1723073393
85.093 147 -1723073393
85.120 148 -1723073393
85.147 153 -1723073393
85.173 163 -1723073393
85.200 169 -1723073393
85.227 180 -1723073393
85.253 189 -1723073393
85.280 192 -1723073393
85.307 192 -1723073393
85.333 194 -1723073393
85.360 191 -1723073393
85.387 191 -1723073393
85.413 195 -1723073393
85.440 195 -1723073393
85.467 194 -1723073393
85.493 198 -1723073393
85.520 198 -1723073393
85.547 196 -1723073393
85.573 200 -1723073393
85.600 205 -1723073393
85.627 209 -1723073393
85.653 217 -1723073393
85.680 221 -1723073393
85.707 225 -1723073393
85.733 234 -1723073393
85.760 241 -1723073393
85.787 249 -1723073393
85.813 260 -1723073393
85.840 269 -1723073393
85.867 274 -1723073393
85.893 279 -1723073393
85.920 283 -1723073393
85.947 288 -1723073393
85.973 290 -1723073393
86.000 288 -1723073393
86.027 280 -1723073393
86.053 272 -1723073393
86.080 263 -1723073393
86.107 251 -1723073393
86.133 242 -1723073393
86.160 235 -1723073393
86.187 223 -1723073393
86.213 213 -1723073393
86.240 204 -1723073393
86.267 192 -1723073393
86.293 186 -1723073393
86.320 186 -1723073393
86.347 185 -1723073393
86.373 186 -1723073393
86.400 190 -1723073393
86.427 187 -1723073393
86.453 183 -1723073393
86.480 183 -1723073393
86.507 178 -1723073393
86.533 176 -1723073393
86.560 175 -1723073393
86.587 171 -1723073393
86.613 170 -1723073393
86.640 170 -1723073393
86.667 166 -1723073393
86.693 162 -1723073393
86.720 160 -1723073393
86.747 155 -1723073393
86.773 152 -1723073393
86.800 152 -1723073393
86.827 148 -1723073393
86.853 144 -1723073393
86.880 141 -1723073393
86.907 141 -1723073393
86.933 143 -1723073393
86.960 148 -1723073393
86.987 158 -1723073393
87.013 167 -1723073393
87.040 173 -1723073393
87.067 177 -1723073393
87.093 183 -1723073393
87.120 196 -1723073393
87.147 208 -1723073393
87.173 219 -1723073393
87.200 228 -1723073393
87.227 238 -1723073393
87.253 246 -1723073393
87.280 249 -1723073393
87.307 246 -1723073393
87.333 238 -1723073393
87.360 231 -1723073393
87.387 231 -1723073393
87.413 226 -1723073393
87.440 218 -1723073393
87.467 211 -1723073393
87.493 205 -1723073393
87.520 203 -1723073393
87.547 205 -1723073393
87.573 212 -1723073393
87.600 221 -1723073393
87.627 230 -1723073393
87.653 230 -1723073393
87.680 225 -1723073393
87.707 221 -1723073393
87.733 218 -1723073393
87.760 214 -1723073393
87.787 212 -1723073393
87.813 208 -1723073393
87.840 203 -1723073393
87.867 202 -1723073393
87.893 206 -1723073393
87.920 209 -1723073393
87.947 212 -1723073393
87.973 213 -1723073393
88.000 210 -1723073393
88.027 206 -1723073393
88.053 204 -1723073393
88.080 202 -1723073393
88.107 201 -1723073393
88.133 203 -1723073393
88.160 198 -1723073393
88.187 192 -1723073393
88.213 190 -1723073393
88.240 186 -1723073393
88.267 185 -1723073393
88.293 190 -1723073393
88.320 197 -1723073393
88.347 201 -1723073393
88.373 207 -1723073393
88.400 211 -1723073393
88.427 209 -1723073393
88.453 206 -1723073393
88.480 200 -1723073393
88.507 197 -1723073393
88.533 201 -1723073393
88.560 204 -1723073393
88.587 200 -1723073393
88.613 200 -1723073393
88.640 198 -1723073393
88.667 192 -1723073393
88.693 182 -1723073393
88.720 171 -1723073393
88.747 161 -1723073393
88.773 148 -1723073393
88.800 137 -1723073393
88.827 135 -1723073393
88.853 138 -1723073393
88.880 140 -1723073393
88.907 142 -1723073393
88.933 142 -1723073393
88.960 139 -1723073393
88.987 139 -1723073393
89.013 143 -1723073393
89.040 145 -1723073393
89.067 147 -1723073393
89.093 154 -1723073393
89.120 158 -1723073393
89.147 162 -1723073393
89.173 170 -1723073393
89.200 176 -1723073393
89.227 179 -1723073393
89.253 181 -1723073393
89.280 188 -1723073393
89.307 197 -1723073393
89.333 203 -1723073393
89.360 206 -1723073393
89.387 202 -1723073393
89.413 200 -1723073393
89.440 202 -1723073393
89.467 207 -1723073393
89.493 209 -1723073393
89.520 208 -1723073393
89.547 203 -1723073393
89.573 196 -1723073393
89.600 187 -1723073393
89.627 177 -1723073393
89.653 162 -1723073393
89.680 154 -1723073393
89.707 150 -1723073393
89.733 144 -1723073393
89.760 138 -1723073393
89.787 134 -1723073393
89.813 126 -1723073393
89.840 120 -1723073393
89.867 114 -1723073393
89.893 111 -1723073393
89.920 111 -1723073393
89.947 111 -1723073393
89.973 113 -1723073393
90.000 122 -1723073393
90.027 131 -1723073393
90.053 143 -1723073393
90.080 158 -1723073393
90.107 170 -1723073393
90.133 179 -1723073393
90.160 188 -1723073393
90.187 189 -1723073393
90.213 186 -1723073393
90.240 181 -1723073393
90.267 177 -1723073393
90.293 172 -1723073393
90.320 167 -1723073393
90.347 158 -1723073393
90.373 149 -1723073393
90.400 143 -1723073393
90.427 140 -1723073393
90.453 134 -1723073393
90.480 125 -1723073393
90.507 112 -1723073393
90.533 102 -1723073393
90.560 94 -1723073393
90.587 87 -1723073393
90.613 84 -1723073393
90.640 88 -1723073393
90.667 94 -1723073393
90.693 103 -1723073393
90.720 114 -1723073393
90.747 120 -1723073393
90.773 131 -1723073393
90.800 147 -1723073393
90.827 159 -1723073393
90.853 176 -1723073393
90.880 193 -1723073393
90.907 207 -1723073393
90.933 224 -1723073393
90.960 238 -1723073393
90.987 253 -1723073393
91.013 270 -1723073393
91.040 278 -1723073393
91.067 285 -1723073393
91.093 290 -1723073393
91.120 291 -1723073393
91.147 295 -1723073393
91.173 298 -1723073393
91.200 301 -1723073393
91.227 311 -1723073393
91.253 323 -1723073393
91.280 333 -1723073393
91.307 341 -1723073393
91.333 347 -1723073393
91.360 348 -1723073393
91.387 345 -1723073393
91.413 343 -1723073393
91.440 347 -1723073393
91.467 353 -1723073393
91.493 349 -1723073393
91.520 343 -1723073393
91.547 334 -1723073393
91.573 322 -1723073393
91.600 309 -1723073393
91.627 298 -1723073393
91.653 292 -1723073393
91.680 294 -1723073393
91.707 293 -1723073393
91.733 290 -1723073393
91.760 285 -1723073393
91.787 276 -1723073393
91.813 276 -1723073393
91.840 283 -1723073393
91.867 291 -1723073393
91.893 300 -1723073393
91.920 308 -1723073393
91.947 317 -1723073393
91.973 325 -1723073393
92.000 328 -1723073393
92.027 326 -1723073393
92.053 328 -1723073393
92.080 327 -1723073393
92.107 325 -1723073393
92.133 327 -1723073393
92.160 333 -1723073393
92.187 334 -1723073393
92.213 327 -1723073393
92.240 319 -1723073393
92.267 314 -1723073393
92.293 312 -1723073393
92.320 312 -1723073393
92.347 315 -1723073393
92.373 317 -1723073393
92.400 315 -1723073393
92.427 313 -1723073393
92.453 311 -1723073393
92.480 313 -1723073393
92.507 313 -1723073393
92.533 312 -1723073393
92.560 316 -1723073393
92.587 320 -1723073393
92.613 320 -1723073393
92.640 327 -1723073393
92.667 331 -1723073393
92.693 333 -1723073393
92.720 338 -1723073393
92.747 344 -1723073393
92.773 353 -1723073393
92.800 367 -1723073393
92.827 382 -1723073393
92.853 398 -1723073393
92.880 409 -1723073393
92.907 414 -1723073393
92.933 416 -1723073393
92.960 419 -1723073393
92.987 420 -1723073393
93.013 419 -1723073393
93.040 413 -1723073393
93.067 401 -1723073393
93.093 390 -1723073393
93.120 382 -1723073393
93.147 374 -1723073393
93.173 367 -1723073393
93.200 356 -1723073393
93.227 339 -1723073393
93.253 330 -1723073393
93.280 321 -1723073393
93.307 313 -1723073393
93.333 305 -1723073393
93.360 301 -1723073393
93.387 301 -1723073393
93.413 296 -1723073393
93.440 293 -1723073393
93.467 301 -1723073393
93.493 308 -1723073393
93.520 310 -1723073393
93.547 317 -1723073393
93.573 325 -1723073393
93.600 329 -1723073393
93.627 332 -1723073393
93.653 334 -1723073393
93.680 339 -1723073393
93.707 346 -1723073393
93.733 350 -1723073393
93.760 349 -1723073393
93.787 349 -1723073393
93.813 350 -1723073393
93.840 356 -1723073393
93.867 358 -1723073393
93.893 354 -1723073393
93.920 346 -1723073393
93.947 337 -1723073393
93.973 332 -1723073393
94.000 330 -1723073393
94.027 327 -1723073393
94.053 319 -1723073393
94.080 308 -1723073393
94.107 298 -1723073393
94.133 294 -1723073393
94.160 296 -1723073393
94.187 300 -1723073393
94.213 301 -1723073393
94.240 304 -1723073393
94.267 302 -1723073393
94.293 298 -1723073393
94.320 292 -1723073393
94.347 293 -1723073393
94.373 298 -1723073393
94.400 301 -1723073393
94.427 307 -1723073393
94.453 309 -1723073393
94.480 313 -1723073393
94.507 326 -1723073393
94.533 335 -1723073393
94.560 339 -1723073393
94.587 344 -1723073393
94.613 346 -1723073393
94.640 343 -1723073393
94.667 342 -1723073393
94.693 342 -1723073393
94.720 345 -1723073393
94.747 340 -1723073393
94.773 340 -1723073393
94.800 341 -1723073393
94.827 338 -1723073393
94.853 334 -1723073393
94.880 323 -1723073393
94.907 322 -1723073393
94.933 324 -1723073393
94.960 315 -1723073393
94.987 307 -1723073393
95.013 303 -1723073393
95.040 305 -1723073393
95.067 314 -1723073393
95.093 318 -1723073393
95.120 315 -1723073393
95.147 307 -1723073393
95.173 291 -1723073393
95.200 282 -1723073393
95.227 278 -1723073393
95.253 267 -1723073393
95.280 259 -1723073393
95.307 257 -1723073393
95.333 258 -1723073393
95.360 258 -1723073393
95.387 257 -1723073393
95.413 255 -1723073393
95.440 251 -1723073393
95.467 250 -1723073393
95.493 254 -1723073393
95.520 248 -1723073393
95.547 250 -1723073393
95.573 251 -1723073393
95.600 244 -1723073393
95.627 239 -1723073393
95.653 229 -1723073393
95.680 226 -1723073393
95.707 226 -1723073393
95.733 224 -1723073393
95.760 221 -1723073393
95.787 216 -1723073393
95.813 216 -1723073393
95.840 210 -1723073393
95.867 192 -1723073393
95.893 181 -1723073393
95.920 167 -1723073393
95.947 156 -1723073393
95.973 145 -1723073393
96.000 137 -1723073393
96.027 136 -1723073393
96.053 129 -1723073393
96.080 128 -1723073393
96.107 125 -1723073393
96.133 120 -1723073393
96.160 127 -1723073393
96.187 132 -1723073393
96.213 137 -1723073393
96.240 140 -1723073393
96.267 144 -1723073393
96.293 155 -1723073393
96.320 155 -1723073393
96.347 162 -1723073393
96.373 174 -1723073393
96.400 184 -1723073393
96.427 195 -1723073393
96.453 195 -1723073393
96.480 198 -1723073393
96.507 197 -1723073393
96.533 199 -1723073393
96.560 202 -1723073393
96.587 197 -1723073393
96.613 199 -1723073393
96.640 191 -1723073393
96.667 180 -1723073393
96.693 171 -1723073393
96.720 156 -1723073393
96.747 144 -1723073393
96.773 128 -1723073393
96.800 119 -1723073393
96.827 107 -1723073393
96.853 91 -1723073393
96.880 81 -1723073393
96.907 68 -1723073393
96.933 66 -1723073393
96.960 60 -1723073393
96.987 59 -1723073393
97.013 57 -1723073393
97.040 50 -1723073393
97.067 59 -1723073393
97.093 60 -1723073393
97.120 64 -1723073393
97.147 60 -1723073393
97.173 63 -1723073393
97.200 72 -1723073393
97.227 71 -1723073393
97.253 75 -1723073393
97.280 72 -1723073393
97.307 71 -1723073393
97.333 68 -1723073393
97.360 73 -1723073393
97.387 80 -1723073393
97.413 68 -1723073393
97.440 66 -1723073393
97.467 54 -1723073393
97.493 46 -1723073393
97.520 38 -1723073393
97.547 34 -1723073393
97.573 35 -1723073393
97.600 26 -1723073393
97.627 29 -1723073393
97.653 23 -1723073393
97.680 19 -1723073393
97.707 16 -1723073393
97.733 9 -1723073393
97.760 14 -1723073393
97.787 17 -1723073393
97.813 28 -1723073393
97.840 27 -1723073393
97.867 35 -1723073393
97.893 44 -1723073393
97.920 52 -1723073393
97.947 62 -1723073393
97.973 59 -1723073393
98.000 66 -1723073393
98.027 58 -1723073393
98.053 63 -1723073393
98.080 66 -1723073393
98.107 75 -1723073393
98.133 85 -1723073393
98.160 95 -1723073393
98.187 103 -1723073393
98.213 105 -1723073393
98.240 112 -1723073393
98.267 108 -1723073393
98.293 110 -1723073393
98.320 104 -1723073393
98.347 101 -1723073393
98.373 94 -1723073393
98.400 95 -1723073393
98.427 92 -1723073393
98.453 92 -1723073393
98.480 95 -1723073393
98.507 87 -1723073393
98.533 88 -1723073393
98.560 80 -1723073393
98.587 78 -1723073393
98.613 70 -1723073393
98.640 65 -1723073393
98.667 59 -1723073393
98.693 51 -1723073393
98.720 47 -1723073393
98.747 41 -1723073393
98.773 38 -1723073393
98.800 19 -1723073393
98.827 14 -1723073393
98.853 6 -1723073393
98.880 9 -1723073393
98.907 6 -1723073393
98.933 11 -1723073393
98.960 13 -1723073393
98.987 14 -1723073393
99.013 12 -1723073393
99.040 10 -1723073393
99.067 10 -1723073393
99.093 6 -1723073393
99.120 16 -1723073393
99.147 17 -1723073393
99.173 24 -1723073393
99.200 24 -1723073393
99.227 33 -1723073393
99.253 26 -1723073393
99.280 32 -1723073393
99.307 20 -1723073393
99.333 17 -1723073393
99.360 14 -1723073393
99.387 17 -1723073393
99.413 9 -1723073393
99.440 5 -1723073393
99.467 0 -1723073393
99.493 -4 -1723073393
99.520 -9 -1723073393
99.547 -19 -1723073393
99.573 -32 -1723073393
99.600 -42 -1723073393
99.627 -43 -1723073393
99.653 -47 -1723073393
99.680 -39 -1723073393
99.707 -47 -1723073393
99.733 -51 -1723073393
99.760 -53 -1723073393
99.787 -46 -1723073393
99.813 -44 -1723073393
99.840 -32 -1723073393
99.867 -21 -1723073393
99.893 -8 -1723073393
99.920 0 -1723073393
99.947 15 -1723073393
99.973 12 -1723073393
100.000 0 -1723073393
