0.000 15 -1723073393
0.027 15 -1723073393
0.053 18 -1723073393
0.080 10 -1723073393
0.107 20 -1723073393
0.133 26 -1723073393
0.160 27 -1723073393
0.187 35 -1723073393
0.213 28 -1723073393
0.240 23 -1723073393
0.267 23 -1723073393
0.293 15 -1723073393
0.320 18 -1723073393
0.347 26 -1723073393
0.373 26 -1723073393
0.400 37 -1723073393
0.427 43 -1723073393
0.453 44 -1723073393
0.480 46 -1723073393
0.507 39 -1723073393
0.533 34 -1723073393
0.560 33 -1723073393
0.587 23 -1723073393
0.613 15 -1723073393
0.640 11 -1723073393
0.667 4 -1723073393
0.693 1 -1723073393
0.720 0 -1723073393
0.747 -2 -1723073393
0.773 -3 -1723073393
0.800 -8 -1723073393
0.827 -11 -1723073393
0.853 -7 -1723073393
0.880 -7 -1723073393
0.907 0 -1723073393
0.933 8 -1723073393
0.960 10 -1723073393
0.987 15 -1723073393
1.013 16 -1723073393
1.040 16 -1723073393
1.067 14 -1723073393
1.093 10 -1723073393
1.120 11 -1723073393
1.147 14 -1723073393
1.173 14 -1723073393
1.200 15 -1723073393
1.227 15 -1723073393
1.253 8 -1723073393
1.280 3 -1723073393
1.307 -2 -1723073393
1.333 -6 -1723073393
1.360 -5 -1723073393
1.387 -4 -1723073393
1.413 -7 -1723073393
1.440 -12 -1723073393
1.467 -18 -1723073393
1.493 -20 -1723073393
1.520 -16 -1723073393
1.547 -14 -1723073393
1.573 -13 -1723073393
1.600 -13 -1723073393
1.627 -13 -1723073393
1.653 -13 -1723073393
1.680 -19 -1723073393
1.707 -21 -1723073393
1.733 -17 -1723073393
1.760 -12 -1723073393
1.787 -2 -1723073393
1.813 0 -1723073393
1.840 0 -1723073393
1.867 0 -1723073393
1.893 0 -1723073393
1.920 -2 -1723073393
1.947 -3 -1723073393
1.973 -6 -1723073393
2.000 -10 -1723073393
2.027 -14 -1723073393
2.053 -18 -1723073393
2.080 -21 -1723073393
2.107 -23 -1723073393
2.133 -23 -1723073393
2.160 -22 -1723073393
2.187 -23 -1723073393
2.213 -24 -1723073393
2.240 -28 -1723073393
2.267 -29 -1723073393
2.293 -28 -1723073393
2.320 -22 -1723073393
2.347 -23 -1723073393
2.373 -27 -1723073393
2.400 -27 -1723073393
2.427 -27 -1723073393
2.453 -25 -1723073393
2.480 -21 -1723073393
2.507 -23 -1723073393
2.533 -26 -1723073393
2.560 -26 -1723073393
2.587 -31 -1723073393
2.613 -28 -1723073393
2.640 -24 -1723073393
2.667 -23 -1723073393
2.693 -27 -1723073393
2.720 -34 -1723073393
2.747 -35 -1723073393
2.773 -30 -1723073393
2.800 -31 -1723073393
2.827 -26 -1723073393
2.853 -24 -1723073393
2.880 -23 -1723073393
2.907 -17 -1723073393
2.933 -22 -1723073393
2.960 -22 -1723073393
2.987 -20 -1723073393
3.013 -31 -1723073393
3.040 -29 -1723073393
3.067 -28 -1723073393
3.093 -34 -1723073393
3.120 -28 -1723073393
3.147 -27 -1723073393
3.173 -32 -1723073393
3.200 -31 -1723073393
3.227 -36 -1723073393
3.253 -37 -1723073393
3.280 -35 -1723073393
3.307 -40 -1723073393
3.333 -34 -1723073393
3.360 -33 -1723073393
3.387 -38 -1723073393
3.413 -28 -1723073393
3.440 -29 -1723073393
3.467 -33 -1723073393
3.493 -29 -1723073393
3.520 -31 -1723073393
3.547 -24 -1723073393
3.573 -23 -1723073393
3.600 -36 -1723073393
3.627 -34 -1723073393
3.653 -32 -1723073393
3.680 -32 -1723073393
3.707 -22 -1723073393
3.733 -26 -1723073393
3.760 -29 -1723073393
3.787 -24 -1723073393
3.813 -33 -1723073393
3.840 -32 -1723073393
3.867 -29 -1723073393
3.893 -33 -1723073393
3.920 -18 -1723073393
3.947 -10 -1723073393
3.973 -13 -1723073393
4.000 -10 -1723073393
4.027 -18 -1723073393
4.053 -19 -1723073393
4.080 -11 -1723073393
4.107 -18 -1723073393
4.133 -21 -1723073393
4.160 -23 -1723073393
4.187 -37 -1723073393
4.213 -32 -1723073393
4.240 -32 -1723073393
4.267 -34 -1723073393
4.293 -29 -1723073393
4.320 -40 -1723073393
4.347 -42 -1723073393
4.373 -33 -1723073393
4.400 -40 -1723073393
4.427 -36 -1723073393
4.453 -32 -1723073393
4.480 -40 -1723073393
4.507 -36 -1723073393
4.533 -40 -1723073393
4.560 -42 -1723073393
4.587 -29 -1723073393
4.613 -33 -1723073393
4.640 -31 -1723073393
4.667 -26 -1723073393
4.693 -39 -1723073393
4.720 -35 -1723073393
4.747 -31 -1723073393
4.773 -40 -1723073393
4.800 -32 -1723073393
4.827 -32 -1723073393
4.853 -33 -1723073393
4.880 -20 -1723073393
4.907 -22 -1723073393
4.933 -16 -1723073393
4.960 -6 -1723073393
4.987 -10 -1723073393
5.013 -7 -1723073393
5.040 -12 -1723073393
5.067 -25 -1723073393
5.093 -25 -1723073393
5.120 -39 -1723073393
5.147 -44 -1723073393
5.173 -30 -1723073393
5.200 -28 -1723073393
5.227 -18 -1723073393
5.253 -10 -1723073393
5.280 -19 -1723073393
5.307 -11 -1723073393
5.333 -5 -1723073393
5.360 -6 -1723073393
5.387 10 -1723073393
5.413 6 -1723073393
5.440 0 -1723073393
5.467 0 -1723073393
5.493 -15 -1723073393
5.520 -13 -1723073393
5.547 -6 -1723073393
5.573 -9 -1723073393
5.600 3 -1723073393
5.627 1 -1723073393
5.653 -11 -1723073393
5.680 -5 -1723073393
5.707 -8 -1723073393
5.733 -3 -1723073393
5.760 10 -1723073393
5.787 1 -1723073393
5.813 0 -1723073393
5.840 -2 -1723073393
5.867 -9 -1723073393
5.893 1 -1723073393
5.920 2 -1723073393
5.947 -5 -1723073393
5.973 -1 -1723073393
6.000 -9 -1723073393
6.027 -6 -1723073393
6.053 3 -1723073393
6.080 -7 -1723073393
6.107 -9 -1723073393
6.133 -12 -1723073393
6.160 -24 -1723073393
6.187 -24 -1723073393
6.213 -30 -1723073393
6.240 -34 -1723073393
6.267 -20 -1723073393
6.293 -22 -1723073393
6.320 -17 -1723073393
6.347 -6 -1723073393
6.373 -16 -1723073393
6.400 -16 -1723073393
6.427 -16 -1723073393
6.453 -25 -1723073393
6.480 -20 -1723073393
6.507 -20 -1723073393
6.533 -27 -1723073393
6.560 -22 -1723073393
6.587 -31 -1723073393
6.613 -35 -1723073393
6.640 -23 -1723073393
6.667 -24 -1723073393
6.693 -19 -1723073393
6.720 -9 -1723073393
6.747 -13 -1723073393
6.773 -7 -1723073393
6.800 -6 -1723073393
6.827 -15 -1723073393
6.853 -10 -1723073393
6.880 -15 -1723073393
6.907 -20 -1723073393
6.933 -14 -1723073393
6.960 -22 -1723073393
6.987 -22 -1723073393
7.013 -19 -1723073393
7.040 -30 -1723073393
7.067 -29 -1723073393
7.093 -31 -1723073393
7.120 -38 -1723073393
7.147 -25 -1723073393
7.173 -25 -1723073393
7.200 -30 -1723073393
7.227 -23 -1723073393
7.253 -28 -1723073393
7.280 -22 -1723073393
7.307 -15 -1723073393
7.333 -22 -1723073393
7.360 -15 -1723073393
7.387 -16 -1723073393
7.413 -23 -1723073393
7.440 -16 -1723073393
7.467 -23 -1723073393
7.493 -32 -1723073393
7.520 -28 -1723073393
7.547 -31 -1723073393
7.573 -29 -1723073393
7.600 -28 -1723073393
7.627 -40 -1723073393
7.653 -36 -1723073393
7.680 -39 -1723073393
7.707 -46 -1723073393
7.733 -38 -1723073393
7.760 -43 -1723073393
7.787 -47 -1723073393
7.813 -37 -1723073393
7.840 -43 -1723073393
7.867 -35 -1723073393
7.893 -27 -1723073393
7.920 -37 -1723073393
7.947 -31 -1723073393
7.973 -28 -1723073393
8.000 -35 -1723073393
8.027 -29 -1723073393
8.053 -35 -1723073393
8.080 -40 -1723073393
8.107 -31 -1723073393
8.133 -35 -1723073393
8.160 -31 -1723073393
8.187 -25 -1723073393
8.213 -34 -1723073393
8.240 -30 -1723073393
8.267 -26 -1723073393
8.293 -27 -1723073393
8.320 -16 -1723073393
8.347 -19 -1723073393
8.373 -20 -1723073393
8.400 -8 -1723073393
8.427 -12 -1723073393
8.453 -9 -1723073393
8.480 -2 -1723073393
8.507 -10 -1723073393
8.533 -7 -1723073393
8.560 -7 -1723073393
8.587 -13 -1723073393
8.613 -3 -1723073393
8.640 0 -1723073393
8.667 0 -1723073393
8.693 5 -1723073393
8.720 -1 -1723073393
8.747 -1 -1723073393
8.773 6 -1723073393
8.800 1 -1723073393
8.827 1 -1723073393
8.853 2 -1723073393
8.880 -5 -1723073393
8.907 -2 -1723073393
8.933 -4 -1723073393
8.960 -8 -1723073393
8.987 1 -1723073393
9.013 -1 -1723073393
9.040 -7 -1723073393
9.067 -8 -1723073393
9.093 -24 -1723073393
9.120 -28 -1723073393
9.147 -23 -1723073393
9.173 -29 -1723073393
9.200 -28 -1723073393
9.227 -31 -1723073393
9.253 -41 -1723073393
9.280 -33 -1723073393
9.307 -32 -1723073393
9.333 -35 -1723073393
9.360 -31 -1723073393
9.387 -37 -1723073393
9.413 -38 -1723073393
9.440 -31 -1723073393
9.467 -36 -1723073393
9.493 -28 -1723073393
9.520 -25 -1723073393
9.547 -33 -1723073393
9.573 -32 -1723073393
9.600 -39 -1723073393
9.627 -50 -1723073393
9.653 -47 -1723073393
9.680 -49 -1723073393
9.707 -52 -1723073393
9.733 -45 -1723073393
9.760 -47 -1723073393
9.787 -46 -1723073393
9.813 -40 -1723073393
9.840 -43 -1723073393
9.867 -39 -1723073393
9.893 -43 -1723073393
9.920 -56 -1723073393
9.947 -54 -1723073393
9.973 -62 -1723073393
10.000 -69 -1723073393
10.027 -64 -1723073393
10.053 -65 -1723073393
10.080 -57 -1723073393
10.107 -49 -1723073393
10.133 -56 -1723073393
10.160 -55 -1723073393
10.187 -50 -1723073393
10.213 -51 -1723073393
10.240 -39 -1723073393
10.267 -29 -1723073393
10.293 -25 -1723073393
10.320 -11 -1723073393
10.347 0 -1723073393
10.373 15 -1723073393
10.400 37 -1723073393
10.427 50 -1723073393
10.453 68 -1723073393
10.480 91 -1723073393
10.507 107 -1723073393
10.533 129 -1723073393
10.560 152 -1723073393
10.587 163 -1723073393
10.613 171 -1723073393
10.640 170 -1723073393
10.667 166 -1723073393
10.693 166 -1723073393
10.720 160 -1723073393
10.747 150 -1723073393
10.773 140 -1723073393
10.800 122 -1723073393
10.827 106 -1723073393
10.853 87 -1723073393
10.880 58 -1723073393
10.907 38 -1723073393
10.933 21 -1723073393
10.960 1 -1723073393
10.987 -9 -1723073393
11.013 -21 -1723073393
11.040 -33 -1723073393
11.067 -41 -1723073393
11.093 -59 -1723073393
11.120 -69 -1723073393
11.147 -68 -1723073393
11.173 -83 -1723073393
11.200 -95 -1723073393
11.227 -102 -1723073393
11.253 -113 -1723073393
11.280 -112 -1723073393
11.307 -115 -1723073393
11.333 -119 -1723073393
11.360 -112 -1723073393
11.387 -115 -1723073393
11.413 -117 -1723073393
11.440 -114 -1723073393
11.467 -121 -1723073393
11.493 -121 -1723073393
11.520 -114 -1723073393
11.547 -120 -1723073393
11.573 -117 -1723073393
11.600 -110 -1723073393
11.627 -107 -1723073393
11.653 -90 -1723073393
11.680 -79 -1723073393
11.707 -74 -1723073393
11.733 -55 -1723073393
11.760 -41 -1723073393
11.787 -28 -1723073393
11.813 -7 -1723073393
11.840 -2 -1723073393
11.867 6 -1723073393
11.893 26 -1723073393
11.920 36 -1723073393
11.947 51 -1723073393
11.973 68 -1723073393
12.000 73 -1723073393
12.027 81 -1723073393
12.053 87 -1723073393
12.080 84 -1723073393
12.107 80 -1723073393
12.133 67 -1723073393
12.160 50 -1723073393
12.187 34 -1723073393
12.213 11 -1723073393
12.240 -1 -1723073393
12.267 -6 -1723073393
12.293 -16 -1723073393
12.320 -17 -1723073393
12.347 -14 -1723073393
12.373 -16 -1723073393
12.400 -4 -1723073393
12.427 13 -1723073393
12.453 28 -1723073393
12.480 56 -1723073393
12.507 79 -1723073393
12.533 105 -1723073393
12.560 138 -1723073393
12.587 164 -1723073393
12.613 191 -1723073393
12.640 222 -1723073393
12.667 247 -1723073393
12.693 265 -1723073393
12.720 274 -1723073393
12.747 277 -1723073393
12.773 275 -1723073393
12.800 267 -1723073393
12.827 253 -1723073393
12.853 237 -1723073393
12.880 213 -1723073393
12.907 181 -1723073393
12.933 140 -1723073393
12.960 97 -1723073393
12.987 57 -1723073393
13.013 21 -1723073393
13.040 -13 -1723073393
13.067 -42 -1723073393
13.093 -67 -1723073393
13.120 -90 -1723073393
13.147 -104 -1723073393
13.173 -118 -1723073393
13.200 -132 -1723073393
13.227 -134 -1723073393
13.253 -137 -1723073393
13.280 -139 -1723073393
13.307 -130 -1723073393
13.333 -125 -1723073393
13.360 -124 -1723073393
13.387 -123 -1723073393
13.413 -130 -1723073393
13.440 -131 -1723073393
13.467 -132 -1723073393
13.493 -138 -1723073393
13.520 -137 -1723073393
13.547 -140 -1723073393
13.573 -150 -1723073393
13.600 -153 -1723073393
13.627 -153 -1723073393
13.653 -157 -1723073393
13.680 -159 -1723073393
13.707 -166 -1723073393
13.733 -167 -1723073393
13.760 -159 -1723073393
13.787 -151 -1723073393
13.813 -135 -1723073393
13.840 -113 -1723073393
13.867 -94 -1723073393
13.893 -74 -1723073393
13.920 -62 -1723073393
13.947 -50 -1723073393
13.973 -25 -1723073393
14.000 -2 -1723073393
14.027 14 -1723073393
14.053 28 -1723073393
14.080 33 -1723073393
14.107 36 -1723073393
14.133 31 -1723073393
14.160 15 -1723073393
14.187 0 -1723073393
14.213 -19 -1723073393
14.240 -38 -1723073393
14.267 -59 -1723073393
14.293 -86 -1723073393
14.320 -111 -1723073393
14.347 -134 -1723073393
14.373 -164 -1723073393
14.400 -200 -1723073393
14.427 -233 -1723073393
14.453 -261 -1723073393
14.480 -284 -1723073393
14.507 -299 -1723073393
14.533 -316 -1723073393
14.560 -331 -1723073393
14.587 -340 -1723073393
14.613 -352 -1723073393
14.640 -361 -1723073393
14.667 -369 -1723073393
14.693 -388 -1723073393
14.720 -399 -1723073393
14.747 -405 -1723073393
14.773 -416 -1723073393
14.800 -422 -1723073393
14.827 -429 -1723073393
14.853 -443 -1723073393
14.880 -453 -1723073393
14.907 -462 -1723073393
14.933 -470 -1723073393
14.960 -474 -1723073393
14.987 -487 -1723073393
15.013 -498 -1723073393
15.040 -499 -1723073393
15.067 -509 -1723073393
15.093 -519 -1723073393
15.120 -523 -1723073393
15.147 -525 -1723073393
15.173 -519 -1723073393
15.200 -512 -1723073393
15.227 -519 -1723073393
15.253 -518 -1723073393
15.280 -514 -1723073393
15.307 -516 -1723073393
15.333 -507 -1723073393
15.360 -501 -1723073393
15.387 -501 -1723073393
15.413 -498 -1723073393
15.440 -501 -1723073393
15.467 -505 -1723073393
15.493 -503 -1723073393
15.520 -510 -1723073393
15.547 -514 -1723073393
15.573 -515 -1723073393
15.600 -534 -1723073393
15.627 -552 -1723073393
15.653 -568 -1723073393
15.680 -594 -1723073393
15.707 -615 -1723073393
15.733 -639 -1723073393
15.760 -676 -1723073393
15.787 -706 -1723073393
15.813 -744 -1723073393
15.840 -786 -1723073393
15.867 -818 -1723073393
15.893 -868 -1723073393
15.920 -924 -1723073393
15.947 -963 -1723073393
15.973 -1007 -1723073393
16.000 -1048 -1723073393
16.027 -1079 -1723073393
16.053 -1126 -1723073393
16.080 -1165 -1723073393
16.107 -1189 -1723073393
16.133 -1220 -1723073393
16.160 -1229 -1723073393
16.187 -1219 -1723073393
16.213 -1207 -1723073393
16.240 -1156 -1723073393
16.267 -1071 -1723073393
16.293 -958 -1723073393
16.320 -788 -1723073393
16.347 -575 -1723073393
16.373 -317 -1723073393
16.400 10 -1723073393
16.427 395 -1723073393
16.453 850 -1723073393
16.480 1369 -1723073393
16.507 1949 -1723073393
16.533 2585 -1723073393
16.560 3269 -1723073393
16.587 4000 -1723073393
16.613 4713 -1723073393
16.640 5403 -1723073393
16.667 6076 -1723073393
16.693 6661 -1723073393
16.720 7159 -1723073393
16.747 7569 -1723073393
16.773 7794 -1723073393
16.800 7864 -1723073393
16.827 7819 -1723073393
16.853 7558 -1723073393
16.880 7160 -1723073393
16.907 6671 -1723073393
16.933 6003 -1723073393
16.960 5266 -1723073393
16.987 4481 -1723073393
17.013 3614 -1723073393
17.040 2753 -1723073393
17.067 1901 -1723073393
17.093 1027 -1723073393
17.120 199 -1723073393
17.147 -562 -1723073393
17.173 -1293 -1723073393
17.200 -1961 -1723073393
17.227 -2546 -1723073393
17.253 -3074 -1723073393
17.280 -3523 -1723073393
17.307 -3871 -1723073393
17.333 -4152 -1723073393
17.360 -4380 -1723073393
17.387 -4520 -1723073393
17.413 -4609 -1723073393
17.440 -4669 -1723073393
17.467 -4656 -1723073393
17.493 -4620 -1723073393
17.520 -4577 -1723073393
17.547 -4492 -1723073393
17.573 -4421 -1723073393
17.600 -4350 -1723073393
17.627 -4240 -1723073393
17.653 -4155 -1723073393
17.680 -4074 -1723073393
17.707 -3969 -1723073393
17.733 -3892 -1723073393
17.760 -3802 -1723073393
17.787 -3683 -1723073393
17.813 -3581 -1723073393
17.840 -3451 -1723073393
17.867 -3284 -1723073393
17.893 -3120 -1723073393
17.920 -2911 -1723073393
17.947 -2679 -1723073393
17.973 -2447 -1723073393
18.000 -2176 -1723073393
18.027 -1887 -1723073393
18.053 -1603 -1723073393
18.080 -1309 -1723073393
18.107 -1027 -1723073393
18.133 -767 -1723073393
18.160 -515 -1723073393
18.187 -291 -1723073393
18.213 -104 -1723073393
18.240 51 -1723073393
18.267 167 -1723073393
18.293 260 -1723073393
18.320 344 -1723073393
18.347 429 -1723073393
18.373 529 -1723073393
18.400 661 -1723073393
18.427 852 -1723073393
18.453 1127 -1723073393
18.480 1493 -1723073393
18.507 1982 -1723073393
18.533 2610 -1723073393
18.560 3381 -1723073393
18.587 4311 -1723073393
18.613 5357 -1723073393
18.640 6521 -1723073393
18.667 7804 -1723073393
18.693 9146 -1723073393
18.720 10557 -1723073393
18.747 11942 -1723073393
18.773 13228 -1723073393
18.800 14457 -1723073393
18.827 15549 -1723073393
18.853 16399 -1723073393
18.880 17060 -1723073393
18.907 17451 -1723073393
18.933 17499 -1723073393
18.960 17362 -1723073393
18.987 16914 -1723073393
19.013 16134 -1723073393
19.040 15242 -1723073393
19.067 14104 -1723073393
19.093 12729 -1723073393
19.120 11321 -1723073393
19.147 9809 -1723073393
19.173 8208 -1723073393
19.200 6690 -1723073393
19.227 5148 -1723073393
19.253 3609 -1723073393
19.280 2240 -1723073393
19.307 943 -1723073393
19.333 -281 -1723073393
19.360 -1367 -1723073393
19.387 -2371 -1723073393
19.413 -3266 -1723073393
19.440 -4033 -1723073393
19.467 -4695 -1723073393
19.493 -5286 -1723073393
19.520 -5789 -1723073393
19.547 -6181 -1723073393
19.573 -6522 -1723073393
19.600 -6790 -1723073393
19.627 -6966 -1723073393
19.653 -7123 -1723073393
19.680 -7213 -1723073393
19.707 -7236 -1723073393
19.733 -7266 -1723073393
19.760 -7237 -1723073393
19.787 -7159 -1723073393
19.813 -7105 -1723073393
19.840 -6999 -1723073393
19.867 -6856 -1723073393
19.893 -6745 -1723073393
19.920 -6588 -1723073393
19.947 -6413 -1723073393
19.973 -6266 -1723073393
20.000 -6076 -1723073393
20.027 -5874 -1723073393
20.053 -5689 -1723073393
20.080 -5463 -1723073393
20.107 -5240 -1723073393
20.133 -5031 -1723073393
20.160 -4787 -1723073393
20.187 -4553 -1723073393
20.213 -4335 -1723073393
20.240 -4097 -1723073393
20.267 -3889 -1723073393
20.293 -3699 -1723073393
20.320 -3507 -1723073393
20.347 -3358 -1723073393
20.373 -3224 -1723073393
20.400 -3100 -1723073393
20.427 -3024 -1723073393
20.453 -2964 -1723073393
20.480 -2923 -1723073393
20.507 -2929 -1723073393
20.533 -2951 -1723073393
20.560 -3001 -1723073393
20.587 -3100 -1723073393
20.613 -3214 -1723073393
20.640 -3356 -1723073393
20.667 -3541 -1723073393
20.693 -3740 -1723073393
20.720 -3972 -1723073393
20.747 -4235 -1723073393
20.773 -4493 -1723073393
20.800 -4768 -1723073393
20.827 -5064 -1723073393
20.853 -5335 -1723073393
20.880 -5601 -1723073393
20.907 -5859 -1723073393
20.933 -6072 -1723073393
20.960 -6268 -1723073393
20.987 -6430 -1723073393
21.013 -6523 -1723073393
21.040 -6586 -1723073393
21.067 -6594 -1723073393
21.093 -6515 -1723073393
21.120 -6398 -1723073393
21.147 -6213 -1723073393
21.173 -5954 -1723073393
21.200 -5668 -1723073393
21.227 -5320 -1723073393
21.253 -4910 -1723073393
21.280 -4495 -1723073393
21.307 -4046 -1723073393
21.333 -3569 -1723073393
21.360 -3104 -1723073393
21.387 -2619 -1723073393
21.413 -2148 -1723073393
21.440 -1708 -1723073393
21.467 -1277 -1723073393
21.493 -869 -1723073393
21.520 -491 -1723073393
21.547 -141 -1723073393
21.573 170 -1723073393
21.600 453 -1723073393
21.627 714 -1723073393
21.653 949 -1723073393
21.680 1153 -1723073393
21.707 1333 -1723073393
21.733 1492 -1723073393
21.760 1638 -1723073393
21.787 1771 -1723073393
21.813 1883 -1723073393
21.840 1983 -1723073393
21.867 2073 -1723073393
21.893 2151 -1723073393
21.920 2224 -1723073393
21.947 2286 -1723073393
21.973 2331 -1723073393
22.000 2364 -1723073393
22.027 2380 -1723073393
22.053 2385 -1723073393
22.080 2376 -1723073393
22.107 2339 -1723073393
22.133 2285 -1723073393
22.160 2216 -1723073393
22.187 2123 -1723073393
22.213 2021 -1723073393
22.240 1910 -1723073393
22.267 1781 -1723073393
22.293 1642 -1723073393
22.320 1494 -1723073393
22.347 1343 -1723073393
22.373 1203 -1723073393
22.400 1076 -1723073393
22.427 962 -1723073393
22.453 867 -1723073393
22.480 795 -1723073393
22.507 748 -1723073393
22.533 736 -1723073393
22.560 757 -1723073393
22.587 803 -1723073393
22.613 877 -1723073393
22.640 974 -1723073393
22.667 1090 -1723073393
22.693 1221 -1723073393
22.720 1359 -1723073393
22.747 1492 -1723073393
22.773 1623 -1723073393
22.800 1748 -1723073393
22.827 1863 -1723073393
22.853 1969 -1723073393
22.880 2059 -1723073393
22.907 2135 -1723073393
22.933 2203 -1723073393
22.960 2260 -1723073393
22.987 2301 -1723073393
23.013 2331 -1723073393
23.040 2361 -1723073393
23.067 2388 -1723073393
23.093 2416 -1723073393
23.120 2448 -1723073393
23.147 2477 -1723073393
23.173 2504 -1723073393
23.200 2530 -1723073393
23.227 2554 -1723073393
23.253 2576 -1723073393
23.280 2594 -1723073393
23.307 2597 -1723073393
23.333 2586 -1723073393
23.360 2557 -1723073393
23.387 2509 -1723073393
23.413 2452 -1723073393
23.440 2385 -1723073393
23.467 2302 -1723073393
23.493 2207 -1723073393
23.520 2098 -1723073393
23.547 1976 -1723073393
23.573 1847 -1723073393
23.600 1712 -1723073393
23.627 1570 -1723073393
23.653 1428 -1723073393
23.680 1284 -1723073393
23.707 1139 -1723073393
23.733 1000 -1723073393
23.760 864 -1723073393
23.787 730 -1723073393
23.813 606 -1723073393
23.840 483 -1723073393
23.867 368 -1723073393
23.893 265 -1723073393
23.920 168 -1723073393
23.947 83 -1723073393
23.973 12 -1723073393
24.000 -47 -1723073393
24.027 -90 -1723073393
24.053 -120 -1723073393
24.080 -141 -1723073393
24.107 -154 -1723073393
24.133 -158 -1723073393
24.160 -151 -1723073393
24.187 -133 -1723073393
24.213 -110 -1723073393
24.240 -85 -1723073393
24.267 -47 -1723073393
24.293 -1 -1723073393
24.320 45 -1723073393
24.347 101 -1723073393
24.373 157 -1723073393
24.400 215 -1723073393
24.427 279 -1723073393
24.453 343 -1723073393
24.480 394 -1723073393
24.507 442 -1723073393
24.533 485 -1723073393
24.560 517 -1723073393
24.587 546 -1723073393
24.613 569 -1723073393
24.640 580 -1723073393
24.667 588 -1723073393
24.693 595 -1723073393
24.720 605 -1723073393
24.747 618 -1723073393
24.773 630 -1723073393
24.800 646 -1723073393
24.827 668 -1723073393
24.853 684 -1723073393
24.880 685 -1723073393
24.907 680 -1723073393
24.933 666 -1723073393
24.960 641 -1723073393
24.987 609 -1723073393
25.013 565 -1723073393
25.040 511 -1723073393
25.067 449 -1723073393
25.093 373 -1723073393
25.120 290 -1723073393
25.147 208 -1723073393
25.173 122 -1723073393
25.200 39 -1723073393
25.227 -40 -1723073393
25.253 -117 -1723073393
25.280 -183 -1723073393
25.307 -245 -1723073393
25.333 -303 -1723073393
25.360 -347 -1723073393
25.387 -382 -1723073393
25.413 -411 -1723073393
25.440 -418 -1723073393
25.467 -414 -1723073393
25.493 -408 -1723073393
25.520 -384 -1723073393
25.547 -357 -1723073393
25.573 -336 -1723073393
25.600 -311 -1723073393
25.627 -290 -1723073393
25.653 -279 -1723073393
25.680 -269 -1723073393
25.707 -267 -1723073393
25.733 -267 -1723073393
25.760 -264 -1723073393
25.787 -271 -1723073393
25.813 -284 -1723073393
25.840 -289 -1723073393
25.867 -296 -1723073393
25.893 -305 -1723073393
25.920 -310 -1723073393
25.947 -312 -1723073393
25.973 -304 -1723073393
26.000 -286 -1723073393
26.027 -267 -1723073393
26.053 -238 -1723073393
26.080 -190 -1723073393
26.107 -140 -1723073393
26.133 -88 -1723073393
26.160 -21 -1723073393
26.187 48 -1723073393
26.213 116 -1723073393
26.240 194 -1723073393
26.267 266 -1723073393
26.293 327 -1723073393
26.320 386 -1723073393
26.347 431 -1723073393
26.373 461 -1723073393
26.400 485 -1723073393
26.427 492 -1723073393
26.453 484 -1723073393
26.480 473 -1723073393
26.507 452 -1723073393
26.533 418 -1723073393
26.560 380 -1723073393
26.587 337 -1723073393
26.613 291 -1723073393
26.640 252 -1723073393
26.667 210 -1723073393
26.693 160 -1723073393
26.720 114 -1723073393
26.747 68 -1723073393
26.773 28 -1723073393
26.800 0 -1723073393
26.827 -30 -1723073393
26.853 -63 -1723073393
26.880 -83 -1723073393
26.907 -102 -1723073393
26.933 -116 -1723073393
26.960 -119 -1723073393
26.987 -132 -1723073393
27.013 -153 -1723073393
27.040 -168 -1723073393
27.067 -189 -1723073393
27.093 -213 -1723073393
27.120 -235 -1723073393
27.147 -262 -1723073393
27.173 -283 -1723073393
27.200 -293 -1723073393
27.227 -306 -1723073393
27.253 -314 -1723073393
27.280 -312 -1723073393
27.307 -311 -1723073393
27.333 -297 -1723073393
27.360 -267 -1723073393
27.387 -238 -1723073393
27.413 -202 -1723073393
27.440 -159 -1723073393
27.467 -126 -1723073393
27.493 -90 -1723073393
27.520 -51 -1723073393
27.547 -25 -1723073393
27.573 -4 -1723073393
27.600 13 -1723073393
27.627 20 -1723073393
27.653 26 -1723073393
27.680 32 -1723073393
27.707 29 -1723073393
27.733 27 -1723073393
27.760 26 -1723073393
27.787 12 -1723073393
27.813 0 -1723073393
27.840 -3 -1723073393
27.867 -14 -1723073393
27.893 -22 -1723073393
27.920 -27 -1723073393
27.947 -35 -1723073393
27.973 -36 -1723073393
28.000 -34 -1723073393
28.027 -36 -1723073393
28.053 -32 -1723073393
28.080 -25 -1723073393
28.107 -20 -1723073393
28.133 -9 -1723073393
28.160 7 -1723073393
28.187 26 -1723073393
28.213 51 -1723073393
28.240 77 -1723073393
28.267 101 -1723073393
28.293 132 -1723073393
28.320 165 -1723073393
28.347 188 -1723073393
28.373 205 -1723073393
28.400 221 -1723073393
28.427 228 -1723073393
28.453 234 -1723073393
28.480 236 -1723073393
28.507 228 -1723073393
28.533 216 -1723073393
28.560 198 -1723073393
28.587 172 -1723073393
28.613 150 -1723073393
28.640 128 -1723073393
28.667 106 -1723073393
28.693 86 -1723073393
28.720 65 -1723073393
28.747 38 -1723073393
28.773 14 -1723073393
28.800 -8 -1723073393
28.827 -33 -1723073393
28.853 -48 -1723073393
28.880 -57 -1723073393
28.907 -61 -1723073393
28.933 -49 -1723073393
28.960 -31 -1723073393
28.987 -14 -1723073393
29.013 9 -1723073393
29.040 38 -1723073393
29.067 64 -1723073393
29.093 100 -1723073393
29.120 137 -1723073393
29.147 161 -1723073393
29.173 184 -1723073393
29.200 205 -1723073393
29.227 214 -1723073393
29.253 214 -1723073393
29.280 207 -1723073393
29.307 188 -1723073393
29.333 167 -1723073393
29.360 141 -1723073393
29.387 103 -1723073393
29.413 66 -1723073393
29.440 28 -1723073393
29.467 -16 -1723073393
29.493 -56 -1723073393
29.520 -95 -1723073393
29.547 -133 -1723073393
29.573 -157 -1723073393
29.600 -174 -1723073393
29.627 -190 -1723073393
29.653 -192 -1723073393
29.680 -184 -1723073393
29.707 -177 -1723073393
29.733 -158 -1723073393
29.760 -130 -1723073393
29.787 -109 -1723073393
29.813 -85 -1723073393
29.840 -53 -1723073393
29.867 -26 -1723073393
29.893 0 -1723073393
29.920 30 -1723073393
29.947 49 -1723073393
29.973 66 -1723073393
30.000 84 -1723073393
30.027 97 -1723073393
30.053 111 -1723073393
30.080 128 -1723073393
30.107 145 -1723073393
30.133 160 -1723073393
30.160 174 -1723073393
30.187 184 -1723073393
30.213 192 -1723073393
30.240 206 -1723073393
30.267 222 -1723073393
30.293 236 -1723073393
30.320 251 -1723073393
30.347 261 -1723073393
30.373 276 -1723073393
30.400 293 -1723073393
30.427 303 -1723073393
30.453 302 -1723073393
30.480 297 -1723073393
30.507 291 -1723073393
30.533 282 -1723073393
30.560 269 -1723073393
30.587 247 -1723073393
30.613 224 -1723073393
30.640 197 -1723073393
30.667 164 -1723073393
30.693 132 -1723073393
30.720 102 -1723073393
30.747 70 -1723073393
30.773 43 -1723073393
30.800 22 -1723073393
30.827 -1 -1723073393
30.853 -23 -1723073393
30.880 -41 -1723073393
30.907 -59 -1723073393
30.933 -74 -1723073393
30.960 -76 -1723073393
30.987 -79 -1723073393
31.013 -82 -1723073393
31.040 -73 -1723073393
31.067 -64 -1723073393
31.093 -58 -1723073393
31.120 -40 -1723073393
31.147 -25 -1723073393
31.173 -18 -1723073393
31.200 -9 -1723073393
31.227 0 -1723073393
31.253 7 -1723073393
31.280 15 -1723073393
31.307 16 -1723073393
31.333 12 -1723073393
31.360 12 -1723073393
31.387 11 -1723073393
31.413 2 -1723073393
31.440 -5 -1723073393
31.467 -15 -1723073393
31.493 -26 -1723073393
31.520 -32 -1723073393
31.547 -44 -1723073393
31.573 -60 -1723073393
31.600 -64 -1723073393
31.627 -66 -1723073393
31.653 -68 -1723073393
31.680 -53 -1723073393
31.707 -30 -1723073393
31.733 -8 -1723073393
31.760 19 -1723073393
31.787 45 -1723073393
31.813 67 -1723073393
31.840 101 -1723073393
31.867 143 -1723073393
31.893 183 -1723073393
31.920 226 -1723073393
31.947 263 -1723073393
31.973 285 -1723073393
32.000 298 -1723073393
32.027 305 -1723073393
32.053 304 -1723073393
32.080 297 -1723073393
32.107 286 -1723073393
32.133 267 -1723073393
32.160 241 -1723073393
32.187 213 -1723073393
32.213 183 -1723073393
32.240 151 -1723073393
32.267 121 -1723073393
32.293 96 -1723073393
32.320 71 -1723073393
32.347 53 -1723073393
32.373 40 -1723073393
32.400 29 -1723073393
32.427 22 -1723073393
32.453 7 -1723073393
32.480 -11 -1723073393
32.507 -18 -1723073393
32.533 -25 -1723073393
32.560 -32 -1723073393
32.587 -34 -1723073393
32.613 -43 -1723073393
32.640 -50 -1723073393
32.667 -47 -1723073393
32.693 -46 -1723073393
32.720 -44 -1723073393
32.747 -30 -1723073393
32.773 -23 -1723073393
32.800 -20 -1723073393
32.827 -7 -1723073393
32.853 7 -1723073393
32.880 15 -1723073393
32.907 29 -1723073393
32.933 43 -1723073393
32.960 47 -1723073393
32.987 51 -1723073393
33.013 53 -1723073393
33.040 47 -1723073393
33.067 44 -1723073393
33.093 42 -1723073393
33.120 32 -1723073393
33.147 25 -1723073393
33.173 18 -1723073393
33.200 3 -1723073393
33.227 -10 -1723073393
33.253 -24 -1723073393
33.280 -46 -1723073393
33.307 -63 -1723073393
33.333 -72 -1723073393
33.360 -78 -1723073393
33.387 -75 -1723073393
33.413 -60 -1723073393
33.440 -46 -1723073393
33.467 -21 -1723073393
33.493 15 -1723073393
33.520 47 -1723073393
33.547 80 -1723073393
33.573 120 -1723073393
33.600 152 -1723073393
33.627 178 -1723073393
33.653 213 -1723073393
33.680 240 -1723073393
33.707 252 -1723073393
33.733 266 -1723073393
33.760 272 -1723073393
33.787 265 -1723073393
33.813 267 -1723073393
33.840 272 -1723073393
33.867 274 -1723073393
33.893 284 -1723073393
33.920 297 -1723073393
33.947 304 -1723073393
33.973 318 -1723073393
34.000 338 -1723073393
34.027 355 -1723073393
34.053 372 -1723073393
34.080 385 -1723073393
34.107 386 -1723073393
34.133 382 -1723073393
34.160 374 -1723073393
34.187 356 -1723073393
34.213 326 -1723073393
34.240 290 -1723073393
34.267 254 -1723073393
34.293 215 -1723073393
34.320 175 -1723073393
34.347 137 -1723073393
34.373 98 -1723073393
34.400 63 -1723073393
34.427 36 -1723073393
34.453 19 -1723073393
34.480 17 -1723073393
34.507 22 -1723073393
34.533 40 -1723073393
34.560 68 -1723073393
34.587 94 -1723073393
34.613 124 -1723073393
34.640 166 -1723073393
34.667 200 -1723073393
34.693 229 -1723073393
34.720 261 -1723073393
34.747 286 -1723073393
34.773 299 -1723073393
34.800 307 -1723073393
34.827 301 -1723073393
34.853 276 -1723073393
34.880 245 -1723073393
34.907 210 -1723073393
34.933 167 -1723073393
34.960 120 -1723073393
34.987 67 -1723073393
35.013 11 -1723073393
35.040 -40 -1723073393
35.067 -91 -1723073393
35.093 -136 -1723073393
35.120 -161 -1723073393
35.147 -178 -1723073393
35.173 -192 -1723073393
35.200 -178 -1723073393
35.227 -151 -1723073393
35.253 -127 -1723073393
35.280 -85 -1723073393
35.307 -32 -1723073393
35.333 10 -1723073393
35.360 67 -1723073393
35.387 140 -1723073393
35.413 196 -1723073393
35.440 249 -1723073393
35.467 308 -1723073393
35.493 357 -1723073393
35.520 399 -1723073393
35.547 440 -1723073393
35.573 473 -1723073393
35.600 494 -1723073393
35.627 506 -1723073393
35.653 512 -1723073393
35.680 509 -1723073393
35.707 495 -1723073393
35.733 480 -1723073393
35.760 458 -1723073393
35.787 425 -1723073393
35.813 392 -1723073393
35.840 358 -1723073393
35.867 316 -1723073393
35.893 269 -1723073393
35.920 224 -1723073393
35.947 183 -1723073393
35.973 143 -1723073393
36.000 105 -1723073393
36.027 73 -1723073393
36.053 43 -1723073393
36.080 13 -1723073393
36.107 -3 -1723073393
36.133 -13 -1723073393
36.160 -29 -1723073393
36.187 -36 -1723073393
36.213 -30 -1723073393
36.240 -29 -1723073393
36.267 -18 -1723073393
36.293 8 -1723073393
36.320 28 -1723073393
36.347 48 -1723073393
36.373 82 -1723073393
36.400 106 -1723073393
36.427 119 -1723073393
36.453 143 -1723073393
36.480 165 -1723073393
36.507 175 -1723073393
36.533 193 -1723073393
36.560 213 -1723073393
36.587 219 -1723073393
36.613 225 -1723073393
36.640 229 -1723073393
36.667 219 -1723073393
36.693 209 -1723073393
36.720 198 -1723073393
36.747 179 -1723073393
36.773 160 -1723073393
36.800 144 -1723073393
36.827 117 -1723073393
36.853 89 -1723073393
36.880 69 -1723073393
36.907 44 -1723073393
36.933 26 -1723073393
36.960 26 -1723073393
36.987 28 -1723073393
37.013 35 -1723073393
37.040 62 -1723073393
37.067 88 -1723073393
37.093 114 -1723073393
37.120 158 -1723073393
37.147 195 -1723073393
37.173 224 -1723073393
37.200 269 -1723073393
37.227 314 -1723073393
37.253 348 -1723073393
37.280 383 -1723073393
37.307 412 -1723073393
37.333 428 -1723073393
37.360 440 -1723073393
37.387 448 -1723073393
37.413 444 -1723073393
37.440 437 -1723073393
37.467 432 -1723073393
37.493 423 -1723073393
37.520 410 -1723073393
37.547 399 -1723073393
37.573 384 -1723073393
37.600 369 -1723073393
37.627 354 -1723073393
37.653 336 -1723073393
37.680 320 -1723073393
37.707 307 -1723073393
37.733 292 -1723073393
37.760 274 -1723073393
37.787 253 -1723073393
37.813 228 -1723073393
37.840 199 -1723073393
37.867 170 -1723073393
37.893 140 -1723073393
37.920 105 -1723073393
37.947 83 -1723073393
37.973 70 -1723073393
38.000 54 -1723073393
38.027 52 -1723073393
38.053 62 -1723073393
38.080 73 -1723073393
38.107 95 -1723073393
38.133 131 -1723073393
38.160 156 -1723073393
38.187 186 -1723073393
38.213 230 -1723073393
38.240 259 -1723073393
38.267 283 -1723073393
38.293 315 -1723073393
38.320 338 -1723073393
38.347 349 -1723073393
38.373 359 -1723073393
38.400 360 -1723073393
38.427 345 -1723073393
38.453 324 -1723073393
38.480 289 -1723073393
38.507 236 -1723073393
38.533 176 -1723073393
38.560 114 -1723073393
38.587 44 -1723073393
38.613 -12 -1723073393
38.640 -59 -1723073393
38.667 -110 -1723073393
38.693 -142 -1723073393
38.720 -151 -1723073393
38.747 -163 -1723073393
38.773 -164 -1723073393
38.800 -136 -1723073393
38.827 -108 -1723073393
38.853 -77 -1723073393
38.880 -19 -1723073393
38.907 29 -1723073393
38.933 64 -1723073393
38.960 115 -1723073393
38.987 163 -1723073393
39.013 197 -1723073393
39.040 239 -1723073393
39.067 276 -1723073393
39.093 293 -1723073393
39.120 308 -1723073393
39.147 318 -1723073393
39.173 313 -1723073393
39.200 301 -1723073393
39.227 291 -1723073393
39.253 270 -1723073393
39.280 248 -1723073393
39.307 235 -1723073393
39.333 219 -1723073393
39.360 206 -1723073393
39.387 200 -1723073393
39.413 192 -1723073393
39.440 184 -1723073393
39.467 184 -1723073393
39.493 183 -1723073393
39.520 176 -1723073393
39.547 175 -1723073393
39.573 176 -1723073393
39.600 169 -1723073393
39.627 170 -1723073393
39.653 172 -1723073393
39.680 166 -1723073393
39.707 169 -1723073393
39.733 177 -1723073393
39.760 171 -1723073393
39.787 166 -1723073393
39.813 174 -1723073393
39.840 176 -1723073393
39.867 176 -1723073393
39.893 183 -1723073393
39.920 179 -1723073393
39.947 171 -1723073393
39.973 171 -1723073393
40.000 166 -1723073393
40.027 151 -1723073393
40.053 146 -1723073393
40.080 137 -1723073393
40.107 116 -1723073393
40.133 103 -1723073393
40.160 91 -1723073393
40.187 65 -1723073393
40.213 48 -1723073393
40.240 41 -1723073393
40.267 23 -1723073393
40.293 11 -1723073393
40.320 12 -1723073393
40.347 4 -1723073393
40.373 -5 -1723073393
40.400 1 -1723073393
40.427 1 -1723073393
40.453 -4 -1723073393
40.480 8 -1723073393
40.507 22 -1723073393
40.533 27 -1723073393
40.560 44 -1723073393
40.587 68 -1723073393
40.613 82 -1723073393
40.640 106 -1723073393
40.667 136 -1723073393
40.693 150 -1723073393
40.720 167 -1723073393
40.747 196 -1723073393
40.773 216 -1723073393
40.800 231 -1723073393
40.827 255 -1723073393
40.853 269 -1723073393
40.880 274 -1723073393
40.907 282 -1723073393
40.933 287 -1723073393
40.960 286 -1723073393
40.987 293 -1723073393
41.013 302 -1723073393
41.040 301 -1723073393
41.067 303 -1723073393
41.093 309 -1723073393
41.120 311 -1723073393
41.147 310 -1723073393
41.173 307 -1723073393
41.200 293 -1723073393
41.227 275 -1723073393
41.253 261 -1723073393
41.280 243 -1723073393
41.307 221 -1723073393
41.333 205 -1723073393
41.360 186 -1723073393
41.387 157 -1723073393
41.413 133 -1723073393
41.440 112 -1723073393
41.467 86 -1723073393
41.493 71 -1723073393
41.520 62 -1723073393
41.547 40 -1723073393
41.573 20 -1723073393
41.600 14 -1723073393
41.627 3 -1723073393
41.653 -5 -1723073393
41.680 0 -1723073393
41.707 -3 -1723073393
41.733 -5 -1723073393
41.760 9 -1723073393
41.787 16 -1723073393
41.813 13 -1723073393
41.840 27 -1723073393
41.867 41 -1723073393
41.893 40 -1723073393
41.920 45 -1723073393
41.947 50 -1723073393
41.973 38 -1723073393
42.000 32 -1723073393
42.027 34 -1723073393
42.053 22 -1723073393
42.080 4 -1723073393
42.107 -10 -1723073393
42.133 -36 -1723073393
42.160 -61 -1723073393
42.187 -71 -1723073393
42.213 -90 -1723073393
42.240 -115 -1723073393
42.267 -115 -1723073393
42.293 -108 -1723073393
42.320 -103 -1723073393
42.347 -75 -1723073393
42.373 -40 -1723073393
42.400 -22 -1723073393
42.427 10 -1723073393
42.453 55 -1723073393
42.480 82 -1723073393
42.507 110 -1723073393
42.533 150 -1723073393
42.560 176 -1723073393
42.587 189 -1723073393
42.613 203 -1723073393
42.640 206 -1723073393
42.667 197 -1723073393
42.693 189 -1723073393
42.720 177 -1723073393
42.747 154 -1723073393
42.773 135 -1723073393
42.800 121 -1723073393
42.827 102 -1723073393
42.853 86 -1723073393
42.880 76 -1723073393
42.907 58 -1723073393
42.933 40 -1723073393
42.960 33 -1723073393
42.987 21 -1723073393
43.013 10 -1723073393
43.040 14 -1723073393
43.067 14 -1723073393
43.093 7 -1723073393
43.120 13 -1723073393
43.147 19 -1723073393
43.173 12 -1723073393
43.200 15 -1723073393
43.227 27 -1723073393
43.253 23 -1723073393
43.280 22 -1723073393
43.307 33 -1723073393
43.333 36 -1723073393
43.360 33 -1723073393
43.387 43 -1723073393
43.413 42 -1723073393
43.440 31 -1723073393
43.467 30 -1723073393
43.493 29 -1723073393
43.520 23 -1723073393
43.547 28 -1723073393
43.573 37 -1723073393
43.600 26 -1723073393
43.627 15 -1723073393
43.653 10 -1723073393
43.680 -7 -1723073393
43.707 -27 -1723073393
43.733 -32 -1723073393
43.760 -45 -1723073393
43.787 -66 -1723073393
43.813 -74 -1723073393
43.840 -87 -1723073393
43.867 -113 -1723073393
43.893 -119 -1723073393
43.920 -116 -1723073393
43.947 -125 -1723073393
43.973 -118 -1723073393
44.000 -100 -1723073393
44.027 -102 -1723073393
44.053 -97 -1723073393
44.080 -71 -1723073393
44.107 -61 -1723073393
44.133 -57 -1723073393
44.160 -35 -1723073393
44.187 -29 -1723073393
44.213 -41 -1723073393
44.240 -35 -1723073393
44.267 -27 -1723073393
44.293 -39 -1723073393
44.320 -42 -1723073393
44.347 -41 -1723073393
44.373 -60 -1723073393
44.400 -70 -1723073393
44.427 -58 -1723073393
44.453 -60 -1723073393
44.480 -56 -1723073393
44.507 -24 -1723073393
44.533 0 -1723073393
44.560 14 -1723073393
44.587 50 -1723073393
44.613 88 -1723073393
44.640 108 -1723073393
44.667 136 -1723073393
44.693 171 -1723073393
44.720 185 -1723073393
44.747 195 -1723073393
44.773 212 -1723073393
44.800 217 -1723073393
44.827 214 -1723073393
44.853 216 -1723073393
44.880 210 -1723073393
44.907 197 -1723073393
44.933 188 -1723073393
44.960 179 -1723073393
44.987 161 -1723073393
45.013 142 -1723073393
45.040 125 -1723073393
45.067 97 -1723073393
45.093 71 -1723073393
45.120 60 -1723073393
45.147 44 -1723073393
45.173 31 -1723073393
45.200 34 -1723073393
45.227 33 -1723073393
45.253 25 -1723073393
45.280 33 -1723073393
45.307 41 -1723073393
45.333 35 -1723073393
45.360 41 -1723073393
45.387 49 -1723073393
45.413 40 -1723073393
45.440 33 -1723073393
45.467 39 -1723073393
45.493 34 -1723073393
45.520 22 -1723073393
45.547 19 -1723073393
45.573 8 -1723073393
45.600 -11 -1723073393
45.627 -12 -1723073393
45.653 -14 -1723073393
45.680 -25 -1723073393
45.707 -18 -1723073393
45.733 -5 -1723073393
45.760 -7 -1723073393
45.787 0 -1723073393
45.813 20 -1723073393
45.840 23 -1723073393
45.867 24 -1723073393
45.893 48 -1723073393
45.920 64 -1723073393
45.947 65 -1723073393
45.973 80 -1723073393
46.000 98 -1723073393
46.027 102 -1723073393
46.053 114 -1723073393
46.080 125 -1723073393
46.107 114 -1723073393
46.133 105 -1723073393
46.160 108 -1723073393
46.187 103 -1723073393
46.213 99 -1723073393
46.240 104 -1723073393
46.267 104 -1723073393
46.293 98 -1723073393
46.320 103 -1723073393
46.347 111 -1723073393
46.373 112 -1723073393
46.400 122 -1723073393
46.427 139 -1723073393
46.453 148 -1723073393
46.480 162 -1723073393
46.507 188 -1723073393
46.533 208 -1723073393
46.560 220 -1723073393
46.587 238 -1723073393
46.613 250 -1723073393
46.640 249 -1723073393
46.667 253 -1723073393
46.693 262 -1723073393
46.720 263 -1723073393
46.747 263 -1723073393
46.773 268 -1723073393
46.800 266 -1723073393
46.827 254 -1723073393
46.853 242 -1723073393
46.880 227 -1723073393
46.907 208 -1723073393
46.933 191 -1723073393
46.960 170 -1723073393
46.987 142 -1723073393
47.013 116 -1723073393
47.040 91 -1723073393
47.067 61 -1723073393
47.093 37 -1723073393
47.120 18 -1723073393
47.147 -9 -1723073393
47.173 -29 -1723073393
47.200 -32 -1723073393
47.227 -40 -1723073393
47.253 -49 -1723073393
47.280 -32 -1723073393
47.307 -10 -1723073393
47.333 0 -1723073393
47.360 30 -1723073393
47.387 73 -1723073393
47.413 99 -1723073393
47.440 124 -1723073393
47.467 162 -1723073393
47.493 189 -1723073393
47.520 210 -1723073393
47.547 240 -1723073393
47.573 258 -1723073393
47.600 262 -1723073393
47.627 272 -1723073393
47.653 283 -1723073393
47.680 282 -1723073393
47.707 281 -1723073393
47.733 285 -1723073393
47.760 281 -1723073393
47.787 271 -1723073393
47.813 263 -1723073393
47.840 251 -1723073393
47.867 235 -1723073393
47.893 223 -1723073393
47.920 209 -1723073393
47.947 189 -1723073393
47.973 178 -1723073393
48.000 173 -1723073393
48.027 163 -1723073393
48.053 159 -1723073393
48.080 173 -1723073393
48.107 190 -1723073393
48.133 209 -1723073393
48.160 239 -1723073393
48.187 266 -1723073393
48.213 286 -1723073393
48.240 316 -1723073393
48.267 346 -1723073393
48.293 364 -1723073393
48.320 381 -1723073393
48.347 403 -1723073393
48.373 423 -1723073393
48.400 441 -1723073393
48.427 457 -1723073393
48.453 467 -1723073393
48.480 469 -1723073393
48.507 466 -1723073393
48.533 464 -1723073393
48.560 460 -1723073393
48.587 452 -1723073393
48.613 443 -1723073393
48.640 432 -1723073393
48.667 421 -1723073393
48.693 406 -1723073393
48.720 385 -1723073393
48.747 369 -1723073393
48.773 358 -1723073393
48.800 347 -1723073393
48.827 336 -1723073393
48.853 330 -1723073393
48.880 325 -1723073393
48.907 317 -1723073393
48.933 316 -1723073393
48.960 319 -1723073393
48.987 314 -1723073393
49.013 311 -1723073393
49.040 315 -1723073393
49.067 315 -1723073393
49.093 313 -1723073393
49.120 320 -1723073393
49.147 328 -1723073393
49.173 328 -1723073393
49.200 332 -1723073393
49.227 339 -1723073393
49.253 336 -1723073393
49.280 327 -1723073393
49.307 322 -1723073393
49.333 311 -1723073393
49.360 296 -1723073393
49.387 286 -1723073393
49.413 280 -1723073393
49.440 278 -1723073393
49.467 282 -1723073393
49.493 286 -1723073393
49.520 285 -1723073393
49.547 288 -1723073393
49.573 294 -1723073393
49.600 292 -1723073393
49.627 286 -1723073393
49.653 281 -1723073393
49.680 270 -1723073393
49.707 258 -1723073393
49.733 256 -1723073393
49.760 252 -1723073393
49.787 242 -1723073393
49.813 238 -1723073393
49.840 237 -1723073393
49.867 229 -1723073393
49.893 222 -1723073393
49.920 223 -1723073393
49.947 217 -1723073393
49.973 212 -1723073393
50.000 218 -1723073393
50.027 225 -1723073393
50.053 229 -1723073393
50.080 242 -1723073393
50.107 256 -1723073393
50.133 261 -1723073393
50.160 273 -1723073393
50.187 292 -1723073393
50.213 300 -1723073393
50.240 305 -1723073393
50.267 315 -1723073393
50.293 315 -1723073393
50.320 301 -1723073393
50.347 288 -1723073393
50.373 266 -1723073393
50.400 229 -1723073393
50.427 193 -1723073393
50.453 158 -1723073393
50.480 113 -1723073393
50.507 71 -1723073393
50.533 35 -1723073393
50.560 -8 -1723073393
50.587 -53 -1723073393
50.613 -83 -1723073393
50.640 -120 -1723073393
50.667 -164 -1723073393
50.693 -183 -1723073393
50.720 -197 -1723073393
50.747 -224 -1723073393
50.773 -230 -1723073393
50.800 -221 -1723073393
50.827 -235 -1723073393
50.853 -240 -1723073393
50.880 -215 -1723073393
50.907 -208 -1723073393
50.933 -211 -1723073393
50.960 -182 -1723073393
50.987 -154 -1723073393
51.013 -149 -1723073393
51.040 -127 -1723073393
51.067 -96 -1723073393
51.093 -92 -1723073393
51.120 -83 -1723073393
51.147 -61 -1723073393
51.173 -62 -1723073393
51.200 -68 -1723073393
51.227 -53 -1723073393
51.253 -46 -1723073393
51.280 -51 -1723073393
51.307 -37 -1723073393
51.333 -28 -1723073393
51.360 -41 -1723073393
51.387 -45 -1723073393
51.413 -38 -1723073393
51.440 -44 -1723073393
51.467 -42 -1723073393
51.493 -22 -1723073393
51.520 -13 -1723073393
51.547 -5 -1723073393
51.573 28 -1723073393
51.600 64 -1723073393
51.627 85 -1723073393
51.653 120 -1723073393
51.680 161 -1723073393
51.707 184 -1723073393
51.733 212 -1723073393
51.760 250 -1723073393
51.787 277 -1723073393
51.813 297 -1723073393
51.840 325 -1723073393
51.867 347 -1723073393
51.893 354 -1723073393
51.920 361 -1723073393
51.947 366 -1723073393
51.973 360 -1723073393
52.000 350 -1723073393
52.027 340 -1723073393
52.053 323 -1723073393
52.080 302 -1723073393
52.107 285 -1723073393
52.133 263 -1723073393
52.160 234 -1723073393
52.187 213 -1723073393
52.213 195 -1723073393
52.240 173 -1723073393
52.267 165 -1723073393
52.293 167 -1723073393
52.320 160 -1723073393
52.347 155 -1723073393
52.373 160 -1723073393
52.400 158 -1723073393
52.427 150 -1723073393
52.453 154 -1723073393
52.480 154 -1723073393
52.507 143 -1723073393
52.533 139 -1723073393
52.560 144 -1723073393
52.587 138 -1723073393
52.613 135 -1723073393
52.640 146 -1723073393
52.667 148 -1723073393
52.693 147 -1723073393
52.720 161 -1723073393
52.747 170 -1723073393
52.773 167 -1723073393
52.800 173 -1723073393
52.827 182 -1723073393
52.853 179 -1723073393
52.880 178 -1723073393
52.907 185 -1723073393
52.933 181 -1723073393
52.960 171 -1723073393
52.987 168 -1723073393
53.013 158 -1723073393
53.040 138 -1723073393
53.067 128 -1723073393
53.093 125 -1723073393
53.120 118 -1723073393
53.147 118 -1723073393
53.173 128 -1723073393
53.200 130 -1723073393
53.227 131 -1723073393
53.253 143 -1723073393
53.280 150 -1723073393
53.307 148 -1723073393
53.333 158 -1723073393
53.360 167 -1723073393
53.387 163 -1723073393
53.413 165 -1723073393
53.440 176 -1723073393
53.467 174 -1723073393
53.493 172 -1723073393
53.520 179 -1723073393
53.547 181 -1723073393
53.573 180 -1723073393
53.600 191 -1723073393
53.627 202 -1723073393
53.653 202 -1723073393
53.680 209 -1723073393
53.707 224 -1723073393
53.733 233 -1723073393
53.760 245 -1723073393
53.787 261 -1723073393
53.813 267 -1723073393
53.840 267 -1723073393
53.867 272 -1723073393
53.893 276 -1723073393
53.920 273 -1723073393
53.947 272 -1723073393
53.973 270 -1723073393
54.000 256 -1723073393
54.027 237 -1723073393
54.053 219 -1723073393
54.080 200 -1723073393
54.107 175 -1723073393
54.133 153 -1723073393
54.160 126 -1723073393
54.187 93 -1723073393
54.213 72 -1723073393
54.240 51 -1723073393
54.267 18 -1723073393
54.293 -4 -1723073393
54.320 -15 -1723073393
54.347 -36 -1723073393
54.373 -52 -1723073393
54.400 -52 -1723073393
54.427 -56 -1723073393
54.453 -60 -1723073393
54.480 -48 -1723073393
54.507 -37 -1723073393
54.533 -41 -1723073393
54.560 -31 -1723073393
54.587 -14 -1723073393
54.613 -14 -1723073393
54.640 -8 -1723073393
54.667 14 -1723073393
54.693 18 -1723073393
54.720 10 -1723073393
54.747 18 -1723073393
54.773 21 -1723073393
54.800 9 -1723073393
54.827 7 -1723073393
54.853 11 -1723073393
54.880 0 -1723073393
54.907 -7 -1723073393
54.933 -1 -1723073393
54.960 -3 -1723073393
54.987 -2 -1723073393
55.013 16 -1723073393
55.040 31 -1723073393
55.067 37 -1723073393
55.093 63 -1723073393
55.120 94 -1723073393
55.147 108 -1723073393
55.173 130 -1723073393
55.200 168 -1723073393
55.227 200 -1723073393
55.253 230 -1723073393
55.280 268 -1723073393
55.307 301 -1723073393
55.333 325 -1723073393
55.360 352 -1723073393
55.387 379 -1723073393
55.413 399 -1723073393
55.440 418 -1723073393
55.467 439 -1723073393
55.493 453 -1723073393
55.520 463 -1723073393
55.547 472 -1723073393
55.573 480 -1723073393
55.600 486 -1723073393
55.627 489 -1723073393
55.653 494 -1723073393
55.680 501 -1723073393
55.707 503 -1723073393
55.733 505 -1723073393
55.760 510 -1723073393
55.787 511 -1723073393
55.813 511 -1723073393
55.840 516 -1723073393
55.867 524 -1723073393
55.893 529 -1723073393
55.920 532 -1723073393
55.947 536 -1723073393
55.973 530 -1723073393
56.000 519 -1723073393
56.027 507 -1723073393
56.053 489 -1723073393
56.080 466 -1723073393
56.107 444 -1723073393
56.133 420 -1723073393
56.160 393 -1723073393
56.187 363 -1723073393
56.213 336 -1723073393
56.240 308 -1723073393
56.267 279 -1723073393
56.293 247 -1723073393
56.320 217 -1723073393
56.347 198 -1723073393
56.373 181 -1723073393
56.400 168 -1723073393
56.427 161 -1723073393
56.453 153 -1723073393
56.480 138 -1723073393
56.507 132 -1723073393
56.533 131 -1723073393
56.560 123 -1723073393
56.587 118 -1723073393
56.613 122 -1723073393
56.640 116 -1723073393
56.667 105 -1723073393
56.693 102 -1723073393
56.720 92 -1723073393
56.747 69 -1723073393
56.773 52 -1723073393
56.800 42 -1723073393
56.827 23 -1723073393
56.853 10 -1723073393
56.880 10 -1723073393
56.907 0 -1723073393
56.933 -13 -1723073393
56.960 -10 -1723073393
56.987 -11 -1723073393
57.013 -24 -1723073393
57.040 -19 -1723073393
57.067 -8 -1723073393
57.093 -18 -1723073393
57.120 -24 -1723073393
57.147 -15 -1723073393
57.173 -19 -1723073393
57.200 -23 -1723073393
57.227 -9 -1723073393
57.253 1 -1723073393
57.280 1 -1723073393
57.307 16 -1723073393
57.333 38 -1723073393
57.360 47 -1723073393
57.387 67 -1723073393
57.413 105 -1723073393
57.440 132 -1723073393
57.467 153 -1723073393
57.493 186 -1723073393
57.520 211 -1723073393
57.547 217 -1723073393
57.573 227 -1723073393
57.600 241 -1723073393
57.627 245 -1723073393
57.653 250 -1723073393
57.680 256 -1723073393
57.707 256 -1723073393
57.733 254 -1723073393
57.760 259 -1723073393
57.787 257 -1723073393
57.813 252 -1723073393
57.840 256 -1723073393
57.867 263 -1723073393
57.893 262 -1723073393
57.920 266 -1723073393
57.947 280 -1723073393
57.973 286 -1723073393
58.000 294 -1723073393
58.027 312 -1723073393
58.053 333 -1723073393
58.080 349 -1723073393
58.107 369 -1723073393
58.133 392 -1723073393
58.160 409 -1723073393
58.187 428 -1723073393
58.213 451 -1723073393
58.240 467 -1723073393
58.267 478 -1723073393
58.293 487 -1723073393
58.320 495 -1723073393
58.347 502 -1723073393
58.373 507 -1723073393
58.400 512 -1723073393
58.427 516 -1723073393
58.453 517 -1723073393
58.480 520 -1723073393
58.507 524 -1723073393
58.533 528 -1723073393
58.560 536 -1723073393
58.587 546 -1723073393
58.613 559 -1723073393
58.640 570 -1723073393
58.667 580 -1723073393
58.693 594 -1723073393
58.720 605 -1723073393
58.747 612 -1723073393
58.773 623 -1723073393
58.800 634 -1723073393
58.827 633 -1723073393
58.853 631 -1723073393
58.880 634 -1723073393
58.907 630 -1723073393
58.933 621 -1723073393
58.960 622 -1723073393
58.987 621 -1723073393
59.013 615 -1723073393
59.040 616 -1723073393
59.067 622 -1723073393
59.093 618 -1723073393
59.120 612 -1723073393
59.147 612 -1723073393
59.173 606 -1723073393
59.200 597 -1723073393
59.227 599 -1723073393
59.253 595 -1723073393
59.280 581 -1723073393
59.307 570 -1723073393
59.333 561 -1723073393
59.360 542 -1723073393
59.387 521 -1723073393
59.413 508 -1723073393
59.440 490 -1723073393
59.467 471 -1723073393
59.493 460 -1723073393
59.520 446 -1723073393
59.547 435 -1723073393
59.573 429 -1723073393
59.600 424 -1723073393
59.627 412 -1723073393
59.653 397 -1723073393
59.680 381 -1723073393
59.707 357 -1723073393
59.733 328 -1723073393
59.760 304 -1723073393
59.787 278 -1723073393
59.813 249 -1723073393
59.840 218 -1723073393
59.867 188 -1723073393
59.893 160 -1723073393
59.920 131 -1723073393
59.947 101 -1723073393
59.973 76 -1723073393
60.000 59 -1723073393
60.027 40 -1723073393
60.053 22 -1723073393
60.080 19 -1723073393
60.107 15 -1723073393
60.133 3 -1723073393
60.160 4 -1723073393
60.187 6 -1723073393
60.213 -4 -1723073393
60.240 -9 -1723073393
60.267 -4 -1723073393
60.293 -11 -1723073393
60.320 -18 -1723073393
60.347 -12 -1723073393
60.373 -15 -1723073393
60.400 -31 -1723073393
60.427 -36 -1723073393
60.453 -40 -1723073393
60.480 -59 -1723073393
60.507 -71 -1723073393
60.533 -69 -1723073393
60.560 -77 -1723073393
60.587 -92 -1723073393
60.613 -94 -1723073393
60.640 -96 -1723073393
60.667 -108 -1723073393
60.693 -106 -1723073393
60.720 -94 -1723073393
60.747 -97 -1723073393
60.773 -99 -1723073393
60.800 -85 -1723073393
60.827 -86 -1723073393
60.853 -95 -1723073393
60.880 -86 -1723073393
60.907 -81 -1723073393
60.933 -98 -1723073393
60.960 -107 -1723073393
60.987 -104 -1723073393
61.013 -117 -1723073393
61.040 -129 -1723073393
61.067 -128 -1723073393
61.093 -140 -1723073393
61.120 -163 -1723073393
61.147 -172 -1723073393
61.173 -181 -1723073393
61.200 -207 -1723073393
61.227 -219 -1723073393
61.253 -218 -1723073393
61.280 -239 -1723073393
61.307 -260 -1723073393
61.333 -259 -1723073393
61.360 -267 -1723073393
61.387 -288 -1723073393
61.413 -285 -1723073393
61.440 -279 -1723073393
61.467 -297 -1723073393
61.493 -303 -1723073393
61.520 -286 -1723073393
61.547 -289 -1723073393
61.573 -296 -1723073393
61.600 -278 -1723073393
61.627 -270 -1723073393
61.653 -286 -1723073393
61.680 -279 -1723073393
61.707 -261 -1723073393
61.733 -268 -1723073393
61.760 -269 -1723073393
61.787 -252 -1723073393
61.813 -253 -1723073393
61.840 -260 -1723073393
61.867 -239 -1723073393
61.893 -220 -1723073393
61.920 -224 -1723073393
61.947 -210 -1723073393
61.973 -185 -1723073393
62.000 -182 -1723073393
62.027 -175 -1723073393
62.053 -146 -1723073393
62.080 -130 -1723073393
62.107 -126 -1723073393
62.133 -103 -1723073393
62.160 -78 -1723073393
62.187 -67 -1723073393
62.213 -51 -1723073393
62.240 -27 -1723073393
62.267 -24 -1723073393
62.293 -27 -1723073393
62.320 -16 -1723073393
62.347 -12 -1723073393
62.373 -23 -1723073393
62.400 -19 -1723073393
62.427 -11 -1723073393
62.453 -23 -1723073393
62.480 -35 -1723073393
62.507 -42 -1723073393
62.533 -62 -1723073393
62.560 -87 -1723073393
62.587 -95 -1723073393
62.613 -106 -1723073393
62.640 -130 -1723073393
62.667 -139 -1723073393
62.693 -138 -1723073393
62.720 -158 -1723073393
62.747 -172 -1723073393
62.773 -163 -1723073393
62.800 -165 -1723073393
62.827 -174 -1723073393
62.853 -157 -1723073393
62.880 -138 -1723073393
62.907 -140 -1723073393
62.933 -128 -1723073393
62.960 -105 -1723073393
62.987 -106 -1723073393
63.013 -108 -1723073393
63.040 -89 -1723073393
63.067 -81 -1723073393
63.093 -90 -1723073393
63.120 -81 -1723073393
63.147 -70 -1723073393
63.173 -82 -1723073393
63.200 -90 -1723073393
63.227 -90 -1723073393
63.253 -110 -1723073393
63.280 -134 -1723073393
63.307 -136 -1723073393
63.333 -144 -1723073393
63.360 -170 -1723073393
63.387 -183 -1723073393
63.413 -190 -1723073393
63.440 -215 -1723073393
63.467 -233 -1723073393
63.493 -235 -1723073393
63.520 -251 -1723073393
63.547 -270 -1723073393
63.573 -258 -1723073393
63.600 -245 -1723073393
63.627 -251 -1723073393
63.653 -236 -1723073393
63.680 -205 -1723073393
63.707 -198 -1723073393
63.733 -188 -1723073393
63.760 -152 -1723073393
63.787 -128 -1723073393
63.813 -120 -1723073393
63.840 -92 -1723073393
63.867 -63 -1723073393
63.893 -59 -1723073393
63.920 -48 -1723073393
63.947 -27 -1723073393
63.973 -25 -1723073393
64.000 -34 -1723073393
64.027 -29 -1723073393
64.053 -31 -1723073393
64.080 -49 -1723073393
64.107 -61 -1723073393
64.133 -69 -1723073393
64.160 -95 -1723073393
64.187 -120 -1723073393
64.213 -129 -1723073393
64.240 -149 -1723073393
64.267 -173 -1723073393
64.293 -177 -1723073393
64.320 -182 -1723073393
64.347 -198 -1723073393
64.373 -193 -1723073393
64.400 -172 -1723073393
64.427 -170 -1723073393
64.453 -165 -1723073393
64.480 -133 -1723073393
64.507 -106 -1723073393
64.533 -91 -1723073393
64.560 -58 -1723073393
64.587 -20 -1723073393
64.613 -9 -1723073393
64.640 6 -1723073393
64.667 37 -1723073393
64.693 51 -1723073393
64.720 56 -1723073393
64.747 76 -1723073393
64.773 91 -1723073393
64.800 91 -1723073393
64.827 98 -1723073393
64.853 110 -1723073393
64.880 104 -1723073393
64.907 96 -1723073393
64.933 100 -1723073393
64.960 95 -1723073393
64.987 83 -1723073393
65.013 80 -1723073393
65.040 76 -1723073393
65.067 63 -1723073393
65.093 59 -1723073393
65.120 63 -1723073393
65.147 55 -1723073393
65.173 43 -1723073393
65.200 44 -1723073393
65.227 36 -1723073393
65.253 16 -1723073393
65.280 17 -1723073393
65.307 29 -1723073393
65.333 24 -1723073393
65.360 24 -1723073393
65.387 45 -1723073393
65.413 55 -1723073393
65.440 59 -1723073393
65.467 82 -1723073393
65.493 106 -1723073393
65.520 116 -1723073393
65.547 137 -1723073393
65.573 172 -1723073393
65.600 197 -1723073393
65.627 218 -1723073393
65.653 250 -1723073393
65.680 276 -1723073393
65.707 290 -1723073393
65.733 309 -1723073393
65.760 330 -1723073393
65.787 340 -1723073393
65.813 343 -1723073393
65.840 347 -1723073393
65.867 345 -1723073393
65.893 339 -1723073393
65.920 329 -1723073393
65.947 318 -1723073393
65.973 308 -1723073393
66.000 294 -1723073393
66.027 276 -1723073393
66.053 259 -1723073393
66.080 246 -1723073393
66.107 234 -1723073393
66.133 218 -1723073393
66.160 202 -1723073393
66.187 193 -1723073393
66.213 185 -1723073393
66.240 170 -1723073393
66.267 167 -1723073393
66.293 177 -1723073393
66.320 179 -1723073393
66.347 178 -1723073393
66.373 193 -1723073393
66.400 208 -1723073393
66.427 213 -1723073393
66.453 225 -1723073393
66.480 244 -1723073393
66.507 255 -1723073393
66.533 267 -1723073393
66.560 283 -1723073393
66.587 291 -1723073393
66.613 291 -1723073393
66.640 298 -1723073393
66.667 304 -1723073393
66.693 305 -1723073393
66.720 302 -1723073393
66.747 299 -1723073393
66.773 291 -1723073393
66.800 283 -1723073393
66.827 273 -1723073393
66.853 257 -1723073393
66.880 244 -1723073393
66.907 241 -1723073393
66.933 240 -1723073393
66.960 234 -1723073393
66.987 233 -1723073393
67.013 240 -1723073393
67.040 243 -1723073393
67.067 250 -1723073393
67.093 268 -1723073393
67.120 288 -1723073393
67.147 306 -1723073393
67.173 330 -1723073393
67.200 358 -1723073393
67.227 383 -1723073393
67.253 409 -1723073393
67.280 441 -1723073393
67.307 468 -1723073393
67.333 491 -1723073393
67.360 511 -1723073393
67.387 527 -1723073393
67.413 541 -1723073393
67.440 545 -1723073393
67.467 542 -1723073393
67.493 538 -1723073393
67.520 534 -1723073393
67.547 525 -1723073393
67.573 513 -1723073393
67.600 504 -1723073393
67.627 486 -1723073393
67.653 461 -1723073393
67.680 438 -1723073393
67.707 416 -1723073393
67.733 393 -1723073393
67.760 372 -1723073393
67.787 356 -1723073393
67.813 342 -1723073393
67.840 331 -1723073393
67.867 324 -1723073393
67.893 319 -1723073393
67.920 316 -1723073393
67.947 312 -1723073393
67.973 307 -1723073393
68.000 310 -1723073393
68.027 314 -1723073393
68.053 316 -1723073393
68.080 324 -1723073393
68.107 334 -1723073393
68.133 334 -1723073393
68.160 328 -1723073393
68.187 324 -1723073393
68.213 316 -1723073393
68.240 303 -1723073393
68.267 294 -1723073393
68.293 288 -1723073393
68.320 280 -1723073393
68.347 274 -1723073393
68.373 268 -1723073393
68.400 255 -1723073393
68.427 239 -1723073393
68.453 228 -1723073393
68.480 219 -1723073393
68.507 213 -1723073393
68.533 213 -1723073393
68.560 212 -1723073393
68.587 205 -1723073393
68.613 199 -1723073393
68.640 200 -1723073393
68.667 195 -1723073393
68.693 190 -1723073393
68.720 198 -1723073393
68.747 203 -1723073393
68.773 200 -1723073393
68.800 208 -1723073393
68.827 221 -1723073393
68.853 227 -1723073393
68.880 239 -1723073393
68.907 260 -1723073393
68.933 272 -1723073393
68.960 280 -1723073393
68.987 299 -1723073393
69.013 319 -1723073393
69.040 330 -1723073393
69.067 347 -1723073393
69.093 369 -1723073393
69.120 380 -1723073393
69.147 387 -1723073393
69.173 402 -1723073393
69.200 413 -1723073393
69.227 420 -1723073393
69.253 430 -1723073393
69.280 441 -1723073393
69.307 443 -1723073393
69.333 440 -1723073393
69.360 436 -1723073393
69.387 432 -1723073393
69.413 423 -1723073393
69.440 412 -1723073393
69.467 398 -1723073393
69.493 384 -1723073393
69.520 367 -1723073393
69.547 351 -1723073393
69.573 336 -1723073393
69.600 319 -1723073393
69.627 299 -1723073393
69.653 278 -1723073393
69.680 257 -1723073393
69.707 242 -1723073393
69.733 226 -1723073393
69.760 206 -1723073393
69.787 189 -1723073393
69.813 176 -1723073393
69.840 160 -1723073393
69.867 150 -1723073393
69.893 150 -1723073393
69.920 144 -1723073393
69.947 135 -1723073393
69.973 138 -1723073393
70.000 142 -1723073393
70.027 139 -1723073393
70.053 145 -1723073393
70.080 157 -1723073393
70.107 159 -1723073393
70.133 160 -1723073393
70.160 175 -1723073393
70.187 191 -1723073393
70.213 200 -1723073393
70.240 216 -1723073393
70.267 235 -1723073393
70.293 245 -1723073393
70.320 258 -1723073393
70.347 276 -1723073393
70.373 289 -1723073393
70.400 298 -1723073393
70.427 314 -1723073393
70.453 327 -1723073393
70.480 330 -1723073393
70.507 333 -1723073393
70.533 339 -1723073393
70.560 341 -1723073393
70.587 340 -1723073393
70.613 335 -1723073393
70.640 327 -1723073393
70.667 318 -1723073393
70.693 312 -1723073393
70.720 308 -1723073393
70.747 304 -1723073393
70.773 305 -1723073393
70.800 313 -1723073393
70.827 314 -1723073393
70.853 311 -1723073393
70.880 312 -1723073393
70.907 310 -1723073393
70.933 300 -1723073393
70.960 294 -1723073393
70.987 290 -1723073393
71.013 284 -1723073393
71.040 279 -1723073393
71.067 282 -1723073393
71.093 286 -1723073393
71.120 290 -1723073393
71.147 300 -1723073393
71.173 305 -1723073393
71.200 305 -1723073393
71.227 308 -1723073393
71.253 314 -1723073393
71.280 313 -1723073393
71.307 316 -1723073393
71.333 327 -1723073393
71.360 338 -1723073393
71.387 347 -1723073393
71.413 360 -1723073393
71.440 372 -1723073393
71.467 379 -1723073393
71.493 384 -1723073393
71.520 389 -1723073393
71.547 388 -1723073393
71.573 384 -1723073393
71.600 378 -1723073393
71.627 367 -1723073393
71.653 354 -1723073393
71.680 343 -1723073393
71.707 331 -1723073393
71.733 317 -1723073393
71.760 304 -1723073393
71.787 289 -1723073393
71.813 267 -1723073393
71.840 250 -1723073393
71.867 241 -1723073393
71.893 230 -1723073393
71.920 218 -1723073393
71.947 214 -1723073393
71.973 214 -1723073393
72.000 209 -1723073393
72.027 210 -1723073393
72.053 214 -1723073393
72.080 214 -1723073393
72.107 215 -1723073393
72.133 221 -1723073393
72.160 218 -1723073393
72.187 209 -1723073393
72.213 209 -1723073393
72.240 211 -1723073393
72.267 202 -1723073393
72.293 195 -1723073393
72.320 197 -1723073393
72.347 193 -1723073393
72.373 187 -1723073393
72.400 188 -1723073393
72.427 186 -1723073393
72.453 183 -1723073393
72.480 193 -1723073393
72.507 205 -1723073393
72.533 207 -1723073393
72.560 210 -1723073393
72.587 224 -1723073393
72.613 232 -1723073393
72.640 236 -1723073393
72.667 247 -1723073393
72.693 257 -1723073393
72.720 256 -1723073393
72.747 257 -1723073393
72.773 261 -1723073393
72.800 259 -1723073393
72.827 256 -1723073393
72.853 258 -1723073393
72.880 258 -1723073393
72.907 257 -1723073393
72.933 257 -1723073393
72.960 253 -1723073393
72.987 245 -1723073393
73.013 246 -1723073393
73.040 252 -1723073393
73.067 249 -1723073393
73.093 243 -1723073393
73.120 242 -1723073393
73.147 239 -1723073393
73.173 229 -1723073393
73.200 225 -1723073393
73.227 223 -1723073393
73.253 213 -1723073393
73.280 206 -1723073393
73.307 209 -1723073393
73.333 203 -1723073393
73.360 191 -1723073393
73.387 189 -1723073393
73.413 190 -1723073393
73.440 183 -1723073393
73.467 182 -1723073393
73.493 187 -1723073393
73.520 182 -1723073393
73.547 181 -1723073393
73.573 192 -1723073393
73.600 198 -1723073393
73.627 202 -1723073393
73.653 219 -1723073393
73.680 234 -1723073393
73.707 235 -1723073393
73.733 242 -1723073393
73.760 253 -1723073393
73.787 255 -1723073393
73.813 256 -1723073393
73.840 262 -1723073393
73.867 263 -1723073393
73.893 261 -1723073393
73.920 262 -1723073393
73.947 259 -1723073393
73.973 247 -1723073393
74.000 241 -1723073393
74.027 241 -1723073393
74.053 236 -1723073393
74.080 230 -1723073393
74.107 229 -1723073393
74.133 226 -1723073393
74.160 218 -1723073393
74.187 213 -1723073393
74.213 203 -1723073393
74.240 190 -1723073393
74.267 184 -1723073393
74.293 180 -1723073393
74.320 166 -1723073393
74.347 155 -1723073393
74.373 154 -1723073393
74.400 151 -1723073393
74.427 148 -1723073393
74.453 157 -1723073393
74.480 167 -1723073393
74.507 166 -1723073393
74.533 171 -1723073393
74.560 185 -1723073393
74.587 188 -1723073393
74.613 188 -1723073393
74.640 196 -1723073393
74.667 200 -1723073393
74.693 199 -1723073393
74.720 205 -1723073393
74.747 212 -1723073393
74.773 214 -1723073393
74.800 219 -1723073393
74.827 227 -1723073393
74.853 223 -1723073393
74.880 219 -1723073393
74.907 225 -1723073393
74.933 226 -1723073393
74.960 223 -1723073393
74.987 228 -1723073393
75.013 229 -1723073393
75.040 224 -1723073393
75.067 227 -1723073393
75.093 234 -1723073393
75.120 232 -1723073393
75.147 230 -1723073393
75.173 238 -1723073393
75.200 241 -1723073393
75.227 241 -1723073393
75.253 252 -1723073393
75.280 260 -1723073393
75.307 259 -1723073393
75.333 259 -1723073393
75.360 261 -1723073393
75.387 254 -1723073393
75.413 248 -1723073393
75.440 252 -1723073393
75.467 255 -1723073393
75.493 252 -1723073393
75.520 254 -1723073393
75.547 257 -1723073393
75.573 256 -1723073393
75.600 262 -1723073393
75.627 275 -1723073393
75.653 283 -1723073393
75.680 287 -1723073393
75.707 296 -1723073393
75.733 299 -1723073393
75.760 301 -1723073393
75.787 303 -1723073393
75.813 301 -1723073393
75.840 290 -1723073393
75.867 279 -1723073393
75.893 267 -1723073393
75.920 247 -1723073393
75.947 222 -1723073393
75.973 203 -1723073393
76.000 182 -1723073393
76.027 156 -1723073393
76.053 134 -1723073393
76.080 111 -1723073393
76.107 84 -1723073393
76.133 66 -1723073393
76.160 56 -1723073393
76.187 41 -1723073393
76.213 41 -1723073393
76.240 59 -1723073393
76.267 68 -1723073393
76.293 77 -1723073393
76.320 103 -1723073393
76.347 125 -1723073393
76.373 135 -1723073393
76.400 156 -1723073393
76.427 180 -1723073393
76.453 192 -1723073393
76.480 210 -1723073393
76.507 239 -1723073393
76.533 258 -1723073393
76.560 272 -1723073393
76.587 290 -1723073393
76.613 302 -1723073393
76.640 303 -1723073393
76.667 308 -1723073393
76.693 318 -1723073393
76.720 323 -1723073393
76.747 326 -1723073393
76.773 331 -1723073393
76.800 331 -1723073393
76.827 332 -1723073393
76.853 338 -1723073393
76.880 339 -1723073393
76.907 339 -1723073393
76.933 339 -1723073393
76.960 343 -1723073393
76.987 344 -1723073393
77.013 344 -1723073393
77.040 343 -1723073393
77.067 337 -1723073393
77.093 333 -1723073393
77.120 336 -1723073393
77.147 341 -1723073393
77.173 343 -1723073393
77.200 346 -1723073393
77.227 348 -1723073393
77.253 343 -1723073393
77.280 338 -1723073393
77.307 337 -1723073393
77.333 335 -1723073393
77.360 332 -1723073393
77.387 330 -1723073393
77.413 327 -1723073393
77.440 323 -1723073393
77.467 322 -1723073393
77.493 322 -1723073393
77.520 320 -1723073393
77.547 316 -1723073393
77.573 309 -1723073393
77.600 299 -1723073393
77.627 292 -1723073393
77.653 289 -1723073393
77.680 278 -1723073393
77.707 266 -1723073393
77.733 264 -1723073393
77.760 263 -1723073393
77.787 260 -1723073393
77.813 262 -1723073393
77.840 265 -1723073393
77.867 260 -1723073393
77.893 257 -1723073393
77.920 260 -1723073393
77.947 256 -1723073393
77.973 251 -1723073393
78.000 255 -1723073393
78.027 256 -1723073393
78.053 255 -1723073393
78.080 261 -1723073393
78.107 267 -1723073393
78.133 267 -1723073393
78.160 269 -1723073393
78.187 273 -1723073393
78.213 269 -1723073393
78.240 264 -1723073393
78.267 267 -1723073393
78.293 269 -1723073393
78.320 274 -1723073393
78.347 287 -1723073393
78.373 296 -1723073393
78.400 299 -1723073393
78.427 301 -1723073393
78.453 302 -1723073393
78.480 297 -1723073393
78.507 289 -1723073393
78.533 289 -1723073393
78.560 287 -1723073393
78.587 282 -1723073393
78.613 280 -1723073393
78.640 278 -1723073393
78.667 270 -1723073393
78.693 263 -1723073393
78.720 256 -1723073393
78.747 241 -1723073393
78.773 228 -1723073393
78.800 219 -1723073393
78.827 201 -1723073393
78.853 185 -1723073393
78.880 176 -1723073393
78.907 162 -1723073393
78.933 144 -1723073393
78.960 137 -1723073393
78.987 127 -1723073393
79.013 112 -1723073393
79.040 106 -1723073393
79.067 104 -1723073393
79.093 95 -1723073393
79.120 95 -1723073393
79.147 106 -1723073393
79.173 109 -1723073393
79.200 115 -1723073393
79.227 131 -1723073393
79.253 137 -1723073393
79.280 136 -1723073393
79.307 146 -1723073393
79.333 154 -1723073393
79.360 155 -1723073393
79.387 164 -1723073393
79.413 173 -1723073393
79.440 170 -1723073393
79.467 168 -1723073393
79.493 173 -1723073393
79.520 168 -1723073393
79.547 160 -1723073393
79.573 159 -1723073393
79.600 151 -1723073393
79.627 133 -1723073393
79.653 123 -1723073393
79.680 113 -1723073393
79.707 99 -1723073393
79.733 94 -1723073393
79.760 95 -1723073393
79.787 85 -1723073393
79.813 84 -1723073393
79.840 95 -1723073393
79.867 92 -1723073393
79.893 88 -1723073393
79.920 101 -1723073393
79.947 107 -1723073393
79.973 109 -1723073393
80.000 129 -1723073393
80.027 152 -1723073393
80.053 161 -1723073393
80.080 175 -1723073393
80.107 196 -1723073393
80.133 203 -1723073393
80.160 213 -1723073393
80.187 233 -1723073393
80.213 242 -1723073393
80.240 245 -1723073393
80.267 256 -1723073393
80.293 265 -1723073393
80.320 265 -1723073393
80.347 267 -1723073393
80.373 268 -1723073393
80.400 262 -1723073393
80.427 259 -1723073393
80.453 259 -1723073393
80.480 253 -1723073393
80.507 246 -1723073393
80.533 247 -1723073393
80.560 246 -1723073393
80.587 241 -1723073393
80.613 239 -1723073393
80.640 239 -1723073393
80.667 238 -1723073393
80.693 243 -1723073393
80.720 244 -1723073393
80.747 238 -1723073393
80.773 233 -1723073393
80.800 236 -1723073393
80.827 238 -1723073393
80.853 247 -1723073393
80.880 260 -1723073393
80.907 266 -1723073393
80.933 265 -1723073393
80.960 266 -1723073393
80.987 266 -1723073393
81.013 261 -1723073393
81.040 259 -1723073393
81.067 256 -1723073393
81.093 250 -1723073393
81.120 250 -1723073393
81.147 251 -1723073393
81.173 242 -1723073393
81.200 227 -1723073393
81.227 214 -1723073393
81.253 197 -1723073393
81.280 184 -1723073393
81.307 182 -1723073393
81.333 173 -1723073393
81.360 162 -1723073393
81.387 159 -1723073393
81.413 154 -1723073393
81.440 142 -1723073393
81.467 139 -1723073393
81.493 138 -1723073393
81.520 134 -1723073393
81.547 134 -1723073393
81.573 136 -1723073393
81.600 130 -1723073393
81.627 129 -1723073393
81.653 134 -1723073393
81.680 131 -1723073393
81.707 131 -1723073393
81.733 143 -1723073393
81.760 151 -1723073393
81.787 159 -1723073393
81.813 179 -1723073393
81.840 197 -1723073393
81.867 210 -1723073393
81.893 234 -1723073393
81.920 259 -1723073393
81.947 274 -1723073393
81.973 291 -1723073393
82.000 312 -1723073393
82.027 326 -1723073393
82.053 339 -1723073393
82.080 354 -1723073393
82.107 360 -1723073393
82.133 363 -1723073393
82.160 366 -1723073393
82.187 370 -1723073393
82.213 372 -1723073393
82.240 371 -1723073393
82.267 365 -1723073393
82.293 354 -1723073393
82.320 341 -1723073393
82.347 328 -1723073393
82.373 316 -1723073393
82.400 304 -1723073393
82.427 291 -1723073393
82.453 276 -1723073393
82.480 264 -1723073393
82.507 254 -1723073393
82.533 248 -1723073393
82.560 246 -1723073393
82.587 247 -1723073393
82.613 243 -1723073393
82.640 238 -1723073393
82.667 237 -1723073393
82.693 236 -1723073393
82.720 237 -1723073393
82.747 247 -1723073393
82.773 255 -1723073393
82.800 254 -1723073393
82.827 256 -1723073393
82.853 261 -1723073393
82.880 260 -1723073393
82.907 262 -1723073393
82.933 272 -1723073393
82.960 274 -1723073393
82.987 274 -1723073393
83.013 275 -1723073393
83.040 271 -1723073393
83.067 265 -1723073393
83.093 260 -1723073393
83.120 248 -1723073393
83.147 230 -1723073393
83.173 217 -1723073393
83.200 206 -1723073393
83.227 195 -1723073393
83.253 188 -1723073393
83.280 181 -1723073393
83.307 169 -1723073393
83.333 165 -1723073393
83.360 165 -1723073393
83.387 161 -1723073393
83.413 164 -1723073393
83.440 175 -1723073393
83.467 177 -1723073393
83.493 180 -1723073393
83.520 193 -1723073393
83.547 200 -1723073393
83.573 204 -1723073393
83.600 219 -1723073393
83.627 234 -1723073393
83.653 245 -1723073393
83.680 263 -1723073393
83.707 280 -1723073393
83.733 288 -1723073393
83.760 296 -1723073393
83.787 302 -1723073393
83.813 301 -1723073393
83.840 300 -1723073393
83.867 303 -1723073393
83.893 298 -1723073393
83.920 287 -1723073393
83.947 276 -1723073393
83.973 262 -1723073393
84.000 248 -1723073393
84.027 241 -1723073393
84.053 232 -1723073393
84.080 222 -1723073393
84.107 218 -1723073393
84.133 210 -1723073393
84.160 200 -1723073393
84.187 201 -1723073393
84.213 203 -1723073393
84.240 202 -1723073393
84.267 205 -1723073393
84.293 208 -1723073393
84.320 206 -1723073393
84.347 211 -1723073393
84.373 217 -1723073393
84.400 215 -1723073393
84.427 220 -1723073393
84.453 228 -1723073393
84.480 227 -1723073393
84.507 230 -1723073393
84.533 236 -1723073393
84.560 234 -1723073393
84.587 230 -1723073393
84.613 233 -1723073393
84.640 231 -1723073393
84.667 229 -1723073393
84.693 235 -1723073393
84.720 232 -1723073393
84.747 221 -1723073393
84.773 219 -1723073393
84.800 217 -1723073393
84.827 211 -1723073393
84.853 212 -1723073393
84.880 210 -1723073393
84.907 203 -1723073393
84.933 205 -1723073393
84.960 202 -1723073393
84.987 192 -1723073393
85.013 188 -1723073393
85.040 188 -1723073393
85.067 184 -1723073393
85.093 184 -1723073393
85.120 183 -1723073393
85.147 172 -1723073393
85.173 173 -1723073393
85.200 183 -1723073393
85.227 184 -1723073393
85.253 189 -1723073393
85.280 198 -1723073393
85.307 192 -1723073393
85.333 190 -1723073393
85.360 200 -1723073393
85.387 204 -1723073393
85.413 205 -1723073393
85.440 212 -1723073393
85.467 212 -1723073393
85.493 207 -1723073393
85.520 210 -1723073393
85.547 210 -1723073393
85.573 207 -1723073393
85.600 214 -1723073393
85.627 222 -1723073393
85.653 224 -1723073393
85.680 232 -1723073393
85.707 240 -1723073393
85.733 242 -1723073393
85.760 248 -1723073393
85.787 252 -1723073393
85.813 255 -1723073393
85.840 262 -1723073393
85.867 266 -1723073393
85.893 271 -1723073393
85.920 278 -1723073393
85.947 279 -1723073393
85.973 276 -1723073393
86.000 275 -1723073393
86.027 273 -1723073393
86.053 267 -1723073393
86.080 261 -1723073393
86.107 260 -1723073393
86.133 256 -1723073393
86.160 250 -1723073393
86.187 245 -1723073393
86.213 237 -1723073393
86.240 227 -1723073393
86.267 222 -1723073393
86.293 214 -1723073393
86.320 209 -1723073393
86.347 212 -1723073393
86.373 213 -1723073393
86.400 213 -1723073393
86.427 220 -1723073393
86.453 221 -1723073393
86.480 217 -1723073393
86.507 218 -1723073393
86.533 218 -1723073393
86.560 215 -1723073393
86.587 214 -1723073393
86.613 207 -1723073393
86.640 201 -1723073393
86.667 197 -1723073393
86.693 190 -1723073393
86.720 180 -1723073393
86.747 172 -1723073393
86.773 159 -1723073393
86.800 142 -1723073393
86.827 133 -1723073393
86.853 124 -1723073393
86.880 115 -1723073393
86.907 120 -1723073393
86.933 127 -1723073393
86.960 126 -1723073393
86.987 136 -1723073393
87.013 146 -1723073393
87.040 153 -1723073393
87.067 170 -1723073393
87.093 183 -1723073393
87.120 185 -1723073393
87.147 196 -1723073393
87.173 207 -1723073393
87.200 216 -1723073393
87.227 232 -1723073393
87.253 245 -1723073393
87.280 249 -1723073393
87.307 251 -1723073393
87.333 254 -1723073393
87.360 249 -1723073393
87.387 249 -1723073393
87.413 254 -1723073393
87.440 252 -1723073393
87.467 251 -1723073393
87.493 251 -1723073393
87.520 244 -1723073393
87.547 242 -1723073393
87.573 242 -1723073393
87.600 239 -1723073393
87.627 241 -1723073393
87.653 243 -1723073393
87.680 237 -1723073393
87.707 238 -1723073393
87.733 245 -1723073393
87.760 245 -1723073393
87.787 244 -1723073393
87.813 242 -1723073393
87.840 235 -1723073393
87.867 230 -1723073393
87.893 232 -1723073393
87.920 233 -1723073393
87.947 233 -1723073393
87.973 237 -1723073393
88.000 231 -1723073393
88.027 225 -1723073393
88.053 221 -1723073393
88.080 213 -1723073393
88.107 206 -1723073393
88.133 204 -1723073393
88.160 201 -1723073393
88.187 201 -1723073393
88.213 200 -1723073393
88.240 193 -1723073393
88.267 190 -1723073393
88.293 192 -1723073393
88.320 188 -1723073393
88.347 189 -1723073393
88.373 189 -1723073393
88.400 179 -1723073393
88.427 178 -1723073393
88.453 184 -1723073393
88.480 186 -1723073393
88.507 191 -1723073393
88.533 192 -1723073393
88.560 190 -1723073393
88.587 193 -1723073393
88.613 190 -1723073393
88.640 182 -1723073393
88.667 184 -1723073393
88.693 185 -1723073393
88.720 177 -1723073393
88.747 175 -1723073393
88.773 175 -1723073393
88.800 171 -1723073393
88.827 175 -1723073393
88.853 175 -1723073393
88.880 173 -1723073393
88.907 176 -1723073393
88.933 170 -1723073393
88.960 158 -1723073393
88.987 156 -1723073393
89.013 151 -1723073393
89.040 149 -1723073393
89.067 160 -1723073393
89.093 167 -1723073393
89.120 173 -1723073393
89.147 186 -1723073393
89.173 190 -1723073393
89.200 190 -1723073393
89.227 197 -1723073393
89.253 200 -1723073393
89.280 203 -1723073393
89.307 211 -1723073393
89.333 211 -1723073393
89.360 209 -1723073393
89.387 212 -1723073393
89.413 210 -1723073393
89.440 207 -1723073393
89.467 203 -1723073393
89.493 192 -1723073393
89.520 182 -1723073393
89.547 179 -1723073393
89.573 169 -1723073393
89.600 165 -1723073393
89.627 168 -1723073393
89.653 164 -1723073393
89.680 159 -1723073393
89.707 154 -1723073393
89.733 142 -1723073393
89.760 137 -1723073393
89.787 142 -1723073393
89.813 141 -1723073393
89.840 145 -1723073393
89.867 151 -1723073393
89.893 142 -1723073393
89.920 139 -1723073393
89.947 141 -1723073393
89.973 138 -1723073393
90.000 143 -1723073393
90.027 147 -1723073393
90.053 147 -1723073393
90.080 157 -1723073393
90.107 164 -1723073393
90.133 167 -1723073393
90.160 171 -1723073393
90.187 173 -1723073393
90.213 176 -1723073393
90.240 186 -1723073393
90.267 188 -1723073393
90.293 187 -1723073393
90.320 188 -1723073393
90.347 183 -1723073393
90.373 179 -1723073393
90.400 177 -1723073393
90.427 166 -1723073393
90.453 158 -1723073393
90.480 149 -1723073393
90.507 137 -1723073393
90.533 139 -1723073393
90.560 143 -1723073393
90.587 138 -1723073393
90.613 138 -1723073393
90.640 141 -1723073393
90.667 139 -1723073393
90.693 144 -1723073393
90.720 143 -1723073393
90.747 144 -1723073393
90.773 156 -1723073393
90.800 165 -1723073393
90.827 170 -1723073393
90.853 186 -1723073393
90.880 196 -1723073393
90.907 206 -1723073393
90.933 221 -1723073393
90.960 227 -1723073393
90.987 233 -1723073393
91.013 243 -1723073393
91.040 248 -1723073393
91.067 256 -1723073393
91.093 263 -1723073393
91.120 270 -1723073393
91.147 281 -1723073393
91.173 293 -1723073393
91.200 300 -1723073393
91.227 308 -1723073393
91.253 315 -1723073393
91.280 320 -1723073393
91.307 326 -1723073393
91.333 334 -1723073393
91.360 345 -1723073393
91.387 356 -1723073393
91.413 368 -1723073393
91.440 374 -1723073393
91.467 371 -1723073393
91.493 370 -1723073393
91.520 369 -1723073393
91.547 366 -1723073393
91.573 360 -1723073393
91.600 351 -1723073393
91.627 337 -1723073393
91.653 329 -1723073393
91.680 324 -1723073393
91.707 317 -1723073393
91.733 315 -1723073393
91.760 313 -1723073393
91.787 311 -1723073393
91.813 313 -1723073393
91.840 317 -1723073393
91.867 320 -1723073393
91.893 324 -1723073393
91.920 327 -1723073393
91.947 324 -1723073393
91.973 328 -1723073393
92.000 339 -1723073393
92.027 347 -1723073393
92.053 352 -1723073393
92.080 357 -1723073393
92.107 358 -1723073393
92.133 356 -1723073393
92.160 355 -1723073393
92.187 353 -1723073393
92.213 352 -1723073393
92.240 356 -1723073393
92.267 358 -1723073393
92.293 354 -1723073393
92.320 353 -1723073393
92.347 348 -1723073393
92.373 339 -1723073393
92.400 340 -1723073393
92.427 339 -1723073393
92.453 332 -1723073393
92.480 329 -1723073393
92.507 328 -1723073393
92.533 324 -1723073393
92.560 323 -1723073393
92.587 323 -1723073393
92.613 325 -1723073393
92.640 328 -1723073393
92.667 330 -1723073393
92.693 331 -1723073393
92.720 336 -1723073393
92.747 342 -1723073393
92.773 350 -1723073393
92.800 356 -1723073393
92.827 366 -1723073393
92.853 377 -1723073393
92.880 391 -1723073393
92.907 406 -1723073393
92.933 413 -1723073393
92.960 416 -1723073393
92.987 425 -1723073393
93.013 425 -1723073393
93.040 424 -1723073393
93.067 426 -1723073393
93.093 419 -1723073393
93.120 413 -1723073393
93.147 403 -1723073393
93.173 386 -1723073393
93.200 383 -1723073393
93.227 382 -1723073393
93.253 376 -1723073393
93.280 372 -1723073393
93.307 363 -1723073393
93.333 357 -1723073393
93.360 355 -1723073393
93.387 348 -1723073393
93.413 343 -1723073393
93.440 338 -1723073393
93.467 334 -1723073393
93.493 332 -1723073393
93.520 327 -1723073393
93.547 319 -1723073393
93.573 313 -1723073393
93.600 306 -1723073393
93.627 303 -1723073393
93.653 301 -1723073393
93.680 301 -1723073393
93.707 303 -1723073393
93.733 306 -1723073393
93.760 309 -1723073393
93.787 312 -1723073393
93.813 318 -1723073393
93.840 327 -1723073393
93.867 335 -1723073393
93.893 337 -1723073393
93.920 344 -1723073393
93.947 347 -1723073393
93.973 347 -1723073393
94.000 347 -1723073393
94.027 345 -1723073393
94.053 345 -1723073393
94.080 343 -1723073393
94.107 340 -1723073393
94.133 336 -1723073393
94.160 331 -1723073393
94.187 330 -1723073393
94.213 328 -1723073393
94.240 319 -1723073393
94.267 312 -1723073393
94.293 311 -1723073393
94.320 306 -1723073393
94.347 304 -1723073393
94.373 303 -1723073393
94.400 301 -1723073393
94.427 300 -1723073393
94.453 300 -1723073393
94.480 300 -1723073393
94.507 303 -1723073393
94.533 303 -1723073393
94.560 305 -1723073393
94.587 306 -1723073393
94.613 316 -1723073393
94.640 327 -1723073393
94.667 334 -1723073393
94.693 339 -1723073393
94.720 335 -1723073393
94.747 330 -1723073393
94.773 327 -1723073393
94.800 322 -1723073393
94.827 324 -1723073393
94.853 327 -1723073393
94.880 332 -1723073393
94.907 336 -1723073393
94.933 331 -1723073393
94.960 329 -1723073393
94.987 327 -1723073393
95.013 324 -1723073393
95.040 325 -1723073393
95.067 324 -1723073393
95.093 322 -1723073393
95.120 320 -1723073393
95.147 312 -1723073393
95.173 313 -1723073393
95.200 314 -1723073393
95.227 306 -1723073393
95.253 291 -1723073393
95.280 280 -1723073393
95.307 273 -1723073393
95.333 267 -1723073393
95.360 264 -1723073393
95.387 257 -1723073393
95.413 253 -1723073393
95.440 246 -1723073393
95.467 245 -1723073393
95.493 250 -1723073393
95.520 253 -1723073393
95.547 255 -1723073393
95.573 254 -1723073393
95.600 257 -1723073393
95.627 261 -1723073393
95.653 263 -1723073393
95.680 263 -1723073393
95.707 260 -1723073393
95.733 261 -1723073393
95.760 259 -1723073393
95.787 252 -1723073393
95.813 248 -1723073393
95.840 242 -1723073393
95.867 241 -1723073393
95.893 235 -1723073393
95.920 219 -1723073393
95.947 205 -1723073393
95.973 193 -1723073393
96.000 181 -1723073393
96.027 169 -1723073393
96.053 158 -1723073393
96.080 148 -1723073393
96.107 138 -1723073393
96.133 140 -1723073393
96.160 138 -1723073393
96.187 138 -1723073393
96.213 143 -1723073393
96.240 142 -1723073393
96.267 148 -1723073393
96.293 145 -1723073393
96.320 145 -1723073393
96.347 158 -1723073393
96.373 166 -1723073393
96.400 179 -1723073393
96.427 183 -1723073393
96.453 186 -1723073393
96.480 193 -1723073393
96.507 197 -1723073393
96.533 202 -1723073393
96.560 199 -1723073393
96.587 202 -1723073393
96.613 200 -1723073393
96.640 194 -1723073393
96.667 192 -1723073393
96.693 184 -1723073393
96.720 182 -1723073393
96.747 174 -1723073393
96.773 165 -1723073393
96.800 160 -1723073393
96.827 142 -1723073393
96.853 133 -1723073393
96.880 125 -1723073393
96.907 124 -1723073393
96.933 116 -1723073393
96.960 104 -1723073393
96.987 107 -1723073393
97.013 104 -1723073393
97.040 107 -1723073393
97.067 97 -1723073393
97.093 83 -1723073393
97.120 81 -1723073393
97.147 70 -1723073393
97.173 76 -1723073393
97.200 73 -1723073393
97.227 79 -1723073393
97.253 76 -1723073393
97.280 64 -1723073393
97.307 70 -1723073393
97.333 60 -1723073393
97.360 66 -1723073393
97.387 64 -1723073393
97.413 63 -1723073393
97.440 58 -1723073393
97.467 45 -1723073393
97.493 47 -1723073393
97.520 44 -1723073393
97.547 52 -1723073393
97.573 47 -1723073393
97.600 49 -1723073393
97.627 46 -1723073393
97.653 35 -1723073393
97.680 38 -1723073393
97.707 29 -1723073393
97.733 34 -1723073393
97.760 24 -1723073393
97.787 32 -1723073393
97.813 31 -1723073393
97.840 27 -1723073393
97.867 31 -1723073393
97.893 31 -1723073393
97.920 47 -1723073393
97.947 46 -1723073393
97.973 58 -1723073393
98.000 57 -1723073393
98.027 63 -1723073393
98.053 70 -1723073393
98.080 77 -1723073393
98.107 91 -1723073393
98.133 83 -1723073393
98.160 94 -1723073393
98.187 95 -1723073393
98.213 107 -1723073393
98.240 109 -1723073393
98.267 115 -1723073393
98.293 115 -1723073393
98.320 119 -1723073393
98.347 127 -1723073393
98.373 125 -1723073393
98.400 130 -1723073393
98.427 122 -1723073393
98.453 122 -1723073393
98.480 116 -1723073393
98.507 122 -1723073393
98.533 120 -1723073393
98.560 107 -1723073393
98.587 94 -1723073393
98.613 78 -1723073393
98.640 73 -1723073393
98.667 58 -1723073393
98.693 54 -1723073393
98.720 43 -1723073393
98.747 43 -1723073393
98.773 34 -1723073393
98.800 39 -1723073393
98.827 34 -1723073393
98.853 28 -1723073393
98.880 25 -1723073393
98.907 21 -1723073393
98.933 22 -1723073393
98.960 18 -1723073393
98.987 21 -1723073393
99.013 11 -1723073393
99.040 19 -1723073393
99.067 4 -1723073393
99.093 2 -1723073393
99.120 -4 -1723073393
99.147 9 -1723073393
99.173 12 -1723073393
99.200 18 -1723073393
99.227 17 -1723073393
99.253 19 -1723073393
99.280 20 -1723073393
99.307 27 -1723073393
99.333 34 -1723073393
99.360 30 -1723073393
99.387 27 -1723073393
99.413 22 -1723073393
99.440 23 -1723073393
99.467 20 -1723073393
99.493 24 -1723073393
99.520 12 -1723073393
99.547 -2 -1723073393
99.573 -20 -1723073393
99.600 -22 -1723073393
99.627 -29 -1723073393
99.653 -28 -1723073393
99.680 -42 -1723073393
99.707 -31 -1723073393
99.733 -34 -1723073393
99.760 -27 -1723073393
99.787 -23 -1723073393
99.813 -10 -1723073393
99.840 -5 -1723073393
99.867 3 -1723073393
99.893 -4 -1723073393
99.920 4 -1723073393
99.947 14 -1723073393
99.973 23 -1723073393
100.000 0 -1723073393
