0.000 31 -1723073393
0.027 28 -1723073393
0.053 25 -1723073393
0.080 19 -1723073393
0.107 17 -1723073393
0.133 10 -1723073393
0.160 9 -1723073393
0.187 6 -1723073393
0.213 2 -1723073393
0.240 5 -1723073393
0.267 9 -1723073393
0.293 16 -1723073393
0.320 16 -1723073393
0.347 7 -1723073393
0.373 2 -1723073393
0.400 0 -1723073393
0.427 1 -1723073393
0.453 13 -1723073393
0.480 19 -1723073393
0.507 19 -1723073393
0.533 21 -1723073393
0.560 19 -1723073393
0.587 16 -1723073393
0.613 8 -1723073393
0.640 2 -1723073393
0.667 4 -1723073393
0.693 8 -1723073393
0.720 10 -1723073393
0.747 15 -1723073393
0.773 18 -1723073393
0.800 14 -1723073393
0.827 7 -1723073393
0.853 2 -1723073393
0.880 2 -1723073393
0.907 3 -1723073393
0.933 3 -1723073393
0.960 4 -1723073393
0.987 3 -1723073393
1.013 0 -1723073393
1.040 -2 -1723073393
1.067 -3 -1723073393
1.093 -7 -1723073393
1.120 -11 -1723073393
1.147 -6 -1723073393
1.173 0 -1723073393
1.200 4 -1723073393
1.227 6 -1723073393
1.253 5 -1723073393
1.280 3 -1723073393
1.307 0 -1723073393
1.333 -5 -1723073393
1.360 -10 -1723073393
1.387 -11 -1723073393
1.413 -5 -1723073393
1.440 -2 -1723073393
1.467 -5 -1723073393
1.493 -4 -1723073393
1.520 -2 -1723073393
1.547 -1 -1723073393
1.573 -3 -1723073393
1.600 -5 -1723073393
1.627 -4 -1723073393
1.653 -3 -1723073393
1.680 -2 -1723073393
1.707 0 -1723073393
1.733 0 -1723073393
1.760 0 -1723073393
1.787 2 -1723073393
1.813 4 -1723073393
1.840 6 -1723073393
1.867 2 -1723073393
1.893 -1 -1723073393
1.920 -6 -1723073393
1.947 -10 -1723073393
1.973 -8 -1723073393
2.000 -4 -1723073393
2.027 -2 -1723073393
2.053 -1 -1723073393
2.080 -6 -1723073393
2.107 -12 -1723073393
2.133 -14 -1723073393
2.160 -13 -1723073393
2.187 -11 -1723073393
2.213 -11 -1723073393
2.240 -18 -1723073393
2.267 -18 -1723073393
2.293 -12 -1723073393
2.320 -14 -1723073393
2.347 -20 -1723073393
2.373 -19 -1723073393
2.400 -19 -1723073393
2.427 -19 -1723073393
2.453 -18 -1723073393
2.480 -19 -1723073393
2.507 -18 -1723073393
2.533 -21 -1723073393
2.560 -19 -1723073393
2.587 -20 -1723073393
2.613 -23 -1723073393
2.640 -22 -1723073393
2.667 -24 -1723073393
2.693 -27 -1723073393
2.720 -27 -1723073393
2.747 -33 -1723073393
2.773 -32 -1723073393
2.800 -25 -1723073393
2.827 -20 -1723073393
2.853 -17 -1723073393
2.880 -14 -1723073393
2.907 -11 -1723073393
2.933 -11 -1723073393
2.960 -16 -1723073393
2.987 -24 -1723073393
3.013 -28 -1723073393
3.040 -28 -1723073393
3.067 -27 -1723073393
3.093 -29 -1723073393
3.120 -30 -1723073393
3.147 -28 -1723073393
3.173 -30 -1723073393
3.200 -30 -1723073393
3.227 -24 -1723073393
3.253 -22 -1723073393
3.280 -23 -1723073393
3.307 -28 -1723073393
3.333 -36 -1723073393
3.360 -43 -1723073393
3.387 -45 -1723073393
3.413 -39 -1723073393
3.440 -28 -1723073393
3.467 -25 -1723073393
3.493 -22 -1723073393
3.520 -19 -1723073393
3.547 -22 -1723073393
3.573 -22 -1723073393
3.600 -25 -1723073393
3.627 -26 -1723073393
3.653 -21 -1723073393
3.680 -20 -1723073393
3.707 -18 -1723073393
3.733 -18 -1723073393
3.760 -24 -1723073393
3.787 -25 -1723073393
3.813 -24 -1723073393
3.840 -20 -1723073393
3.867 -15 -1723073393
3.893 -14 -1723073393
3.920 -10 -1723073393
3.947 -12 -1723073393
3.973 -18 -1723073393
4.000 -13 -1723073393
4.027 -15 -1723073393
4.053 -16 -1723073393
4.080 -16 -1723073393
4.107 -24 -1723073393
4.133 -25 -1723073393
4.160 -26 -1723073393
4.187 -29 -1723073393
4.213 -23 -1723073393
4.240 -22 -1723073393
4.267 -20 -1723073393
4.293 -16 -1723073393
4.320 -19 -1723073393
4.347 -20 -1723073393
4.373 -19 -1723073393
4.400 -27 -1723073393
4.427 -28 -1723073393
4.453 -26 -1723073393
4.480 -27 -1723073393
4.507 -22 -1723073393
4.533 -19 -1723073393
4.560 -22 -1723073393
4.587 -21 -1723073393
4.613 -21 -1723073393
4.640 -24 -1723073393
4.667 -31 -1723073393
4.693 -38 -1723073393
4.720 -31 -1723073393
4.747 -25 -1723073393
4.773 -27 -1723073393
4.800 -17 -1723073393
4.827 -9 -1723073393
4.853 -1 -1723073393
4.880 3 -1723073393
4.907 -10 -1723073393
4.933 -15 -1723073393
4.960 -15 -1723073393
4.987 -21 -1723073393
5.013 -18 -1723073393
5.040 -20 -1723073393
5.067 -24 -1723073393
5.093 -22 -1723073393
5.120 -26 -1723073393
5.147 -28 -1723073393
5.173 -26 -1723073393
5.200 -30 -1723073393
5.227 -27 -1723073393
5.253 -23 -1723073393
5.280 -18 -1723073393
5.307 -7 -1723073393
5.333 -8 -1723073393
5.360 -9 -1723073393
5.387 -6 -1723073393
5.413 -10 -1723073393
5.440 -9 -1723073393
5.467 -9 -1723073393
5.493 -18 -1723073393
5.520 -15 -1723073393
5.547 -14 -1723073393
5.573 -17 -1723073393
5.600 -15 -1723073393
5.627 -18 -1723073393
5.653 -10 -1723073393
5.680 0 -1723073393
5.707 -2 -1723073393
5.733 -3 -1723073393
5.760 -6 -1723073393
5.787 -12 -1723073393
5.813 -12 -1723073393
5.840 -19 -1723073393
5.867 -25 -1723073393
5.893 -20 -1723073393
5.920 -22 -1723073393
5.947 -21 -1723073393
5.973 -17 -1723073393
6.000 -21 -1723073393
6.027 -17 -1723073393
6.053 -13 -1723073393
6.080 -10 -1723073393
6.107 -2 -1723073393
6.133 -6 -1723073393
6.160 -7 -1723073393
6.187 0 -1723073393
6.213 0 -1723073393
6.240 2 -1723073393
6.267 1 -1723073393
6.293 -6 -1723073393
6.320 -3 -1723073393
6.347 -2 -1723073393
6.373 -4 -1723073393
6.400 -1 -1723073393
6.427 -7 -1723073393
6.453 -9 -1723073393
6.480 -5 -1723073393
6.507 -11 -1723073393
6.533 -11 -1723073393
6.560 -11 -1723073393
6.587 -17 -1723073393
6.613 -14 -1723073393
6.640 -14 -1723073393
6.667 -15 -1723073393
6.693 -14 -1723073393
6.720 -25 -1723073393
6.747 -26 -1723073393
6.773 -16 -1723073393
6.800 -18 -1723073393
6.827 -17 -1723073393
6.853 -14 -1723073393
6.880 -18 -1723073393
6.907 -14 -1723073393
6.933 -9 -1723073393
6.960 -9 -1723073393
6.987 -5 -1723073393
7.013 -10 -1723073393
7.040 -14 -1723073393
7.067 -10 -1723073393
7.093 -17 -1723073393
7.120 -18 -1723073393
7.147 -16 -1723073393
7.173 -19 -1723073393
7.200 -17 -1723073393
7.227 -21 -1723073393
7.253 -24 -1723073393
7.280 -17 -1723073393
7.307 -18 -1723073393
7.333 -22 -1723073393
7.360 -25 -1723073393
7.387 -35 -1723073393
7.413 -37 -1723073393
7.440 -36 -1723073393
7.467 -37 -1723073393
7.493 -27 -1723073393
7.520 -22 -1723073393
7.547 -23 -1723073393
7.573 -17 -1723073393
7.600 -14 -1723073393
7.627 -13 -1723073393
7.653 -11 -1723073393
7.680 -19 -1723073393
7.707 -21 -1723073393
7.733 -23 -1723073393
7.760 -30 -1723073393
7.787 -31 -1723073393
7.813 -34 -1723073393
7.840 -35 -1723073393
7.867 -28 -1723073393
7.893 -27 -1723073393
7.920 -29 -1723073393
7.947 -28 -1723073393
7.973 -36 -1723073393
8.000 -35 -1723073393
8.027 -31 -1723073393
8.053 -33 -1723073393
8.080 -32 -1723073393
8.107 -34 -1723073393
8.133 -39 -1723073393
8.160 -34 -1723073393
8.187 -38 -1723073393
8.213 -38 -1723073393
8.240 -36 -1723073393
8.267 -40 -1723073393
8.293 -35 -1723073393
8.320 -35 -1723073393
8.347 -40 -1723073393
8.373 -34 -1723073393
8.400 -35 -1723073393
8.427 -35 -1723073393
8.453 -28 -1723073393
8.480 -32 -1723073393
8.507 -31 -1723073393
8.533 -27 -1723073393
8.560 -35 -1723073393
8.587 -33 -1723073393
8.613 -27 -1723073393
8.640 -25 -1723073393
8.667 -15 -1723073393
8.693 -12 -1723073393
8.720 -13 -1723073393
8.747 1 -1723073393
8.773 3 -1723073393
8.800 1 -1723073393
8.827 5 -1723073393
8.853 1 -1723073393
8.880 4 -1723073393
8.907 1 -1723073393
8.933 -5 -1723073393
8.960 6 -1723073393
8.987 13 -1723073393
9.013 11 -1723073393
9.040 14 -1723073393
9.067 7 -1723073393
9.093 -2 -1723073393
9.120 -8 -1723073393
9.147 -23 -1723073393
9.173 -28 -1723073393
9.200 -23 -1723073393
9.227 -30 -1723073393
9.253 -30 -1723073393
9.280 -27 -1723073393
9.307 -32 -1723073393
9.333 -30 -1723073393
9.360 -26 -1723073393
9.387 -22 -1723073393
9.413 -12 -1723073393
9.440 -13 -1723073393
9.467 -12 -1723073393
9.493 -12 -1723073393
9.520 -21 -1723073393
9.547 -23 -1723073393
9.573 -21 -1723073393
9.600 -24 -1723073393
9.627 -23 -1723073393
9.653 -35 -1723073393
9.680 -48 -1723073393
9.707 -45 -1723073393
9.733 -45 -1723073393
9.760 -40 -1723073393
9.787 -27 -1723073393
9.813 -23 -1723073393
9.840 -20 -1723073393
9.867 -20 -1723073393
9.893 -24 -1723073393
9.920 -21 -1723073393
9.947 -22 -1723073393
9.973 -29 -1723073393
10.000 -26 -1723073393
10.027 -31 -1723073393
10.053 -34 -1723073393
10.080 -25 -1723073393
10.107 -23 -1723073393
10.133 -21 -1723073393
10.160 -13 -1723073393
10.187 -19 -1723073393
10.213 -23 -1723073393
10.240 -23 -1723073393
10.267 -30 -1723073393
10.293 -30 -1723073393
10.320 -29 -1723073393
10.347 -35 -1723073393
10.373 -29 -1723073393
10.400 -20 -1723073393
10.427 -10 -1723073393
10.453 12 -1723073393
10.480 26 -1723073393
10.507 40 -1723073393
10.533 61 -1723073393
10.560 75 -1723073393
10.587 95 -1723073393
10.613 117 -1723073393
10.640 131 -1723073393
10.667 152 -1723073393
10.693 172 -1723073393
10.720 186 -1723073393
10.747 197 -1723073393
10.773 200 -1723073393
10.800 197 -1723073393
10.827 193 -1723073393
10.853 182 -1723073393
10.880 169 -1723073393
10.907 158 -1723073393
10.933 138 -1723073393
10.960 118 -1723073393
10.987 98 -1723073393
11.013 76 -1723073393
11.040 56 -1723073393
11.067 35 -1723073393
11.093 8 -1723073393
11.120 -10 -1723073393
11.147 -33 -1723073393
11.173 -54 -1723073393
11.200 -62 -1723073393
11.227 -77 -1723073393
11.253 -90 -1723073393
11.280 -92 -1723073393
11.307 -101 -1723073393
11.333 -106 -1723073393
11.360 -103 -1723073393
11.387 -108 -1723073393
11.413 -106 -1723073393
11.440 -101 -1723073393
11.467 -104 -1723073393
11.493 -101 -1723073393
11.520 -104 -1723073393
11.547 -113 -1723073393
11.573 -113 -1723073393
11.600 -118 -1723073393
11.627 -118 -1723073393
11.653 -109 -1723073393
11.680 -111 -1723073393
11.707 -108 -1723073393
11.733 -97 -1723073393
11.760 -96 -1723073393
11.787 -92 -1723073393
11.813 -84 -1723073393
11.840 -79 -1723073393
11.867 -65 -1723073393
11.893 -48 -1723073393
11.920 -32 -1723073393
11.947 -5 -1723073393
11.973 20 -1723073393
12.000 38 -1723073393
12.027 60 -1723073393
12.053 72 -1723073393
12.080 80 -1723073393
12.107 94 -1723073393
12.133 96 -1723073393
12.160 98 -1723073393
12.187 101 -1723073393
12.213 95 -1723073393
12.240 95 -1723073393
12.267 98 -1723073393
12.293 100 -1723073393
12.320 104 -1723073393
12.347 106 -1723073393
12.373 110 -1723073393
12.400 118 -1723073393
12.427 128 -1723073393
12.453 145 -1723073393
12.480 163 -1723073393
12.507 176 -1723073393
12.533 197 -1723073393
12.560 222 -1723073393
12.587 243 -1723073393
12.613 263 -1723073393
12.640 276 -1723073393
12.667 281 -1723073393
12.693 285 -1723073393
12.720 284 -1723073393
12.747 275 -1723073393
12.773 261 -1723073393
12.800 239 -1723073393
12.827 208 -1723073393
12.853 179 -1723073393
12.880 149 -1723073393
12.907 115 -1723073393
12.933 81 -1723073393
12.960 49 -1723073393
12.987 16 -1723073393
13.013 -16 -1723073393
13.040 -48 -1723073393
13.067 -76 -1723073393
13.093 -102 -1723073393
13.120 -127 -1723073393
13.147 -145 -1723073393
13.173 -158 -1723073393
13.200 -168 -1723073393
13.227 -171 -1723073393
13.253 -172 -1723073393
13.280 -174 -1723073393
13.307 -172 -1723073393
13.333 -167 -1723073393
13.360 -162 -1723073393
13.387 -153 -1723073393
13.413 -149 -1723073393
13.440 -142 -1723073393
13.467 -134 -1723073393
13.493 -133 -1723073393
13.520 -129 -1723073393
13.547 -121 -1723073393
13.573 -113 -1723073393
13.600 -101 -1723073393
13.627 -91 -1723073393
13.653 -85 -1723073393
13.680 -79 -1723073393
13.707 -74 -1723073393
13.733 -67 -1723073393
13.760 -53 -1723073393
13.787 -37 -1723073393
13.813 -19 -1723073393
13.840 3 -1723073393
13.867 21 -1723073393
13.893 36 -1723073393
13.920 52 -1723073393
13.947 61 -1723073393
13.973 64 -1723073393
14.000 64 -1723073393
14.027 65 -1723073393
14.053 65 -1723073393
14.080 58 -1723073393
14.107 41 -1723073393
14.133 24 -1723073393
14.160 6 -1723073393
14.187 -17 -1723073393
14.213 -42 -1723073393
14.240 -68 -1723073393
14.267 -99 -1723073393
14.293 -133 -1723073393
14.320 -174 -1723073393
14.347 -217 -1723073393
14.373 -253 -1723073393
14.400 -288 -1723073393
14.427 -325 -1723073393
14.453 -351 -1723073393
14.480 -372 -1723073393
14.507 -388 -1723073393
14.533 -393 -1723073393
14.560 -404 -1723073393
14.587 -412 -1723073393
14.613 -407 -1723073393
14.640 -404 -1723073393
14.667 -397 -1723073393
14.693 -387 -1723073393
14.720 -385 -1723073393
14.747 -377 -1723073393
14.773 -371 -1723073393
14.800 -375 -1723073393
14.827 -376 -1723073393
14.853 -380 -1723073393
14.880 -385 -1723073393
14.907 -385 -1723073393
14.933 -391 -1723073393
14.960 -396 -1723073393
14.987 -399 -1723073393
15.013 -417 -1723073393
15.040 -431 -1723073393
15.067 -432 -1723073393
15.093 -439 -1723073393
15.120 -440 -1723073393
15.147 -438 -1723073393
15.173 -441 -1723073393
15.200 -435 -1723073393
15.227 -426 -1723073393
15.253 -424 -1723073393
15.280 -416 -1723073393
15.307 -413 -1723073393
15.333 -415 -1723073393
15.360 -409 -1723073393
15.387 -405 -1723073393
15.413 -404 -1723073393
15.440 -399 -1723073393
15.467 -403 -1723073393
15.493 -409 -1723073393
15.520 -417 -1723073393
15.547 -434 -1723073393
15.573 -443 -1723073393
15.600 -453 -1723073393
15.627 -479 -1723073393
15.653 -500 -1723073393
15.680 -527 -1723073393
15.707 -565 -1723073393
15.733 -593 -1723073393
15.760 -620 -1723073393
15.787 -652 -1723073393
15.813 -674 -1723073393
15.840 -703 -1723073393
15.867 -736 -1723073393
15.893 -758 -1723073393
15.920 -790 -1723073393
15.947 -822 -1723073393
15.973 -844 -1723073393
16.000 -878 -1723073393
16.027 -911 -1723073393
16.053 -932 -1723073393
16.080 -963 -1723073393
16.107 -990 -1723073393
16.133 -1011 -1723073393
16.160 -1046 -1723073393
16.187 -1069 -1723073393
16.213 -1083 -1723073393
16.240 -1110 -1723073393
16.267 -1122 -1723073393
16.293 -1123 -1723073393
16.320 -1127 -1723073393
16.347 -1101 -1723073393
16.373 -1059 -1723073393
16.400 -1014 -1723073393
16.427 -922 -1723073393
16.453 -808 -1723073393
16.480 -663 -1723073393
16.507 -460 -1723073393
16.533 -223 -1723073393
16.560 67 -1723073393
16.587 444 -1723073393
16.613 869 -1723073393
16.640 1355 -1723073393
16.667 1910 -1723073393
16.693 2517 -1723073393
16.720 3171 -1723073393
16.747 3841 -1723073393
16.773 4540 -1723073393
16.800 5214 -1723073393
16.827 5839 -1723073393
16.853 6453 -1723073393
16.880 6913 -1723073393
16.907 7249 -1723073393
16.933 7516 -1723073393
16.960 7538 -1723073393
16.987 7425 -1723073393
17.013 7218 -1723073393
17.040 6750 -1723073393
17.067 6196 -1723073393
17.093 5570 -1723073393
17.120 4725 -1723073393
17.147 3891 -1723073393
17.173 3040 -1723073393
17.200 2091 -1723073393
17.227 1206 -1723073393
17.253 344 -1723073393
17.280 -492 -1723073393
17.307 -1238 -1723073393
17.333 -1903 -1723073393
17.360 -2488 -1723073393
17.387 -3010 -1723073393
17.413 -3411 -1723073393
17.440 -3728 -1723073393
17.467 -4006 -1723073393
17.493 -4156 -1723073393
17.520 -4256 -1723073393
17.547 -4333 -1723073393
17.573 -4303 -1723073393
17.600 -4281 -1723073393
17.627 -4269 -1723073393
17.653 -4171 -1723073393
17.680 -4119 -1723073393
17.707 -4083 -1723073393
17.733 -3982 -1723073393
17.760 -3935 -1723073393
17.787 -3879 -1723073393
17.813 -3767 -1723073393
17.840 -3714 -1723073393
17.867 -3635 -1723073393
17.893 -3510 -1723073393
17.920 -3439 -1723073393
17.947 -3315 -1723073393
17.973 -3142 -1723073393
18.000 -3000 -1723073393
18.027 -2787 -1723073393
18.053 -2535 -1723073393
18.080 -2305 -1723073393
18.107 -2003 -1723073393
18.133 -1686 -1723073393
18.160 -1384 -1723073393
18.187 -1018 -1723073393
18.213 -663 -1723073393
18.240 -318 -1723073393
18.267 67 -1723073393
18.293 456 -1723073393
18.320 874 -1723073393
18.347 1321 -1723073393
18.373 1799 -1723073393
18.400 2327 -1723073393
18.427 2913 -1723073393
18.453 3605 -1723073393
18.480 4368 -1723073393
18.507 5199 -1723073393
18.533 6168 -1723073393
18.560 7194 -1723073393
18.587 8297 -1723073393
18.613 9511 -1723073393
18.640 10677 -1723073393
18.667 11849 -1723073393
18.693 13103 -1723073393
18.720 14144 -1723073393
18.747 15084 -1723073393
18.773 16000 -1723073393
18.800 16505 -1723073393
18.827 16868 -1723073393
18.853 17123 -1723073393
18.880 16840 -1723073393
18.907 16463 -1723073393
18.933 15940 -1723073393
18.960 14877 -1723073393
18.987 13829 -1723073393
19.013 12655 -1723073393
19.040 11097 -1723073393
19.067 9663 -1723073393
19.093 8150 -1723073393
19.120 6412 -1723073393
19.147 4909 -1723073393
19.173 3417 -1723073393
19.200 1885 -1723073393
19.227 563 -1723073393
19.253 -703 -1723073393
19.280 -1865 -1723073393
19.307 -2869 -1723073393
19.333 -3745 -1723073393
19.360 -4508 -1723073393
19.387 -5194 -1723073393
19.413 -5695 -1723073393
19.440 -6104 -1723073393
19.467 -6481 -1723073393
19.493 -6664 -1723073393
19.520 -6815 -1723073393
19.547 -6948 -1723073393
19.573 -6907 -1723073393
19.600 -6901 -1723073393
19.627 -6904 -1723073393
19.653 -6758 -1723073393
19.680 -6709 -1723073393
19.707 -6663 -1723073393
19.733 -6494 -1723073393
19.760 -6442 -1723073393
19.787 -6369 -1723073393
19.813 -6206 -1723073393
19.840 -6163 -1723073393
19.867 -6074 -1723073393
19.893 -5903 -1723073393
19.920 -5841 -1723073393
19.947 -5686 -1723073393
19.973 -5468 -1723073393
20.000 -5350 -1723073393
20.027 -5132 -1723073393
20.053 -4878 -1723073393
20.080 -4712 -1723073393
20.107 -4456 -1723073393
20.133 -4216 -1723073393
20.160 -4074 -1723073393
20.187 -3866 -1723073393
20.213 -3733 -1723073393
20.240 -3703 -1723073393
20.267 -3639 -1723073393
20.293 -3677 -1723073393
20.320 -3815 -1723073393
20.347 -3948 -1723073393
20.373 -4190 -1723073393
20.400 -4499 -1723073393
20.427 -4790 -1723073393
20.453 -5194 -1723073393
20.480 -5607 -1723073393
20.507 -5961 -1723073393
20.533 -6407 -1723073393
20.560 -6796 -1723073393
20.587 -7072 -1723073393
20.613 -7404 -1723073393
20.640 -7601 -1723073393
20.667 -7660 -1723073393
20.693 -7785 -1723073393
20.720 -7722 -1723073393
20.747 -7538 -1723073393
20.773 -7430 -1723073393
20.800 -7130 -1723073393
20.827 -6745 -1723073393
20.853 -6444 -1723073393
20.880 -5980 -1723073393
20.907 -5500 -1723073393
20.933 -5106 -1723073393
20.960 -4580 -1723073393
20.987 -4085 -1723073393
21.013 -3671 -1723073393
21.040 -3171 -1723073393
21.067 -2723 -1723073393
21.093 -2336 -1723073393
21.120 -1886 -1723073393
21.147 -1507 -1723073393
21.173 -1165 -1723073393
21.200 -790 -1723073393
21.227 -475 -1723073393
21.253 -185 -1723073393
21.280 102 -1723073393
21.307 342 -1723073393
21.333 553 -1723073393
21.360 736 -1723073393
21.387 902 -1723073393
21.413 1036 -1723073393
21.440 1148 -1723073393
21.467 1249 -1723073393
21.493 1325 -1723073393
21.520 1372 -1723073393
21.547 1414 -1723073393
21.573 1440 -1723073393
21.600 1442 -1723073393
21.627 1451 -1723073393
21.653 1449 -1723073393
21.680 1433 -1723073393
21.707 1433 -1723073393
21.733 1424 -1723073393
21.760 1404 -1723073393
21.787 1405 -1723073393
21.813 1399 -1723073393
21.840 1389 -1723073393
21.867 1399 -1723073393
21.893 1401 -1723073393
21.920 1400 -1723073393
21.947 1411 -1723073393
21.973 1406 -1723073393
22.000 1399 -1723073393
22.027 1406 -1723073393
22.053 1394 -1723073393
22.080 1375 -1723073393
22.107 1362 -1723073393
22.133 1327 -1723073393
22.160 1288 -1723073393
22.187 1256 -1723073393
22.213 1222 -1723073393
22.240 1207 -1723073393
22.267 1207 -1723073393
22.293 1208 -1723073393
22.320 1240 -1723073393
22.347 1301 -1723073393
22.373 1376 -1723073393
22.400 1482 -1723073393
22.427 1609 -1723073393
22.453 1740 -1723073393
22.480 1890 -1723073393
22.507 2046 -1723073393
22.533 2191 -1723073393
22.560 2348 -1723073393
22.587 2491 -1723073393
22.613 2601 -1723073393
22.640 2715 -1723073393
22.667 2785 -1723073393
22.693 2800 -1723073393
22.720 2820 -1723073393
22.747 2790 -1723073393
22.773 2710 -1723073393
22.800 2642 -1723073393
22.827 2528 -1723073393
22.853 2380 -1723073393
22.880 2256 -1723073393
22.907 2093 -1723073393
22.933 1911 -1723073393
22.960 1764 -1723073393
22.987 1605 -1723073393
23.013 1455 -1723073393
23.040 1337 -1723073393
23.067 1212 -1723073393
23.093 1098 -1723073393
23.120 1015 -1723073393
23.147 938 -1723073393
23.173 872 -1723073393
23.200 825 -1723073393
23.227 781 -1723073393
23.253 756 -1723073393
23.280 746 -1723073393
23.307 737 -1723073393
23.333 739 -1723073393
23.360 750 -1723073393
23.387 758 -1723073393
23.413 775 -1723073393
23.440 793 -1723073393
23.467 803 -1723073393
23.493 817 -1723073393
23.520 824 -1723073393
23.547 819 -1723073393
23.573 820 -1723073393
23.600 814 -1723073393
23.627 798 -1723073393
23.653 786 -1723073393
23.680 765 -1723073393
23.707 734 -1723073393
23.733 709 -1723073393
23.760 679 -1723073393
23.787 636 -1723073393
23.813 599 -1723073393
23.840 556 -1723073393
23.867 506 -1723073393
23.893 463 -1723073393
23.920 423 -1723073393
23.947 381 -1723073393
23.973 345 -1723073393
24.000 309 -1723073393
24.027 276 -1723073393
24.053 245 -1723073393
24.080 214 -1723073393
24.107 186 -1723073393
24.133 164 -1723073393
24.160 155 -1723073393
24.187 155 -1723073393
24.213 160 -1723073393
24.240 174 -1723073393
24.267 194 -1723073393
24.293 212 -1723073393
24.320 235 -1723073393
24.347 252 -1723073393
24.373 260 -1723073393
24.400 262 -1723073393
24.427 256 -1723073393
24.453 246 -1723073393
24.480 234 -1723073393
24.507 215 -1723073393
24.533 194 -1723073393
24.560 178 -1723073393
24.587 168 -1723073393
24.613 164 -1723073393
24.640 174 -1723073393
24.667 192 -1723073393
24.693 222 -1723073393
24.720 264 -1723073393
24.747 302 -1723073393
24.773 345 -1723073393
24.800 398 -1723073393
24.827 446 -1723073393
24.853 498 -1723073393
24.880 560 -1723073393
24.907 616 -1723073393
24.933 662 -1723073393
24.960 700 -1723073393
24.987 729 -1723073393
25.013 741 -1723073393
25.040 735 -1723073393
25.067 714 -1723073393
25.093 670 -1723073393
25.120 608 -1723073393
25.147 543 -1723073393
25.173 466 -1723073393
25.200 386 -1723073393
25.227 316 -1723073393
25.253 245 -1723073393
25.280 181 -1723073393
25.307 130 -1723073393
25.333 94 -1723073393
25.360 73 -1723073393
25.387 57 -1723073393
25.413 48 -1723073393
25.440 49 -1723073393
25.467 53 -1723073393
25.493 67 -1723073393
25.520 88 -1723073393
25.547 101 -1723073393
25.573 113 -1723073393
25.600 126 -1723073393
25.627 130 -1723073393
25.653 128 -1723073393
25.680 120 -1723073393
25.707 101 -1723073393
25.733 78 -1723073393
25.760 46 -1723073393
25.787 6 -1723073393
25.813 -32 -1723073393
25.840 -73 -1723073393
25.867 -115 -1723073393
25.893 -154 -1723073393
25.920 -195 -1723073393
25.947 -232 -1723073393
25.973 -254 -1723073393
26.000 -269 -1723073393
26.027 -275 -1723073393
26.053 -260 -1723073393
26.080 -241 -1723073393
26.107 -213 -1723073393
26.133 -163 -1723073393
26.160 -108 -1723073393
26.187 -47 -1723073393
26.213 24 -1723073393
26.240 90 -1723073393
26.267 156 -1723073393
26.293 227 -1723073393
26.320 289 -1723073393
26.347 341 -1723073393
26.373 385 -1723073393
26.400 414 -1723073393
26.427 430 -1723073393
26.453 433 -1723073393
26.480 428 -1723073393
26.507 411 -1723073393
26.533 383 -1723073393
26.560 353 -1723073393
26.587 317 -1723073393
26.613 275 -1723073393
26.640 235 -1723073393
26.667 193 -1723073393
26.693 147 -1723073393
26.720 102 -1723073393
26.747 66 -1723073393
26.773 37 -1723073393
26.800 7 -1723073393
26.827 -16 -1723073393
26.853 -39 -1723073393
26.880 -66 -1723073393
26.907 -84 -1723073393
26.933 -100 -1723073393
26.960 -125 -1723073393
26.987 -144 -1723073393
27.013 -161 -1723073393
27.040 -189 -1723073393
27.067 -209 -1723073393
27.093 -222 -1723073393
27.120 -239 -1723073393
27.147 -241 -1723073393
27.173 -238 -1723073393
27.200 -244 -1723073393
27.227 -235 -1723073393
27.253 -216 -1723073393
27.280 -206 -1723073393
27.307 -186 -1723073393
27.333 -162 -1723073393
27.360 -152 -1723073393
27.387 -134 -1723073393
27.413 -114 -1723073393
27.440 -107 -1723073393
27.467 -95 -1723073393
27.493 -82 -1723073393
27.520 -76 -1723073393
27.547 -68 -1723073393
27.573 -64 -1723073393
27.600 -64 -1723073393
27.627 -61 -1723073393
27.653 -62 -1723073393
27.680 -73 -1723073393
27.707 -78 -1723073393
27.733 -79 -1723073393
27.760 -86 -1723073393
27.787 -92 -1723073393
27.813 -105 -1723073393
27.840 -123 -1723073393
27.867 -129 -1723073393
27.893 -135 -1723073393
27.920 -143 -1723073393
27.947 -147 -1723073393
27.973 -153 -1723073393
28.000 -160 -1723073393
28.027 -151 -1723073393
28.053 -139 -1723073393
28.080 -126 -1723073393
28.107 -102 -1723073393
28.133 -82 -1723073393
28.160 -60 -1723073393
28.187 -25 -1723073393
28.213 4 -1723073393
28.240 35 -1723073393
28.267 78 -1723073393
28.293 116 -1723073393
28.320 146 -1723073393
28.347 175 -1723073393
28.373 199 -1723073393
28.400 222 -1723073393
28.427 248 -1723073393
28.453 272 -1723073393
28.480 295 -1723073393
28.507 319 -1723073393
28.533 338 -1723073393
28.560 348 -1723073393
28.587 344 -1723073393
28.613 333 -1723073393
28.640 318 -1723073393
28.667 297 -1723073393
28.693 268 -1723073393
28.720 237 -1723073393
28.747 207 -1723073393
28.773 174 -1723073393
28.800 138 -1723073393
28.827 101 -1723073393
28.853 64 -1723073393
28.880 34 -1723073393
28.907 10 -1723073393
28.933 -14 -1723073393
28.960 -34 -1723073393
28.987 -40 -1723073393
29.013 -41 -1723073393
29.040 -30 -1723073393
29.067 -5 -1723073393
29.093 18 -1723073393
29.120 42 -1723073393
29.147 74 -1723073393
29.173 102 -1723073393
29.200 122 -1723073393
29.227 146 -1723073393
29.253 166 -1723073393
29.280 173 -1723073393
29.307 173 -1723073393
29.333 161 -1723073393
29.360 139 -1723073393
29.387 114 -1723073393
29.413 82 -1723073393
29.440 49 -1723073393
29.467 18 -1723073393
29.493 -16 -1723073393
29.520 -52 -1723073393
29.547 -83 -1723073393
29.573 -116 -1723073393
29.600 -145 -1723073393
29.627 -163 -1723073393
29.653 -182 -1723073393
29.680 -196 -1723073393
29.707 -193 -1723073393
29.733 -188 -1723073393
29.760 -182 -1723073393
29.787 -157 -1723073393
29.813 -127 -1723073393
29.840 -91 -1723073393
29.867 -42 -1723073393
29.893 3 -1723073393
29.920 45 -1723073393
29.947 90 -1723073393
29.973 128 -1723073393
30.000 161 -1723073393
30.027 191 -1723073393
30.053 211 -1723073393
30.080 226 -1723073393
30.107 245 -1723073393
30.133 256 -1723073393
30.160 267 -1723073393
30.187 279 -1723073393
30.213 286 -1723073393
30.240 292 -1723073393
30.267 302 -1723073393
30.293 305 -1723073393
30.320 308 -1723073393
30.347 317 -1723073393
30.373 321 -1723073393
30.400 320 -1723073393
30.427 316 -1723073393
30.453 309 -1723073393
30.480 299 -1723073393
30.507 285 -1723073393
30.533 265 -1723073393
30.560 239 -1723073393
30.587 208 -1723073393
30.613 166 -1723073393
30.640 121 -1723073393
30.667 76 -1723073393
30.693 26 -1723073393
30.720 -26 -1723073393
30.747 -68 -1723073393
30.773 -109 -1723073393
30.800 -146 -1723073393
30.827 -164 -1723073393
30.853 -178 -1723073393
30.880 -184 -1723073393
30.907 -163 -1723073393
30.933 -138 -1723073393
30.960 -116 -1723073393
30.987 -76 -1723073393
31.013 -30 -1723073393
31.040 13 -1723073393
31.067 68 -1723073393
31.093 123 -1723073393
31.120 162 -1723073393
31.147 201 -1723073393
31.173 236 -1723073393
31.200 249 -1723073393
31.227 250 -1723073393
31.253 238 -1723073393
31.280 209 -1723073393
31.307 169 -1723073393
31.333 124 -1723073393
31.360 72 -1723073393
31.387 22 -1723073393
31.413 -32 -1723073393
31.440 -92 -1723073393
31.467 -139 -1723073393
31.493 -174 -1723073393
31.520 -205 -1723073393
31.547 -216 -1723073393
31.573 -214 -1723073393
31.600 -214 -1723073393
31.627 -195 -1723073393
31.653 -161 -1723073393
31.680 -133 -1723073393
31.707 -89 -1723073393
31.733 -37 -1723073393
31.760 0 -1723073393
31.787 40 -1723073393
31.813 84 -1723073393
31.840 116 -1723073393
31.867 149 -1723073393
31.893 183 -1723073393
31.920 208 -1723073393
31.947 229 -1723073393
31.973 250 -1723073393
32.000 264 -1723073393
32.027 278 -1723073393
32.053 289 -1723073393
32.080 293 -1723073393
32.107 293 -1723073393
32.133 291 -1723073393
32.160 285 -1723073393
32.187 274 -1723073393
32.213 262 -1723073393
32.240 246 -1723073393
32.267 227 -1723073393
32.293 200 -1723073393
32.320 162 -1723073393
32.347 122 -1723073393
32.373 83 -1723073393
32.400 40 -1723073393
32.427 -2 -1723073393
32.453 -41 -1723073393
32.480 -78 -1723073393
32.507 -107 -1723073393
32.533 -122 -1723073393
32.560 -138 -1723073393
32.587 -145 -1723073393
32.613 -129 -1723073393
32.640 -112 -1723073393
32.667 -84 -1723073393
32.693 -33 -1723073393
32.720 16 -1723073393
32.747 63 -1723073393
32.773 123 -1723073393
32.800 180 -1723073393
32.827 227 -1723073393
32.853 275 -1723073393
32.880 309 -1723073393
32.907 322 -1723073393
32.933 324 -1723073393
32.960 313 -1723073393
32.987 282 -1723073393
33.013 239 -1723073393
33.040 180 -1723073393
33.067 103 -1723073393
33.093 21 -1723073393
33.120 -69 -1723073393
33.147 -158 -1723073393
33.173 -231 -1723073393
33.200 -294 -1723073393
33.227 -348 -1723073393
33.253 -373 -1723073393
33.280 -382 -1723073393
33.307 -383 -1723073393
33.333 -345 -1723073393
33.360 -290 -1723073393
33.387 -247 -1723073393
33.413 -184 -1723073393
33.440 -109 -1723073393
33.467 -42 -1723073393
33.493 38 -1723073393
33.520 125 -1723073393
33.547 194 -1723073393
33.573 257 -1723073393
33.600 314 -1723073393
33.627 353 -1723073393
33.653 383 -1723073393
33.680 407 -1723073393
33.707 421 -1723073393
33.733 431 -1723073393
33.760 437 -1723073393
33.787 436 -1723073393
33.813 432 -1723073393
33.840 427 -1723073393
33.867 424 -1723073393
33.893 426 -1723073393
33.920 430 -1723073393
33.947 434 -1723073393
33.973 437 -1723073393
34.000 437 -1723073393
34.027 430 -1723073393
34.053 414 -1723073393
34.080 389 -1723073393
34.107 356 -1723073393
34.133 318 -1723073393
34.160 276 -1723073393
34.187 226 -1723073393
34.213 181 -1723073393
34.240 140 -1723073393
34.267 94 -1723073393
34.293 53 -1723073393
34.320 23 -1723073393
34.347 -2 -1723073393
34.373 -20 -1723073393
34.400 -16 -1723073393
34.427 -7 -1723073393
34.453 9 -1723073393
34.480 43 -1723073393
34.507 82 -1723073393
34.533 121 -1723073393
34.560 178 -1723073393
34.587 238 -1723073393
34.613 287 -1723073393
34.640 338 -1723073393
34.667 383 -1723073393
34.693 412 -1723073393
34.720 428 -1723073393
34.747 430 -1723073393
34.773 415 -1723073393
34.800 381 -1723073393
34.827 329 -1723073393
34.853 263 -1723073393
34.880 188 -1723073393
34.907 104 -1723073393
34.933 19 -1723073393
34.960 -57 -1723073393
34.987 -129 -1723073393
35.013 -195 -1723073393
35.040 -240 -1723073393
35.067 -258 -1723073393
35.093 -267 -1723073393
35.120 -256 -1723073393
35.147 -216 -1723073393
35.173 -174 -1723073393
35.200 -121 -1723073393
35.227 -41 -1723073393
35.253 31 -1723073393
35.280 99 -1723073393
35.307 183 -1723073393
35.333 255 -1723073393
35.360 310 -1723073393
35.387 364 -1723073393
35.413 412 -1723073393
35.440 446 -1723073393
35.467 471 -1723073393
35.493 488 -1723073393
35.520 501 -1723073393
35.547 508 -1723073393
35.573 508 -1723073393
35.600 500 -1723073393
35.627 487 -1723073393
35.653 472 -1723073393
35.680 448 -1723073393
35.707 414 -1723073393
35.733 376 -1723073393
35.760 336 -1723073393
35.787 293 -1723073393
35.813 248 -1723073393
35.840 205 -1723073393
35.867 160 -1723073393
35.893 117 -1723073393
35.920 77 -1723073393
35.947 41 -1723073393
35.973 12 -1723073393
36.000 -13 -1723073393
36.027 -31 -1723073393
36.053 -35 -1723073393
36.080 -36 -1723073393
36.107 -34 -1723073393
36.133 -18 -1723073393
36.160 -2 -1723073393
36.187 18 -1723073393
36.213 57 -1723073393
36.240 103 -1723073393
36.267 146 -1723073393
36.293 196 -1723073393
36.320 249 -1723073393
36.347 294 -1723073393
36.373 333 -1723073393
36.400 370 -1723073393
36.427 395 -1723073393
36.453 406 -1723073393
36.480 414 -1723073393
36.507 412 -1723073393
36.533 392 -1723073393
36.560 364 -1723073393
36.587 333 -1723073393
36.613 284 -1723073393
36.640 224 -1723073393
36.667 161 -1723073393
36.693 95 -1723073393
36.720 32 -1723073393
36.747 -19 -1723073393
36.773 -55 -1723073393
36.800 -77 -1723073393
36.827 -94 -1723073393
36.853 -95 -1723073393
36.880 -74 -1723073393
36.907 -53 -1723073393
36.933 -28 -1723073393
36.960 16 -1723073393
36.987 61 -1723073393
37.013 105 -1723073393
37.040 165 -1723073393
37.067 219 -1723073393
37.093 260 -1723073393
37.120 300 -1723073393
37.147 331 -1723073393
37.173 351 -1723073393
37.200 372 -1723073393
37.227 390 -1723073393
37.253 396 -1723073393
37.280 388 -1723073393
37.307 375 -1723073393
37.333 360 -1723073393
37.360 347 -1723073393
37.387 335 -1723073393
37.413 324 -1723073393
37.440 315 -1723073393
37.467 311 -1723073393
37.493 314 -1723073393
37.520 318 -1723073393
37.547 321 -1723073393
37.573 326 -1723073393
37.600 332 -1723073393
37.627 337 -1723073393
37.653 337 -1723073393
37.680 334 -1723073393
37.707 329 -1723073393
37.733 319 -1723073393
37.760 310 -1723073393
37.787 302 -1723073393
37.813 292 -1723073393
37.840 281 -1723073393
37.867 269 -1723073393
37.893 252 -1723073393
37.920 236 -1723073393
37.947 227 -1723073393
37.973 220 -1723073393
38.000 217 -1723073393
38.027 223 -1723073393
38.053 232 -1723073393
38.080 237 -1723073393
38.107 245 -1723073393
38.133 257 -1723073393
38.160 264 -1723073393
38.187 272 -1723073393
38.213 278 -1723073393
38.240 275 -1723073393
38.267 269 -1723073393
38.293 263 -1723073393
38.320 249 -1723073393
38.347 223 -1723073393
38.373 186 -1723073393
38.400 142 -1723073393
38.427 98 -1723073393
38.453 49 -1723073393
38.480 -4 -1723073393
38.507 -54 -1723073393
38.533 -91 -1723073393
38.560 -125 -1723073393
38.587 -155 -1723073393
38.613 -162 -1723073393
38.640 -158 -1723073393
38.667 -160 -1723073393
38.693 -145 -1723073393
38.720 -107 -1723073393
38.747 -76 -1723073393
38.773 -40 -1723073393
38.800 9 -1723073393
38.827 48 -1723073393
38.853 85 -1723073393
38.880 131 -1723073393
38.907 171 -1723073393
38.933 203 -1723073393
38.960 231 -1723073393
38.987 246 -1723073393
39.013 255 -1723073393
39.040 263 -1723073393
39.067 266 -1723073393
39.093 265 -1723073393
39.120 265 -1723073393
39.147 263 -1723073393
39.173 259 -1723073393
39.200 258 -1723073393
39.227 258 -1723073393
39.253 255 -1723073393
39.280 254 -1723073393
39.307 258 -1723073393
39.333 255 -1723073393
39.360 248 -1723073393
39.387 245 -1723073393
39.413 238 -1723073393
39.440 227 -1723073393
39.467 217 -1723073393
39.493 204 -1723073393
39.520 189 -1723073393
39.547 178 -1723073393
39.573 173 -1723073393
39.600 170 -1723073393
39.627 170 -1723073393
39.653 169 -1723073393
39.680 167 -1723073393
39.707 172 -1723073393
39.733 181 -1723073393
39.760 188 -1723073393
39.787 196 -1723073393
39.813 204 -1723073393
39.840 203 -1723073393
39.867 203 -1723073393
39.893 205 -1723073393
39.920 199 -1723073393
39.947 189 -1723073393
39.973 177 -1723073393
40.000 156 -1723073393
40.027 129 -1723073393
40.053 105 -1723073393
40.080 81 -1723073393
40.107 54 -1723073393
40.133 34 -1723073393
40.160 13 -1723073393
40.187 -8 -1723073393
40.213 -20 -1723073393
40.240 -25 -1723073393
40.267 -34 -1723073393
40.293 -31 -1723073393
40.320 -19 -1723073393
40.347 -14 -1723073393
40.373 0 -1723073393
40.400 33 -1723073393
40.427 60 -1723073393
40.453 87 -1723073393
40.480 131 -1723073393
40.507 175 -1723073393
40.533 214 -1723073393
40.560 257 -1723073393
40.587 290 -1723073393
40.613 308 -1723073393
40.640 320 -1723073393
40.667 323 -1723073393
40.693 314 -1723073393
40.720 301 -1723073393
40.747 284 -1723073393
40.773 264 -1723073393
40.800 242 -1723073393
40.827 216 -1723073393
40.853 190 -1723073393
40.880 171 -1723073393
40.907 156 -1723073393
40.933 140 -1723073393
40.960 137 -1723073393
40.987 147 -1723073393
41.013 153 -1723073393
41.040 159 -1723073393
41.067 176 -1723073393
41.093 191 -1723073393
41.120 196 -1723073393
41.147 205 -1723073393
41.173 210 -1723073393
41.200 204 -1723073393
41.227 201 -1723073393
41.253 201 -1723073393
41.280 193 -1723073393
41.307 184 -1723073393
41.333 175 -1723073393
41.360 163 -1723073393
41.387 148 -1723073393
41.413 134 -1723073393
41.440 117 -1723073393
41.467 101 -1723073393
41.493 93 -1723073393
41.520 85 -1723073393
41.547 79 -1723073393
41.573 86 -1723073393
41.600 91 -1723073393
41.627 88 -1723073393
41.653 90 -1723073393
41.680 95 -1723073393
41.707 87 -1723073393
41.733 80 -1723073393
41.760 76 -1723073393
41.787 63 -1723073393
41.813 46 -1723073393
41.840 37 -1723073393
41.867 26 -1723073393
41.893 14 -1723073393
41.920 8 -1723073393
41.947 -4 -1723073393
41.973 -25 -1723073393
42.000 -34 -1723073393
42.027 -41 -1723073393
42.053 -57 -1723073393
42.080 -65 -1723073393
42.107 -65 -1723073393
42.133 -73 -1723073393
42.160 -70 -1723073393
42.187 -54 -1723073393
42.213 -48 -1723073393
42.240 -44 -1723073393
42.267 -25 -1723073393
42.293 -14 -1723073393
42.320 -10 -1723073393
42.347 3 -1723073393
42.373 12 -1723073393
42.400 12 -1723073393
42.427 19 -1723073393
42.453 21 -1723073393
42.480 10 -1723073393
42.507 8 -1723073393
42.533 10 -1723073393
42.560 3 -1723073393
42.587 2 -1723073393
42.613 10 -1723073393
42.640 9 -1723073393
42.667 10 -1723073393
42.693 22 -1723073393
42.720 27 -1723073393
42.747 31 -1723073393
42.773 46 -1723073393
42.800 57 -1723073393
42.827 62 -1723073393
42.853 80 -1723073393
42.880 96 -1723073393
42.907 96 -1723073393
42.933 107 -1723073393
42.960 126 -1723073393
42.987 131 -1723073393
43.013 136 -1723073393
43.040 144 -1723073393
43.067 143 -1723073393
43.093 139 -1723073393
43.120 142 -1723073393
43.147 135 -1723073393
43.173 121 -1723073393
43.200 116 -1723073393
43.227 111 -1723073393
43.253 100 -1723073393
43.280 95 -1723073393
43.307 89 -1723073393
43.333 78 -1723073393
43.360 69 -1723073393
43.387 65 -1723073393
43.413 54 -1723073393
43.440 42 -1723073393
43.467 34 -1723073393
43.493 21 -1723073393
43.520 9 -1723073393
43.547 0 -1723073393
43.573 -21 -1723073393
43.600 -53 -1723073393
43.627 -77 -1723073393
43.653 -107 -1723073393
43.680 -142 -1723073393
43.707 -161 -1723073393
43.733 -174 -1723073393
43.760 -192 -1723073393
43.787 -196 -1723073393
43.813 -182 -1723073393
43.840 -179 -1723073393
43.867 -170 -1723073393
43.893 -138 -1723073393
43.920 -113 -1723073393
43.947 -94 -1723073393
43.973 -55 -1723073393
44.000 -19 -1723073393
44.027 -2 -1723073393
44.053 18 -1723073393
44.080 35 -1723073393
44.107 32 -1723073393
44.133 28 -1723073393
44.160 23 -1723073393
44.187 1 -1723073393
44.213 -24 -1723073393
44.240 -45 -1723073393
44.267 -74 -1723073393
44.293 -99 -1723073393
44.320 -112 -1723073393
44.347 -128 -1723073393
44.373 -142 -1723073393
44.400 -136 -1723073393
44.427 -124 -1723073393
44.453 -112 -1723073393
44.480 -75 -1723073393
44.507 -31 -1723073393
44.533 2 -1723073393
44.560 45 -1723073393
44.587 99 -1723073393
44.613 139 -1723073393
44.640 173 -1723073393
44.667 212 -1723073393
44.693 239 -1723073393
44.720 257 -1723073393
44.747 278 -1723073393
44.773 296 -1723073393
44.800 304 -1723073393
44.827 306 -1723073393
44.853 304 -1723073393
44.880 291 -1723073393
44.907 271 -1723073393
44.933 247 -1723073393
44.960 219 -1723073393
44.987 188 -1723073393
45.013 155 -1723073393
45.040 118 -1723073393
45.067 85 -1723073393
45.093 54 -1723073393
45.120 19 -1723073393
45.147 -12 -1723073393
45.173 -34 -1723073393
45.200 -59 -1723073393
45.227 -87 -1723073393
45.253 -100 -1723073393
45.280 -104 -1723073393
45.307 -112 -1723073393
45.333 -108 -1723073393
45.360 -90 -1723073393
45.387 -83 -1723073393
45.413 -75 -1723073393
45.440 -51 -1723073393
45.467 -34 -1723073393
45.493 -23 -1723073393
45.520 -1 -1723073393
45.547 19 -1723073393
45.573 32 -1723073393
45.600 51 -1723073393
45.627 69 -1723073393
45.653 80 -1723073393
45.680 96 -1723073393
45.707 117 -1723073393
45.733 128 -1723073393
45.760 138 -1723073393
45.787 147 -1723073393
45.813 147 -1723073393
45.840 140 -1723073393
45.867 134 -1723073393
45.893 121 -1723073393
45.920 98 -1723073393
45.947 73 -1723073393
45.973 49 -1723073393
46.000 21 -1723073393
46.027 -1 -1723073393
46.053 -17 -1723073393
46.080 -35 -1723073393
46.107 -44 -1723073393
46.133 -45 -1723073393
46.160 -51 -1723073393
46.187 -49 -1723073393
46.213 -30 -1723073393
46.240 -14 -1723073393
46.267 1 -1723073393
46.293 28 -1723073393
46.320 51 -1723073393
46.347 66 -1723073393
46.373 88 -1723073393
46.400 113 -1723073393
46.427 135 -1723073393
46.453 157 -1723073393
46.480 183 -1723073393
46.507 202 -1723073393
46.533 219 -1723073393
46.560 237 -1723073393
46.587 249 -1723073393
46.613 256 -1723073393
46.640 267 -1723073393
46.667 277 -1723073393
46.693 278 -1723073393
46.720 279 -1723073393
46.747 279 -1723073393
46.773 272 -1723073393
46.800 260 -1723073393
46.827 243 -1723073393
46.853 222 -1723073393
46.880 197 -1723073393
46.907 168 -1723073393
46.933 138 -1723073393
46.960 111 -1723073393
46.987 85 -1723073393
47.013 60 -1723073393
47.040 35 -1723073393
47.067 21 -1723073393
47.093 18 -1723073393
47.120 12 -1723073393
47.147 14 -1723073393
47.173 22 -1723073393
47.200 25 -1723073393
47.227 32 -1723073393
47.253 54 -1723073393
47.280 79 -1723073393
47.307 102 -1723073393
47.333 132 -1723073393
47.360 157 -1723073393
47.387 173 -1723073393
47.413 193 -1723073393
47.440 214 -1723073393
47.467 229 -1723073393
47.493 242 -1723073393
47.520 252 -1723073393
47.547 252 -1723073393
47.573 248 -1723073393
47.600 247 -1723073393
47.627 243 -1723073393
47.653 232 -1723073393
47.680 216 -1723073393
47.707 199 -1723073393
47.733 183 -1723073393
47.760 169 -1723073393
47.787 156 -1723073393
47.813 141 -1723073393
47.840 129 -1723073393
47.867 124 -1723073393
47.893 114 -1723073393
47.920 105 -1723073393
47.947 108 -1723073393
47.973 113 -1723073393
48.000 123 -1723073393
48.027 149 -1723073393
48.053 182 -1723073393
48.080 209 -1723073393
48.107 240 -1723073393
48.133 281 -1723073393
48.160 315 -1723073393
48.187 349 -1723073393
48.213 389 -1723073393
48.240 423 -1723073393
48.267 452 -1723073393
48.293 485 -1723073393
48.320 514 -1723073393
48.347 530 -1723073393
48.373 547 -1723073393
48.400 570 -1723073393
48.427 584 -1723073393
48.453 583 -1723073393
48.480 578 -1723073393
48.507 570 -1723073393
48.533 547 -1723073393
48.560 521 -1723073393
48.587 500 -1723073393
48.613 474 -1723073393
48.640 438 -1723073393
48.667 405 -1723073393
48.693 373 -1723073393
48.720 341 -1723073393
48.747 316 -1723073393
48.773 299 -1723073393
48.800 284 -1723073393
48.827 272 -1723073393
48.853 264 -1723073393
48.880 261 -1723073393
48.907 266 -1723073393
48.933 273 -1723073393
48.960 280 -1723073393
48.987 294 -1723073393
49.013 308 -1723073393
49.040 317 -1723073393
49.067 327 -1723073393
49.093 337 -1723073393
49.120 339 -1723073393
49.147 335 -1723073393
49.173 331 -1723073393
49.200 322 -1723073393
49.227 305 -1723073393
49.253 286 -1723073393
49.280 267 -1723073393
49.307 249 -1723073393
49.333 231 -1723073393
49.360 217 -1723073393
49.387 202 -1723073393
49.413 190 -1723073393
49.440 184 -1723073393
49.467 176 -1723073393
49.493 171 -1723073393
49.520 174 -1723073393
49.547 172 -1723073393
49.573 167 -1723073393
49.600 166 -1723073393
49.627 168 -1723073393
49.653 171 -1723073393
49.680 178 -1723073393
49.707 185 -1723073393
49.733 189 -1723073393
49.760 202 -1723073393
49.787 221 -1723073393
49.813 231 -1723073393
49.840 239 -1723073393
49.867 256 -1723073393
49.893 271 -1723073393
49.920 279 -1723073393
49.947 288 -1723073393
49.973 294 -1723073393
50.000 293 -1723073393
50.027 290 -1723073393
50.053 285 -1723073393
50.080 273 -1723073393
50.107 262 -1723073393
50.133 255 -1723073393
50.160 242 -1723073393
50.187 228 -1723073393
50.213 217 -1723073393
50.240 205 -1723073393
50.267 190 -1723073393
50.293 178 -1723073393
50.320 164 -1723073393
50.347 142 -1723073393
50.373 119 -1723073393
50.400 93 -1723073393
50.427 61 -1723073393
50.453 27 -1723073393
50.480 -1 -1723073393
50.507 -36 -1723073393
50.533 -71 -1723073393
50.560 -98 -1723073393
50.587 -128 -1723073393
50.613 -158 -1723073393
50.640 -180 -1723073393
50.667 -198 -1723073393
50.693 -210 -1723073393
50.720 -203 -1723073393
50.747 -193 -1723073393
50.773 -189 -1723073393
50.800 -175 -1723073393
50.827 -154 -1723073393
50.853 -142 -1723073393
50.880 -125 -1723073393
50.907 -97 -1723073393
50.933 -78 -1723073393
50.960 -67 -1723073393
50.987 -46 -1723073393
51.013 -34 -1723073393
51.040 -33 -1723073393
51.067 -29 -1723073393
51.093 -28 -1723073393
51.120 -38 -1723073393
51.147 -44 -1723073393
51.173 -44 -1723073393
51.200 -44 -1723073393
51.227 -42 -1723073393
51.253 -34 -1723073393
51.280 -34 -1723073393
51.307 -36 -1723073393
51.333 -28 -1723073393
51.360 -21 -1723073393
51.387 -18 -1723073393
51.413 -5 -1723073393
51.440 5 -1723073393
51.467 8 -1723073393
51.493 19 -1723073393
51.520 42 -1723073393
51.547 59 -1723073393
51.573 77 -1723073393
51.600 109 -1723073393
51.627 138 -1723073393
51.653 165 -1723073393
51.680 201 -1723073393
51.707 234 -1723073393
51.733 254 -1723073393
51.760 272 -1723073393
51.787 289 -1723073393
51.813 299 -1723073393
51.840 306 -1723073393
51.867 314 -1723073393
51.893 322 -1723073393
51.920 324 -1723073393
51.947 324 -1723073393
51.973 324 -1723073393
52.000 317 -1723073393
52.027 307 -1723073393
52.053 301 -1723073393
52.080 293 -1723073393
52.107 287 -1723073393
52.133 285 -1723073393
52.160 282 -1723073393
52.187 275 -1723073393
52.213 274 -1723073393
52.240 274 -1723073393
52.267 268 -1723073393
52.293 261 -1723073393
52.320 251 -1723073393
52.347 236 -1723073393
52.373 223 -1723073393
52.400 214 -1723073393
52.427 202 -1723073393
52.453 194 -1723073393
52.480 188 -1723073393
52.507 178 -1723073393
52.533 171 -1723073393
52.560 171 -1723073393
52.587 173 -1723073393
52.613 175 -1723073393
52.640 183 -1723073393
52.667 189 -1723073393
52.693 190 -1723073393
52.720 192 -1723073393
52.747 190 -1723073393
52.773 182 -1723073393
52.800 173 -1723073393
52.827 166 -1723073393
52.853 152 -1723073393
52.880 136 -1723073393
52.907 121 -1723073393
52.933 102 -1723073393
52.960 83 -1723073393
52.987 74 -1723073393
53.013 66 -1723073393
53.040 54 -1723073393
53.067 49 -1723073393
53.093 46 -1723073393
53.120 40 -1723073393
53.147 42 -1723073393
53.173 53 -1723073393
53.200 57 -1723073393
53.227 60 -1723073393
53.253 68 -1723073393
53.280 78 -1723073393
53.307 88 -1723073393
53.333 103 -1723073393
53.360 117 -1723073393
53.387 122 -1723073393
53.413 128 -1723073393
53.440 134 -1723073393
53.467 136 -1723073393
53.493 140 -1723073393
53.520 148 -1723073393
53.547 154 -1723073393
53.573 156 -1723073393
53.600 159 -1723073393
53.627 159 -1723073393
53.653 158 -1723073393
53.680 168 -1723073393
53.707 182 -1723073393
53.733 195 -1723073393
53.760 208 -1723073393
53.787 227 -1723073393
53.813 243 -1723073393
53.840 253 -1723073393
53.867 263 -1723073393
53.893 274 -1723073393
53.920 284 -1723073393
53.947 292 -1723073393
53.973 292 -1723073393
54.000 285 -1723073393
54.027 276 -1723073393
54.053 266 -1723073393
54.080 253 -1723073393
54.107 238 -1723073393
54.133 216 -1723073393
54.160 185 -1723073393
54.187 147 -1723073393
54.213 111 -1723073393
54.240 75 -1723073393
54.267 42 -1723073393
54.293 18 -1723073393
54.320 -4 -1723073393
54.347 -27 -1723073393
54.373 -37 -1723073393
54.400 -36 -1723073393
54.427 -39 -1723073393
54.453 -40 -1723073393
54.480 -31 -1723073393
54.507 -25 -1723073393
54.533 -18 -1723073393
54.560 -2 -1723073393
54.587 10 -1723073393
54.613 14 -1723073393
54.640 26 -1723073393
54.667 43 -1723073393
54.693 48 -1723073393
54.720 51 -1723073393
54.747 55 -1723073393
54.773 51 -1723073393
54.800 45 -1723073393
54.827 52 -1723073393
54.853 55 -1723073393
54.880 48 -1723073393
54.907 51 -1723073393
54.933 57 -1723073393
54.960 60 -1723073393
54.987 71 -1723073393
55.013 89 -1723073393
55.040 103 -1723073393
55.067 119 -1723073393
55.093 142 -1723073393
55.120 161 -1723073393
55.147 176 -1723073393
55.173 198 -1723073393
55.200 222 -1723073393
55.227 238 -1723073393
55.253 259 -1723073393
55.280 288 -1723073393
55.307 312 -1723073393
55.333 331 -1723073393
55.360 351 -1723073393
55.387 368 -1723073393
55.413 383 -1723073393
55.440 397 -1723073393
55.467 408 -1723073393
55.493 418 -1723073393
55.520 429 -1723073393
55.547 443 -1723073393
55.573 456 -1723073393
55.600 458 -1723073393
55.627 457 -1723073393
55.653 457 -1723073393
55.680 455 -1723073393
55.707 457 -1723073393
55.733 465 -1723073393
55.760 471 -1723073393
55.787 472 -1723073393
55.813 477 -1723073393
55.840 483 -1723073393
55.867 487 -1723073393
55.893 491 -1723073393
55.920 491 -1723073393
55.947 482 -1723073393
55.973 471 -1723073393
56.000 465 -1723073393
56.027 458 -1723073393
56.053 446 -1723073393
56.080 433 -1723073393
56.107 414 -1723073393
56.133 392 -1723073393
56.160 370 -1723073393
56.187 348 -1723073393
56.213 327 -1723073393
56.240 309 -1723073393
56.267 293 -1723073393
56.293 273 -1723073393
56.320 248 -1723073393
56.347 224 -1723073393
56.373 199 -1723073393
56.400 174 -1723073393
56.427 149 -1723073393
56.453 124 -1723073393
56.480 103 -1723073393
56.507 85 -1723073393
56.533 64 -1723073393
56.560 47 -1723073393
56.587 40 -1723073393
56.613 32 -1723073393
56.640 20 -1723073393
56.667 22 -1723073393
56.693 27 -1723073393
56.720 20 -1723073393
56.747 16 -1723073393
56.773 17 -1723073393
56.800 9 -1723073393
56.827 1 -1723073393
56.853 0 -1723073393
56.880 -8 -1723073393
56.907 -22 -1723073393
56.933 -29 -1723073393
56.960 -36 -1723073393
56.987 -49 -1723073393
57.013 -57 -1723073393
57.040 -61 -1723073393
57.067 -68 -1723073393
57.093 -69 -1723073393
57.120 -57 -1723073393
57.147 -47 -1723073393
57.173 -35 -1723073393
57.200 -11 -1723073393
57.227 11 -1723073393
57.253 23 -1723073393
57.280 41 -1723073393
57.307 67 -1723073393
57.333 85 -1723073393
57.360 102 -1723073393
57.387 125 -1723073393
57.413 146 -1723073393
57.440 161 -1723073393
57.467 183 -1723073393
57.493 208 -1723073393
57.520 225 -1723073393
57.547 240 -1723073393
57.573 256 -1723073393
57.600 270 -1723073393
57.627 283 -1723073393
57.653 302 -1723073393
57.680 321 -1723073393
57.707 339 -1723073393
57.733 352 -1723073393
57.760 363 -1723073393
57.787 372 -1723073393
57.813 378 -1723073393
57.840 381 -1723073393
57.867 380 -1723073393
57.893 377 -1723073393
57.920 378 -1723073393
57.947 385 -1723073393
57.973 394 -1723073393
58.000 398 -1723073393
58.027 403 -1723073393
58.053 406 -1723073393
58.080 407 -1723073393
58.107 412 -1723073393
58.133 417 -1723073393
58.160 419 -1723073393
58.187 424 -1723073393
58.213 434 -1723073393
58.240 444 -1723073393
58.267 453 -1723073393
58.293 465 -1723073393
58.320 477 -1723073393
58.347 484 -1723073393
58.373 495 -1723073393
58.400 511 -1723073393
58.427 526 -1723073393
58.453 545 -1723073393
58.480 567 -1723073393
58.507 585 -1723073393
58.533 601 -1723073393
58.560 624 -1723073393
58.587 643 -1723073393
58.613 648 -1723073393
58.640 654 -1723073393
58.667 664 -1723073393
58.693 664 -1723073393
58.720 663 -1723073393
58.747 670 -1723073393
58.773 669 -1723073393
58.800 659 -1723073393
58.827 655 -1723073393
58.853 651 -1723073393
58.880 644 -1723073393
58.907 647 -1723073393
58.933 651 -1723073393
58.960 646 -1723073393
58.987 641 -1723073393
59.013 640 -1723073393
59.040 634 -1723073393
59.067 627 -1723073393
59.093 628 -1723073393
59.120 621 -1723073393
59.147 603 -1723073393
59.173 588 -1723073393
59.200 572 -1723073393
59.227 545 -1723073393
59.253 522 -1723073393
59.280 505 -1723073393
59.307 486 -1723073393
59.333 469 -1723073393
59.360 455 -1723073393
59.387 440 -1723073393
59.413 430 -1723073393
59.440 428 -1723073393
59.467 423 -1723073393
59.493 417 -1723073393
59.520 414 -1723073393
59.547 412 -1723073393
59.573 404 -1723073393
59.600 390 -1723073393
59.627 371 -1723073393
59.653 348 -1723073393
59.680 322 -1723073393
59.707 293 -1723073393
59.733 253 -1723073393
59.760 210 -1723073393
59.787 165 -1723073393
59.813 119 -1723073393
59.840 77 -1723073393
59.867 40 -1723073393
59.893 3 -1723073393
59.920 -27 -1723073393
59.947 -44 -1723073393
59.973 -63 -1723073393
60.000 -79 -1723073393
60.027 -79 -1723073393
60.053 -79 -1723073393
60.080 -84 -1723073393
60.107 -74 -1723073393
60.133 -54 -1723073393
60.160 -42 -1723073393
60.187 -27 -1723073393
60.213 0 -1723073393
60.240 17 -1723073393
60.267 28 -1723073393
60.293 46 -1723073393
60.320 59 -1723073393
60.347 62 -1723073393
60.373 66 -1723073393
60.400 67 -1723073393
60.427 54 -1723073393
60.453 37 -1723073393
60.480 24 -1723073393
60.507 0 -1723073393
60.533 -34 -1723073393
60.560 -57 -1723073393
60.587 -75 -1723073393
60.613 -100 -1723073393
60.640 -117 -1723073393
60.667 -131 -1723073393
60.693 -152 -1723073393
60.720 -170 -1723073393
60.747 -172 -1723073393
60.773 -180 -1723073393
60.800 -191 -1723073393
60.827 -183 -1723073393
60.853 -174 -1723073393
60.880 -177 -1723073393
60.907 -172 -1723073393
60.933 -158 -1723073393
60.960 -157 -1723073393
60.987 -153 -1723073393
61.013 -134 -1723073393
61.040 -127 -1723073393
61.067 -132 -1723073393
61.093 -126 -1723073393
61.120 -118 -1723073393
61.147 -121 -1723073393
61.173 -117 -1723073393
61.200 -101 -1723073393
61.227 -96 -1723073393
61.253 -95 -1723073393
61.280 -90 -1723073393
61.307 -97 -1723073393
61.333 -119 -1723073393
61.360 -136 -1723073393
61.387 -152 -1723073393
61.413 -176 -1723073393
61.440 -195 -1723073393
61.467 -204 -1723073393
61.493 -219 -1723073393
61.520 -240 -1723073393
61.547 -251 -1723073393
61.573 -264 -1723073393
61.600 -283 -1723073393
61.627 -291 -1723073393
61.653 -294 -1723073393
61.680 -301 -1723073393
61.707 -292 -1723073393
61.733 -269 -1723073393
61.760 -257 -1723073393
61.787 -246 -1723073393
61.813 -218 -1723073393
61.840 -195 -1723073393
61.867 -185 -1723073393
61.893 -163 -1723073393
61.920 -131 -1723073393
61.947 -110 -1723073393
61.973 -87 -1723073393
62.000 -50 -1723073393
62.027 -24 -1723073393
62.053 -14 -1723073393
62.080 0 -1723073393
62.107 14 -1723073393
62.133 18 -1723073393
62.160 18 -1723073393
62.187 18 -1723073393
62.213 8 -1723073393
62.240 -4 -1723073393
62.267 -18 -1723073393
62.293 -40 -1723073393
62.320 -66 -1723073393
62.347 -81 -1723073393
62.373 -96 -1723073393
62.400 -118 -1723073393
62.427 -137 -1723073393
62.453 -150 -1723073393
62.480 -167 -1723073393
62.507 -177 -1723073393
62.533 -175 -1723073393
62.560 -180 -1723073393
62.587 -186 -1723073393
62.613 -179 -1723073393
62.640 -172 -1723073393
62.667 -171 -1723073393
62.693 -156 -1723073393
62.720 -135 -1723073393
62.747 -125 -1723073393
62.773 -109 -1723073393
62.800 -79 -1723073393
62.827 -60 -1723073393
62.853 -49 -1723073393
62.880 -29 -1723073393
62.907 -16 -1723073393
62.933 -15 -1723073393
62.960 -8 -1723073393
62.987 2 -1723073393
63.013 1 -1723073393
63.040 -3 -1723073393
63.067 -2 -1723073393
63.093 -9 -1723073393
63.120 -27 -1723073393
63.147 -44 -1723073393
63.173 -66 -1723073393
63.200 -99 -1723073393
63.227 -130 -1723073393
63.253 -158 -1723073393
63.280 -190 -1723073393
63.307 -216 -1723073393
63.333 -232 -1723073393
63.360 -257 -1723073393
63.387 -290 -1723073393
63.413 -307 -1723073393
63.440 -322 -1723073393
63.467 -340 -1723073393
63.493 -341 -1723073393
63.520 -332 -1723073393
63.547 -332 -1723073393
63.573 -322 -1723073393
63.600 -291 -1723073393
63.627 -264 -1723073393
63.653 -242 -1723073393
63.680 -207 -1723073393
63.707 -173 -1723073393
63.733 -154 -1723073393
63.760 -127 -1723073393
63.787 -89 -1723073393
63.813 -68 -1723073393
63.840 -54 -1723073393
63.867 -28 -1723073393
63.893 -13 -1723073393
63.920 -11 -1723073393
63.947 -8 -1723073393
63.973 -14 -1723073393
64.000 -35 -1723073393
64.027 -55 -1723073393
64.053 -70 -1723073393
64.080 -93 -1723073393
64.107 -122 -1723073393
64.133 -139 -1723073393
64.160 -153 -1723073393
64.187 -171 -1723073393
64.213 -178 -1723073393
64.240 -180 -1723073393
64.267 -184 -1723073393
64.293 -177 -1723073393
64.320 -158 -1723073393
64.347 -147 -1723073393
64.373 -133 -1723073393
64.400 -102 -1723073393
64.427 -75 -1723073393
64.453 -58 -1723073393
64.480 -34 -1723073393
64.507 -5 -1723073393
64.533 15 -1723073393
64.560 38 -1723073393
64.587 68 -1723073393
64.613 89 -1723073393
64.640 100 -1723073393
64.667 112 -1723073393
64.693 121 -1723073393
64.720 120 -1723073393
64.747 115 -1723073393
64.773 112 -1723073393
64.800 106 -1723073393
64.827 98 -1723073393
64.853 89 -1723073393
64.880 74 -1723073393
64.907 54 -1723073393
64.933 36 -1723073393
64.960 21 -1723073393
64.987 5 -1723073393
65.013 -4 -1723073393
65.040 -13 -1723073393
65.067 -24 -1723073393
65.093 -31 -1723073393
65.120 -29 -1723073393
65.147 -27 -1723073393
65.173 -26 -1723073393
65.200 -13 -1723073393
65.227 4 -1723073393
65.253 18 -1723073393
65.280 35 -1723073393
65.307 59 -1723073393
65.333 78 -1723073393
65.360 96 -1723073393
65.387 123 -1723073393
65.413 147 -1723073393
65.440 168 -1723073393
65.467 197 -1723073393
65.493 225 -1723073393
65.520 244 -1723073393
65.547 261 -1723073393
65.573 277 -1723073393
65.600 288 -1723073393
65.627 297 -1723073393
65.653 310 -1723073393
65.680 320 -1723073393
65.707 323 -1723073393
65.733 324 -1723073393
65.760 322 -1723073393
65.787 315 -1723073393
65.813 307 -1723073393
65.840 301 -1723073393
65.867 298 -1723073393
65.893 295 -1723073393
65.920 293 -1723073393
65.947 293 -1723073393
65.973 290 -1723073393
66.000 285 -1723073393
66.027 283 -1723073393
66.053 279 -1723073393
66.080 271 -1723073393
66.107 266 -1723073393
66.133 265 -1723073393
66.160 261 -1723073393
66.187 255 -1723073393
66.213 250 -1723073393
66.240 244 -1723073393
66.267 236 -1723073393
66.293 229 -1723073393
66.320 222 -1723073393
66.347 212 -1723073393
66.373 203 -1723073393
66.400 197 -1723073393
66.427 191 -1723073393
66.453 187 -1723073393
66.480 188 -1723073393
66.507 189 -1723073393
66.533 194 -1723073393
66.560 206 -1723073393
66.587 216 -1723073393
66.613 221 -1723073393
66.640 229 -1723073393
66.667 236 -1723073393
66.693 236 -1723073393
66.720 231 -1723073393
66.747 230 -1723073393
66.773 229 -1723073393
66.800 227 -1723073393
66.827 228 -1723073393
66.853 232 -1723073393
66.880 236 -1723073393
66.907 241 -1723073393
66.933 245 -1723073393
66.960 253 -1723073393
66.987 267 -1723073393
67.013 281 -1723073393
67.040 294 -1723073393
67.067 315 -1723073393
67.093 337 -1723073393
67.120 356 -1723073393
67.147 374 -1723073393
67.173 393 -1723073393
67.200 417 -1723073393
67.227 440 -1723073393
67.253 457 -1723073393
67.280 469 -1723073393
67.307 480 -1723073393
67.333 485 -1723073393
67.360 484 -1723073393
67.387 486 -1723073393
67.413 492 -1723073393
67.440 494 -1723073393
67.467 494 -1723073393
67.493 496 -1723073393
67.520 493 -1723073393
67.547 486 -1723073393
67.573 479 -1723073393
67.600 469 -1723073393
67.627 452 -1723073393
67.653 436 -1723073393
67.680 425 -1723073393
67.707 412 -1723073393
67.733 396 -1723073393
67.760 382 -1723073393
67.787 375 -1723073393
67.813 370 -1723073393
67.840 364 -1723073393
67.867 360 -1723073393
67.893 358 -1723073393
67.920 357 -1723073393
67.947 355 -1723073393
67.973 351 -1723073393
68.000 346 -1723073393
68.027 338 -1723073393
68.053 327 -1723073393
68.080 318 -1723073393
68.107 308 -1723073393
68.133 294 -1723073393
68.160 280 -1723073393
68.187 271 -1723073393
68.213 263 -1723073393
68.240 258 -1723073393
68.267 255 -1723073393
68.293 250 -1723073393
68.320 248 -1723073393
68.347 251 -1723073393
68.373 254 -1723073393
68.400 255 -1723073393
68.427 259 -1723073393
68.453 271 -1723073393
68.480 278 -1723073393
68.507 282 -1723073393
68.533 284 -1723073393
68.560 280 -1723073393
68.587 275 -1723073393
68.613 275 -1723073393
68.640 271 -1723073393
68.667 266 -1723073393
68.693 267 -1723073393
68.720 271 -1723073393
68.747 268 -1723073393
68.773 263 -1723073393
68.800 265 -1723073393
68.827 269 -1723073393
68.853 272 -1723073393
68.880 279 -1723073393
68.907 286 -1723073393
68.933 291 -1723073393
68.960 297 -1723073393
68.987 306 -1723073393
69.013 315 -1723073393
69.040 320 -1723073393
69.067 327 -1723073393
69.093 334 -1723073393
69.120 341 -1723073393
69.147 351 -1723073393
69.173 362 -1723073393
69.200 369 -1723073393
69.227 373 -1723073393
69.253 379 -1723073393
69.280 386 -1723073393
69.307 393 -1723073393
69.333 400 -1723073393
69.360 408 -1723073393
69.387 414 -1723073393
69.413 415 -1723073393
69.440 416 -1723073393
69.467 414 -1723073393
69.493 409 -1723073393
69.520 403 -1723073393
69.547 398 -1723073393
69.573 392 -1723073393
69.600 384 -1723073393
69.627 376 -1723073393
69.653 365 -1723073393
69.680 345 -1723073393
69.707 322 -1723073393
69.733 298 -1723073393
69.760 273 -1723073393
69.787 250 -1723073393
69.813 228 -1723073393
69.840 205 -1723073393
69.867 187 -1723073393
69.893 173 -1723073393
69.920 159 -1723073393
69.947 151 -1723073393
69.973 149 -1723073393
70.000 148 -1723073393
70.027 146 -1723073393
70.053 155 -1723073393
70.080 168 -1723073393
70.107 178 -1723073393
70.133 192 -1723073393
70.160 209 -1723073393
70.187 221 -1723073393
70.213 232 -1723073393
70.240 249 -1723073393
70.267 266 -1723073393
70.293 281 -1723073393
70.320 298 -1723073393
70.347 311 -1723073393
70.373 319 -1723073393
70.400 326 -1723073393
70.427 337 -1723073393
70.453 341 -1723073393
70.480 337 -1723073393
70.507 330 -1723073393
70.533 323 -1723073393
70.560 315 -1723073393
70.587 310 -1723073393
70.613 306 -1723073393
70.640 302 -1723073393
70.667 301 -1723073393
70.693 299 -1723073393
70.720 295 -1723073393
70.747 290 -1723073393
70.773 286 -1723073393
70.800 283 -1723073393
70.827 279 -1723073393
70.853 279 -1723073393
70.880 284 -1723073393
70.907 289 -1723073393
70.933 292 -1723073393
70.960 299 -1723073393
70.987 305 -1723073393
71.013 310 -1723073393
71.040 316 -1723073393
71.067 323 -1723073393
71.093 326 -1723073393
71.120 328 -1723073393
71.147 335 -1723073393
71.173 343 -1723073393
71.200 349 -1723073393
71.227 354 -1723073393
71.253 361 -1723073393
71.280 363 -1723073393
71.307 364 -1723073393
71.333 369 -1723073393
71.360 376 -1723073393
71.387 381 -1723073393
71.413 386 -1723073393
71.440 388 -1723073393
71.467 388 -1723073393
71.493 386 -1723073393
71.520 380 -1723073393
71.547 372 -1723073393
71.573 364 -1723073393
71.600 357 -1723073393
71.627 345 -1723073393
71.653 329 -1723073393
71.680 319 -1723073393
71.707 305 -1723073393
71.733 292 -1723073393
71.760 283 -1723073393
71.787 272 -1723073393
71.813 254 -1723073393
71.840 242 -1723073393
71.867 240 -1723073393
71.893 237 -1723073393
71.920 234 -1723073393
71.947 240 -1723073393
71.973 243 -1723073393
72.000 240 -1723073393
72.027 242 -1723073393
72.053 244 -1723073393
72.080 243 -1723073393
72.107 246 -1723073393
72.133 255 -1723073393
72.160 260 -1723073393
72.187 258 -1723073393
72.213 253 -1723073393
72.240 244 -1723073393
72.267 235 -1723073393
72.293 232 -1723073393
72.320 228 -1723073393
72.347 218 -1723073393
72.373 215 -1723073393
72.400 217 -1723073393
72.427 218 -1723073393
72.453 223 -1723073393
72.480 236 -1723073393
72.507 246 -1723073393
72.533 249 -1723073393
72.560 251 -1723073393
72.587 252 -1723073393
72.613 250 -1723073393
72.640 251 -1723073393
72.667 256 -1723073393
72.693 255 -1723073393
72.720 255 -1723073393
72.747 262 -1723073393
72.773 268 -1723073393
72.800 266 -1723073393
72.827 262 -1723073393
72.853 257 -1723073393
72.880 247 -1723073393
72.907 239 -1723073393
72.933 236 -1723073393
72.960 234 -1723073393
72.987 228 -1723073393
73.013 219 -1723073393
73.040 209 -1723073393
73.067 195 -1723073393
73.093 184 -1723073393
73.120 177 -1723073393
73.147 170 -1723073393
73.173 165 -1723073393
73.200 167 -1723073393
73.227 169 -1723073393
73.253 166 -1723073393
73.280 165 -1723073393
73.307 167 -1723073393
73.333 167 -1723073393
73.360 174 -1723073393
73.387 186 -1723073393
73.413 197 -1723073393
73.440 206 -1723073393
73.467 217 -1723073393
73.493 225 -1723073393
73.520 230 -1723073393
73.547 237 -1723073393
73.573 246 -1723073393
73.600 255 -1723073393
73.627 268 -1723073393
73.653 282 -1723073393
73.680 294 -1723073393
73.707 303 -1723073393
73.733 314 -1723073393
73.760 323 -1723073393
73.787 330 -1723073393
73.813 336 -1723073393
73.840 341 -1723073393
73.867 340 -1723073393
73.893 337 -1723073393
73.920 339 -1723073393
73.947 338 -1723073393
73.973 329 -1723073393
74.000 321 -1723073393
74.027 308 -1723073393
74.053 285 -1723073393
74.080 261 -1723073393
74.107 238 -1723073393
74.133 212 -1723073393
74.160 189 -1723073393
74.187 172 -1723073393
74.213 153 -1723073393
74.240 135 -1723073393
74.267 120 -1723073393
74.293 104 -1723073393
74.320 91 -1723073393
74.347 92 -1723073393
74.373 99 -1723073393
74.400 101 -1723073393
74.427 108 -1723073393
74.453 122 -1723073393
74.480 132 -1723073393
74.507 143 -1723073393
74.533 160 -1723073393
74.560 170 -1723073393
74.587 178 -1723073393
74.613 193 -1723073393
74.640 205 -1723073393
74.667 212 -1723073393
74.693 221 -1723073393
74.720 234 -1723073393
74.747 244 -1723073393
74.773 253 -1723073393
74.800 262 -1723073393
74.827 263 -1723073393
74.853 264 -1723073393
74.880 270 -1723073393
74.907 276 -1723073393
74.933 280 -1723073393
74.960 286 -1723073393
74.987 291 -1723073393
75.013 293 -1723073393
75.040 295 -1723073393
75.067 298 -1723073393
75.093 301 -1723073393
75.120 301 -1723073393
75.147 303 -1723073393
75.173 304 -1723073393
75.200 302 -1723073393
75.227 301 -1723073393
75.253 299 -1723073393
75.280 294 -1723073393
75.307 291 -1723073393
75.333 290 -1723073393
75.360 285 -1723073393
75.387 277 -1723073393
75.413 269 -1723073393
75.440 261 -1723073393
75.467 256 -1723073393
75.493 256 -1723073393
75.520 253 -1723073393
75.547 250 -1723073393
75.573 252 -1723073393
75.600 258 -1723073393
75.627 263 -1723073393
75.653 267 -1723073393
75.680 273 -1723073393
75.707 280 -1723073393
75.733 283 -1723073393
75.760 286 -1723073393
75.787 285 -1723073393
75.813 277 -1723073393
75.840 264 -1723073393
75.867 250 -1723073393
75.893 237 -1723073393
75.920 219 -1723073393
75.947 201 -1723073393
75.973 183 -1723073393
76.000 167 -1723073393
76.027 155 -1723073393
76.053 139 -1723073393
76.080 121 -1723073393
76.107 110 -1723073393
76.133 105 -1723073393
76.160 100 -1723073393
76.187 102 -1723073393
76.213 114 -1723073393
76.240 126 -1723073393
76.267 139 -1723073393
76.293 161 -1723073393
76.320 185 -1723073393
76.347 203 -1723073393
76.373 224 -1723073393
76.400 249 -1723073393
76.427 269 -1723073393
76.453 288 -1723073393
76.480 307 -1723073393
76.507 323 -1723073393
76.533 336 -1723073393
76.560 347 -1723073393
76.587 356 -1723073393
76.613 360 -1723073393
76.640 365 -1723073393
76.667 371 -1723073393
76.693 375 -1723073393
76.720 379 -1723073393
76.747 379 -1723073393
76.773 376 -1723073393
76.800 370 -1723073393
76.827 360 -1723073393
76.853 347 -1723073393
76.880 333 -1723073393
76.907 323 -1723073393
76.933 316 -1723073393
76.960 313 -1723073393
76.987 311 -1723073393
77.013 310 -1723073393
77.040 306 -1723073393
77.067 299 -1723073393
77.093 294 -1723073393
77.120 292 -1723073393
77.147 295 -1723073393
77.173 303 -1723073393
77.200 314 -1723073393
77.227 321 -1723073393
77.253 327 -1723073393
77.280 333 -1723073393
77.307 340 -1723073393
77.333 347 -1723073393
77.360 356 -1723073393
77.387 366 -1723073393
77.413 376 -1723073393
77.440 380 -1723073393
77.467 383 -1723073393
77.493 382 -1723073393
77.520 382 -1723073393
77.547 385 -1723073393
77.573 387 -1723073393
77.600 385 -1723073393
77.627 379 -1723073393
77.653 369 -1723073393
77.680 356 -1723073393
77.707 341 -1723073393
77.733 327 -1723073393
77.760 312 -1723073393
77.787 299 -1723073393
77.813 289 -1723073393
77.840 278 -1723073393
77.867 270 -1723073393
77.893 264 -1723073393
77.920 257 -1723073393
77.947 249 -1723073393
77.973 244 -1723073393
78.000 242 -1723073393
78.027 238 -1723073393
78.053 236 -1723073393
78.080 237 -1723073393
78.107 237 -1723073393
78.133 239 -1723073393
78.160 246 -1723073393
78.187 251 -1723073393
78.213 258 -1723073393
78.240 268 -1723073393
78.267 276 -1723073393
78.293 281 -1723073393
78.320 285 -1723073393
78.347 289 -1723073393
78.373 290 -1723073393
78.400 290 -1723073393
78.427 290 -1723073393
78.453 287 -1723073393
78.480 283 -1723073393
78.507 280 -1723073393
78.533 274 -1723073393
78.560 265 -1723073393
78.587 256 -1723073393
78.613 250 -1723073393
78.640 243 -1723073393
78.667 236 -1723073393
78.693 225 -1723073393
78.720 212 -1723073393
78.747 198 -1723073393
78.773 188 -1723073393
78.800 177 -1723073393
78.827 167 -1723073393
78.853 161 -1723073393
78.880 156 -1723073393
78.907 150 -1723073393
78.933 147 -1723073393
78.960 144 -1723073393
78.987 139 -1723073393
79.013 141 -1723073393
79.040 151 -1723073393
79.067 160 -1723073393
79.093 171 -1723073393
79.120 185 -1723073393
79.147 193 -1723073393
79.173 196 -1723073393
79.200 205 -1723073393
79.227 212 -1723073393
79.253 213 -1723073393
79.280 216 -1723073393
79.307 224 -1723073393
79.333 228 -1723073393
79.360 229 -1723073393
79.387 229 -1723073393
79.413 222 -1723073393
79.440 208 -1723073393
79.467 192 -1723073393
79.493 179 -1723073393
79.520 162 -1723073393
79.547 144 -1723073393
79.573 124 -1723073393
79.600 101 -1723073393
79.627 81 -1723073393
79.653 67 -1723073393
79.680 54 -1723073393
79.707 43 -1723073393
79.733 38 -1723073393
79.760 33 -1723073393
79.787 26 -1723073393
79.813 28 -1723073393
79.840 34 -1723073393
79.867 42 -1723073393
79.893 60 -1723073393
79.920 83 -1723073393
79.947 103 -1723073393
79.973 125 -1723073393
80.000 152 -1723073393
80.027 175 -1723073393
80.053 197 -1723073393
80.080 223 -1723073393
80.107 247 -1723073393
80.133 269 -1723073393
80.160 289 -1723073393
80.187 301 -1723073393
80.213 305 -1723073393
80.240 309 -1723073393
80.267 316 -1723073393
80.293 322 -1723073393
80.320 325 -1723073393
80.347 325 -1723073393
80.373 321 -1723073393
80.400 313 -1723073393
80.427 302 -1723073393
80.453 289 -1723073393
80.480 275 -1723073393
80.507 263 -1723073393
80.533 254 -1723073393
80.560 245 -1723073393
80.587 239 -1723073393
80.613 234 -1723073393
80.640 230 -1723073393
80.667 231 -1723073393
80.693 234 -1723073393
80.720 237 -1723073393
80.747 242 -1723073393
80.773 252 -1723073393
80.800 260 -1723073393
80.827 265 -1723073393
80.853 273 -1723073393
80.880 278 -1723073393
80.907 280 -1723073393
80.933 283 -1723073393
80.960 286 -1723073393
80.987 282 -1723073393
81.013 279 -1723073393
81.040 279 -1723073393
81.067 276 -1723073393
81.093 270 -1723073393
81.120 265 -1723073393
81.147 257 -1723073393
81.173 246 -1723073393
81.200 231 -1723073393
81.227 214 -1723073393
81.253 196 -1723073393
81.280 176 -1723073393
81.307 160 -1723073393
81.333 146 -1723073393
81.360 136 -1723073393
81.387 128 -1723073393
81.413 117 -1723073393
81.440 108 -1723073393
81.467 104 -1723073393
81.493 105 -1723073393
81.520 112 -1723073393
81.547 121 -1723073393
81.573 126 -1723073393
81.600 135 -1723073393
81.627 151 -1723073393
81.653 167 -1723073393
81.680 184 -1723073393
81.707 208 -1723073393
81.733 232 -1723073393
81.760 250 -1723073393
81.787 267 -1723073393
81.813 280 -1723073393
81.840 285 -1723073393
81.867 287 -1723073393
81.893 293 -1723073393
81.920 300 -1723073393
81.947 305 -1723073393
81.973 312 -1723073393
82.000 319 -1723073393
82.027 322 -1723073393
82.053 326 -1723073393
82.080 331 -1723073393
82.107 328 -1723073393
82.133 328 -1723073393
82.160 334 -1723073393
82.187 332 -1723073393
82.213 327 -1723073393
82.240 323 -1723073393
82.267 312 -1723073393
82.293 299 -1723073393
82.320 293 -1723073393
82.347 285 -1723073393
82.373 272 -1723073393
82.400 262 -1723073393
82.427 258 -1723073393
82.453 250 -1723073393
82.480 245 -1723073393
82.507 246 -1723073393
82.533 241 -1723073393
82.560 238 -1723073393
82.587 239 -1723073393
82.613 242 -1723073393
82.640 247 -1723073393
82.667 255 -1723073393
82.693 260 -1723073393
82.720 265 -1723073393
82.747 277 -1723073393
82.773 287 -1723073393
82.800 294 -1723073393
82.827 304 -1723073393
82.853 313 -1723073393
82.880 315 -1723073393
82.907 317 -1723073393
82.933 316 -1723073393
82.960 307 -1723073393
82.987 293 -1723073393
83.013 284 -1723073393
83.040 274 -1723073393
83.067 265 -1723073393
83.093 258 -1723073393
83.120 247 -1723073393
83.147 231 -1723073393
83.173 220 -1723073393
83.200 210 -1723073393
83.227 202 -1723073393
83.253 196 -1723073393
83.280 190 -1723073393
83.307 182 -1723073393
83.333 175 -1723073393
83.360 169 -1723073393
83.387 165 -1723073393
83.413 168 -1723073393
83.440 180 -1723073393
83.467 192 -1723073393
83.493 206 -1723073393
83.520 221 -1723073393
83.547 230 -1723073393
83.573 238 -1723073393
83.600 246 -1723073393
83.627 244 -1723073393
83.653 242 -1723073393
83.680 245 -1723073393
83.707 245 -1723073393
83.733 244 -1723073393
83.760 242 -1723073393
83.787 239 -1723073393
83.813 234 -1723073393
83.840 226 -1723073393
83.867 219 -1723073393
83.893 220 -1723073393
83.920 221 -1723073393
83.947 219 -1723073393
83.973 217 -1723073393
84.000 218 -1723073393
84.027 222 -1723073393
84.053 228 -1723073393
84.080 233 -1723073393
84.107 237 -1723073393
84.133 238 -1723073393
84.160 240 -1723073393
84.187 241 -1723073393
84.213 242 -1723073393
84.240 246 -1723073393
84.267 249 -1723073393
84.293 250 -1723073393
84.320 246 -1723073393
84.347 241 -1723073393
84.373 237 -1723073393
84.400 238 -1723073393
84.427 240 -1723073393
84.453 239 -1723073393
84.480 239 -1723073393
84.507 240 -1723073393
84.533 242 -1723073393
84.560 243 -1723073393
84.587 243 -1723073393
84.613 243 -1723073393
84.640 241 -1723073393
84.667 235 -1723073393
84.693 228 -1723073393
84.720 220 -1723073393
84.747 215 -1723073393
84.773 212 -1723073393
84.800 204 -1723073393
84.827 195 -1723073393
84.853 186 -1723073393
84.880 172 -1723073393
84.907 158 -1723073393
84.933 150 -1723073393
84.960 149 -1723073393
84.987 153 -1723073393
85.013 161 -1723073393
85.040 167 -1723073393
85.067 170 -1723073393
85.093 174 -1723073393
85.120 179 -1723073393
85.147 181 -1723073393
85.173 184 -1723073393
85.200 185 -1723073393
85.227 186 -1723073393
85.253 190 -1723073393
85.280 196 -1723073393
85.307 197 -1723073393
85.333 201 -1723073393
85.360 206 -1723073393
85.387 206 -1723073393
85.413 203 -1723073393
85.440 203 -1723073393
85.467 202 -1723073393
85.493 202 -1723073393
85.520 206 -1723073393
85.547 207 -1723073393
85.573 209 -1723073393
85.600 215 -1723073393
85.627 220 -1723073393
85.653 227 -1723073393
85.680 238 -1723073393
85.707 247 -1723073393
85.733 254 -1723073393
85.760 264 -1723073393
85.787 272 -1723073393
85.813 276 -1723073393
85.840 283 -1723073393
85.867 289 -1723073393
85.893 293 -1723073393
85.920 297 -1723073393
85.947 295 -1723073393
85.973 288 -1723073393
86.000 283 -1723073393
86.027 278 -1723073393
86.053 269 -1723073393
86.080 261 -1723073393
86.107 250 -1723073393
86.133 236 -1723073393
86.160 227 -1723073393
86.187 219 -1723073393
86.213 209 -1723073393
86.240 204 -1723073393
86.267 200 -1723073393
86.293 192 -1723073393
86.320 187 -1723073393
86.347 184 -1723073393
86.373 184 -1723073393
86.400 191 -1723073393
86.427 201 -1723073393
86.453 201 -1723073393
86.480 197 -1723073393
86.507 198 -1723073393
86.533 200 -1723073393
86.560 200 -1723073393
86.587 197 -1723073393
86.613 190 -1723073393
86.640 183 -1723073393
86.667 178 -1723073393
86.693 179 -1723073393
86.720 184 -1723073393
86.747 185 -1723073393
86.773 182 -1723073393
86.800 181 -1723073393
86.827 180 -1723073393
86.853 177 -1723073393
86.880 174 -1723073393
86.907 172 -1723073393
86.933 170 -1723073393
86.960 175 -1723073393
86.987 185 -1723073393
87.013 191 -1723073393
87.040 196 -1723073393
87.067 206 -1723073393
87.093 212 -1723073393
87.120 213 -1723073393
87.147 218 -1723073393
87.173 222 -1723073393
87.200 224 -1723073393
87.227 229 -1723073393
87.253 231 -1723073393
87.280 231 -1723073393
87.307 237 -1723073393
87.333 238 -1723073393
87.360 237 -1723073393
87.387 240 -1723073393
87.413 236 -1723073393
87.440 229 -1723073393
87.467 231 -1723073393
87.493 231 -1723073393
87.520 228 -1723073393
87.547 231 -1723073393
87.573 233 -1723073393
87.600 233 -1723073393
87.627 239 -1723073393
87.653 244 -1723073393
87.680 244 -1723073393
87.707 247 -1723073393
87.733 247 -1723073393
87.760 244 -1723073393
87.787 243 -1723073393
87.813 241 -1723073393
87.840 237 -1723073393
87.867 235 -1723073393
87.893 232 -1723073393
87.920 228 -1723073393
87.947 225 -1723073393
87.973 218 -1723073393
88.000 212 -1723073393
88.027 215 -1723073393
88.053 216 -1723073393
88.080 215 -1723073393
88.107 219 -1723073393
88.133 215 -1723073393
88.160 212 -1723073393
88.187 211 -1723073393
88.213 206 -1723073393
88.240 202 -1723073393
88.267 204 -1723073393
88.293 208 -1723073393
88.320 215 -1723073393
88.347 221 -1723073393
88.373 222 -1723073393
88.400 224 -1723073393
88.427 226 -1723073393
88.453 226 -1723073393
88.480 224 -1723073393
88.507 220 -1723073393
88.533 216 -1723073393
88.560 212 -1723073393
88.587 209 -1723073393
88.613 202 -1723073393
88.640 195 -1723073393
88.667 189 -1723073393
88.693 182 -1723073393
88.720 175 -1723073393
88.747 168 -1723073393
88.773 160 -1723073393
88.800 150 -1723073393
88.827 143 -1723073393
88.853 135 -1723073393
88.880 130 -1723073393
88.907 126 -1723073393
88.933 117 -1723073393
88.960 112 -1723073393
88.987 112 -1723073393
89.013 111 -1723073393
89.040 116 -1723073393
89.067 125 -1723073393
89.093 128 -1723073393
89.120 135 -1723073393
89.147 147 -1723073393
89.173 158 -1723073393
89.200 172 -1723073393
89.227 187 -1723073393
89.253 196 -1723073393
89.280 204 -1723073393
89.307 212 -1723073393
89.333 215 -1723073393
89.360 214 -1723073393
89.387 218 -1723073393
89.413 228 -1723073393
89.440 234 -1723073393
89.467 237 -1723073393
89.493 238 -1723073393
89.520 239 -1723073393
89.547 240 -1723073393
89.573 235 -1723073393
89.600 224 -1723073393
89.627 213 -1723073393
89.653 202 -1723073393
89.680 190 -1723073393
89.707 180 -1723073393
89.733 171 -1723073393
89.760 159 -1723073393
89.787 143 -1723073393
89.813 131 -1723073393
89.840 128 -1723073393
89.867 128 -1723073393
89.893 128 -1723073393
89.920 127 -1723073393
89.947 130 -1723073393
89.973 135 -1723073393
90.000 134 -1723073393
90.027 135 -1723073393
90.053 141 -1723073393
90.080 148 -1723073393
90.107 154 -1723073393
90.133 164 -1723073393
90.160 174 -1723073393
90.187 182 -1723073393
90.213 187 -1723073393
90.240 192 -1723073393
90.267 190 -1723073393
90.293 187 -1723073393
90.320 185 -1723073393
90.347 181 -1723073393
90.373 174 -1723073393
90.400 170 -1723073393
90.427 162 -1723073393
90.453 152 -1723073393
90.480 145 -1723073393
90.507 135 -1723073393
90.533 128 -1723073393
90.560 127 -1723073393
90.587 123 -1723073393
90.613 124 -1723073393
90.640 130 -1723073393
90.667 136 -1723073393
90.693 142 -1723073393
90.720 146 -1723073393
90.747 148 -1723073393
90.773 152 -1723073393
90.800 161 -1723073393
90.827 175 -1723073393
90.853 188 -1723073393
90.880 200 -1723073393
90.907 211 -1723073393
90.933 224 -1723073393
90.960 240 -1723073393
90.987 256 -1723073393
91.013 267 -1723073393
91.040 274 -1723073393
91.067 284 -1723073393
91.093 295 -1723073393
91.120 302 -1723073393
91.147 312 -1723073393
91.173 325 -1723073393
91.200 337 -1723073393
91.227 346 -1723073393
91.253 353 -1723073393
91.280 357 -1723073393
91.307 361 -1723073393
91.333 366 -1723073393
91.360 368 -1723073393
91.387 371 -1723073393
91.413 371 -1723073393
91.440 370 -1723073393
91.467 369 -1723073393
91.493 361 -1723073393
91.520 351 -1723073393
91.547 344 -1723073393
91.573 334 -1723073393
91.600 327 -1723073393
91.627 325 -1723073393
91.653 319 -1723073393
91.680 313 -1723073393
91.707 306 -1723073393
91.733 297 -1723073393
91.760 294 -1723073393
91.787 297 -1723073393
91.813 302 -1723073393
91.840 307 -1723073393
91.867 307 -1723073393
91.893 316 -1723073393
91.920 326 -1723073393
91.947 332 -1723073393
91.973 346 -1723073393
92.000 355 -1723073393
92.027 358 -1723073393
92.053 366 -1723073393
92.080 368 -1723073393
92.107 369 -1723073393
92.133 377 -1723073393
92.160 383 -1723073393
92.187 391 -1723073393
92.213 393 -1723073393
92.240 385 -1723073393
92.267 378 -1723073393
92.293 374 -1723073393
92.320 370 -1723073393
92.347 358 -1723073393
92.373 342 -1723073393
92.400 329 -1723073393
92.427 323 -1723073393
92.453 320 -1723073393
92.480 318 -1723073393
92.507 319 -1723073393
92.533 319 -1723073393
92.560 323 -1723073393
92.587 324 -1723073393
92.613 326 -1723073393
92.640 331 -1723073393
92.667 332 -1723073393
92.693 333 -1723073393
92.720 337 -1723073393
92.747 341 -1723073393
92.773 348 -1723073393
92.800 357 -1723073393
92.827 364 -1723073393
92.853 374 -1723073393
92.880 384 -1723073393
92.907 390 -1723073393
92.933 398 -1723073393
92.960 405 -1723073393
92.987 403 -1723073393
93.013 406 -1723073393
93.040 410 -1723073393
93.067 408 -1723073393
93.093 409 -1723073393
93.120 401 -1723073393
93.147 389 -1723073393
93.173 383 -1723073393
93.200 375 -1723073393
93.227 371 -1723073393
93.253 367 -1723073393
93.280 359 -1723073393
93.307 355 -1723073393
93.333 348 -1723073393
93.360 337 -1723073393
93.387 329 -1723073393
93.413 320 -1723073393
93.440 317 -1723073393
93.467 317 -1723073393
93.493 315 -1723073393
93.520 322 -1723073393
93.547 334 -1723073393
93.573 344 -1723073393
93.600 355 -1723073393
93.627 355 -1723073393
93.653 359 -1723073393
93.680 369 -1723073393
93.707 372 -1723073393
93.733 379 -1723073393
93.760 384 -1723073393
93.787 384 -1723073393
93.813 387 -1723073393
93.840 390 -1723073393
93.867 389 -1723073393
93.893 391 -1723073393
93.920 382 -1723073393
93.947 376 -1723073393
93.973 368 -1723073393
94.000 349 -1723073393
94.027 341 -1723073393
94.053 334 -1723073393
94.080 324 -1723073393
94.107 320 -1723073393
94.133 310 -1723073393
94.160 300 -1723073393
94.187 294 -1723073393
94.213 285 -1723073393
94.240 278 -1723073393
94.267 274 -1723073393
94.293 269 -1723073393
94.320 268 -1723073393
94.347 270 -1723073393
94.373 278 -1723073393
94.400 289 -1723073393
94.427 297 -1723073393
94.453 307 -1723073393
94.480 310 -1723073393
94.507 315 -1723073393
94.533 324 -1723073393
94.560 332 -1723073393
94.587 345 -1723073393
94.613 351 -1723073393
94.640 356 -1723073393
94.667 364 -1723073393
94.693 364 -1723073393
94.720 365 -1723073393
94.747 367 -1723073393
94.773 364 -1723073393
94.800 368 -1723073393
94.827 366 -1723073393
94.853 364 -1723073393
94.880 362 -1723073393
94.907 353 -1723073393
94.933 346 -1723073393
94.960 338 -1723073393
94.987 335 -1723073393
95.013 339 -1723073393
95.040 337 -1723073393
95.067 337 -1723073393
95.093 332 -1723073393
95.120 323 -1723073393
95.147 317 -1723073393
95.173 311 -1723073393
95.200 305 -1723073393
95.227 297 -1723073393
95.253 288 -1723073393
95.280 280 -1723073393
95.307 270 -1723073393
95.333 263 -1723073393
95.360 263 -1723073393
95.387 264 -1723073393
95.413 265 -1723073393
95.440 265 -1723073393
95.467 264 -1723073393
95.493 268 -1723073393
95.520 271 -1723073393
95.547 271 -1723073393
95.573 267 -1723073393
95.600 261 -1723073393
95.627 253 -1723073393
95.653 246 -1723073393
95.680 244 -1723073393
95.707 241 -1723073393
95.733 235 -1723073393
95.760 225 -1723073393
95.787 215 -1723073393
95.813 204 -1723073393
95.840 191 -1723073393
95.867 182 -1723073393
95.893 175 -1723073393
95.920 160 -1723073393
95.947 149 -1723073393
95.973 143 -1723073393
96.000 139 -1723073393
96.027 135 -1723073393
96.053 127 -1723073393
96.080 126 -1723073393
96.107 129 -1723073393
96.133 138 -1723073393
96.160 149 -1723073393
96.187 153 -1723073393
96.213 154 -1723073393
96.240 156 -1723073393
96.267 164 -1723073393
96.293 176 -1723073393
96.320 186 -1723073393
96.347 198 -1723073393
96.373 201 -1723073393
96.400 207 -1723073393
96.427 206 -1723073393
96.453 201 -1723073393
96.480 208 -1723073393
96.507 211 -1723073393
96.533 220 -1723073393
96.560 218 -1723073393
96.587 205 -1723073393
96.613 200 -1723073393
96.640 178 -1723073393
96.667 170 -1723073393
96.693 166 -1723073393
96.720 163 -1723073393
96.747 164 -1723073393
96.773 150 -1723073393
96.800 142 -1723073393
96.827 128 -1723073393
96.853 116 -1723073393
96.880 107 -1723073393
96.907 98 -1723073393
96.933 90 -1723073393
96.960 84 -1723073393
96.987 82 -1723073393
97.013 84 -1723073393
97.040 88 -1723073393
97.067 88 -1723073393
97.093 86 -1723073393
97.120 88 -1723073393
97.147 91 -1723073393
97.173 96 -1723073393
97.200 98 -1723073393
97.227 99 -1723073393
97.253 97 -1723073393
97.280 95 -1723073393
97.307 95 -1723073393
97.333 83 -1723073393
97.360 77 -1723073393
97.387 74 -1723073393
97.413 69 -1723073393
97.440 69 -1723073393
97.467 65 -1723073393
97.493 70 -1723073393
97.520 73 -1723073393
97.547 72 -1723073393
97.573 68 -1723073393
97.600 62 -1723073393
97.627 60 -1723073393
97.653 56 -1723073393
97.680 52 -1723073393
97.707 46 -1723073393
97.733 46 -1723073393
97.760 48 -1723073393
97.787 52 -1723073393
97.813 51 -1723073393
97.840 50 -1723073393
97.867 52 -1723073393
97.893 54 -1723073393
97.920 56 -1723073393
97.947 61 -1723073393
97.973 69 -1723073393
98.000 75 -1723073393
98.027 83 -1723073393
98.053 91 -1723073393
98.080 93 -1723073393
98.107 95 -1723073393
98.133 101 -1723073393
98.160 100 -1723073393
98.187 96 -1723073393
98.213 95 -1723073393
98.240 91 -1723073393
98.267 88 -1723073393
98.293 89 -1723073393
98.320 90 -1723073393
98.347 93 -1723073393
98.373 101 -1723073393
98.400 103 -1723073393
98.427 97 -1723073393
98.453 96 -1723073393
98.480 92 -1723073393
98.507 94 -1723073393
98.533 93 -1723073393
98.560 90 -1723073393
98.587 92 -1723073393
98.613 92 -1723073393
98.640 87 -1723073393
98.667 71 -1723073393
98.693 64 -1723073393
98.720 59 -1723073393
98.747 61 -1723073393
98.773 55 -1723073393
98.800 52 -1723073393
98.827 49 -1723073393
98.853 51 -1723073393
98.880 52 -1723073393
98.907 46 -1723073393
98.933 39 -1723073393
98.960 34 -1723073393
98.987 33 -1723073393
99.013 37 -1723073393
99.040 37 -1723073393
99.067 29 -1723073393
99.093 34 -1723073393
99.120 32 -1723073393
99.147 28 -1723073393
99.173 28 -1723073393
99.200 29 -1723073393
99.227 23 -1723073393
99.253 18 -1723073393
99.280 14 -1723073393
99.307 11 -1723073393
99.333 8 -1723073393
99.360 9 -1723073393
99.387 8 -1723073393
99.413 10 -1723073393
99.440 12 -1723073393
99.467 9 -1723073393
99.493 -4 -1723073393
99.520 -14 -1723073393
99.547 -18 -1723073393
99.573 -27 -1723073393
99.600 -28 -1723073393
99.627 -26 -1723073393
99.653 -28 -1723073393
99.680 -36 -1723073393
99.707 -41 -1723073393
99.733 -45 -1723073393
99.760 -43 -1723073393
99.787 -40 -1723073393
99.813 -32 -1723073393
99.840 -35 -1723073393
99.867 -28 -1723073393
99.893 -24 -1723073393
99.920 -11 -1723073393
99.947 -6 -1723073393
99.973 4 -1723073393
100.000 0 -1723073393
