0.000 15 -1723073393
0.027 10 -1723073393
0.053 14 -1723073393
0.080 12 -1723073393
0.107 5 -1723073393
0.133 14 -1723073393
0.160 17 -1723073393
0.187 21 -1723073393
0.213 24 -1723073393
0.240 17 -1723073393
0.267 18 -1723073393
0.293 19 -1723073393
0.320 15 -1723073393
0.347 22 -1723073393
0.373 21 -1723073393
0.400 21 -1723073393
0.427 26 -1723073393
0.453 19 -1723073393
0.480 16 -1723073393
0.507 9 -1723073393
0.533 3 -1723073393
0.560 12 -1723073393
0.587 7 -1723073393
0.613 6 -1723073393
0.640 15 -1723073393
0.667 6 -1723073393
0.693 11 -1723073393
0.720 15 -1723073393
0.747 7 -1723073393
0.773 11 -1723073393
0.800 1 -1723073393
0.827 -3 -1723073393
0.853 6 -1723073393
0.880 0 -1723073393
0.907 0 -1723073393
0.933 6 -1723073393
0.960 1 -1723073393
0.987 7 -1723073393
1.013 1 -1723073393
1.040 -6 -1723073393
1.067 0 -1723073393
1.093 -8 -1723073393
1.120 -5 -1723073393
1.147 0 -1723073393
1.173 -12 -1723073393
1.200 -7 -1723073393
1.227 -6 -1723073393
1.253 -8 -1723073393
1.280 4 -1723073393
1.307 0 -1723073393
1.333 4 -1723073393
1.360 19 -1723073393
1.387 7 -1723073393
1.413 9 -1723073393
1.440 5 -1723073393
1.467 -10 -1723073393
1.493 -3 -1723073393
1.520 -7 -1723073393
1.547 -5 -1723073393
1.573 3 -1723073393
1.600 -7 -1723073393
1.627 -3 -1723073393
1.653 -4 -1723073393
1.680 -17 -1723073393
1.707 -10 -1723073393
1.733 -16 -1723073393
1.760 -19 -1723073393
1.787 -2 -1723073393
1.813 -8 -1723073393
1.840 -5 -1723073393
1.867 2 -1723073393
1.893 -6 -1723073393
1.920 0 -1723073393
1.947 -2 -1723073393
1.973 -13 -1723073393
2.000 -7 -1723073393
2.027 -12 -1723073393
2.053 -9 -1723073393
2.080 1 -1723073393
2.107 -3 -1723073393
2.133 -2 -1723073393
2.160 -7 -1723073393
2.187 -20 -1723073393
2.213 -15 -1723073393
2.240 -18 -1723073393
2.267 -23 -1723073393
2.293 -16 -1723073393
2.320 -20 -1723073393
2.347 -18 -1723073393
2.373 -13 -1723073393
2.400 -20 -1723073393
2.427 -18 -1723073393
2.453 -18 -1723073393
2.480 -22 -1723073393
2.507 -14 -1723073393
2.533 -18 -1723073393
2.560 -19 -1723073393
2.587 -16 -1723073393
2.613 -24 -1723073393
2.640 -22 -1723073393
2.667 -20 -1723073393
2.693 -24 -1723073393
2.720 -24 -1723073393
2.747 -30 -1723073393
2.773 -34 -1723073393
2.800 -33 -1723073393
2.827 -40 -1723073393
2.853 -33 -1723073393
2.880 -26 -1723073393
2.907 -28 -1723073393
2.933 -24 -1723073393
2.960 -24 -1723073393
2.987 -22 -1723073393
3.013 -17 -1723073393
3.040 -21 -1723073393
3.067 -19 -1723073393
3.093 -19 -1723073393
3.120 -21 -1723073393
3.147 -13 -1723073393
3.173 -17 -1723073393
3.200 -22 -1723073393
3.227 -23 -1723073393
3.253 -28 -1723073393
3.280 -28 -1723073393
3.307 -25 -1723073393
3.333 -26 -1723073393
3.360 -27 -1723073393
3.387 -33 -1723073393
3.413 -36 -1723073393
3.440 -25 -1723073393
3.467 -22 -1723073393
3.493 -16 -1723073393
3.520 -15 -1723073393
3.547 -18 -1723073393
3.573 -16 -1723073393
3.600 -18 -1723073393
3.627 -18 -1723073393
3.653 -18 -1723073393
3.680 -25 -1723073393
3.707 -23 -1723073393
3.733 -18 -1723073393
3.760 -17 -1723073393
3.787 -19 -1723073393
3.813 -24 -1723073393
3.840 -22 -1723073393
3.867 -17 -1723073393
3.893 -21 -1723073393
3.920 -19 -1723073393
3.947 -17 -1723073393
3.973 -22 -1723073393
4.000 -21 -1723073393
4.027 -24 -1723073393
4.053 -29 -1723073393
4.080 -28 -1723073393
4.107 -36 -1723073393
4.133 -37 -1723073393
4.160 -33 -1723073393
4.187 -35 -1723073393
4.213 -33 -1723073393
4.240 -31 -1723073393
4.267 -33 -1723073393
4.293 -32 -1723073393
4.320 -33 -1723073393
4.347 -28 -1723073393
4.373 -21 -1723073393
4.400 -25 -1723073393
4.427 -25 -1723073393
4.453 -23 -1723073393
4.480 -22 -1723073393
4.507 -21 -1723073393
4.533 -22 -1723073393
4.560 -19 -1723073393
4.587 -14 -1723073393
4.613 -19 -1723073393
4.640 -19 -1723073393
4.667 -18 -1723073393
4.693 -24 -1723073393
4.720 -21 -1723073393
4.747 -20 -1723073393
4.773 -21 -1723073393
4.800 -13 -1723073393
4.827 -11 -1723073393
4.853 -9 -1723073393
4.880 -1 -1723073393
4.907 -5 -1723073393
4.933 -2 -1723073393
4.960 -2 -1723073393
4.987 -5 -1723073393
5.013 -1 -1723073393
5.040 -4 -1723073393
5.067 -10 -1723073393
5.093 -13 -1723073393
5.120 -28 -1723073393
5.147 -31 -1723073393
5.173 -28 -1723073393
5.200 -32 -1723073393
5.227 -18 -1723073393
5.253 -10 -1723073393
5.280 -10 -1723073393
5.307 -1 -1723073393
5.333 -6 -1723073393
5.360 -11 -1723073393
5.387 -6 -1723073393
5.413 -12 -1723073393
5.440 -5 -1723073393
5.467 3 -1723073393
5.493 -1 -1723073393
5.520 3 -1723073393
5.547 0 -1723073393
5.573 -4 -1723073393
5.600 4 -1723073393
5.627 -4 -1723073393
5.653 -8 -1723073393
5.680 -1 -1723073393
5.707 -8 -1723073393
5.733 -7 -1723073393
5.760 -7 -1723073393
5.787 -13 -1723073393
5.813 -4 -1723073393
5.840 -2 -1723073393
5.867 -3 -1723073393
5.893 7 -1723073393
5.920 2 -1723073393
5.947 -4 -1723073393
5.973 -5 -1723073393
6.000 -14 -1723073393
6.027 -9 -1723073393
6.053 -6 -1723073393
6.080 -11 -1723073393
6.107 0 -1723073393
6.133 -4 -1723073393
6.160 -11 -1723073393
6.187 -8 -1723073393
6.213 -19 -1723073393
6.240 -22 -1723073393
6.267 -22 -1723073393
6.293 -32 -1723073393
6.320 -24 -1723073393
6.347 -19 -1723073393
6.373 -21 -1723073393
6.400 -8 -1723073393
6.427 -12 -1723073393
6.453 -19 -1723073393
6.480 -10 -1723073393
6.507 -14 -1723073393
6.533 -9 -1723073393
6.560 -4 -1723073393
6.587 -18 -1723073393
6.613 -13 -1723073393
6.640 -10 -1723073393
6.667 -17 -1723073393
6.693 -10 -1723073393
6.720 -17 -1723073393
6.747 -21 -1723073393
6.773 -11 -1723073393
6.800 -16 -1723073393
6.827 -13 -1723073393
6.853 -6 -1723073393
6.880 -13 -1723073393
6.907 -5 -1723073393
6.933 -5 -1723073393
6.960 -13 -1723073393
6.987 -7 -1723073393
7.013 -18 -1723073393
7.040 -24 -1723073393
7.067 -21 -1723073393
7.093 -36 -1723073393
7.120 -37 -1723073393
7.147 -33 -1723073393
7.173 -39 -1723073393
7.200 -32 -1723073393
7.227 -33 -1723073393
7.253 -40 -1723073393
7.280 -31 -1723073393
7.307 -39 -1723073393
7.333 -46 -1723073393
7.360 -35 -1723073393
7.387 -41 -1723073393
7.413 -39 -1723073393
7.440 -32 -1723073393
7.467 -38 -1723073393
7.493 -30 -1723073393
7.520 -28 -1723073393
7.547 -36 -1723073393
7.573 -24 -1723073393
7.600 -24 -1723073393
7.627 -26 -1723073393
7.653 -18 -1723073393
7.680 -24 -1723073393
7.707 -21 -1723073393
7.733 -17 -1723073393
7.760 -28 -1723073393
7.787 -23 -1723073393
7.813 -21 -1723073393
7.840 -27 -1723073393
7.867 -16 -1723073393
7.893 -17 -1723073393
7.920 -16 -1723073393
7.947 -9 -1723073393
7.973 -23 -1723073393
8.000 -30 -1723073393
8.027 -31 -1723073393
8.053 -39 -1723073393
8.080 -28 -1723073393
8.107 -20 -1723073393
8.133 -21 -1723073393
8.160 -9 -1723073393
8.187 -11 -1723073393
8.213 -14 -1723073393
8.240 -4 -1723073393
8.267 -12 -1723073393
8.293 -15 -1723073393
8.320 -10 -1723073393
8.347 -16 -1723073393
8.373 -5 -1723073393
8.400 2 -1723073393
8.427 -6 -1723073393
8.453 -2 -1723073393
8.480 -5 -1723073393
8.507 -10 -1723073393
8.533 -2 -1723073393
8.560 -7 -1723073393
8.587 -3 -1723073393
8.613 3 -1723073393
8.640 -4 -1723073393
8.667 -2 -1723073393
8.693 0 -1723073393
8.720 -6 -1723073393
8.747 0 -1723073393
8.773 -4 -1723073393
8.800 -15 -1723073393
8.827 -12 -1723073393
8.853 -20 -1723073393
8.880 -26 -1723073393
8.907 -24 -1723073393
8.933 -33 -1723073393
8.960 -32 -1723073393
8.987 -31 -1723073393
9.013 -42 -1723073393
9.040 -43 -1723073393
9.067 -43 -1723073393
9.093 -43 -1723073393
9.120 -32 -1723073393
9.147 -35 -1723073393
9.173 -41 -1723073393
9.200 -41 -1723073393
9.227 -52 -1723073393
9.253 -56 -1723073393
9.280 -56 -1723073393
9.307 -60 -1723073393
9.333 -51 -1723073393
9.360 -46 -1723073393
9.387 -54 -1723073393
9.413 -51 -1723073393
9.440 -54 -1723073393
9.467 -61 -1723073393
9.493 -59 -1723073393
9.520 -68 -1723073393
9.547 -69 -1723073393
9.573 -60 -1723073393
9.600 -60 -1723073393
9.627 -52 -1723073393
9.653 -45 -1723073393
9.680 -50 -1723073393
9.707 -42 -1723073393
9.733 -38 -1723073393
9.760 -42 -1723073393
9.787 -38 -1723073393
9.813 -46 -1723073393
9.840 -47 -1723073393
9.867 -34 -1723073393
9.893 -33 -1723073393
9.920 -29 -1723073393
9.947 -29 -1723073393
9.973 -40 -1723073393
10.000 -33 -1723073393
10.027 -24 -1723073393
10.053 -23 -1723073393
10.080 -14 -1723073393
10.107 -12 -1723073393
10.133 -7 -1723073393
10.160 5 -1723073393
10.187 4 -1723073393
10.213 12 -1723073393
10.240 25 -1723073393
10.267 32 -1723073393
10.293 52 -1723073393
10.320 75 -1723073393
10.347 84 -1723073393
10.373 98 -1723073393
10.400 109 -1723073393
10.427 116 -1723073393
10.453 131 -1723073393
10.480 142 -1723073393
10.507 148 -1723073393
10.533 155 -1723073393
10.560 156 -1723073393
10.587 159 -1723073393
10.613 162 -1723073393
10.640 152 -1723073393
10.667 137 -1723073393
10.693 117 -1723073393
10.720 88 -1723073393
10.747 63 -1723073393
10.773 37 -1723073393
10.800 13 -1723073393
10.827 0 -1723073393
10.853 -21 -1723073393
10.880 -38 -1723073393
10.907 -45 -1723073393
10.933 -60 -1723073393
10.960 -65 -1723073393
10.987 -68 -1723073393
11.013 -81 -1723073393
11.040 -82 -1723073393
11.067 -83 -1723073393
11.093 -93 -1723073393
11.120 -86 -1723073393
11.147 -88 -1723073393
11.173 -95 -1723073393
11.200 -92 -1723073393
11.227 -99 -1723073393
11.253 -96 -1723073393
11.280 -84 -1723073393
11.307 -89 -1723073393
11.333 -90 -1723073393
11.360 -88 -1723073393
11.387 -96 -1723073393
11.413 -86 -1723073393
11.440 -78 -1723073393
11.467 -81 -1723073393
11.493 -75 -1723073393
11.520 -82 -1723073393
11.547 -87 -1723073393
11.573 -75 -1723073393
11.600 -77 -1723073393
11.627 -75 -1723073393
11.653 -63 -1723073393
11.680 -65 -1723073393
11.707 -54 -1723073393
11.733 -34 -1723073393
11.760 -20 -1723073393
11.787 12 -1723073393
11.813 42 -1723073393
11.840 62 -1723073393
11.867 94 -1723073393
11.893 119 -1723073393
11.920 141 -1723073393
11.947 175 -1723073393
11.973 195 -1723073393
12.000 215 -1723073393
12.027 241 -1723073393
12.053 257 -1723073393
12.080 273 -1723073393
12.107 285 -1723073393
12.133 292 -1723073393
12.160 303 -1723073393
12.187 315 -1723073393
12.213 317 -1723073393
12.240 318 -1723073393
12.267 314 -1723073393
12.293 306 -1723073393
12.320 302 -1723073393
12.347 296 -1723073393
12.373 282 -1723073393
12.400 266 -1723073393
12.427 238 -1723073393
12.453 200 -1723073393
12.480 169 -1723073393
12.507 141 -1723073393
12.533 116 -1723073393
12.560 89 -1723073393
12.587 60 -1723073393
12.613 39 -1723073393
12.640 10 -1723073393
12.667 -23 -1723073393
12.693 -48 -1723073393
12.720 -75 -1723073393
12.747 -93 -1723073393
12.773 -107 -1723073393
12.800 -132 -1723073393
12.827 -147 -1723073393
12.853 -156 -1723073393
12.880 -169 -1723073393
12.907 -172 -1723073393
12.933 -178 -1723073393
12.960 -190 -1723073393
12.987 -190 -1723073393
13.013 -196 -1723073393
13.040 -196 -1723073393
13.067 -182 -1723073393
13.093 -184 -1723073393
13.120 -178 -1723073393
13.147 -161 -1723073393
13.173 -155 -1723073393
13.200 -139 -1723073393
13.227 -120 -1723073393
13.253 -112 -1723073393
13.280 -94 -1723073393
13.307 -73 -1723073393
13.333 -53 -1723073393
13.360 -23 -1723073393
13.387 -8 -1723073393
13.413 2 -1723073393
13.440 26 -1723073393
13.467 46 -1723073393
13.493 63 -1723073393
13.520 84 -1723073393
13.547 91 -1723073393
13.573 97 -1723073393
13.600 103 -1723073393
13.627 95 -1723073393
13.653 86 -1723073393
13.680 71 -1723073393
13.707 44 -1723073393
13.733 23 -1723073393
13.760 -5 -1723073393
13.787 -45 -1723073393
13.813 -74 -1723073393
13.840 -116 -1723073393
13.867 -161 -1723073393
13.893 -199 -1723073393
13.920 -244 -1723073393
13.947 -276 -1723073393
13.973 -303 -1723073393
14.000 -337 -1723073393
14.027 -352 -1723073393
14.053 -359 -1723073393
14.080 -367 -1723073393
14.107 -359 -1723073393
14.133 -359 -1723073393
14.160 -368 -1723073393
14.187 -356 -1723073393
14.213 -349 -1723073393
14.240 -347 -1723073393
14.267 -331 -1723073393
14.293 -329 -1723073393
14.320 -328 -1723073393
14.347 -315 -1723073393
14.373 -319 -1723073393
14.400 -312 -1723073393
14.427 -308 -1723073393
14.453 -328 -1723073393
14.480 -341 -1723073393
14.507 -355 -1723073393
14.533 -375 -1723073393
14.560 -376 -1723073393
14.587 -389 -1723073393
14.613 -409 -1723073393
14.640 -409 -1723073393
14.667 -422 -1723073393
14.693 -432 -1723073393
14.720 -428 -1723073393
14.747 -438 -1723073393
14.773 -433 -1723073393
14.800 -420 -1723073393
14.827 -426 -1723073393
14.853 -417 -1723073393
14.880 -405 -1723073393
14.907 -410 -1723073393
14.933 -398 -1723073393
14.960 -388 -1723073393
14.987 -389 -1723073393
15.013 -376 -1723073393
15.040 -375 -1723073393
15.067 -379 -1723073393
15.093 -370 -1723073393
15.120 -378 -1723073393
15.147 -388 -1723073393
15.173 -388 -1723073393
15.200 -405 -1723073393
15.227 -418 -1723073393
15.253 -431 -1723073393
15.280 -460 -1723073393
15.307 -477 -1723073393
15.333 -490 -1723073393
15.360 -516 -1723073393
15.387 -525 -1723073393
15.413 -540 -1723073393
15.440 -561 -1723073393
15.467 -564 -1723073393
15.493 -578 -1723073393
15.520 -597 -1723073393
15.547 -596 -1723073393
15.573 -605 -1723073393
15.600 -611 -1723073393
15.627 -609 -1723073393
15.653 -631 -1723073393
15.680 -650 -1723073393
15.707 -664 -1723073393
15.733 -698 -1723073393
15.760 -714 -1723073393
15.787 -727 -1723073393
15.813 -767 -1723073393
15.840 -789 -1723073393
15.867 -817 -1723073393
15.893 -865 -1723073393
15.920 -888 -1723073393
15.947 -922 -1723073393
15.973 -964 -1723073393
16.000 -981 -1723073393
16.027 -1018 -1723073393
16.053 -1049 -1723073393
16.080 -1046 -1723073393
16.107 -1056 -1723073393
16.133 -1041 -1723073393
16.160 -996 -1723073393
16.187 -971 -1723073393
16.213 -909 -1723073393
16.240 -808 -1723073393
16.267 -698 -1723073393
16.293 -520 -1723073393
16.320 -297 -1723073393
16.347 -54 -1723073393
16.373 266 -1723073393
16.400 640 -1723073393
16.427 1061 -1723073393
16.453 1563 -1723073393
16.480 2101 -1723073393
16.507 2669 -1723073393
16.533 3275 -1723073393
16.560 3923 -1723073393
16.587 4555 -1723073393
16.613 5138 -1723073393
16.640 5717 -1723073393
16.667 6159 -1723073393
16.693 6481 -1723073393
16.720 6769 -1723073393
16.747 6814 -1723073393
16.773 6705 -1723073393
16.800 6548 -1723073393
16.827 6104 -1723073393
16.853 5543 -1723073393
16.880 4965 -1723073393
16.907 4158 -1723073393
16.933 3344 -1723073393
16.960 2556 -1723073393
16.987 1647 -1723073393
17.013 835 -1723073393
17.040 110 -1723073393
17.067 -616 -1723073393
17.093 -1255 -1723073393
17.120 -1800 -1723073393
17.147 -2262 -1723073393
17.173 -2667 -1723073393
17.200 -2967 -1723073393
17.227 -3201 -1723073393
17.253 -3431 -1723073393
17.280 -3554 -1723073393
17.307 -3633 -1723073393
17.333 -3740 -1723073393
17.360 -3752 -1723073393
17.387 -3773 -1723073393
17.413 -3841 -1723073393
17.440 -3822 -1723073393
17.467 -3840 -1723073393
17.493 -3896 -1723073393
17.520 -3870 -1723073393
17.547 -3902 -1723073393
17.573 -3941 -1723073393
17.600 -3900 -1723073393
17.627 -3926 -1723073393
17.653 -3919 -1723073393
17.680 -3837 -1723073393
17.707 -3817 -1723073393
17.733 -3725 -1723073393
17.760 -3550 -1723073393
17.787 -3406 -1723073393
17.813 -3147 -1723073393
17.840 -2801 -1723073393
17.867 -2453 -1723073393
17.893 -1949 -1723073393
17.920 -1352 -1723073393
17.947 -739 -1723073393
17.973 24 -1723073393
18.000 865 -1723073393
18.027 1763 -1723073393
18.053 2810 -1723073393
18.080 3927 -1723073393
18.107 5101 -1723073393
18.133 6351 -1723073393
18.160 7703 -1723073393
18.187 9074 -1723073393
18.213 10402 -1723073393
18.240 11824 -1723073393
18.267 13128 -1723073393
18.293 14311 -1723073393
18.320 15571 -1723073393
18.347 16500 -1723073393
18.373 17211 -1723073393
18.400 17946 -1723073393
18.427 18184 -1723073393
18.453 18185 -1723073393
18.480 18173 -1723073393
18.507 17550 -1723073393
18.533 16767 -1723073393
18.560 15987 -1723073393
18.587 14620 -1723073393
18.613 13271 -1723073393
18.640 11964 -1723073393
18.667 10247 -1723073393
18.693 8654 -1723073393
18.720 7118 -1723073393
18.747 5409 -1723073393
18.773 3913 -1723073393
18.800 2530 -1723073393
18.827 1107 -1723073393
18.853 -125 -1723073393
18.880 -1190 -1723073393
18.907 -2195 -1723073393
18.933 -3059 -1723073393
18.960 -3765 -1723073393
18.987 -4392 -1723073393
19.013 -4937 -1723073393
19.040 -5308 -1723073393
19.067 -5614 -1723073393
19.093 -5913 -1723073393
19.120 -6047 -1723073393
19.147 -6162 -1723073393
19.173 -6304 -1723073393
19.200 -6296 -1723073393
19.227 -6324 -1723073393
19.253 -6381 -1723073393
19.280 -6304 -1723073393
19.307 -6306 -1723073393
19.333 -6323 -1723073393
19.360 -6220 -1723073393
19.387 -6214 -1723073393
19.413 -6194 -1723073393
19.440 -6071 -1723073393
19.467 -6052 -1723073393
19.493 -5995 -1723073393
19.520 -5866 -1723073393
19.547 -5843 -1723073393
19.573 -5752 -1723073393
19.600 -5616 -1723073393
19.627 -5590 -1723073393
19.653 -5486 -1723073393
19.680 -5385 -1723073393
19.707 -5395 -1723073393
19.733 -5329 -1723073393
19.760 -5294 -1723073393
19.787 -5370 -1723073393
19.813 -5397 -1723073393
19.840 -5502 -1723073393
19.867 -5708 -1723073393
19.893 -5868 -1723073393
19.920 -6129 -1723073393
19.947 -6459 -1723073393
19.973 -6727 -1723073393
20.000 -7090 -1723073393
20.027 -7473 -1723073393
20.053 -7761 -1723073393
20.080 -8114 -1723073393
20.107 -8399 -1723073393
20.133 -8534 -1723073393
20.160 -8719 -1723073393
20.187 -8748 -1723073393
20.213 -8600 -1723073393
20.240 -8493 -1723073393
20.267 -8197 -1723073393
20.293 -7744 -1723073393
20.320 -7343 -1723073393
20.347 -6765 -1723073393
20.373 -6098 -1723073393
20.400 -5526 -1723073393
20.427 -4818 -1723073393
20.453 -4090 -1723073393
20.480 -3492 -1723073393
20.507 -2832 -1723073393
20.533 -2222 -1723073393
20.560 -1734 -1723073393
20.587 -1243 -1723073393
20.613 -844 -1723073393
20.640 -560 -1723073393
20.667 -315 -1723073393
20.693 -146 -1723073393
20.720 -48 -1723073393
20.747 15 -1723073393
20.773 35 -1723073393
20.800 24 -1723073393
20.827 4 -1723073393
20.853 -27 -1723073393
20.880 -57 -1723073393
20.907 -74 -1723073393
20.933 -86 -1723073393
20.960 -77 -1723073393
20.987 -48 -1723073393
21.013 -8 -1723073393
21.040 57 -1723073393
21.067 139 -1723073393
21.093 224 -1723073393
21.120 329 -1723073393
21.147 437 -1723073393
21.173 537 -1723073393
21.200 640 -1723073393
21.227 743 -1723073393
21.253 833 -1723073393
21.280 914 -1723073393
21.307 993 -1723073393
21.333 1067 -1723073393
21.360 1136 -1723073393
21.387 1205 -1723073393
21.413 1273 -1723073393
21.440 1339 -1723073393
21.467 1418 -1723073393
21.493 1502 -1723073393
21.520 1587 -1723073393
21.547 1687 -1723073393
21.573 1790 -1723073393
21.600 1890 -1723073393
21.627 2001 -1723073393
21.653 2111 -1723073393
21.680 2207 -1723073393
21.707 2311 -1723073393
21.733 2398 -1723073393
21.760 2458 -1723073393
21.787 2519 -1723073393
21.813 2548 -1723073393
21.840 2541 -1723073393
21.867 2527 -1723073393
21.893 2471 -1723073393
21.920 2380 -1723073393
21.947 2290 -1723073393
21.973 2166 -1723073393
22.000 2021 -1723073393
22.027 1889 -1723073393
22.053 1743 -1723073393
22.080 1603 -1723073393
22.107 1491 -1723073393
22.133 1386 -1723073393
22.160 1300 -1723073393
22.187 1243 -1723073393
22.213 1198 -1723073393
22.240 1168 -1723073393
22.267 1152 -1723073393
22.293 1136 -1723073393
22.320 1120 -1723073393
22.347 1102 -1723073393
22.373 1074 -1723073393
22.400 1048 -1723073393
22.427 1017 -1723073393
22.453 971 -1723073393
22.480 915 -1723073393
22.507 856 -1723073393
22.533 798 -1723073393
22.560 756 -1723073393
22.587 727 -1723073393
22.613 706 -1723073393
22.640 700 -1723073393
22.667 710 -1723073393
22.693 733 -1723073393
22.720 771 -1723073393
22.747 820 -1723073393
22.773 878 -1723073393
22.800 944 -1723073393
22.827 1010 -1723073393
22.853 1079 -1723073393
22.880 1139 -1723073393
22.907 1184 -1723073393
22.933 1220 -1723073393
22.960 1248 -1723073393
22.987 1259 -1723073393
23.013 1254 -1723073393
23.040 1234 -1723073393
23.067 1196 -1723073393
23.093 1144 -1723073393
23.120 1088 -1723073393
23.147 1023 -1723073393
23.173 954 -1723073393
23.200 889 -1723073393
23.227 820 -1723073393
23.253 746 -1723073393
23.280 676 -1723073393
23.307 608 -1723073393
23.333 540 -1723073393
23.360 475 -1723073393
23.387 411 -1723073393
23.413 352 -1723073393
23.440 303 -1723073393
23.467 260 -1723073393
23.493 219 -1723073393
23.520 184 -1723073393
23.547 159 -1723073393
23.573 133 -1723073393
23.600 102 -1723073393
23.627 72 -1723073393
23.653 39 -1723073393
23.680 9 -1723073393
23.707 -14 -1723073393
23.733 -28 -1723073393
23.760 -34 -1723073393
23.787 -30 -1723073393
23.813 -24 -1723073393
23.840 -11 -1723073393
23.867 12 -1723073393
23.893 37 -1723073393
23.920 69 -1723073393
23.947 116 -1723073393
23.973 171 -1723073393
24.000 229 -1723073393
24.027 297 -1723073393
24.053 371 -1723073393
24.080 443 -1723073393
24.107 515 -1723073393
24.133 585 -1723073393
24.160 649 -1723073393
24.187 708 -1723073393
24.213 759 -1723073393
24.240 805 -1723073393
24.267 847 -1723073393
24.293 879 -1723073393
24.320 902 -1723073393
24.347 922 -1723073393
24.373 939 -1723073393
24.400 949 -1723073393
24.427 947 -1723073393
24.453 939 -1723073393
24.480 927 -1723073393
24.507 910 -1723073393
24.533 889 -1723073393
24.560 860 -1723073393
24.587 817 -1723073393
24.613 772 -1723073393
24.640 722 -1723073393
24.667 662 -1723073393
24.693 604 -1723073393
24.720 546 -1723073393
24.747 489 -1723073393
24.773 434 -1723073393
24.800 380 -1723073393
24.827 328 -1723073393
24.853 284 -1723073393
24.880 255 -1723073393
24.907 236 -1723073393
24.933 217 -1723073393
24.960 204 -1723073393
24.987 196 -1723073393
25.013 191 -1723073393
25.040 190 -1723073393
25.067 192 -1723073393
25.093 196 -1723073393
25.120 201 -1723073393
25.147 208 -1723073393
25.173 218 -1723073393
25.200 228 -1723073393
25.227 234 -1723073393
25.253 232 -1723073393
25.280 225 -1723073393
25.307 213 -1723073393
25.333 194 -1723073393
25.360 170 -1723073393
25.387 139 -1723073393
25.413 104 -1723073393
25.440 68 -1723073393
25.467 30 -1723073393
25.493 -9 -1723073393
25.520 -51 -1723073393
25.547 -94 -1723073393
25.573 -135 -1723073393
25.600 -165 -1723073393
25.627 -187 -1723073393
25.653 -198 -1723073393
25.680 -201 -1723073393
25.707 -197 -1723073393
25.733 -184 -1723073393
25.760 -154 -1723073393
25.787 -116 -1723073393
25.813 -79 -1723073393
25.840 -41 -1723073393
25.867 -4 -1723073393
25.893 29 -1723073393
25.920 61 -1723073393
25.947 87 -1723073393
25.973 105 -1723073393
26.000 115 -1723073393
26.027 121 -1723073393
26.053 128 -1723073393
26.080 133 -1723073393
26.107 135 -1723073393
26.133 135 -1723073393
26.160 129 -1723073393
26.187 119 -1723073393
26.213 111 -1723073393
26.240 98 -1723073393
26.267 85 -1723073393
26.293 73 -1723073393
26.320 62 -1723073393
26.347 55 -1723073393
26.373 54 -1723073393
26.400 54 -1723073393
26.427 55 -1723073393
26.453 61 -1723073393
26.480 62 -1723073393
26.507 64 -1723073393
26.533 67 -1723073393
26.560 67 -1723073393
26.587 60 -1723073393
26.613 41 -1723073393
26.640 12 -1723073393
26.667 -21 -1723073393
26.693 -59 -1723073393
26.720 -99 -1723073393
26.747 -137 -1723073393
26.773 -172 -1723073393
26.800 -205 -1723073393
26.827 -230 -1723073393
26.853 -246 -1723073393
26.880 -252 -1723073393
26.907 -244 -1723073393
26.933 -226 -1723073393
26.960 -199 -1723073393
26.987 -162 -1723073393
27.013 -122 -1723073393
27.040 -82 -1723073393
27.067 -46 -1723073393
27.093 -14 -1723073393
27.120 13 -1723073393
27.147 34 -1723073393
27.173 43 -1723073393
27.200 45 -1723073393
27.227 41 -1723073393
27.253 25 -1723073393
27.280 0 -1723073393
27.307 -27 -1723073393
27.333 -59 -1723073393
27.360 -97 -1723073393
27.387 -135 -1723073393
27.413 -176 -1723073393
27.440 -219 -1723073393
27.467 -254 -1723073393
27.493 -283 -1723073393
27.520 -308 -1723073393
27.547 -324 -1723073393
27.573 -336 -1723073393
27.600 -340 -1723073393
27.627 -332 -1723073393
27.653 -318 -1723073393
27.680 -295 -1723073393
27.707 -257 -1723073393
27.733 -212 -1723073393
27.760 -159 -1723073393
27.787 -100 -1723073393
27.813 -40 -1723073393
27.840 23 -1723073393
27.867 84 -1723073393
27.893 140 -1723073393
27.920 198 -1723073393
27.947 250 -1723073393
27.973 293 -1723073393
28.000 332 -1723073393
28.027 359 -1723073393
28.053 370 -1723073393
28.080 377 -1723073393
28.107 382 -1723073393
28.133 380 -1723073393
28.160 378 -1723073393
28.187 372 -1723073393
28.213 360 -1723073393
28.240 347 -1723073393
28.267 336 -1723073393
28.293 332 -1723073393
28.320 331 -1723073393
28.347 331 -1723073393
28.373 322 -1723073393
28.400 304 -1723073393
28.427 284 -1723073393
28.453 259 -1723073393
28.480 229 -1723073393
28.507 197 -1723073393
28.533 161 -1723073393
28.560 125 -1723073393
28.587 93 -1723073393
28.613 61 -1723073393
28.640 30 -1723073393
28.667 6 -1723073393
28.693 -13 -1723073393
28.720 -30 -1723073393
28.747 -43 -1723073393
28.773 -51 -1723073393
28.800 -56 -1723073393
28.827 -57 -1723073393
28.853 -59 -1723073393
28.880 -57 -1723073393
28.907 -48 -1723073393
28.933 -35 -1723073393
28.960 -23 -1723073393
28.987 -9 -1723073393
29.013 5 -1723073393
29.040 23 -1723073393
29.067 41 -1723073393
29.093 57 -1723073393
29.120 69 -1723073393
29.147 74 -1723073393
29.173 70 -1723073393
29.200 60 -1723073393
29.227 44 -1723073393
29.253 25 -1723073393
29.280 2 -1723073393
29.307 -23 -1723073393
29.333 -47 -1723073393
29.360 -65 -1723073393
29.387 -83 -1723073393
29.413 -101 -1723073393
29.440 -113 -1723073393
29.467 -122 -1723073393
29.493 -125 -1723073393
29.520 -118 -1723073393
29.547 -108 -1723073393
29.573 -90 -1723073393
29.600 -65 -1723073393
29.627 -32 -1723073393
29.653 4 -1723073393
29.680 47 -1723073393
29.707 96 -1723073393
29.733 146 -1723073393
29.760 194 -1723073393
29.787 242 -1723073393
29.813 283 -1723073393
29.840 314 -1723073393
29.867 345 -1723073393
29.893 376 -1723073393
29.920 399 -1723073393
29.947 413 -1723073393
29.973 419 -1723073393
30.000 421 -1723073393
30.027 420 -1723073393
30.053 415 -1723073393
30.080 401 -1723073393
30.107 382 -1723073393
30.133 354 -1723073393
30.160 321 -1723073393
30.187 280 -1723073393
30.213 235 -1723073393
30.240 188 -1723073393
30.267 142 -1723073393
30.293 94 -1723073393
30.320 44 -1723073393
30.347 -3 -1723073393
30.373 -53 -1723073393
30.400 -99 -1723073393
30.427 -137 -1723073393
30.453 -171 -1723073393
30.480 -195 -1723073393
30.507 -206 -1723073393
30.533 -211 -1723073393
30.560 -199 -1723073393
30.587 -171 -1723073393
30.613 -133 -1723073393
30.640 -82 -1723073393
30.667 -20 -1723073393
30.693 48 -1723073393
30.720 123 -1723073393
30.747 197 -1723073393
30.773 264 -1723073393
30.800 320 -1723073393
30.827 362 -1723073393
30.853 387 -1723073393
30.880 392 -1723073393
30.907 377 -1723073393
30.933 345 -1723073393
30.960 295 -1723073393
30.987 230 -1723073393
31.013 153 -1723073393
31.040 69 -1723073393
31.067 -17 -1723073393
31.093 -105 -1723073393
31.120 -189 -1723073393
31.147 -262 -1723073393
31.173 -330 -1723073393
31.200 -382 -1723073393
31.227 -413 -1723073393
31.253 -427 -1723073393
31.280 -421 -1723073393
31.307 -390 -1723073393
31.333 -339 -1723073393
31.360 -272 -1723073393
31.387 -194 -1723073393
31.413 -113 -1723073393
31.440 -30 -1723073393
31.467 46 -1723073393
31.493 116 -1723073393
31.520 176 -1723073393
31.547 224 -1723073393
31.573 256 -1723073393
31.600 278 -1723073393
31.627 289 -1723073393
31.653 286 -1723073393
31.680 276 -1723073393
31.707 268 -1723073393
31.733 260 -1723073393
31.760 250 -1723073393
31.787 241 -1723073393
31.813 234 -1723073393
31.840 230 -1723073393
31.867 234 -1723073393
31.893 243 -1723073393
31.920 252 -1723073393
31.947 261 -1723073393
31.973 263 -1723073393
32.000 255 -1723073393
32.027 240 -1723073393
32.053 220 -1723073393
32.080 194 -1723073393
32.107 159 -1723073393
32.133 115 -1723073393
32.160 65 -1723073393
32.187 13 -1723073393
32.213 -35 -1723073393
32.240 -74 -1723073393
32.267 -104 -1723073393
32.293 -123 -1723073393
32.320 -130 -1723073393
32.347 -122 -1723073393
32.373 -100 -1723073393
32.400 -61 -1723073393
32.427 -15 -1723073393
32.453 36 -1723073393
32.480 95 -1723073393
32.507 154 -1723073393
32.533 205 -1723073393
32.560 249 -1723073393
32.587 284 -1723073393
32.613 300 -1723073393
32.640 305 -1723073393
32.667 294 -1723073393
32.693 262 -1723073393
32.720 213 -1723073393
32.747 152 -1723073393
32.773 74 -1723073393
32.800 -11 -1723073393
32.827 -102 -1723073393
32.853 -194 -1723073393
32.880 -277 -1723073393
32.907 -351 -1723073393
32.933 -411 -1723073393
32.960 -449 -1723073393
32.987 -465 -1723073393
33.013 -456 -1723073393
33.040 -422 -1723073393
33.067 -371 -1723073393
33.093 -306 -1723073393
33.120 -222 -1723073393
33.147 -131 -1723073393
33.173 -39 -1723073393
33.200 56 -1723073393
33.227 149 -1723073393
33.253 236 -1723073393
33.280 318 -1723073393
33.307 385 -1723073393
33.333 436 -1723073393
33.360 479 -1723073393
33.387 512 -1723073393
33.413 532 -1723073393
33.440 548 -1723073393
33.467 560 -1723073393
33.493 568 -1723073393
33.520 573 -1723073393
33.547 578 -1723073393
33.573 577 -1723073393
33.600 570 -1723073393
33.627 555 -1723073393
33.653 532 -1723073393
33.680 502 -1723073393
33.707 465 -1723073393
33.733 419 -1723073393
33.760 363 -1723073393
33.787 300 -1723073393
33.813 236 -1723073393
33.840 170 -1723073393
33.867 108 -1723073393
33.893 47 -1723073393
33.920 -9 -1723073393
33.947 -53 -1723073393
33.973 -85 -1723073393
34.000 -105 -1723073393
34.027 -109 -1723073393
34.053 -100 -1723073393
34.080 -78 -1723073393
34.107 -44 -1723073393
34.133 -2 -1723073393
34.160 54 -1723073393
34.187 117 -1723073393
34.213 175 -1723073393
34.240 236 -1723073393
34.267 297 -1723073393
34.293 350 -1723073393
34.320 393 -1723073393
34.347 423 -1723073393
34.373 440 -1723073393
34.400 446 -1723073393
34.427 440 -1723073393
34.453 418 -1723073393
34.480 375 -1723073393
34.507 315 -1723073393
34.533 238 -1723073393
34.560 144 -1723073393
34.587 44 -1723073393
34.613 -52 -1723073393
34.640 -146 -1723073393
34.667 -231 -1723073393
34.693 -297 -1723073393
34.720 -341 -1723073393
34.747 -362 -1723073393
34.773 -363 -1723073393
34.800 -343 -1723073393
34.827 -302 -1723073393
34.853 -242 -1723073393
34.880 -166 -1723073393
34.907 -73 -1723073393
34.933 18 -1723073393
34.960 103 -1723073393
34.987 192 -1723073393
35.013 277 -1723073393
35.040 351 -1723073393
35.067 421 -1723073393
35.093 481 -1723073393
35.120 523 -1723073393
35.147 546 -1723073393
35.173 558 -1723073393
35.200 552 -1723073393
35.227 532 -1723073393
35.253 507 -1723073393
35.280 479 -1723073393
35.307 442 -1723073393
35.333 399 -1723073393
35.360 352 -1723073393
35.387 300 -1723073393
35.413 254 -1723073393
35.440 208 -1723073393
35.467 165 -1723073393
35.493 135 -1723073393
35.520 110 -1723073393
35.547 87 -1723073393
35.573 74 -1723073393
35.600 69 -1723073393
35.627 66 -1723073393
35.653 66 -1723073393
35.680 63 -1723073393
35.707 63 -1723073393
35.733 67 -1723073393
35.760 75 -1723073393
35.787 81 -1723073393
35.813 85 -1723073393
35.840 96 -1723073393
35.867 111 -1723073393
35.893 126 -1723073393
35.920 146 -1723073393
35.947 168 -1723073393
35.973 197 -1723073393
36.000 231 -1723073393
36.027 262 -1723073393
36.053 298 -1723073393
36.080 336 -1723073393
36.107 372 -1723073393
36.133 404 -1723073393
36.160 429 -1723073393
36.187 439 -1723073393
36.213 441 -1723073393
36.240 435 -1723073393
36.267 411 -1723073393
36.293 377 -1723073393
36.320 335 -1723073393
36.347 278 -1723073393
36.373 208 -1723073393
36.400 140 -1723073393
36.427 71 -1723073393
36.453 2 -1723073393
36.480 -56 -1723073393
36.507 -109 -1723073393
36.533 -154 -1723073393
36.560 -177 -1723073393
36.587 -182 -1723073393
36.613 -173 -1723073393
36.640 -144 -1723073393
36.667 -103 -1723073393
36.693 -47 -1723073393
36.720 25 -1723073393
36.747 94 -1723073393
36.773 161 -1723073393
36.800 227 -1723073393
36.827 282 -1723073393
36.853 326 -1723073393
36.880 367 -1723073393
36.907 400 -1723073393
36.933 415 -1723073393
36.960 425 -1723073393
36.987 431 -1723073393
37.013 424 -1723073393
37.040 416 -1723073393
37.067 408 -1723073393
37.093 391 -1723073393
37.120 382 -1723073393
37.147 380 -1723073393
37.173 376 -1723073393
37.200 376 -1723073393
37.227 380 -1723073393
37.253 374 -1723073393
37.280 365 -1723073393
37.307 364 -1723073393
37.333 360 -1723073393
37.360 356 -1723073393
37.387 353 -1723073393
37.413 339 -1723073393
37.440 320 -1723073393
37.467 303 -1723073393
37.493 283 -1723073393
37.520 265 -1723073393
37.547 252 -1723073393
37.573 242 -1723073393
37.600 232 -1723073393
37.627 231 -1723073393
37.653 233 -1723073393
37.680 237 -1723073393
37.707 250 -1723073393
37.733 265 -1723073393
37.760 276 -1723073393
37.787 293 -1723073393
37.813 309 -1723073393
37.840 312 -1723073393
37.867 311 -1723073393
37.893 302 -1723073393
37.920 283 -1723073393
37.947 263 -1723073393
37.973 236 -1723073393
38.000 196 -1723073393
38.027 157 -1723073393
38.053 114 -1723073393
38.080 57 -1723073393
38.107 -1 -1723073393
38.133 -59 -1723073393
38.160 -115 -1723073393
38.187 -162 -1723073393
38.213 -196 -1723073393
38.240 -223 -1723073393
38.267 -237 -1723073393
38.293 -235 -1723073393
38.320 -221 -1723073393
38.347 -195 -1723073393
38.373 -155 -1723073393
38.400 -109 -1723073393
38.427 -57 -1723073393
38.453 -1 -1723073393
38.480 50 -1723073393
38.507 104 -1723073393
38.533 157 -1723073393
38.560 201 -1723073393
38.587 240 -1723073393
38.613 272 -1723073393
38.640 291 -1723073393
38.667 297 -1723073393
38.693 298 -1723073393
38.720 290 -1723073393
38.747 276 -1723073393
38.773 265 -1723073393
38.800 257 -1723073393
38.827 247 -1723073393
38.853 243 -1723073393
38.880 239 -1723073393
38.907 237 -1723073393
38.933 240 -1723073393
38.960 247 -1723073393
38.987 251 -1723073393
39.013 260 -1723073393
39.040 270 -1723073393
39.067 269 -1723073393
39.093 271 -1723073393
39.120 277 -1723073393
39.147 275 -1723073393
39.173 273 -1723073393
39.200 276 -1723073393
39.227 272 -1723073393
39.253 262 -1723073393
39.280 256 -1723073393
39.307 246 -1723073393
39.333 230 -1723073393
39.360 217 -1723073393
39.387 203 -1723073393
39.413 189 -1723073393
39.440 183 -1723073393
39.467 175 -1723073393
39.493 163 -1723073393
39.520 161 -1723073393
39.547 157 -1723073393
39.573 144 -1723073393
39.600 136 -1723073393
39.627 130 -1723073393
39.653 119 -1723073393
39.680 110 -1723073393
39.707 105 -1723073393
39.733 94 -1723073393
39.760 85 -1723073393
39.787 82 -1723073393
39.813 76 -1723073393
39.840 72 -1723073393
39.867 75 -1723073393
39.893 77 -1723073393
39.920 76 -1723073393
39.947 78 -1723073393
39.973 74 -1723073393
40.000 69 -1723073393
40.027 73 -1723073393
40.053 78 -1723073393
40.080 83 -1723073393
40.107 95 -1723073393
40.133 107 -1723073393
40.160 119 -1723073393
40.187 142 -1723073393
40.213 168 -1723073393
40.240 184 -1723073393
40.267 205 -1723073393
40.293 226 -1723073393
40.320 234 -1723073393
40.347 242 -1723073393
40.373 250 -1723073393
40.400 252 -1723073393
40.427 253 -1723073393
40.453 256 -1723073393
40.480 249 -1723073393
40.507 237 -1723073393
40.533 228 -1723073393
40.560 212 -1723073393
40.587 194 -1723073393
40.613 186 -1723073393
40.640 179 -1723073393
40.667 169 -1723073393
40.693 166 -1723073393
40.720 166 -1723073393
40.747 163 -1723073393
40.773 163 -1723073393
40.800 161 -1723073393
40.827 157 -1723073393
40.853 162 -1723073393
40.880 172 -1723073393
40.907 176 -1723073393
40.933 182 -1723073393
40.960 181 -1723073393
40.987 172 -1723073393
41.013 165 -1723073393
41.040 164 -1723073393
41.067 159 -1723073393
41.093 157 -1723073393
41.120 156 -1723073393
41.147 150 -1723073393
41.173 148 -1723073393
41.200 151 -1723073393
41.227 147 -1723073393
41.253 147 -1723073393
41.280 155 -1723073393
41.307 159 -1723073393
41.333 159 -1723073393
41.360 158 -1723073393
41.387 152 -1723073393
41.413 145 -1723073393
41.440 141 -1723073393
41.467 127 -1723073393
41.493 105 -1723073393
41.520 83 -1723073393
41.547 55 -1723073393
41.573 19 -1723073393
41.600 -11 -1723073393
41.627 -43 -1723073393
41.653 -79 -1723073393
41.680 -108 -1723073393
41.707 -132 -1723073393
41.733 -156 -1723073393
41.760 -166 -1723073393
41.787 -166 -1723073393
41.813 -162 -1723073393
41.840 -145 -1723073393
41.867 -118 -1723073393
41.893 -89 -1723073393
41.920 -55 -1723073393
41.947 -16 -1723073393
41.973 16 -1723073393
42.000 47 -1723073393
42.027 73 -1723073393
42.053 88 -1723073393
42.080 91 -1723073393
42.107 91 -1723073393
42.133 83 -1723073393
42.160 65 -1723073393
42.187 43 -1723073393
42.213 16 -1723073393
42.240 -16 -1723073393
42.267 -47 -1723073393
42.293 -75 -1723073393
42.320 -96 -1723073393
42.347 -103 -1723073393
42.373 -100 -1723073393
42.400 -92 -1723073393
42.427 -72 -1723073393
42.453 -40 -1723073393
42.480 -8 -1723073393
42.507 29 -1723073393
42.533 70 -1723073393
42.560 104 -1723073393
42.587 135 -1723073393
42.613 168 -1723073393
42.640 197 -1723073393
42.667 220 -1723073393
42.693 243 -1723073393
42.720 260 -1723073393
42.747 264 -1723073393
42.773 267 -1723073393
42.800 265 -1723073393
42.827 255 -1723073393
42.853 245 -1723073393
42.880 228 -1723073393
42.907 202 -1723073393
42.933 175 -1723073393
42.960 147 -1723073393
42.987 115 -1723073393
43.013 87 -1723073393
43.040 69 -1723073393
43.067 51 -1723073393
43.093 32 -1723073393
43.120 19 -1723073393
43.147 4 -1723073393
43.173 -15 -1723073393
43.200 -32 -1723073393
43.227 -48 -1723073393
43.253 -64 -1723073393
43.280 -79 -1723073393
43.307 -95 -1723073393
43.333 -116 -1723073393
43.360 -133 -1723073393
43.387 -148 -1723073393
43.413 -164 -1723073393
43.440 -170 -1723073393
43.467 -171 -1723073393
43.493 -171 -1723073393
43.520 -161 -1723073393
43.547 -145 -1723073393
43.573 -128 -1723073393
43.600 -104 -1723073393
43.627 -74 -1723073393
43.653 -51 -1723073393
43.680 -24 -1723073393
43.707 3 -1723073393
43.733 18 -1723073393
43.760 23 -1723073393
43.787 22 -1723073393
43.813 12 -1723073393
43.840 -6 -1723073393
43.867 -25 -1723073393
43.893 -46 -1723073393
43.920 -72 -1723073393
43.947 -89 -1723073393
43.973 -102 -1723073393
44.000 -114 -1723073393
44.027 -116 -1723073393
44.053 -108 -1723073393
44.080 -96 -1723073393
44.107 -75 -1723073393
44.133 -44 -1723073393
44.160 -8 -1723073393
44.187 35 -1723073393
44.213 84 -1723073393
44.240 125 -1723073393
44.267 159 -1723073393
44.293 194 -1723073393
44.320 227 -1723073393
44.347 251 -1723073393
44.373 268 -1723073393
44.400 281 -1723073393
44.427 283 -1723073393
44.453 282 -1723073393
44.480 282 -1723073393
44.507 274 -1723073393
44.533 261 -1723073393
44.560 250 -1723073393
44.587 231 -1723073393
44.613 205 -1723073393
44.640 180 -1723073393
44.667 154 -1723073393
44.693 127 -1723073393
44.720 107 -1723073393
44.747 91 -1723073393
44.773 67 -1723073393
44.800 45 -1723073393
44.827 20 -1723073393
44.853 -4 -1723073393
44.880 -21 -1723073393
44.907 -36 -1723073393
44.933 -54 -1723073393
44.960 -67 -1723073393
44.987 -81 -1723073393
45.013 -96 -1723073393
45.040 -100 -1723073393
45.067 -95 -1723073393
45.093 -91 -1723073393
45.120 -81 -1723073393
45.147 -66 -1723073393
45.173 -55 -1723073393
45.200 -40 -1723073393
45.227 -15 -1723073393
45.253 4 -1723073393
45.280 24 -1723073393
45.307 49 -1723073393
45.333 71 -1723073393
45.360 89 -1723073393
45.387 116 -1723073393
45.413 142 -1723073393
45.440 155 -1723073393
45.467 164 -1723073393
45.493 169 -1723073393
45.520 164 -1723073393
45.547 154 -1723073393
45.573 146 -1723073393
45.600 129 -1723073393
45.627 104 -1723073393
45.653 79 -1723073393
45.680 50 -1723073393
45.707 14 -1723073393
45.733 -23 -1723073393
45.760 -59 -1723073393
45.787 -89 -1723073393
45.813 -114 -1723073393
45.840 -137 -1723073393
45.867 -148 -1723073393
45.893 -142 -1723073393
45.920 -132 -1723073393
45.947 -116 -1723073393
45.973 -89 -1723073393
46.000 -58 -1723073393
46.027 -23 -1723073393
46.053 23 -1723073393
46.080 69 -1723073393
46.107 111 -1723073393
46.133 155 -1723073393
46.160 201 -1723073393
46.187 240 -1723073393
46.213 269 -1723073393
46.240 295 -1723073393
46.267 321 -1723073393
46.293 339 -1723073393
46.320 349 -1723073393
46.347 359 -1723073393
46.373 361 -1723073393
46.400 354 -1723073393
46.427 344 -1723073393
46.453 326 -1723073393
46.480 299 -1723073393
46.507 276 -1723073393
46.533 250 -1723073393
46.560 218 -1723073393
46.587 185 -1723073393
46.613 149 -1723073393
46.640 108 -1723073393
46.667 71 -1723073393
46.693 44 -1723073393
46.720 19 -1723073393
46.747 0 -1723073393
46.773 -6 -1723073393
46.800 -4 -1723073393
46.827 11 -1723073393
46.853 33 -1723073393
46.880 54 -1723073393
46.907 79 -1723073393
46.933 109 -1723073393
46.960 141 -1723073393
46.987 176 -1723073393
47.013 212 -1723073393
47.040 240 -1723073393
47.067 256 -1723073393
47.093 268 -1723073393
47.120 274 -1723073393
47.147 271 -1723073393
47.173 269 -1723073393
47.200 266 -1723073393
47.227 254 -1723073393
47.253 237 -1723073393
47.280 226 -1723073393
47.307 209 -1723073393
47.333 189 -1723073393
47.360 174 -1723073393
47.387 158 -1723073393
47.413 140 -1723073393
47.440 127 -1723073393
47.467 118 -1723073393
47.493 111 -1723073393
47.520 111 -1723073393
47.547 110 -1723073393
47.573 110 -1723073393
47.600 118 -1723073393
47.627 132 -1723073393
47.653 149 -1723073393
47.680 175 -1723073393
47.707 207 -1723073393
47.733 237 -1723073393
47.760 272 -1723073393
47.787 315 -1723073393
47.813 353 -1723073393
47.840 389 -1723073393
47.867 429 -1723073393
47.893 460 -1723073393
47.920 483 -1723073393
47.947 508 -1723073393
47.973 533 -1723073393
48.000 546 -1723073393
48.027 562 -1723073393
48.053 583 -1723073393
48.080 592 -1723073393
48.107 596 -1723073393
48.133 603 -1723073393
48.160 601 -1723073393
48.187 595 -1723073393
48.213 591 -1723073393
48.240 579 -1723073393
48.267 555 -1723073393
48.293 534 -1723073393
48.320 509 -1723073393
48.347 475 -1723073393
48.373 444 -1723073393
48.400 416 -1723073393
48.427 382 -1723073393
48.453 352 -1723073393
48.480 331 -1723073393
48.507 309 -1723073393
48.533 290 -1723073393
48.560 276 -1723073393
48.587 262 -1723073393
48.613 251 -1723073393
48.640 249 -1723073393
48.667 247 -1723073393
48.693 248 -1723073393
48.720 252 -1723073393
48.747 252 -1723073393
48.773 247 -1723073393
48.800 245 -1723073393
48.827 240 -1723073393
48.853 233 -1723073393
48.880 235 -1723073393
48.907 240 -1723073393
48.933 236 -1723073393
48.960 235 -1723073393
48.987 236 -1723073393
49.013 230 -1723073393
49.040 225 -1723073393
49.067 222 -1723073393
49.093 218 -1723073393
49.120 212 -1723073393
49.147 209 -1723073393
49.173 203 -1723073393
49.200 197 -1723073393
49.227 194 -1723073393
49.253 189 -1723073393
49.280 181 -1723073393
49.307 174 -1723073393
49.333 167 -1723073393
49.360 158 -1723073393
49.387 152 -1723073393
49.413 153 -1723073393
49.440 156 -1723073393
49.467 165 -1723073393
49.493 180 -1723073393
49.520 191 -1723073393
49.547 199 -1723073393
49.573 215 -1723073393
49.600 233 -1723073393
49.627 251 -1723073393
49.653 269 -1723073393
49.680 283 -1723073393
49.707 291 -1723073393
49.733 294 -1723073393
49.760 295 -1723073393
49.787 285 -1723073393
49.813 271 -1723073393
49.840 258 -1723073393
49.867 239 -1723073393
49.893 212 -1723073393
49.920 188 -1723073393
49.947 164 -1723073393
49.973 136 -1723073393
50.000 108 -1723073393
50.027 81 -1723073393
50.053 47 -1723073393
50.080 19 -1723073393
50.107 -1 -1723073393
50.133 -25 -1723073393
50.160 -46 -1723073393
50.187 -63 -1723073393
50.213 -80 -1723073393
50.240 -95 -1723073393
50.267 -106 -1723073393
50.293 -119 -1723073393
50.320 -131 -1723073393
50.347 -136 -1723073393
50.373 -139 -1723073393
50.400 -141 -1723073393
50.427 -134 -1723073393
50.453 -125 -1723073393
50.480 -115 -1723073393
50.507 -99 -1723073393
50.533 -81 -1723073393
50.560 -65 -1723073393
50.587 -46 -1723073393
50.613 -27 -1723073393
50.640 -13 -1723073393
50.667 2 -1723073393
50.693 16 -1723073393
50.720 17 -1723073393
50.747 10 -1723073393
50.773 4 -1723073393
50.800 -1 -1723073393
50.827 -8 -1723073393
50.853 -11 -1723073393
50.880 -16 -1723073393
50.907 -25 -1723073393
50.933 -31 -1723073393
50.960 -33 -1723073393
50.987 -36 -1723073393
51.013 -34 -1723073393
51.040 -23 -1723073393
51.067 -13 -1723073393
51.093 0 -1723073393
51.120 20 -1723073393
51.147 43 -1723073393
51.173 64 -1723073393
51.200 88 -1723073393
51.227 110 -1723073393
51.253 129 -1723073393
51.280 153 -1723073393
51.307 183 -1723073393
51.333 211 -1723073393
51.360 235 -1723073393
51.387 256 -1723073393
51.413 269 -1723073393
51.440 281 -1723073393
51.467 297 -1723073393
51.493 308 -1723073393
51.520 308 -1723073393
51.547 309 -1723073393
51.573 311 -1723073393
51.600 307 -1723073393
51.627 306 -1723073393
51.653 311 -1723073393
51.680 311 -1723073393
51.707 311 -1723073393
51.733 319 -1723073393
51.760 325 -1723073393
51.787 328 -1723073393
51.813 340 -1723073393
51.840 354 -1723073393
51.867 365 -1723073393
51.893 377 -1723073393
51.920 387 -1723073393
51.947 387 -1723073393
51.973 381 -1723073393
52.000 371 -1723073393
52.027 350 -1723073393
52.053 325 -1723073393
52.080 299 -1723073393
52.107 267 -1723073393
52.133 233 -1723073393
52.160 204 -1723073393
52.187 177 -1723073393
52.213 153 -1723073393
52.240 135 -1723073393
52.267 121 -1723073393
52.293 107 -1723073393
52.320 99 -1723073393
52.347 95 -1723073393
52.373 94 -1723073393
52.400 96 -1723073393
52.427 99 -1723073393
52.453 100 -1723073393
52.480 101 -1723073393
52.507 103 -1723073393
52.533 103 -1723073393
52.560 99 -1723073393
52.587 93 -1723073393
52.613 83 -1723073393
52.640 66 -1723073393
52.667 54 -1723073393
52.693 44 -1723073393
52.720 29 -1723073393
52.747 16 -1723073393
52.773 10 -1723073393
52.800 2 -1723073393
52.827 -5 -1723073393
52.853 -7 -1723073393
52.880 -6 -1723073393
52.907 -4 -1723073393
52.933 1 -1723073393
52.960 5 -1723073393
52.987 12 -1723073393
53.013 23 -1723073393
53.040 31 -1723073393
53.067 40 -1723073393
53.093 55 -1723073393
53.120 75 -1723073393
53.147 91 -1723073393
53.173 110 -1723073393
53.200 136 -1723073393
53.227 158 -1723073393
53.253 181 -1723073393
53.280 207 -1723073393
53.307 229 -1723073393
53.333 247 -1723073393
53.360 265 -1723073393
53.387 277 -1723073393
53.413 281 -1723073393
53.440 284 -1723073393
53.467 288 -1723073393
53.493 288 -1723073393
53.520 286 -1723073393
53.547 286 -1723073393
53.573 281 -1723073393
53.600 270 -1723073393
53.627 261 -1723073393
53.653 252 -1723073393
53.680 239 -1723073393
53.707 227 -1723073393
53.733 216 -1723073393
53.760 201 -1723073393
53.787 180 -1723073393
53.813 159 -1723073393
53.840 137 -1723073393
53.867 116 -1723073393
53.893 98 -1723073393
53.920 82 -1723073393
53.947 70 -1723073393
53.973 60 -1723073393
54.000 52 -1723073393
54.027 43 -1723073393
54.053 35 -1723073393
54.080 26 -1723073393
54.107 18 -1723073393
54.133 16 -1723073393
54.160 18 -1723073393
54.187 23 -1723073393
54.213 34 -1723073393
54.240 48 -1723073393
54.267 58 -1723073393
54.293 65 -1723073393
54.320 72 -1723073393
54.347 78 -1723073393
54.373 81 -1723073393
54.400 87 -1723073393
54.427 94 -1723073393
54.453 95 -1723073393
54.480 99 -1723073393
54.507 104 -1723073393
54.533 102 -1723073393
54.560 102 -1723073393
54.587 107 -1723073393
54.613 112 -1723073393
54.640 116 -1723073393
54.667 126 -1723073393
54.693 138 -1723073393
54.720 148 -1723073393
54.747 159 -1723073393
54.773 175 -1723073393
54.800 189 -1723073393
54.827 203 -1723073393
54.853 222 -1723073393
54.880 244 -1723073393
54.907 264 -1723073393
54.933 285 -1723073393
54.960 306 -1723073393
54.987 318 -1723073393
55.013 327 -1723073393
55.040 342 -1723073393
55.067 351 -1723073393
55.093 355 -1723073393
55.120 366 -1723073393
55.147 375 -1723073393
55.173 377 -1723073393
55.200 381 -1723073393
55.227 390 -1723073393
55.253 400 -1723073393
55.280 419 -1723073393
55.307 443 -1723073393
55.333 459 -1723073393
55.360 472 -1723073393
55.387 491 -1723073393
55.413 503 -1723073393
55.440 510 -1723073393
55.467 523 -1723073393
55.493 536 -1723073393
55.520 537 -1723073393
55.547 534 -1723073393
55.573 535 -1723073393
55.600 521 -1723073393
55.627 500 -1723073393
55.653 482 -1723073393
55.680 460 -1723073393
55.707 428 -1723073393
55.733 399 -1723073393
55.760 368 -1723073393
55.787 329 -1723073393
55.813 297 -1723073393
55.840 273 -1723073393
55.867 246 -1723073393
55.893 226 -1723073393
55.920 213 -1723073393
55.947 196 -1723073393
55.973 176 -1723073393
56.000 160 -1723073393
56.027 143 -1723073393
56.053 127 -1723073393
56.080 116 -1723073393
56.107 104 -1723073393
56.133 91 -1723073393
56.160 84 -1723073393
56.187 73 -1723073393
56.213 59 -1723073393
56.240 46 -1723073393
56.267 32 -1723073393
56.293 9 -1723073393
56.320 -12 -1723073393
56.347 -29 -1723073393
56.373 -47 -1723073393
56.400 -61 -1723073393
56.427 -65 -1723073393
56.453 -69 -1723073393
56.480 -75 -1723073393
56.507 -76 -1723073393
56.533 -80 -1723073393
56.560 -84 -1723073393
56.587 -83 -1723073393
56.613 -82 -1723073393
56.640 -83 -1723073393
56.667 -80 -1723073393
56.693 -75 -1723073393
56.720 -78 -1723073393
56.747 -76 -1723073393
56.773 -63 -1723073393
56.800 -49 -1723073393
56.827 -37 -1723073393
56.853 -13 -1723073393
56.880 11 -1723073393
56.907 29 -1723073393
56.933 51 -1723073393
56.960 78 -1723073393
56.987 101 -1723073393
57.013 122 -1723073393
57.040 149 -1723073393
57.067 174 -1723073393
57.093 191 -1723073393
57.120 208 -1723073393
57.147 224 -1723073393
57.173 233 -1723073393
57.200 244 -1723073393
57.227 260 -1723073393
57.253 277 -1723073393
57.280 295 -1723073393
57.307 318 -1723073393
57.333 341 -1723073393
57.360 361 -1723073393
57.387 384 -1723073393
57.413 408 -1723073393
57.440 428 -1723073393
57.467 451 -1723073393
57.493 481 -1723073393
57.520 504 -1723073393
57.547 519 -1723073393
57.573 537 -1723073393
57.600 550 -1723073393
57.627 552 -1723073393
57.653 550 -1723073393
57.680 549 -1723073393
57.707 535 -1723073393
57.733 516 -1723073393
57.760 508 -1723073393
57.787 500 -1723073393
57.813 488 -1723073393
57.840 482 -1723073393
57.867 476 -1723073393
57.893 462 -1723073393
57.920 451 -1723073393
57.947 448 -1723073393
57.973 444 -1723073393
58.000 447 -1723073393
58.027 466 -1723073393
58.053 489 -1723073393
58.080 511 -1723073393
58.107 545 -1723073393
58.133 579 -1723073393
58.160 608 -1723073393
58.187 640 -1723073393
58.213 674 -1723073393
58.240 696 -1723073393
58.267 714 -1723073393
58.293 737 -1723073393
58.320 748 -1723073393
58.347 749 -1723073393
58.373 756 -1723073393
58.400 755 -1723073393
58.427 741 -1723073393
58.453 731 -1723073393
58.480 727 -1723073393
58.507 705 -1723073393
58.533 683 -1723073393
58.560 679 -1723073393
58.587 670 -1723073393
58.613 656 -1723073393
58.640 657 -1723073393
58.667 653 -1723073393
58.693 636 -1723073393
58.720 626 -1723073393
58.747 625 -1723073393
58.773 614 -1723073393
58.800 599 -1723073393
58.827 593 -1723073393
58.853 576 -1723073393
58.880 552 -1723073393
58.907 539 -1723073393
58.933 527 -1723073393
58.960 508 -1723073393
58.987 489 -1723073393
59.013 476 -1723073393
59.040 460 -1723073393
59.067 451 -1723073393
59.093 450 -1723073393
59.120 446 -1723073393
59.147 440 -1723073393
59.173 442 -1723073393
59.200 435 -1723073393
59.227 417 -1723073393
59.253 402 -1723073393
59.280 380 -1723073393
59.307 344 -1723073393
59.333 308 -1723073393
59.360 274 -1723073393
59.387 229 -1723073393
59.413 180 -1723073393
59.440 137 -1723073393
59.467 93 -1723073393
59.493 49 -1723073393
59.520 11 -1723073393
59.547 -22 -1723073393
59.573 -51 -1723073393
59.600 -75 -1723073393
59.627 -93 -1723073393
59.653 -102 -1723073393
59.680 -102 -1723073393
59.707 -98 -1723073393
59.733 -91 -1723073393
59.760 -76 -1723073393
59.787 -60 -1723073393
59.813 -47 -1723073393
59.840 -29 -1723073393
59.867 -8 -1723073393
59.893 7 -1723073393
59.920 23 -1723073393
59.947 42 -1723073393
59.973 56 -1723073393
60.000 66 -1723073393
60.027 69 -1723073393
60.053 64 -1723073393
60.080 56 -1723073393
60.107 47 -1723073393
60.133 39 -1723073393
60.160 25 -1723073393
60.187 9 -1723073393
60.213 -3 -1723073393
60.240 -17 -1723073393
60.267 -37 -1723073393
60.293 -56 -1723073393
60.320 -78 -1723073393
60.347 -101 -1723073393
60.373 -119 -1723073393
60.400 -131 -1723073393
60.427 -144 -1723073393
60.453 -157 -1723073393
60.480 -166 -1723073393
60.507 -180 -1723073393
60.533 -188 -1723073393
60.560 -188 -1723073393
60.587 -190 -1723073393
60.613 -191 -1723073393
60.640 -183 -1723073393
60.667 -174 -1723073393
60.693 -169 -1723073393
60.720 -160 -1723073393
60.747 -146 -1723073393
60.773 -139 -1723073393
60.800 -128 -1723073393
60.827 -108 -1723073393
60.853 -95 -1723073393
60.880 -83 -1723073393
60.907 -65 -1723073393
60.933 -55 -1723073393
60.960 -57 -1723073393
60.987 -55 -1723073393
61.013 -51 -1723073393
61.040 -55 -1723073393
61.067 -64 -1723073393
61.093 -73 -1723073393
61.120 -94 -1723073393
61.147 -119 -1723073393
61.173 -137 -1723073393
61.200 -158 -1723073393
61.227 -184 -1723073393
61.253 -207 -1723073393
61.280 -225 -1723073393
61.307 -243 -1723073393
61.333 -251 -1723073393
61.360 -252 -1723073393
61.387 -261 -1723073393
61.413 -265 -1723073393
61.440 -254 -1723073393
61.467 -241 -1723073393
61.493 -228 -1723073393
61.520 -206 -1723073393
61.547 -181 -1723073393
61.573 -160 -1723073393
61.600 -131 -1723073393
61.627 -95 -1723073393
61.653 -66 -1723073393
61.680 -37 -1723073393
61.707 -7 -1723073393
61.733 19 -1723073393
61.760 37 -1723073393
61.787 50 -1723073393
61.813 56 -1723073393
61.840 53 -1723073393
61.867 40 -1723073393
61.893 24 -1723073393
61.920 3 -1723073393
61.947 -20 -1723073393
61.973 -50 -1723073393
62.000 -86 -1723073393
62.027 -123 -1723073393
62.053 -155 -1723073393
62.080 -185 -1723073393
62.107 -214 -1723073393
62.133 -236 -1723073393
62.160 -249 -1723073393
62.187 -263 -1723073393
62.213 -273 -1723073393
62.240 -270 -1723073393
62.267 -264 -1723073393
62.293 -256 -1723073393
62.320 -235 -1723073393
62.347 -203 -1723073393
62.373 -174 -1723073393
62.400 -138 -1723073393
62.427 -97 -1723073393
62.453 -65 -1723073393
62.480 -36 -1723073393
62.507 -4 -1723073393
62.533 22 -1723073393
62.560 40 -1723073393
62.587 51 -1723073393
62.613 58 -1723073393
62.640 58 -1723073393
62.667 54 -1723073393
62.693 49 -1723073393
62.720 36 -1723073393
62.747 14 -1723073393
62.773 -9 -1723073393
62.800 -38 -1723073393
62.827 -75 -1723073393
62.853 -112 -1723073393
62.880 -151 -1723073393
62.907 -196 -1723073393
62.933 -235 -1723073393
62.960 -268 -1723073393
62.987 -304 -1723073393
63.013 -336 -1723073393
63.040 -357 -1723073393
63.067 -379 -1723073393
63.093 -399 -1723073393
63.120 -402 -1723073393
63.147 -395 -1723073393
63.173 -393 -1723073393
63.200 -382 -1723073393
63.227 -358 -1723073393
63.253 -341 -1723073393
63.280 -323 -1723073393
63.307 -288 -1723073393
63.333 -255 -1723073393
63.360 -230 -1723073393
63.387 -196 -1723073393
63.413 -160 -1723073393
63.440 -138 -1723073393
63.467 -116 -1723073393
63.493 -89 -1723073393
63.520 -72 -1723073393
63.547 -62 -1723073393
63.573 -50 -1723073393
63.600 -47 -1723073393
63.627 -54 -1723073393
63.653 -62 -1723073393
63.680 -70 -1723073393
63.707 -85 -1723073393
63.733 -100 -1723073393
63.760 -111 -1723073393
63.787 -126 -1723073393
63.813 -141 -1723073393
63.840 -147 -1723073393
63.867 -149 -1723073393
63.893 -152 -1723073393
63.920 -143 -1723073393
63.947 -125 -1723073393
63.973 -112 -1723073393
64.000 -93 -1723073393
64.027 -68 -1723073393
64.053 -48 -1723073393
64.080 -32 -1723073393
64.107 -9 -1723073393
64.133 14 -1723073393
64.160 32 -1723073393
64.187 48 -1723073393
64.213 64 -1723073393
64.240 76 -1723073393
64.267 87 -1723073393
64.293 96 -1723073393
64.320 102 -1723073393
64.347 105 -1723073393
64.373 103 -1723073393
64.400 102 -1723073393
64.427 97 -1723073393
64.453 92 -1723073393
64.480 85 -1723073393
64.507 73 -1723073393
64.533 64 -1723073393
64.560 60 -1723073393
64.587 53 -1723073393
64.613 42 -1723073393
64.640 33 -1723073393
64.667 21 -1723073393
64.693 4 -1723073393
64.720 -10 -1723073393
64.747 -22 -1723073393
64.773 -32 -1723073393
64.800 -33 -1723073393
64.827 -27 -1723073393
64.853 -20 -1723073393
64.880 -14 -1723073393
64.907 -1 -1723073393
64.933 13 -1723073393
64.960 23 -1723073393
64.987 38 -1723073393
65.013 60 -1723073393
65.040 81 -1723073393
65.067 107 -1723073393
65.093 139 -1723073393
65.120 169 -1723073393
65.147 193 -1723073393
65.173 221 -1723073393
65.200 248 -1723073393
65.227 270 -1723073393
65.253 288 -1723073393
65.280 303 -1723073393
65.307 316 -1723073393
65.333 324 -1723073393
65.360 330 -1723073393
65.387 337 -1723073393
65.413 339 -1723073393
65.440 336 -1723073393
65.467 332 -1723073393
65.493 327 -1723073393
65.520 316 -1723073393
65.547 301 -1723073393
65.573 289 -1723073393
65.600 277 -1723073393
65.627 263 -1723073393
65.653 253 -1723073393
65.680 248 -1723073393
65.707 241 -1723073393
65.733 238 -1723073393
65.760 239 -1723073393
65.787 239 -1723073393
65.813 239 -1723073393
65.840 243 -1723073393
65.867 246 -1723073393
65.893 247 -1723073393
65.920 249 -1723073393
65.947 251 -1723073393
65.973 249 -1723073393
66.000 246 -1723073393
66.027 247 -1723073393
66.053 245 -1723073393
66.080 241 -1723073393
66.107 237 -1723073393
66.133 235 -1723073393
66.160 231 -1723073393
66.187 229 -1723073393
66.213 230 -1723073393
66.240 227 -1723073393
66.267 221 -1723073393
66.293 221 -1723073393
66.320 226 -1723073393
66.347 230 -1723073393
66.373 233 -1723073393
66.400 235 -1723073393
66.427 235 -1723073393
66.453 232 -1723073393
66.480 230 -1723073393
66.507 227 -1723073393
66.533 226 -1723073393
66.560 228 -1723073393
66.587 232 -1723073393
66.613 238 -1723073393
66.640 249 -1723073393
66.667 263 -1723073393
66.693 278 -1723073393
66.720 297 -1723073393
66.747 317 -1723073393
66.773 336 -1723073393
66.800 356 -1723073393
66.827 380 -1723073393
66.853 397 -1723073393
66.880 405 -1723073393
66.907 416 -1723073393
66.933 428 -1723073393
66.960 432 -1723073393
66.987 439 -1723073393
67.013 453 -1723073393
67.040 459 -1723073393
67.067 457 -1723073393
67.093 459 -1723073393
67.120 463 -1723073393
67.147 460 -1723073393
67.173 458 -1723073393
67.200 460 -1723073393
67.227 459 -1723073393
67.253 456 -1723073393
67.280 458 -1723073393
67.307 456 -1723073393
67.333 447 -1723073393
67.360 445 -1723073393
67.387 448 -1723073393
67.413 446 -1723073393
67.440 447 -1723073393
67.467 453 -1723073393
67.493 449 -1723073393
67.520 439 -1723073393
67.547 439 -1723073393
67.573 435 -1723073393
67.600 422 -1723073393
67.627 412 -1723073393
67.653 402 -1723073393
67.680 385 -1723073393
67.707 366 -1723073393
67.733 351 -1723073393
67.760 331 -1723073393
67.787 299 -1723073393
67.813 271 -1723073393
67.840 250 -1723073393
67.867 233 -1723073393
67.893 220 -1723073393
67.920 209 -1723073393
67.947 203 -1723073393
67.973 200 -1723073393
68.000 200 -1723073393
68.027 205 -1723073393
68.053 215 -1723073393
68.080 225 -1723073393
68.107 233 -1723073393
68.133 241 -1723073393
68.160 254 -1723073393
68.187 266 -1723073393
68.213 273 -1723073393
68.240 280 -1723073393
68.267 288 -1723073393
68.293 291 -1723073393
68.320 288 -1723073393
68.347 286 -1723073393
68.373 284 -1723073393
68.400 282 -1723073393
68.427 277 -1723073393
68.453 271 -1723073393
68.480 265 -1723073393
68.507 259 -1723073393
68.533 254 -1723073393
68.560 253 -1723073393
68.587 254 -1723073393
68.613 258 -1723073393
68.640 263 -1723073393
68.667 269 -1723073393
68.693 276 -1723073393
68.720 281 -1723073393
68.747 288 -1723073393
68.773 302 -1723073393
68.800 322 -1723073393
68.827 339 -1723073393
68.853 352 -1723073393
68.880 366 -1723073393
68.907 377 -1723073393
68.933 383 -1723073393
68.960 389 -1723073393
68.987 397 -1723073393
69.013 403 -1723073393
69.040 406 -1723073393
69.067 412 -1723073393
69.093 411 -1723073393
69.120 404 -1723073393
69.147 402 -1723073393
69.173 403 -1723073393
69.200 396 -1723073393
69.227 385 -1723073393
69.253 384 -1723073393
69.280 377 -1723073393
69.307 361 -1723073393
69.333 349 -1723073393
69.360 335 -1723073393
69.387 314 -1723073393
69.413 296 -1723073393
69.440 284 -1723073393
69.467 269 -1723073393
69.493 251 -1723073393
69.520 240 -1723073393
69.547 229 -1723073393
69.573 215 -1723073393
69.600 206 -1723073393
69.627 202 -1723073393
69.653 200 -1723073393
69.680 201 -1723073393
69.707 207 -1723073393
69.733 213 -1723073393
69.760 221 -1723073393
69.787 232 -1723073393
69.813 241 -1723073393
69.840 252 -1723073393
69.867 266 -1723073393
69.893 279 -1723073393
69.920 289 -1723073393
69.947 302 -1723073393
69.973 313 -1723073393
70.000 315 -1723073393
70.027 313 -1723073393
70.053 315 -1723073393
70.080 315 -1723073393
70.107 305 -1723073393
70.133 293 -1723073393
70.160 285 -1723073393
70.187 276 -1723073393
70.213 270 -1723073393
70.240 267 -1723073393
70.267 262 -1723073393
70.293 252 -1723073393
70.320 244 -1723073393
70.347 237 -1723073393
70.373 232 -1723073393
70.400 227 -1723073393
70.427 227 -1723073393
70.453 227 -1723073393
70.480 231 -1723073393
70.507 242 -1723073393
70.533 255 -1723073393
70.560 272 -1723073393
70.587 293 -1723073393
70.613 312 -1723073393
70.640 326 -1723073393
70.667 344 -1723073393
70.693 363 -1723073393
70.720 373 -1723073393
70.747 378 -1723073393
70.773 393 -1723073393
70.800 406 -1723073393
70.827 413 -1723073393
70.853 422 -1723073393
70.880 425 -1723073393
70.907 420 -1723073393
70.933 420 -1723073393
70.960 429 -1723073393
70.987 432 -1723073393
71.013 428 -1723073393
71.040 428 -1723073393
71.067 422 -1723073393
71.093 407 -1723073393
71.120 395 -1723073393
71.147 384 -1723073393
71.173 366 -1723073393
71.200 349 -1723073393
71.227 339 -1723073393
71.253 324 -1723073393
71.280 309 -1723073393
71.307 298 -1723073393
71.333 283 -1723073393
71.360 264 -1723073393
71.387 249 -1723073393
71.413 239 -1723073393
71.440 225 -1723073393
71.467 213 -1723073393
71.493 205 -1723073393
71.520 200 -1723073393
71.547 202 -1723073393
71.573 207 -1723073393
71.600 211 -1723073393
71.627 213 -1723073393
71.653 220 -1723073393
71.680 229 -1723073393
71.707 238 -1723073393
71.733 250 -1723073393
71.760 263 -1723073393
71.787 272 -1723073393
71.813 279 -1723073393
71.840 289 -1723073393
71.867 296 -1723073393
71.893 299 -1723073393
71.920 308 -1723073393
71.947 317 -1723073393
71.973 315 -1723073393
72.000 310 -1723073393
72.027 307 -1723073393
72.053 298 -1723073393
72.080 284 -1723073393
72.107 279 -1723073393
72.133 275 -1723073393
72.160 267 -1723073393
72.187 259 -1723073393
72.213 255 -1723073393
72.240 248 -1723073393
72.267 239 -1723073393
72.293 236 -1723073393
72.320 237 -1723073393
72.347 236 -1723073393
72.373 234 -1723073393
72.400 234 -1723073393
72.427 234 -1723073393
72.453 233 -1723073393
72.480 232 -1723073393
72.507 231 -1723073393
72.533 227 -1723073393
72.560 222 -1723073393
72.587 218 -1723073393
72.613 215 -1723073393
72.640 209 -1723073393
72.667 201 -1723073393
72.693 188 -1723073393
72.720 175 -1723073393
72.747 169 -1723073393
72.773 166 -1723073393
72.800 161 -1723073393
72.827 159 -1723073393
72.853 161 -1723073393
72.880 163 -1723073393
72.907 165 -1723073393
72.933 168 -1723073393
72.960 176 -1723073393
72.987 189 -1723073393
73.013 203 -1723073393
73.040 219 -1723073393
73.067 236 -1723073393
73.093 247 -1723073393
73.120 257 -1723073393
73.147 271 -1723073393
73.173 286 -1723073393
73.200 299 -1723073393
73.227 310 -1723073393
73.253 321 -1723073393
73.280 329 -1723073393
73.307 331 -1723073393
73.333 328 -1723073393
73.360 323 -1723073393
73.387 319 -1723073393
73.413 314 -1723073393
73.440 314 -1723073393
73.467 320 -1723073393
73.493 322 -1723073393
73.520 321 -1723073393
73.547 326 -1723073393
73.573 330 -1723073393
73.600 330 -1723073393
73.627 328 -1723073393
73.653 320 -1723073393
73.680 305 -1723073393
73.707 291 -1723073393
73.733 277 -1723073393
73.760 256 -1723073393
73.787 234 -1723073393
73.813 213 -1723073393
73.840 186 -1723073393
73.867 153 -1723073393
73.893 126 -1723073393
73.920 100 -1723073393
73.947 77 -1723073393
73.973 58 -1723073393
74.000 42 -1723073393
74.027 37 -1723073393
74.053 37 -1723073393
74.080 40 -1723073393
74.107 53 -1723073393
74.133 72 -1723073393
74.160 88 -1723073393
74.187 106 -1723073393
74.213 131 -1723073393
74.240 155 -1723073393
74.267 175 -1723073393
74.293 195 -1723073393
74.320 216 -1723073393
74.347 234 -1723073393
74.373 251 -1723073393
74.400 266 -1723073393
74.427 278 -1723073393
74.453 285 -1723073393
74.480 288 -1723073393
74.507 291 -1723073393
74.533 297 -1723073393
74.560 302 -1723073393
74.587 304 -1723073393
74.613 301 -1723073393
74.640 299 -1723073393
74.667 296 -1723073393
74.693 297 -1723073393
74.720 300 -1723073393
74.747 302 -1723073393
74.773 303 -1723073393
74.800 301 -1723073393
74.827 293 -1723073393
74.853 286 -1723073393
74.880 282 -1723073393
74.907 278 -1723073393
74.933 273 -1723073393
74.960 270 -1723073393
74.987 266 -1723073393
75.013 259 -1723073393
75.040 254 -1723073393
75.067 247 -1723073393
75.093 241 -1723073393
75.120 239 -1723073393
75.147 242 -1723073393
75.173 243 -1723073393
75.200 245 -1723073393
75.227 252 -1723073393
75.253 261 -1723073393
75.280 268 -1723073393
75.307 277 -1723073393
75.333 284 -1723073393
75.360 289 -1723073393
75.387 290 -1723073393
75.413 288 -1723073393
75.440 284 -1723073393
75.467 277 -1723073393
75.493 271 -1723073393
75.520 263 -1723073393
75.547 250 -1723073393
75.573 235 -1723073393
75.600 221 -1723073393
75.627 204 -1723073393
75.653 185 -1723073393
75.680 165 -1723073393
75.707 149 -1723073393
75.733 140 -1723073393
75.760 137 -1723073393
75.787 136 -1723073393
75.813 138 -1723073393
75.840 144 -1723073393
75.867 152 -1723073393
75.893 166 -1723073393
75.920 182 -1723073393
75.947 195 -1723073393
75.973 209 -1723073393
76.000 225 -1723073393
76.027 237 -1723073393
76.053 248 -1723073393
76.080 262 -1723073393
76.107 278 -1723073393
76.133 292 -1723073393
76.160 304 -1723073393
76.187 317 -1723073393
76.213 328 -1723073393
76.240 334 -1723073393
76.267 339 -1723073393
76.293 344 -1723073393
76.320 345 -1723073393
76.347 346 -1723073393
76.373 349 -1723073393
76.400 350 -1723073393
76.427 350 -1723073393
76.453 351 -1723073393
76.480 354 -1723073393
76.507 353 -1723073393
76.533 350 -1723073393
76.560 353 -1723073393
76.587 354 -1723073393
76.613 352 -1723073393
76.640 352 -1723073393
76.667 350 -1723073393
76.693 345 -1723073393
76.720 343 -1723073393
76.747 339 -1723073393
76.773 330 -1723073393
76.800 318 -1723073393
76.827 309 -1723073393
76.853 301 -1723073393
76.880 298 -1723073393
76.907 301 -1723073393
76.933 302 -1723073393
76.960 308 -1723073393
76.987 319 -1723073393
77.013 328 -1723073393
77.040 337 -1723073393
77.067 349 -1723073393
77.093 361 -1723073393
77.120 364 -1723073393
77.147 369 -1723073393
77.173 378 -1723073393
77.200 384 -1723073393
77.227 391 -1723073393
77.253 405 -1723073393
77.280 414 -1723073393
77.307 411 -1723073393
77.333 411 -1723073393
77.360 413 -1723073393
77.387 407 -1723073393
77.413 398 -1723073393
77.440 388 -1723073393
77.467 369 -1723073393
77.493 345 -1723073393
77.520 327 -1723073393
77.547 305 -1723073393
77.573 275 -1723073393
77.600 248 -1723073393
77.627 225 -1723073393
77.653 200 -1723073393
77.680 178 -1723073393
77.707 167 -1723073393
77.733 158 -1723073393
77.760 154 -1723073393
77.787 155 -1723073393
77.813 159 -1723073393
77.840 166 -1723073393
77.867 177 -1723073393
77.893 191 -1723073393
77.920 207 -1723073393
77.947 223 -1723073393
77.973 240 -1723073393
78.000 257 -1723073393
78.027 272 -1723073393
78.053 282 -1723073393
78.080 286 -1723073393
78.107 286 -1723073393
78.133 283 -1723073393
78.160 279 -1723073393
78.187 271 -1723073393
78.213 265 -1723073393
78.240 259 -1723073393
78.267 250 -1723073393
78.293 238 -1723073393
78.320 230 -1723073393
78.347 220 -1723073393
78.373 205 -1723073393
78.400 191 -1723073393
78.427 179 -1723073393
78.453 170 -1723073393
78.480 163 -1723073393
78.507 156 -1723073393
78.533 154 -1723073393
78.560 151 -1723073393
78.587 149 -1723073393
78.613 152 -1723073393
78.640 158 -1723073393
78.667 165 -1723073393
78.693 175 -1723073393
78.720 188 -1723073393
78.747 200 -1723073393
78.773 213 -1723073393
78.800 227 -1723073393
78.827 236 -1723073393
78.853 243 -1723073393
78.880 251 -1723073393
78.907 257 -1723073393
78.933 259 -1723073393
78.960 258 -1723073393
78.987 255 -1723073393
79.013 248 -1723073393
79.040 237 -1723073393
79.067 223 -1723073393
79.093 207 -1723073393
79.120 188 -1723073393
79.147 165 -1723073393
79.173 144 -1723073393
79.200 125 -1723073393
79.227 109 -1723073393
79.253 92 -1723073393
79.280 79 -1723073393
79.307 65 -1723073393
79.333 49 -1723073393
79.360 34 -1723073393
79.387 26 -1723073393
79.413 24 -1723073393
79.440 23 -1723073393
79.467 26 -1723073393
79.493 38 -1723073393
79.520 52 -1723073393
79.547 67 -1723073393
79.573 87 -1723073393
79.600 108 -1723073393
79.627 128 -1723073393
79.653 150 -1723073393
79.680 171 -1723073393
79.707 191 -1723073393
79.733 210 -1723073393
79.760 228 -1723073393
79.787 249 -1723073393
79.813 267 -1723073393
79.840 278 -1723073393
79.867 288 -1723073393
79.893 294 -1723073393
79.920 295 -1723073393
79.947 302 -1723073393
79.973 314 -1723073393
80.000 320 -1723073393
80.027 320 -1723073393
80.053 323 -1723073393
80.080 319 -1723073393
80.107 307 -1723073393
80.133 301 -1723073393
80.160 296 -1723073393
80.187 284 -1723073393
80.213 278 -1723073393
80.240 275 -1723073393
80.267 264 -1723073393
80.293 254 -1723073393
80.320 253 -1723073393
80.347 250 -1723073393
80.373 245 -1723073393
80.400 244 -1723073393
80.427 241 -1723073393
80.453 238 -1723073393
80.480 243 -1723073393
80.507 251 -1723073393
80.533 256 -1723073393
80.560 259 -1723073393
80.587 264 -1723073393
80.613 265 -1723073393
80.640 266 -1723073393
80.667 266 -1723073393
80.693 260 -1723073393
80.720 252 -1723073393
80.747 248 -1723073393
80.773 247 -1723073393
80.800 245 -1723073393
80.827 243 -1723073393
80.853 236 -1723073393
80.880 224 -1723073393
80.907 211 -1723073393
80.933 201 -1723073393
80.960 187 -1723073393
80.987 174 -1723073393
81.013 165 -1723073393
81.040 156 -1723073393
81.067 150 -1723073393
81.093 147 -1723073393
81.120 142 -1723073393
81.147 137 -1723073393
81.173 133 -1723073393
81.200 133 -1723073393
81.227 135 -1723073393
81.253 141 -1723073393
81.280 151 -1723073393
81.307 164 -1723073393
81.333 177 -1723073393
81.360 189 -1723073393
81.387 201 -1723073393
81.413 217 -1723073393
81.440 235 -1723073393
81.467 249 -1723073393
81.493 265 -1723073393
81.520 285 -1723073393
81.547 299 -1723073393
81.573 309 -1723073393
81.600 322 -1723073393
81.627 330 -1723073393
81.653 330 -1723073393
81.680 332 -1723073393
81.707 329 -1723073393
81.733 320 -1723073393
81.760 315 -1723073393
81.787 309 -1723073393
81.813 300 -1723073393
81.840 292 -1723073393
81.867 287 -1723073393
81.893 279 -1723073393
81.920 273 -1723073393
81.947 270 -1723073393
81.973 262 -1723073393
82.000 254 -1723073393
82.027 253 -1723073393
82.053 251 -1723073393
82.080 249 -1723073393
82.107 247 -1723073393
82.133 247 -1723073393
82.160 253 -1723073393
82.187 266 -1723073393
82.213 275 -1723073393
82.240 279 -1723073393
82.267 288 -1723073393
82.293 297 -1723073393
82.320 304 -1723073393
82.347 313 -1723073393
82.373 322 -1723073393
82.400 323 -1723073393
82.427 324 -1723073393
82.453 330 -1723073393
82.480 332 -1723073393
82.507 329 -1723073393
82.533 330 -1723073393
82.560 327 -1723073393
82.587 314 -1723073393
82.613 303 -1723073393
82.640 289 -1723073393
82.667 268 -1723073393
82.693 255 -1723073393
82.720 248 -1723073393
82.747 236 -1723073393
82.773 226 -1723073393
82.800 220 -1723073393
82.827 210 -1723073393
82.853 203 -1723073393
82.880 201 -1723073393
82.907 196 -1723073393
82.933 189 -1723073393
82.960 186 -1723073393
82.987 180 -1723073393
83.013 177 -1723073393
83.040 179 -1723073393
83.067 181 -1723073393
83.093 183 -1723073393
83.120 187 -1723073393
83.147 190 -1723073393
83.173 194 -1723073393
83.200 203 -1723073393
83.227 211 -1723073393
83.253 213 -1723073393
83.280 212 -1723073393
83.307 212 -1723073393
83.333 208 -1723073393
83.360 206 -1723073393
83.387 208 -1723073393
83.413 208 -1723073393
83.440 209 -1723073393
83.467 208 -1723073393
83.493 203 -1723073393
83.520 200 -1723073393
83.547 204 -1723073393
83.573 207 -1723073393
83.600 211 -1723073393
83.627 222 -1723073393
83.653 230 -1723073393
83.680 236 -1723073393
83.707 245 -1723073393
83.733 253 -1723073393
83.760 260 -1723073393
83.787 269 -1723073393
83.813 275 -1723073393
83.840 279 -1723073393
83.867 286 -1723073393
83.893 291 -1723073393
83.920 284 -1723073393
83.947 279 -1723073393
83.973 276 -1723073393
84.000 269 -1723073393
84.027 264 -1723073393
84.053 263 -1723073393
84.080 253 -1723073393
84.107 240 -1723073393
84.133 236 -1723073393
84.160 234 -1723073393
84.187 229 -1723073393
84.213 226 -1723073393
84.240 220 -1723073393
84.267 216 -1723073393
84.293 219 -1723073393
84.320 224 -1723073393
84.347 221 -1723073393
84.373 217 -1723073393
84.400 215 -1723073393
84.427 205 -1723073393
84.453 195 -1723073393
84.480 189 -1723073393
84.507 182 -1723073393
84.533 174 -1723073393
84.560 171 -1723073393
84.587 167 -1723073393
84.613 160 -1723073393
84.640 159 -1723073393
84.667 160 -1723073393
84.693 164 -1723073393
84.720 172 -1723073393
84.747 178 -1723073393
84.773 181 -1723073393
84.800 181 -1723073393
84.827 180 -1723073393
84.853 180 -1723073393
84.880 184 -1723073393
84.907 191 -1723073393
84.933 196 -1723073393
84.960 199 -1723073393
84.987 203 -1723073393
85.013 205 -1723073393
85.040 207 -1723073393
85.067 209 -1723073393
85.093 212 -1723073393
85.120 215 -1723073393
85.147 223 -1723073393
85.173 235 -1723073393
85.200 247 -1723073393
85.227 256 -1723073393
85.253 258 -1723073393
85.280 256 -1723073393
85.307 255 -1723073393
85.333 256 -1723073393
85.360 259 -1723073393
85.387 267 -1723073393
85.413 273 -1723073393
85.440 271 -1723073393
85.467 271 -1723073393
85.493 269 -1723073393
85.520 267 -1723073393
85.547 267 -1723073393
85.573 267 -1723073393
85.600 265 -1723073393
85.627 263 -1723073393
85.653 260 -1723073393
85.680 255 -1723073393
85.707 252 -1723073393
85.733 248 -1723073393
85.760 243 -1723073393
85.787 240 -1723073393
85.813 236 -1723073393
85.840 226 -1723073393
85.867 218 -1723073393
85.893 215 -1723073393
85.920 211 -1723073393
85.947 211 -1723073393
85.973 210 -1723073393
86.000 204 -1723073393
86.027 200 -1723073393
86.053 197 -1723073393
86.080 193 -1723073393
86.107 188 -1723073393
86.133 185 -1723073393
86.160 182 -1723073393
86.187 180 -1723073393
86.213 179 -1723073393
86.240 174 -1723073393
86.267 173 -1723073393
86.293 177 -1723073393
86.320 178 -1723073393
86.347 181 -1723073393
86.373 186 -1723073393
86.400 190 -1723073393
86.427 191 -1723073393
86.453 190 -1723073393
86.480 191 -1723073393
86.507 194 -1723073393
86.533 197 -1723073393
86.560 201 -1723073393
86.587 202 -1723073393
86.613 202 -1723073393
86.640 205 -1723073393
86.667 206 -1723073393
86.693 206 -1723073393
86.720 204 -1723073393
86.747 204 -1723073393
86.773 208 -1723073393
86.800 212 -1723073393
86.827 212 -1723073393
86.853 212 -1723073393
86.880 210 -1723073393
86.907 209 -1723073393
86.933 211 -1723073393
86.960 209 -1723073393
86.987 205 -1723073393
87.013 203 -1723073393
87.040 204 -1723073393
87.067 207 -1723073393
87.093 215 -1723073393
87.120 224 -1723073393
87.147 227 -1723073393
87.173 229 -1723073393
87.200 234 -1723073393
87.227 239 -1723073393
87.253 244 -1723073393
87.280 250 -1723073393
87.307 256 -1723073393
87.333 257 -1723073393
87.360 257 -1723073393
87.387 259 -1723073393
87.413 261 -1723073393
87.440 263 -1723073393
87.467 263 -1723073393
87.493 264 -1723073393
87.520 263 -1723073393
87.547 257 -1723073393
87.573 251 -1723073393
87.600 245 -1723073393
87.627 240 -1723073393
87.653 239 -1723073393
87.680 236 -1723073393
87.707 224 -1723073393
87.733 213 -1723073393
87.760 206 -1723073393
87.787 201 -1723073393
87.813 199 -1723073393
87.840 199 -1723073393
87.867 198 -1723073393
87.893 198 -1723073393
87.920 202 -1723073393
87.947 207 -1723073393
87.973 214 -1723073393
88.000 220 -1723073393
88.027 225 -1723073393
88.053 230 -1723073393
88.080 230 -1723073393
88.107 230 -1723073393
88.133 232 -1723073393
88.160 232 -1723073393
88.187 228 -1723073393
88.213 227 -1723073393
88.240 222 -1723073393
88.267 215 -1723073393
88.293 208 -1723073393
88.320 196 -1723073393
88.347 181 -1723073393
88.373 164 -1723073393
88.400 142 -1723073393
88.427 121 -1723073393
88.453 105 -1723073393
88.480 94 -1723073393
88.507 92 -1723073393
88.533 94 -1723073393
88.560 96 -1723073393
88.587 97 -1723073393
88.613 96 -1723073393
88.640 98 -1723073393
88.667 107 -1723073393
88.693 116 -1723073393
88.720 120 -1723073393
88.747 124 -1723073393
88.773 131 -1723073393
88.800 141 -1723073393
88.827 154 -1723073393
88.853 167 -1723073393
88.880 176 -1723073393
88.907 182 -1723073393
88.933 186 -1723073393
88.960 187 -1723073393
88.987 192 -1723073393
89.013 194 -1723073393
89.040 193 -1723073393
89.067 195 -1723073393
89.093 199 -1723073393
89.120 199 -1723073393
89.147 198 -1723073393
89.173 200 -1723073393
89.200 198 -1723073393
89.227 196 -1723073393
89.253 196 -1723073393
89.280 193 -1723073393
89.307 191 -1723073393
89.333 189 -1723073393
89.360 182 -1723073393
89.387 173 -1723073393
89.413 168 -1723073393
89.440 160 -1723073393
89.467 152 -1723073393
89.493 146 -1723073393
89.520 141 -1723073393
89.547 141 -1723073393
89.573 141 -1723073393
89.600 141 -1723073393
89.627 141 -1723073393
89.653 139 -1723073393
89.680 139 -1723073393
89.707 142 -1723073393
89.733 146 -1723073393
89.760 151 -1723073393
89.787 154 -1723073393
89.813 155 -1723073393
89.840 163 -1723073393
89.867 169 -1723073393
89.893 166 -1723073393
89.920 165 -1723073393
89.947 164 -1723073393
89.973 161 -1723073393
90.000 156 -1723073393
90.027 155 -1723073393
90.053 156 -1723073393
90.080 159 -1723073393
90.107 161 -1723073393
90.133 160 -1723073393
90.160 153 -1723073393
90.187 143 -1723073393
90.213 137 -1723073393
90.240 136 -1723073393
90.267 136 -1723073393
90.293 132 -1723073393
90.320 129 -1723073393
90.347 129 -1723073393
90.373 131 -1723073393
90.400 137 -1723073393
90.427 148 -1723073393
90.453 160 -1723073393
90.480 173 -1723073393
90.507 185 -1723073393
90.533 197 -1723073393
90.560 209 -1723073393
90.587 226 -1723073393
90.613 245 -1723073393
90.640 258 -1723073393
90.667 270 -1723073393
90.693 283 -1723073393
90.720 295 -1723073393
90.747 310 -1723073393
90.773 327 -1723073393
90.800 344 -1723073393
90.827 361 -1723073393
90.853 371 -1723073393
90.880 377 -1723073393
90.907 375 -1723073393
90.933 375 -1723073393
90.960 380 -1723073393
90.987 380 -1723073393
91.013 381 -1723073393
91.040 380 -1723073393
91.067 374 -1723073393
91.093 369 -1723073393
91.120 364 -1723073393
91.147 353 -1723073393
91.173 346 -1723073393
91.200 335 -1723073393
91.227 321 -1723073393
91.253 311 -1723073393
91.280 295 -1723073393
91.307 284 -1723073393
91.333 284 -1723073393
91.360 281 -1723073393
91.387 281 -1723073393
91.413 285 -1723073393
91.440 285 -1723073393
91.467 285 -1723073393
91.493 289 -1723073393
91.520 293 -1723073393
91.547 301 -1723073393
91.573 313 -1723073393
91.600 325 -1723073393
91.627 342 -1723073393
91.653 360 -1723073393
91.680 376 -1723073393
91.707 395 -1723073393
91.733 404 -1723073393
91.760 411 -1723073393
91.787 421 -1723073393
91.813 418 -1723073393
91.840 415 -1723073393
91.867 417 -1723073393
91.893 408 -1723073393
91.920 400 -1723073393
91.947 394 -1723073393
91.973 378 -1723073393
92.000 364 -1723073393
92.027 351 -1723073393
92.053 334 -1723073393
92.080 322 -1723073393
92.107 311 -1723073393
92.133 297 -1723073393
92.160 289 -1723073393
92.187 284 -1723073393
92.213 277 -1723073393
92.240 273 -1723073393
92.267 275 -1723073393
92.293 283 -1723073393
92.320 295 -1723073393
92.347 306 -1723073393
92.373 318 -1723073393
92.400 330 -1723073393
92.427 339 -1723073393
92.453 350 -1723073393
92.480 360 -1723073393
92.507 370 -1723073393
92.533 379 -1723073393
92.560 385 -1723073393
92.587 393 -1723073393
92.613 399 -1723073393
92.640 401 -1723073393
92.667 403 -1723073393
92.693 399 -1723073393
92.720 393 -1723073393
92.747 393 -1723073393
92.773 391 -1723073393
92.800 388 -1723073393
92.827 385 -1723073393
92.853 379 -1723073393
92.880 381 -1723073393
92.907 380 -1723073393
92.933 372 -1723073393
92.960 373 -1723073393
92.987 370 -1723073393
93.013 366 -1723073393
93.040 363 -1723073393
93.067 357 -1723073393
93.093 351 -1723073393
93.120 344 -1723073393
93.147 335 -1723073393
93.173 336 -1723073393
93.200 341 -1723073393
93.227 347 -1723073393
93.253 359 -1723073393
93.280 364 -1723073393
93.307 368 -1723073393
93.333 372 -1723073393
93.360 373 -1723073393
93.387 379 -1723073393
93.413 380 -1723073393
93.440 383 -1723073393
93.467 393 -1723073393
93.493 396 -1723073393
93.520 394 -1723073393
93.547 395 -1723073393
93.573 393 -1723073393
93.600 388 -1723073393
93.627 378 -1723073393
93.653 367 -1723073393
93.680 363 -1723073393
93.707 351 -1723073393
93.733 342 -1723073393
93.760 339 -1723073393
93.787 327 -1723073393
93.813 320 -1723073393
93.840 315 -1723073393
93.867 304 -1723073393
93.893 296 -1723073393
93.920 284 -1723073393
93.947 277 -1723073393
93.973 277 -1723073393
94.000 278 -1723073393
94.027 284 -1723073393
94.053 291 -1723073393
94.080 297 -1723073393
94.107 309 -1723073393
94.133 320 -1723073393
94.160 326 -1723073393
94.187 333 -1723073393
94.213 338 -1723073393
94.240 342 -1723073393
94.267 343 -1723073393
94.293 343 -1723073393
94.320 352 -1723073393
94.347 362 -1723073393
94.373 370 -1723073393
94.400 376 -1723073393
94.427 377 -1723073393
94.453 384 -1723073393
94.480 392 -1723073393
94.507 395 -1723073393
94.533 399 -1723073393
94.560 395 -1723073393
94.587 389 -1723073393
94.613 384 -1723073393
94.640 368 -1723073393
94.667 354 -1723073393
94.693 342 -1723073393
94.720 334 -1723073393
94.747 335 -1723073393
94.773 328 -1723073393
94.800 321 -1723073393
94.827 319 -1723073393
94.853 312 -1723073393
94.880 308 -1723073393
94.907 304 -1723073393
94.933 302 -1723073393
94.960 300 -1723073393
94.987 294 -1723073393
95.013 291 -1723073393
95.040 285 -1723073393
95.067 282 -1723073393
95.093 282 -1723073393
95.120 275 -1723073393
95.147 273 -1723073393
95.173 273 -1723073393
95.200 271 -1723073393
95.227 271 -1723073393
95.253 263 -1723073393
95.280 255 -1723073393
95.307 248 -1723073393
95.333 238 -1723073393
95.360 228 -1723073393
95.387 208 -1723073393
95.413 192 -1723073393
95.440 179 -1723073393
95.467 171 -1723073393
95.493 169 -1723073393
95.520 156 -1723073393
95.547 147 -1723073393
95.573 140 -1723073393
95.600 129 -1723073393
95.627 127 -1723073393
95.653 129 -1723073393
95.680 136 -1723073393
95.707 138 -1723073393
95.733 140 -1723073393
95.760 146 -1723073393
95.787 151 -1723073393
95.813 157 -1723073393
95.840 160 -1723073393
95.867 168 -1723073393
95.893 179 -1723073393
95.920 186 -1723073393
95.947 190 -1723073393
95.973 196 -1723073393
96.000 201 -1723073393
96.027 210 -1723073393
96.053 213 -1723073393
96.080 216 -1723073393
96.107 219 -1723073393
96.133 216 -1723073393
96.160 217 -1723073393
96.187 211 -1723073393
96.213 207 -1723073393
96.240 201 -1723073393
96.267 186 -1723073393
96.293 177 -1723073393
96.320 171 -1723073393
96.347 165 -1723073393
96.373 157 -1723073393
96.400 144 -1723073393
96.427 134 -1723073393
96.453 120 -1723073393
96.480 112 -1723073393
96.507 103 -1723073393
96.533 93 -1723073393
96.560 92 -1723073393
96.587 91 -1723073393
96.613 96 -1723073393
96.640 96 -1723073393
96.667 97 -1723073393
96.693 98 -1723073393
96.720 96 -1723073393
96.747 97 -1723073393
96.773 93 -1723073393
96.800 94 -1723073393
96.827 97 -1723073393
96.853 94 -1723073393
96.880 96 -1723073393
96.907 92 -1723073393
96.933 93 -1723073393
96.960 86 -1723073393
96.987 82 -1723073393
97.013 91 -1723073393
97.040 96 -1723073393
97.067 102 -1723073393
97.093 104 -1723073393
97.120 100 -1723073393
97.147 98 -1723073393
97.173 90 -1723073393
97.200 85 -1723073393
97.227 79 -1723073393
97.253 73 -1723073393
97.280 63 -1723073393
97.307 54 -1723073393
97.333 46 -1723073393
97.360 45 -1723073393
97.387 44 -1723073393
97.413 44 -1723073393
97.440 46 -1723073393
97.467 42 -1723073393
97.493 45 -1723073393
97.520 48 -1723073393
97.547 54 -1723073393
97.573 57 -1723073393
97.600 55 -1723073393
97.627 57 -1723073393
97.653 56 -1723073393
97.680 61 -1723073393
97.707 65 -1723073393
97.733 72 -1723073393
97.760 76 -1723073393
97.787 76 -1723073393
97.813 79 -1723073393
97.840 81 -1723073393
97.867 83 -1723073393
97.893 88 -1723073393
97.920 96 -1723073393
97.947 105 -1723073393
97.973 107 -1723073393
98.000 103 -1723073393
98.027 103 -1723073393
98.053 109 -1723073393
98.080 107 -1723073393
98.107 111 -1723073393
98.133 111 -1723073393
98.160 106 -1723073393
98.187 98 -1723073393
98.213 95 -1723073393
98.240 94 -1723073393
98.267 91 -1723073393
98.293 87 -1723073393
98.320 78 -1723073393
98.347 68 -1723073393
98.373 53 -1723073393
98.400 43 -1723073393
98.427 34 -1723073393
98.453 31 -1723073393
98.480 29 -1723073393
98.507 33 -1723073393
98.533 33 -1723073393
98.560 32 -1723073393
98.587 28 -1723073393
98.613 20 -1723073393
98.640 22 -1723073393
98.667 26 -1723073393
98.693 31 -1723073393
98.720 32 -1723073393
98.747 33 -1723073393
98.773 28 -1723073393
98.800 26 -1723073393
98.827 24 -1723073393
98.853 29 -1723073393
98.880 33 -1723073393
98.907 32 -1723073393
98.933 30 -1723073393
98.960 23 -1723073393
98.987 16 -1723073393
99.013 -1 -1723073393
99.040 -19 -1723073393
99.067 -41 -1723073393
99.093 -47 -1723073393
99.120 -51 -1723073393
99.147 -50 -1723073393
99.173 -55 -1723073393
99.200 -53 -1723073393
99.227 -51 -1723073393
99.253 -46 -1723073393
99.280 -39 -1723073393
99.307 -38 -1723073393
99.333 -32 -1723073393
99.360 -28 -1723073393
99.387 -19 -1723073393
99.413 -21 -1723073393
99.440 -19 -1723073393
99.467 -27 -1723073393
99.493 -25 -1723073393
99.520 -21 -1723073393
99.547 -10 -1723073393
99.573 -9 -1723073393
99.600 -3 -1723073393
99.627 -3 -1723073393
99.653 6 -1723073393
99.680 15 -1723073393
99.707 28 -1723073393
99.733 40 -1723073393
99.760 54 -1723073393
99.787 58 -1723073393
99.813 54 -1723073393
99.840 55 -1723073393
99.867 60 -1723073393
99.893 65 -1723073393
99.920 75 -1723073393
99.947 87 -1723073393
99.973 99 -1723073393
100.000 0 -1723073393
