0.000 28 -1723073393
0.027 22 -1723073393
0.053 18 -1723073393
0.080 18 -1723073393
0.107 13 -1723073393
0.133 13 -1723073393
0.160 9 -1723073393
0.187 6 -1723073393
0.213 12 -1723073393
0.240 11 -1723073393
0.267 11 -1723073393
0.293 17 -1723073393
0.320 16 -1723073393
0.347 24 -1723073393
0.373 27 -1723073393
0.400 27 -1723073393
0.427 33 -1723073393
0.453 31 -1723073393
0.480 33 -1723073393
0.507 34 -1723073393
0.533 31 -1723073393
0.560 36 -1723073393
0.587 29 -1723073393
0.613 24 -1723073393
0.640 28 -1723073393
0.667 26 -1723073393
0.693 26 -1723073393
0.720 22 -1723073393
0.747 15 -1723073393
0.773 11 -1723073393
0.800 2 -1723073393
0.827 2 -1723073393
0.853 3 -1723073393
0.880 -4 -1723073393
0.907 0 -1723073393
0.933 -1 -1723073393
0.960 -8 -1723073393
0.987 -5 -1723073393
1.013 -6 -1723073393
1.040 -5 -1723073393
1.067 -5 -1723073393
1.093 -15 -1723073393
1.120 -14 -1723073393
1.147 -12 -1723073393
1.173 -9 -1723073393
1.200 0 -1723073393
1.227 -3 -1723073393
1.253 -4 -1723073393
1.280 0 -1723073393
1.307 -7 -1723073393
1.333 -2 -1723073393
1.360 -5 -1723073393
1.387 -14 -1723073393
1.413 -12 -1723073393
1.440 -16 -1723073393
1.467 -17 -1723073393
1.493 -14 -1723073393
1.520 -12 -1723073393
1.547 -5 -1723073393
1.573 -7 -1723073393
1.600 -8 -1723073393
1.627 -6 -1723073393
1.653 -15 -1723073393
1.680 -15 -1723073393
1.707 -14 -1723073393
1.733 -13 -1723073393
1.760 -5 -1723073393
1.787 -10 -1723073393
1.813 -11 -1723073393
1.840 -10 -1723073393
1.867 -10 -1723073393
1.893 0 -1723073393
1.920 0 -1723073393
1.947 2 -1723073393
1.973 11 -1723073393
2.000 7 -1723073393
2.027 2 -1723073393
2.053 -3 -1723073393
2.080 -11 -1723073393
2.107 -6 -1723073393
2.133 -10 -1723073393
2.160 -14 -1723073393
2.187 -10 -1723073393
2.213 -15 -1723073393
2.240 -15 -1723073393
2.267 -18 -1723073393
2.293 -25 -1723073393
2.320 -16 -1723073393
2.347 -15 -1723073393
2.373 -10 -1723073393
2.400 -6 -1723073393
2.427 -15 -1723073393
2.453 -16 -1723073393
2.480 -20 -1723073393
2.507 -25 -1723073393
2.533 -23 -1723073393
2.560 -30 -1723073393
2.587 -31 -1723073393
2.613 -30 -1723073393
2.640 -35 -1723073393
2.667 -30 -1723073393
2.693 -28 -1723073393
2.720 -27 -1723073393
2.747 -22 -1723073393
2.773 -25 -1723073393
2.800 -25 -1723073393
2.827 -26 -1723073393
2.853 -29 -1723073393
2.880 -26 -1723073393
2.907 -27 -1723073393
2.933 -23 -1723073393
2.960 -23 -1723073393
2.987 -36 -1723073393
3.013 -34 -1723073393
3.040 -27 -1723073393
3.067 -22 -1723073393
3.093 -14 -1723073393
3.120 -18 -1723073393
3.147 -19 -1723073393
3.173 -22 -1723073393
3.200 -30 -1723073393
3.227 -29 -1723073393
3.253 -30 -1723073393
3.280 -28 -1723073393
3.307 -23 -1723073393
3.333 -26 -1723073393
3.360 -23 -1723073393
3.387 -21 -1723073393
3.413 -21 -1723073393
3.440 -11 -1723073393
3.467 -8 -1723073393
3.493 -9 -1723073393
3.520 -8 -1723073393
3.547 -15 -1723073393
3.573 -17 -1723073393
3.600 -23 -1723073393
3.627 -29 -1723073393
3.653 -25 -1723073393
3.680 -28 -1723073393
3.707 -28 -1723073393
3.733 -30 -1723073393
3.760 -37 -1723073393
3.787 -34 -1723073393
3.813 -36 -1723073393
3.840 -39 -1723073393
3.867 -31 -1723073393
3.893 -33 -1723073393
3.920 -29 -1723073393
3.947 -24 -1723073393
3.973 -28 -1723073393
4.000 -26 -1723073393
4.027 -27 -1723073393
4.053 -26 -1723073393
4.080 -23 -1723073393
4.107 -28 -1723073393
4.133 -25 -1723073393
4.160 -25 -1723073393
4.187 -27 -1723073393
4.213 -25 -1723073393
4.240 -27 -1723073393
4.267 -25 -1723073393
4.293 -26 -1723073393
4.320 -33 -1723073393
4.347 -31 -1723073393
4.373 -35 -1723073393
4.400 -41 -1723073393
4.427 -36 -1723073393
4.453 -30 -1723073393
4.480 -22 -1723073393
4.507 -19 -1723073393
4.533 -27 -1723073393
4.560 -31 -1723073393
4.587 -36 -1723073393
4.613 -39 -1723073393
4.640 -34 -1723073393
4.667 -33 -1723073393
4.693 -28 -1723073393
4.720 -27 -1723073393
4.747 -27 -1723073393
4.773 -20 -1723073393
4.800 -19 -1723073393
4.827 -14 -1723073393
4.853 -5 -1723073393
4.880 -9 -1723073393
4.907 -6 -1723073393
4.933 -6 -1723073393
4.960 -14 -1723073393
4.987 -19 -1723073393
5.013 -23 -1723073393
5.040 -21 -1723073393
5.067 -19 -1723073393
5.093 -27 -1723073393
5.120 -24 -1723073393
5.147 -28 -1723073393
5.173 -39 -1723073393
5.200 -39 -1723073393
5.227 -39 -1723073393
5.253 -31 -1723073393
5.280 -24 -1723073393
5.307 -26 -1723073393
5.333 -21 -1723073393
5.360 -20 -1723073393
5.387 -18 -1723073393
5.413 -11 -1723073393
5.440 -14 -1723073393
5.467 -9 -1723073393
5.493 -10 -1723073393
5.520 -22 -1723073393
5.547 -27 -1723073393
5.573 -34 -1723073393
5.600 -35 -1723073393
5.627 -30 -1723073393
5.653 -32 -1723073393
5.680 -32 -1723073393
5.707 -30 -1723073393
5.733 -29 -1723073393
5.760 -19 -1723073393
5.787 -14 -1723073393
5.813 -12 -1723073393
5.840 -8 -1723073393
5.867 -11 -1723073393
5.893 -7 -1723073393
5.920 -4 -1723073393
5.947 -8 -1723073393
5.973 -8 -1723073393
6.000 -14 -1723073393
6.027 -19 -1723073393
6.053 -20 -1723073393
6.080 -22 -1723073393
6.107 -13 -1723073393
6.133 -6 -1723073393
6.160 -2 -1723073393
6.187 1 -1723073393
6.213 -5 -1723073393
6.240 -6 -1723073393
6.267 -6 -1723073393
6.293 -8 -1723073393
6.320 -1 -1723073393
6.347 0 -1723073393
6.373 1 -1723073393
6.400 -2 -1723073393
6.427 -16 -1723073393
6.453 -20 -1723073393
6.480 -22 -1723073393
6.507 -26 -1723073393
6.533 -18 -1723073393
6.560 -14 -1723073393
6.587 -14 -1723073393
6.613 -16 -1723073393
6.640 -19 -1723073393
6.667 -16 -1723073393
6.693 -16 -1723073393
6.720 -22 -1723073393
6.747 -30 -1723073393
6.773 -38 -1723073393
6.800 -34 -1723073393
6.827 -26 -1723073393
6.853 -27 -1723073393
6.880 -26 -1723073393
6.907 -32 -1723073393
6.933 -37 -1723073393
6.960 -33 -1723073393
6.987 -32 -1723073393
7.013 -28 -1723073393
7.040 -20 -1723073393
7.067 -18 -1723073393
7.093 -16 -1723073393
7.120 -22 -1723073393
7.147 -31 -1723073393
7.173 -30 -1723073393
7.200 -30 -1723073393
7.227 -29 -1723073393
7.253 -29 -1723073393
7.280 -35 -1723073393
7.307 -34 -1723073393
7.333 -39 -1723073393
7.360 -44 -1723073393
7.387 -43 -1723073393
7.413 -44 -1723073393
7.440 -36 -1723073393
7.467 -29 -1723073393
7.493 -23 -1723073393
7.520 -12 -1723073393
7.547 -14 -1723073393
7.573 -17 -1723073393
7.600 -20 -1723073393
7.627 -26 -1723073393
7.653 -23 -1723073393
7.680 -21 -1723073393
7.707 -27 -1723073393
7.733 -27 -1723073393
7.760 -33 -1723073393
7.787 -35 -1723073393
7.813 -27 -1723073393
7.840 -26 -1723073393
7.867 -20 -1723073393
7.893 -18 -1723073393
7.920 -20 -1723073393
7.947 -17 -1723073393
7.973 -23 -1723073393
8.000 -25 -1723073393
8.027 -20 -1723073393
8.053 -28 -1723073393
8.080 -29 -1723073393
8.107 -29 -1723073393
8.133 -31 -1723073393
8.160 -24 -1723073393
8.187 -23 -1723073393
8.213 -18 -1723073393
8.240 -9 -1723073393
8.267 -11 -1723073393
8.293 -5 -1723073393
8.320 -1 -1723073393
8.347 -2 -1723073393
8.373 -4 -1723073393
8.400 -11 -1723073393
8.427 -8 -1723073393
8.453 -3 -1723073393
8.480 -7 -1723073393
8.507 -3 -1723073393
8.533 -3 -1723073393
8.560 -8 -1723073393
8.587 -5 -1723073393
8.613 -9 -1723073393
8.640 -8 -1723073393
8.667 -3 -1723073393
8.693 -6 -1723073393
8.720 -3 -1723073393
8.747 -6 -1723073393
8.773 -9 -1723073393
8.800 -5 -1723073393
8.827 -11 -1723073393
8.853 -13 -1723073393
8.880 -12 -1723073393
8.907 -15 -1723073393
8.933 -13 -1723073393
8.960 -14 -1723073393
8.987 -17 -1723073393
9.013 -17 -1723073393
9.040 -28 -1723073393
9.067 -39 -1723073393
9.093 -48 -1723073393
9.120 -53 -1723073393
9.147 -51 -1723073393
9.173 -48 -1723073393
9.200 -51 -1723073393
9.227 -50 -1723073393
9.253 -47 -1723073393
9.280 -44 -1723073393
9.307 -42 -1723073393
9.333 -37 -1723073393
9.360 -35 -1723073393
9.387 -40 -1723073393
9.413 -39 -1723073393
9.440 -36 -1723073393
9.467 -38 -1723073393
9.493 -40 -1723073393
9.520 -46 -1723073393
9.547 -48 -1723073393
9.573 -48 -1723073393
9.600 -49 -1723073393
9.627 -48 -1723073393
9.653 -45 -1723073393
9.680 -37 -1723073393
9.707 -30 -1723073393
9.733 -31 -1723073393
9.760 -31 -1723073393
9.787 -28 -1723073393
9.813 -29 -1723073393
9.840 -29 -1723073393
9.867 -34 -1723073393
9.893 -41 -1723073393
9.920 -46 -1723073393
9.947 -47 -1723073393
9.973 -45 -1723073393
10.000 -44 -1723073393
10.027 -47 -1723073393
10.053 -39 -1723073393
10.080 -27 -1723073393
10.107 -16 -1723073393
10.133 -4 -1723073393
10.160 5 -1723073393
10.187 17 -1723073393
10.213 32 -1723073393
10.240 47 -1723073393
10.267 61 -1723073393
10.293 74 -1723073393
10.320 94 -1723073393
10.347 112 -1723073393
10.373 126 -1723073393
10.400 137 -1723073393
10.427 148 -1723073393
10.453 153 -1723073393
10.480 154 -1723073393
10.507 150 -1723073393
10.533 146 -1723073393
10.560 140 -1723073393
10.587 130 -1723073393
10.613 122 -1723073393
10.640 112 -1723073393
10.667 95 -1723073393
10.693 78 -1723073393
10.720 58 -1723073393
10.747 39 -1723073393
10.773 25 -1723073393
10.800 6 -1723073393
10.827 -9 -1723073393
10.853 -21 -1723073393
10.880 -28 -1723073393
10.907 -35 -1723073393
10.933 -43 -1723073393
10.960 -44 -1723073393
10.987 -42 -1723073393
11.013 -50 -1723073393
11.040 -58 -1723073393
11.067 -67 -1723073393
11.093 -77 -1723073393
11.120 -82 -1723073393
11.147 -86 -1723073393
11.173 -90 -1723073393
11.200 -96 -1723073393
11.227 -101 -1723073393
11.253 -99 -1723073393
11.280 -97 -1723073393
11.307 -96 -1723073393
11.333 -90 -1723073393
11.360 -91 -1723073393
11.387 -89 -1723073393
11.413 -88 -1723073393
11.440 -90 -1723073393
11.467 -91 -1723073393
11.493 -93 -1723073393
11.520 -90 -1723073393
11.547 -80 -1723073393
11.573 -67 -1723073393
11.600 -50 -1723073393
11.627 -29 -1723073393
11.653 -16 -1723073393
11.680 -6 -1723073393
11.707 9 -1723073393
11.733 22 -1723073393
11.760 32 -1723073393
11.787 42 -1723073393
11.813 43 -1723073393
11.840 46 -1723073393
11.867 49 -1723073393
11.893 46 -1723073393
11.920 45 -1723073393
11.947 44 -1723073393
11.973 39 -1723073393
12.000 26 -1723073393
12.027 9 -1723073393
12.053 -5 -1723073393
12.080 -21 -1723073393
12.107 -35 -1723073393
12.133 -47 -1723073393
12.160 -60 -1723073393
12.187 -73 -1723073393
12.213 -80 -1723073393
12.240 -87 -1723073393
12.267 -87 -1723073393
12.293 -81 -1723073393
12.320 -74 -1723073393
12.347 -62 -1723073393
12.373 -53 -1723073393
12.400 -42 -1723073393
12.427 -29 -1723073393
12.453 -9 -1723073393
12.480 20 -1723073393
12.507 53 -1723073393
12.533 85 -1723073393
12.560 116 -1723073393
12.587 144 -1723073393
12.613 171 -1723073393
12.640 198 -1723073393
12.667 217 -1723073393
12.693 236 -1723073393
12.720 248 -1723073393
12.747 256 -1723073393
12.773 265 -1723073393
12.800 269 -1723073393
12.827 266 -1723073393
12.853 257 -1723073393
12.880 235 -1723073393
12.907 211 -1723073393
12.933 187 -1723073393
12.960 158 -1723073393
12.987 129 -1723073393
13.013 102 -1723073393
13.040 75 -1723073393
13.067 49 -1723073393
13.093 21 -1723073393
13.120 -7 -1723073393
13.147 -24 -1723073393
13.173 -35 -1723073393
13.200 -45 -1723073393
13.227 -56 -1723073393
13.253 -70 -1723073393
13.280 -82 -1723073393
13.307 -87 -1723073393
13.333 -92 -1723073393
13.360 -100 -1723073393
13.387 -108 -1723073393
13.413 -116 -1723073393
13.440 -126 -1723073393
13.467 -138 -1723073393
13.493 -149 -1723073393
13.520 -161 -1723073393
13.547 -167 -1723073393
13.573 -169 -1723073393
13.600 -176 -1723073393
13.627 -179 -1723073393
13.653 -182 -1723073393
13.680 -185 -1723073393
13.707 -185 -1723073393
13.733 -181 -1723073393
13.760 -172 -1723073393
13.787 -162 -1723073393
13.813 -150 -1723073393
13.840 -129 -1723073393
13.867 -109 -1723073393
13.893 -89 -1723073393
13.920 -62 -1723073393
13.947 -36 -1723073393
13.973 -11 -1723073393
14.000 10 -1723073393
14.027 28 -1723073393
14.053 50 -1723073393
14.080 70 -1723073393
14.107 83 -1723073393
14.133 90 -1723073393
14.160 93 -1723073393
14.187 88 -1723073393
14.213 75 -1723073393
14.240 53 -1723073393
14.267 27 -1723073393
14.293 -2 -1723073393
14.320 -36 -1723073393
14.347 -65 -1723073393
14.373 -92 -1723073393
14.400 -121 -1723073393
14.427 -152 -1723073393
14.453 -186 -1723073393
14.480 -215 -1723073393
14.507 -235 -1723073393
14.533 -246 -1723073393
14.560 -256 -1723073393
14.587 -279 -1723073393
14.613 -299 -1723073393
14.640 -313 -1723073393
14.667 -330 -1723073393
14.693 -337 -1723073393
14.720 -348 -1723073393
14.747 -364 -1723073393
14.773 -368 -1723073393
14.800 -379 -1723073393
14.827 -394 -1723073393
14.853 -407 -1723073393
14.880 -427 -1723073393
14.907 -440 -1723073393
14.933 -458 -1723073393
14.960 -486 -1723073393
14.987 -508 -1723073393
15.013 -534 -1723073393
15.040 -555 -1723073393
15.067 -569 -1723073393
15.093 -601 -1723073393
15.120 -627 -1723073393
15.147 -645 -1723073393
15.173 -673 -1723073393
15.200 -688 -1723073393
15.227 -704 -1723073393
15.253 -722 -1723073393
15.280 -726 -1723073393
15.307 -739 -1723073393
15.333 -748 -1723073393
15.360 -750 -1723073393
15.387 -760 -1723073393
15.413 -761 -1723073393
15.440 -763 -1723073393
15.467 -772 -1723073393
15.493 -769 -1723073393
15.520 -773 -1723073393
15.547 -781 -1723073393
15.573 -788 -1723073393
15.600 -807 -1723073393
15.627 -823 -1723073393
15.653 -846 -1723073393
15.680 -882 -1723073393
15.707 -907 -1723073393
15.733 -942 -1723073393
15.760 -981 -1723073393
15.787 -1010 -1723073393
15.813 -1055 -1723073393
15.840 -1094 -1723073393
15.867 -1122 -1723073393
15.893 -1165 -1723073393
15.920 -1195 -1723073393
15.947 -1219 -1723073393
15.973 -1244 -1723073393
16.000 -1245 -1723073393
16.027 -1241 -1723073393
16.053 -1221 -1723073393
16.080 -1162 -1723073393
16.107 -1086 -1723073393
16.133 -968 -1723073393
16.160 -802 -1723073393
16.187 -597 -1723073393
16.213 -323 -1723073393
16.240 9 -1723073393
16.267 396 -1723073393
16.293 869 -1723073393
16.320 1406 -1723073393
16.347 1993 -1723073393
16.373 2651 -1723073393
16.400 3353 -1723073393
16.427 4081 -1723073393
16.453 4831 -1723073393
16.480 5555 -1723073393
16.507 6216 -1723073393
16.533 6834 -1723073393
16.560 7362 -1723073393
16.587 7727 -1723073393
16.613 8006 -1723073393
16.640 8090 -1723073393
16.667 7967 -1723073393
16.693 7776 -1723073393
16.720 7343 -1723073393
16.747 6784 -1723073393
16.773 6181 -1723073393
16.800 5380 -1723073393
16.827 4565 -1723073393
16.853 3714 -1723073393
16.880 2770 -1723073393
16.907 1904 -1723073393
16.933 1042 -1723073393
16.960 168 -1723073393
16.987 -613 -1723073393
17.013 -1341 -1723073393
17.040 -2007 -1723073393
17.067 -2577 -1723073393
17.093 -3064 -1723073393
17.120 -3492 -1723073393
17.147 -3815 -1723073393
17.173 -4032 -1723073393
17.200 -4218 -1723073393
17.227 -4306 -1723073393
17.253 -4329 -1723073393
17.280 -4368 -1723073393
17.307 -4307 -1723073393
17.333 -4238 -1723073393
17.360 -4191 -1723073393
17.387 -4060 -1723073393
17.413 -3979 -1723073393
17.440 -3901 -1723073393
17.467 -3782 -1723073393
17.493 -3749 -1723073393
17.520 -3693 -1723073393
17.547 -3630 -1723073393
17.573 -3634 -1723073393
17.600 -3585 -1723073393
17.627 -3556 -1723073393
17.653 -3557 -1723073393
17.680 -3495 -1723073393
17.707 -3474 -1723073393
17.733 -3436 -1723073393
17.760 -3339 -1723073393
17.787 -3291 -1723073393
17.813 -3197 -1723073393
17.840 -3066 -1723073393
17.867 -2969 -1723073393
17.893 -2803 -1723073393
17.920 -2641 -1723073393
17.947 -2502 -1723073393
17.973 -2297 -1723073393
18.000 -2125 -1723073393
18.027 -1950 -1723073393
18.053 -1737 -1723073393
18.080 -1578 -1723073393
18.107 -1395 -1723073393
18.133 -1209 -1723073393
18.160 -1073 -1723073393
18.187 -921 -1723073393
18.213 -799 -1723073393
18.240 -709 -1723073393
18.267 -605 -1723073393
18.293 -530 -1723073393
18.320 -453 -1723073393
18.347 -352 -1723073393
18.373 -249 -1723073393
18.400 -98 -1723073393
18.427 102 -1723073393
18.453 355 -1723073393
18.480 712 -1723073393
18.507 1164 -1723073393
18.533 1716 -1723073393
18.560 2411 -1723073393
18.587 3240 -1723073393
18.613 4175 -1723073393
18.640 5238 -1723073393
18.667 6421 -1723073393
18.693 7687 -1723073393
18.720 9031 -1723073393
18.747 10420 -1723073393
18.773 11739 -1723073393
18.800 13050 -1723073393
18.827 14355 -1723073393
18.853 15402 -1723073393
18.880 16383 -1723073393
18.907 17186 -1723073393
18.933 17575 -1723073393
18.960 17954 -1723073393
18.987 17967 -1723073393
19.013 17570 -1723073393
19.040 17226 -1723073393
19.067 16404 -1723073393
19.093 15341 -1723073393
19.120 14349 -1723073393
19.147 12918 -1723073393
19.173 11508 -1723073393
19.200 10160 -1723073393
19.227 8484 -1723073393
19.253 6992 -1723073393
19.280 5557 -1723073393
19.307 4003 -1723073393
19.333 2696 -1723073393
19.360 1389 -1723073393
19.387 102 -1723073393
19.413 -958 -1723073393
19.440 -1972 -1723073393
19.467 -2901 -1723073393
19.493 -3698 -1723073393
19.520 -4399 -1723073393
19.547 -5030 -1723073393
19.573 -5557 -1723073393
19.600 -5955 -1723073393
19.627 -6352 -1723073393
19.653 -6620 -1723073393
19.680 -6783 -1723073393
19.707 -6999 -1723073393
19.733 -7060 -1723073393
19.760 -7094 -1723073393
19.787 -7191 -1723073393
19.813 -7108 -1723073393
19.840 -7082 -1723073393
19.867 -7079 -1723073393
19.893 -6923 -1723073393
19.920 -6883 -1723073393
19.947 -6797 -1723073393
19.973 -6605 -1723073393
20.000 -6543 -1723073393
20.027 -6364 -1723073393
20.053 -6139 -1723073393
20.080 -6023 -1723073393
20.107 -5752 -1723073393
20.133 -5509 -1723073393
20.160 -5330 -1723073393
20.187 -4998 -1723073393
20.213 -4753 -1723073393
20.240 -4518 -1723073393
20.267 -4186 -1723073393
20.293 -3974 -1723073393
20.320 -3728 -1723073393
20.347 -3455 -1723073393
20.373 -3306 -1723073393
20.400 -3113 -1723073393
20.427 -2948 -1723073393
20.453 -2886 -1723073393
20.480 -2782 -1723073393
20.507 -2737 -1723073393
20.533 -2737 -1723073393
20.560 -2692 -1723073393
20.587 -2718 -1723073393
20.613 -2749 -1723073393
20.640 -2738 -1723073393
20.667 -2790 -1723073393
20.693 -2796 -1723073393
20.720 -2773 -1723073393
20.747 -2803 -1723073393
20.773 -2771 -1723073393
20.800 -2751 -1723073393
20.827 -2782 -1723073393
20.853 -2758 -1723073393
20.880 -2797 -1723073393
20.907 -2881 -1723073393
20.933 -2930 -1723073393
20.960 -3075 -1723073393
20.987 -3248 -1723073393
21.013 -3410 -1723073393
21.040 -3671 -1723073393
21.067 -3915 -1723073393
21.093 -4167 -1723073393
21.120 -4506 -1723073393
21.147 -4767 -1723073393
21.173 -5041 -1723073393
21.200 -5351 -1723073393
21.227 -5536 -1723073393
21.253 -5754 -1723073393
21.280 -5943 -1723073393
21.307 -5971 -1723073393
21.333 -6058 -1723073393
21.360 -6058 -1723073393
21.387 -5903 -1723073393
21.413 -5836 -1723073393
21.440 -5627 -1723073393
21.467 -5332 -1723073393
21.493 -5120 -1723073393
21.520 -4734 -1723073393
21.547 -4349 -1723073393
21.573 -4024 -1723073393
21.600 -3542 -1723073393
21.627 -3117 -1723073393
21.653 -2716 -1723073393
21.680 -2222 -1723073393
21.707 -1821 -1723073393
21.733 -1422 -1723073393
21.760 -979 -1723073393
21.787 -616 -1723073393
21.813 -244 -1723073393
21.840 125 -1723073393
21.867 435 -1723073393
21.893 752 -1723073393
21.920 1054 -1723073393
21.947 1324 -1723073393
21.973 1587 -1723073393
22.000 1833 -1723073393
22.027 2057 -1723073393
22.053 2243 -1723073393
22.080 2421 -1723073393
22.107 2566 -1723073393
22.133 2655 -1723073393
22.160 2745 -1723073393
22.187 2772 -1723073393
22.213 2747 -1723073393
22.240 2737 -1723073393
22.267 2652 -1723073393
22.293 2539 -1723073393
22.320 2447 -1723073393
22.347 2287 -1723073393
22.373 2138 -1723073393
22.400 2013 -1723073393
22.427 1838 -1723073393
22.453 1703 -1723073393
22.480 1590 -1723073393
22.507 1458 -1723073393
22.533 1384 -1723073393
22.560 1324 -1723073393
22.587 1262 -1723073393
22.613 1250 -1723073393
22.640 1247 -1723073393
22.667 1257 -1723073393
22.693 1301 -1723073393
22.720 1335 -1723073393
22.747 1377 -1723073393
22.773 1422 -1723073393
22.800 1438 -1723073393
22.827 1456 -1723073393
22.853 1467 -1723073393
22.880 1435 -1723073393
22.907 1401 -1723073393
22.933 1354 -1723073393
22.960 1276 -1723073393
22.987 1213 -1723073393
23.013 1137 -1723073393
23.040 1052 -1723073393
23.067 999 -1723073393
23.093 943 -1723073393
23.120 904 -1723073393
23.147 906 -1723073393
23.173 911 -1723073393
23.200 939 -1723073393
23.227 1003 -1723073393
23.253 1079 -1723073393
23.280 1184 -1723073393
23.307 1310 -1723073393
23.333 1432 -1723073393
23.360 1578 -1723073393
23.387 1729 -1723073393
23.413 1860 -1723073393
23.440 2011 -1723073393
23.467 2140 -1723073393
23.493 2248 -1723073393
23.520 2377 -1723073393
23.547 2457 -1723073393
23.573 2529 -1723073393
23.600 2613 -1723073393
23.627 2628 -1723073393
23.653 2649 -1723073393
23.680 2670 -1723073393
23.707 2617 -1723073393
23.733 2597 -1723073393
23.760 2573 -1723073393
23.787 2479 -1723073393
23.813 2429 -1723073393
23.840 2355 -1723073393
23.867 2239 -1723073393
23.893 2178 -1723073393
23.920 2079 -1723073393
23.947 1956 -1723073393
23.973 1874 -1723073393
24.000 1746 -1723073393
24.027 1619 -1723073393
24.053 1515 -1723073393
24.080 1364 -1723073393
24.107 1227 -1723073393
24.133 1106 -1723073393
24.160 943 -1723073393
24.187 803 -1723073393
24.213 673 -1723073393
24.240 523 -1723073393
24.267 401 -1723073393
24.293 288 -1723073393
24.320 176 -1723073393
24.347 90 -1723073393
24.373 16 -1723073393
24.400 -45 -1723073393
24.427 -89 -1723073393
24.453 -116 -1723073393
24.480 -135 -1723073393
24.507 -148 -1723073393
24.533 -138 -1723073393
24.560 -124 -1723073393
24.587 -109 -1723073393
24.613 -72 -1723073393
24.640 -27 -1723073393
24.667 25 -1723073393
24.693 94 -1723073393
24.720 157 -1723073393
24.747 218 -1723073393
24.773 291 -1723073393
24.800 359 -1723073393
24.827 425 -1723073393
24.853 494 -1723073393
24.880 554 -1723073393
24.907 603 -1723073393
24.933 645 -1723073393
24.960 690 -1723073393
24.987 727 -1723073393
25.013 760 -1723073393
25.040 784 -1723073393
25.067 787 -1723073393
25.093 790 -1723073393
25.120 781 -1723073393
25.147 749 -1723073393
25.173 719 -1723073393
25.200 683 -1723073393
25.227 629 -1723073393
25.253 587 -1723073393
25.280 549 -1723073393
25.307 501 -1723073393
25.333 459 -1723073393
25.360 420 -1723073393
25.387 383 -1723073393
25.413 355 -1723073393
25.440 326 -1723073393
25.467 295 -1723073393
25.493 263 -1723073393
25.520 229 -1723073393
25.547 196 -1723073393
25.573 164 -1723073393
25.600 130 -1723073393
25.627 89 -1723073393
25.653 34 -1723073393
25.680 -19 -1723073393
25.707 -72 -1723073393
25.733 -132 -1723073393
25.760 -196 -1723073393
25.787 -269 -1723073393
25.813 -340 -1723073393
25.840 -404 -1723073393
25.867 -476 -1723073393
25.893 -536 -1723073393
25.920 -586 -1723073393
25.947 -641 -1723073393
25.973 -678 -1723073393
26.000 -708 -1723073393
26.027 -743 -1723073393
26.053 -743 -1723073393
26.080 -735 -1723073393
26.107 -736 -1723073393
26.133 -706 -1723073393
26.160 -678 -1723073393
26.187 -651 -1723073393
26.213 -590 -1723073393
26.240 -537 -1723073393
26.267 -477 -1723073393
26.293 -385 -1723073393
26.320 -311 -1723073393
26.347 -235 -1723073393
26.373 -144 -1723073393
26.400 -80 -1723073393
26.427 -14 -1723073393
26.453 53 -1723073393
26.480 93 -1723073393
26.507 135 -1723073393
26.533 170 -1723073393
26.560 189 -1723073393
26.587 210 -1723073393
26.613 223 -1723073393
26.640 227 -1723073393
26.667 231 -1723073393
26.693 235 -1723073393
26.720 239 -1723073393
26.747 241 -1723073393
26.773 238 -1723073393
26.800 239 -1723073393
26.827 245 -1723073393
26.853 247 -1723073393
26.880 250 -1723073393
26.907 251 -1723073393
26.933 244 -1723073393
26.960 235 -1723073393
26.987 218 -1723073393
27.013 188 -1723073393
27.040 152 -1723073393
27.067 105 -1723073393
27.093 46 -1723073393
27.120 -15 -1723073393
27.147 -81 -1723073393
27.173 -152 -1723073393
27.200 -216 -1723073393
27.227 -281 -1723073393
27.253 -347 -1723073393
27.280 -395 -1723073393
27.307 -441 -1723073393
27.333 -482 -1723073393
27.360 -498 -1723073393
27.387 -514 -1723073393
27.413 -525 -1723073393
27.440 -508 -1723073393
27.467 -497 -1723073393
27.493 -474 -1723073393
27.520 -426 -1723073393
27.547 -398 -1723073393
27.573 -363 -1723073393
27.600 -317 -1723073393
27.627 -291 -1723073393
27.653 -259 -1723073393
27.680 -224 -1723073393
27.707 -208 -1723073393
27.733 -184 -1723073393
27.760 -160 -1723073393
27.787 -153 -1723073393
27.813 -139 -1723073393
27.840 -125 -1723073393
27.867 -125 -1723073393
27.893 -122 -1723073393
27.920 -122 -1723073393
27.947 -129 -1723073393
27.973 -123 -1723073393
28.000 -118 -1723073393
28.027 -114 -1723073393
28.053 -90 -1723073393
28.080 -68 -1723073393
28.107 -42 -1723073393
28.133 4 -1723073393
28.160 47 -1723073393
28.187 94 -1723073393
28.213 148 -1723073393
28.240 193 -1723073393
28.267 236 -1723073393
28.293 281 -1723073393
28.320 317 -1723073393
28.347 353 -1723073393
28.373 388 -1723073393
28.400 410 -1723073393
28.427 425 -1723073393
28.453 431 -1723073393
28.480 429 -1723073393
28.507 425 -1723073393
28.533 417 -1723073393
28.560 398 -1723073393
28.587 369 -1723073393
28.613 339 -1723073393
28.640 307 -1723073393
28.667 277 -1723073393
28.693 249 -1723073393
28.720 219 -1723073393
28.747 197 -1723073393
28.773 187 -1723073393
28.800 182 -1723073393
28.827 180 -1723073393
28.853 180 -1723073393
28.880 181 -1723073393
28.907 181 -1723073393
28.933 174 -1723073393
28.960 161 -1723073393
28.987 144 -1723073393
29.013 117 -1723073393
29.040 87 -1723073393
29.067 59 -1723073393
29.093 25 -1723073393
29.120 0 -1723073393
29.147 -19 -1723073393
29.173 -45 -1723073393
29.200 -65 -1723073393
29.227 -88 -1723073393
29.253 -114 -1723073393
29.280 -132 -1723073393
29.307 -150 -1723073393
29.333 -166 -1723073393
29.360 -173 -1723073393
29.387 -187 -1723073393
29.413 -198 -1723073393
29.440 -189 -1723073393
29.467 -179 -1723073393
29.493 -161 -1723073393
29.520 -126 -1723073393
29.547 -100 -1723073393
29.573 -71 -1723073393
29.600 -32 -1723073393
29.627 0 -1723073393
29.653 33 -1723073393
29.680 67 -1723073393
29.707 82 -1723073393
29.733 97 -1723073393
29.760 116 -1723073393
29.787 122 -1723073393
29.813 126 -1723073393
29.840 132 -1723073393
29.867 131 -1723073393
29.893 133 -1723073393
29.920 137 -1723073393
29.947 134 -1723073393
29.973 138 -1723073393
30.000 139 -1723073393
30.027 137 -1723073393
30.053 143 -1723073393
30.080 145 -1723073393
30.107 145 -1723073393
30.133 152 -1723073393
30.160 158 -1723073393
30.187 161 -1723073393
30.213 170 -1723073393
30.240 173 -1723073393
30.267 175 -1723073393
30.293 183 -1723073393
30.320 188 -1723073393
30.347 196 -1723073393
30.373 209 -1723073393
30.400 223 -1723073393
30.427 245 -1723073393
30.453 271 -1723073393
30.480 295 -1723073393
30.507 324 -1723073393
30.533 350 -1723073393
30.560 362 -1723073393
30.587 365 -1723073393
30.613 361 -1723073393
30.640 354 -1723073393
30.667 340 -1723073393
30.693 313 -1723073393
30.720 278 -1723073393
30.747 239 -1723073393
30.773 185 -1723073393
30.800 119 -1723073393
30.827 51 -1723073393
30.853 -18 -1723073393
30.880 -90 -1723073393
30.907 -158 -1723073393
30.933 -226 -1723073393
30.960 -292 -1723073393
30.987 -340 -1723073393
31.013 -379 -1723073393
31.040 -406 -1723073393
31.067 -407 -1723073393
31.093 -401 -1723073393
31.120 -380 -1723073393
31.147 -333 -1723073393
31.173 -289 -1723073393
31.200 -238 -1723073393
31.227 -161 -1723073393
31.253 -91 -1723073393
31.280 -18 -1723073393
31.307 65 -1723073393
31.333 124 -1723073393
31.360 172 -1723073393
31.387 216 -1723073393
31.413 236 -1723073393
31.440 249 -1723073393
31.467 258 -1723073393
31.493 245 -1723073393
31.520 223 -1723073393
31.547 203 -1723073393
31.573 175 -1723073393
31.600 148 -1723073393
31.627 126 -1723073393
31.653 105 -1723073393
31.680 92 -1723073393
31.707 89 -1723073393
31.733 83 -1723073393
31.760 83 -1723073393
31.787 87 -1723073393
31.813 87 -1723073393
31.840 97 -1723073393
31.867 108 -1723073393
31.893 112 -1723073393
31.920 125 -1723073393
31.947 133 -1723073393
31.973 128 -1723073393
32.000 125 -1723073393
32.027 117 -1723073393
32.053 100 -1723073393
32.080 93 -1723073393
32.107 81 -1723073393
32.133 65 -1723073393
32.160 60 -1723073393
32.187 56 -1723073393
32.213 59 -1723073393
32.240 80 -1723073393
32.267 100 -1723073393
32.293 120 -1723073393
32.320 149 -1723073393
32.347 173 -1723073393
32.373 201 -1723073393
32.400 239 -1723073393
32.427 266 -1723073393
32.453 282 -1723073393
32.480 294 -1723073393
32.507 290 -1723073393
32.533 275 -1723073393
32.560 253 -1723073393
32.587 214 -1723073393
32.613 162 -1723073393
32.640 101 -1723073393
32.667 25 -1723073393
32.693 -54 -1723073393
32.720 -136 -1723073393
32.747 -212 -1723073393
32.773 -274 -1723073393
32.800 -319 -1723073393
32.827 -355 -1723073393
32.853 -366 -1723073393
32.880 -360 -1723073393
32.907 -348 -1723073393
32.933 -308 -1723073393
32.960 -249 -1723073393
32.987 -193 -1723073393
33.013 -122 -1723073393
33.040 -41 -1723073393
33.067 25 -1723073393
33.093 89 -1723073393
33.120 147 -1723073393
33.147 190 -1723073393
33.173 225 -1723073393
33.200 248 -1723073393
33.227 258 -1723073393
33.253 259 -1723073393
33.280 250 -1723073393
33.307 230 -1723073393
33.333 208 -1723073393
33.360 180 -1723073393
33.387 148 -1723073393
33.413 121 -1723073393
33.440 96 -1723073393
33.467 68 -1723073393
33.493 42 -1723073393
33.520 26 -1723073393
33.547 11 -1723073393
33.573 -2 -1723073393
33.600 -11 -1723073393
33.627 -20 -1723073393
33.653 -19 -1723073393
33.680 -14 -1723073393
33.707 -13 -1723073393
33.733 -8 -1723073393
33.760 -3 -1723073393
33.787 7 -1723073393
33.813 28 -1723073393
33.840 56 -1723073393
33.867 89 -1723073393
33.893 130 -1723073393
33.920 174 -1723073393
33.947 216 -1723073393
33.973 263 -1723073393
34.000 315 -1723073393
34.027 366 -1723073393
34.053 419 -1723073393
34.080 468 -1723073393
34.107 516 -1723073393
34.133 559 -1723073393
34.160 588 -1723073393
34.187 605 -1723073393
34.213 610 -1723073393
34.240 604 -1723073393
34.267 581 -1723073393
34.293 541 -1723073393
34.320 491 -1723073393
34.347 427 -1723073393
34.373 349 -1723073393
34.400 274 -1723073393
34.427 196 -1723073393
34.453 113 -1723073393
34.480 40 -1723073393
34.507 -28 -1723073393
34.533 -85 -1723073393
34.560 -127 -1723073393
34.587 -154 -1723073393
34.613 -164 -1723073393
34.640 -159 -1723073393
34.667 -138 -1723073393
34.693 -100 -1723073393
34.720 -51 -1723073393
34.747 3 -1723073393
34.773 63 -1723073393
34.800 124 -1723073393
34.827 180 -1723073393
34.853 232 -1723073393
34.880 270 -1723073393
34.907 294 -1723073393
34.933 304 -1723073393
34.960 299 -1723073393
34.987 278 -1723073393
35.013 248 -1723073393
35.040 210 -1723073393
35.067 165 -1723073393
35.093 116 -1723073393
35.120 67 -1723073393
35.147 17 -1723073393
35.173 -25 -1723073393
35.200 -54 -1723073393
35.227 -73 -1723073393
35.253 -84 -1723073393
35.280 -85 -1723073393
35.307 -78 -1723073393
35.333 -55 -1723073393
35.360 -22 -1723073393
35.387 16 -1723073393
35.413 60 -1723073393
35.440 100 -1723073393
35.467 141 -1723073393
35.493 188 -1723073393
35.520 228 -1723073393
35.547 263 -1723073393
35.573 300 -1723073393
35.600 336 -1723073393
35.627 367 -1723073393
35.653 397 -1723073393
35.680 418 -1723073393
35.707 428 -1723073393
35.733 437 -1723073393
35.760 450 -1723073393
35.787 456 -1723073393
35.813 457 -1723073393
35.840 461 -1723073393
35.867 460 -1723073393
35.893 453 -1723073393
35.920 449 -1723073393
35.947 440 -1723073393
35.973 420 -1723073393
36.000 396 -1723073393
36.027 358 -1723073393
36.053 316 -1723073393
36.080 277 -1723073393
36.107 233 -1723073393
36.133 192 -1723073393
36.160 150 -1723073393
36.187 101 -1723073393
36.213 55 -1723073393
36.240 6 -1723073393
36.267 -48 -1723073393
36.293 -98 -1723073393
36.320 -141 -1723073393
36.347 -179 -1723073393
36.373 -205 -1723073393
36.400 -216 -1723073393
36.427 -212 -1723073393
36.453 -193 -1723073393
36.480 -168 -1723073393
36.507 -129 -1723073393
36.533 -73 -1723073393
36.560 -13 -1723073393
36.587 51 -1723073393
36.613 118 -1723073393
36.640 178 -1723073393
36.667 235 -1723073393
36.693 291 -1723073393
36.720 336 -1723073393
36.747 359 -1723073393
36.773 367 -1723073393
36.800 363 -1723073393
36.827 348 -1723073393
36.853 323 -1723073393
36.880 290 -1723073393
36.907 249 -1723073393
36.933 207 -1723073393
36.960 168 -1723073393
36.987 132 -1723073393
37.013 101 -1723073393
37.040 77 -1723073393
37.067 60 -1723073393
37.093 52 -1723073393
37.120 55 -1723073393
37.147 67 -1723073393
37.173 88 -1723073393
37.200 114 -1723073393
37.227 140 -1723073393
37.253 173 -1723073393
37.280 208 -1723073393
37.307 243 -1723073393
37.333 285 -1723073393
37.360 325 -1723073393
37.387 353 -1723073393
37.413 379 -1723073393
37.440 409 -1723073393
37.467 433 -1723073393
37.493 453 -1723073393
37.520 473 -1723073393
37.547 483 -1723073393
37.573 493 -1723073393
37.600 503 -1723073393
37.627 503 -1723073393
37.653 500 -1723073393
37.680 494 -1723073393
37.707 476 -1723073393
37.733 454 -1723073393
37.760 435 -1723073393
37.787 404 -1723073393
37.813 366 -1723073393
37.840 329 -1723073393
37.867 288 -1723073393
37.893 242 -1723073393
37.920 195 -1723073393
37.947 144 -1723073393
37.973 96 -1723073393
38.000 55 -1723073393
38.027 18 -1723073393
38.053 -10 -1723073393
38.080 -32 -1723073393
38.107 -45 -1723073393
38.133 -43 -1723073393
38.160 -30 -1723073393
38.187 -10 -1723073393
38.213 27 -1723073393
38.240 69 -1723073393
38.267 111 -1723073393
38.293 160 -1723073393
38.320 205 -1723073393
38.347 239 -1723073393
38.373 277 -1723073393
38.400 311 -1723073393
38.427 333 -1723073393
38.453 343 -1723073393
38.480 339 -1723073393
38.507 316 -1723073393
38.533 285 -1723073393
38.560 251 -1723073393
38.587 207 -1723073393
38.613 157 -1723073393
38.640 110 -1723073393
38.667 59 -1723073393
38.693 9 -1723073393
38.720 -32 -1723073393
38.747 -67 -1723073393
38.773 -84 -1723073393
38.800 -89 -1723073393
38.827 -93 -1723073393
38.853 -89 -1723073393
38.880 -75 -1723073393
38.907 -59 -1723073393
38.933 -31 -1723073393
38.960 1 -1723073393
38.987 28 -1723073393
39.013 58 -1723073393
39.040 93 -1723073393
39.067 118 -1723073393
39.093 137 -1723073393
39.120 161 -1723073393
39.147 178 -1723073393
39.173 187 -1723073393
39.200 193 -1723073393
39.227 194 -1723073393
39.253 197 -1723073393
39.280 208 -1723073393
39.307 221 -1723073393
39.333 235 -1723073393
39.360 254 -1723073393
39.387 268 -1723073393
39.413 277 -1723073393
39.440 286 -1723073393
39.467 292 -1723073393
39.493 294 -1723073393
39.520 294 -1723073393
39.547 288 -1723073393
39.573 282 -1723073393
39.600 280 -1723073393
39.627 273 -1723073393
39.653 264 -1723073393
39.680 255 -1723073393
39.707 238 -1723073393
39.733 219 -1723073393
39.760 200 -1723073393
39.787 174 -1723073393
39.813 144 -1723073393
39.840 120 -1723073393
39.867 99 -1723073393
39.893 80 -1723073393
39.920 64 -1723073393
39.947 47 -1723073393
39.973 35 -1723073393
40.000 31 -1723073393
40.027 31 -1723073393
40.053 27 -1723073393
40.080 34 -1723073393
40.107 44 -1723073393
40.133 51 -1723073393
40.160 66 -1723073393
40.187 79 -1723073393
40.213 84 -1723073393
40.240 89 -1723073393
40.267 92 -1723073393
40.293 87 -1723073393
40.320 84 -1723073393
40.347 82 -1723073393
40.373 71 -1723073393
40.400 61 -1723073393
40.427 56 -1723073393
40.453 47 -1723073393
40.480 41 -1723073393
40.507 39 -1723073393
40.533 35 -1723073393
40.560 34 -1723073393
40.587 39 -1723073393
40.613 42 -1723073393
40.640 50 -1723073393
40.667 68 -1723073393
40.693 85 -1723073393
40.720 105 -1723073393
40.747 130 -1723073393
40.773 145 -1723073393
40.800 158 -1723073393
40.827 181 -1723073393
40.853 200 -1723073393
40.880 217 -1723073393
40.907 238 -1723073393
40.933 256 -1723073393
40.960 272 -1723073393
40.987 292 -1723073393
41.013 306 -1723073393
41.040 316 -1723073393
41.067 331 -1723073393
41.093 342 -1723073393
41.120 348 -1723073393
41.147 351 -1723073393
41.173 350 -1723073393
41.200 340 -1723073393
41.227 328 -1723073393
41.253 319 -1723073393
41.280 303 -1723073393
41.307 280 -1723073393
41.333 259 -1723073393
41.360 235 -1723073393
41.387 207 -1723073393
41.413 176 -1723073393
41.440 136 -1723073393
41.467 96 -1723073393
41.493 59 -1723073393
41.520 25 -1723073393
41.547 0 -1723073393
41.573 -24 -1723073393
41.600 -50 -1723073393
41.627 -62 -1723073393
41.653 -63 -1723073393
41.680 -63 -1723073393
41.707 -53 -1723073393
41.733 -34 -1723073393
41.760 -19 -1723073393
41.787 0 -1723073393
41.813 22 -1723073393
41.840 38 -1723073393
41.867 52 -1723073393
41.893 64 -1723073393
41.920 64 -1723073393
41.947 55 -1723073393
41.973 44 -1723073393
42.000 28 -1723073393
42.027 5 -1723073393
42.053 -18 -1723073393
42.080 -46 -1723073393
42.107 -75 -1723073393
42.133 -96 -1723073393
42.160 -114 -1723073393
42.187 -132 -1723073393
42.213 -134 -1723073393
42.240 -132 -1723073393
42.267 -129 -1723073393
42.293 -111 -1723073393
42.320 -88 -1723073393
42.347 -65 -1723073393
42.373 -27 -1723073393
42.400 11 -1723073393
42.427 47 -1723073393
42.453 90 -1723073393
42.480 124 -1723073393
42.507 145 -1723073393
42.533 170 -1723073393
42.560 193 -1723073393
42.587 204 -1723073393
42.613 217 -1723073393
42.640 231 -1723073393
42.667 230 -1723073393
42.693 221 -1723073393
42.720 207 -1723073393
42.747 180 -1723073393
42.773 153 -1723073393
42.800 131 -1723073393
42.827 104 -1723073393
42.853 77 -1723073393
42.880 62 -1723073393
42.907 46 -1723073393
42.933 32 -1723073393
42.960 28 -1723073393
42.987 25 -1723073393
43.013 23 -1723073393
43.040 32 -1723073393
43.067 37 -1723073393
43.093 37 -1723073393
43.120 45 -1723073393
43.147 50 -1723073393
43.173 48 -1723073393
43.200 50 -1723073393
43.227 50 -1723073393
43.253 42 -1723073393
43.280 40 -1723073393
43.307 40 -1723073393
43.333 30 -1723073393
43.360 24 -1723073393
43.387 25 -1723073393
43.413 22 -1723073393
43.440 28 -1723073393
43.467 41 -1723073393
43.493 44 -1723073393
43.520 50 -1723073393
43.547 59 -1723073393
43.573 55 -1723073393
43.600 43 -1723073393
43.627 36 -1723073393
43.653 21 -1723073393
43.680 -1 -1723073393
43.707 -19 -1723073393
43.733 -42 -1723073393
43.760 -68 -1723073393
43.787 -89 -1723073393
43.813 -114 -1723073393
43.840 -146 -1723073393
43.867 -168 -1723073393
43.893 -187 -1723073393
43.920 -209 -1723073393
43.947 -215 -1723073393
43.973 -215 -1723073393
44.000 -220 -1723073393
44.027 -209 -1723073393
44.053 -190 -1723073393
44.080 -178 -1723073393
44.107 -154 -1723073393
44.133 -121 -1723073393
44.160 -100 -1723073393
44.187 -76 -1723073393
44.213 -51 -1723073393
44.240 -41 -1723073393
44.267 -33 -1723073393
44.293 -21 -1723073393
44.320 -19 -1723073393
44.347 -22 -1723073393
44.373 -17 -1723073393
44.400 -13 -1723073393
44.427 -4 -1723073393
44.453 13 -1723073393
44.480 25 -1723073393
44.507 35 -1723073393
44.533 50 -1723073393
44.560 61 -1723073393
44.587 66 -1723073393
44.613 82 -1723073393
44.640 99 -1723073393
44.667 108 -1723073393
44.693 119 -1723073393
44.720 130 -1723073393
44.747 131 -1723073393
44.773 137 -1723073393
44.800 139 -1723073393
44.827 132 -1723073393
44.853 130 -1723073393
44.880 133 -1723073393
44.907 132 -1723073393
44.933 134 -1723073393
44.960 135 -1723073393
44.987 124 -1723073393
45.013 116 -1723073393
45.040 119 -1723073393
45.067 121 -1723073393
45.093 125 -1723073393
45.120 136 -1723073393
45.147 140 -1723073393
45.173 141 -1723073393
45.200 147 -1723073393
45.227 146 -1723073393
45.253 139 -1723073393
45.280 135 -1723073393
45.307 128 -1723073393
45.333 116 -1723073393
45.360 110 -1723073393
45.387 100 -1723073393
45.413 80 -1723073393
45.440 62 -1723073393
45.467 41 -1723073393
45.493 12 -1723073393
45.520 -19 -1723073393
45.547 -48 -1723073393
45.573 -84 -1723073393
45.600 -114 -1723073393
45.627 -135 -1723073393
45.653 -155 -1723073393
45.680 -168 -1723073393
45.707 -170 -1723073393
45.733 -176 -1723073393
45.760 -174 -1723073393
45.787 -149 -1723073393
45.813 -117 -1723073393
45.840 -86 -1723073393
45.867 -42 -1723073393
45.893 0 -1723073393
45.920 33 -1723073393
45.947 74 -1723073393
45.973 115 -1723073393
46.000 145 -1723073393
46.027 179 -1723073393
46.053 212 -1723073393
46.080 230 -1723073393
46.107 244 -1723073393
46.133 257 -1723073393
46.160 254 -1723073393
46.187 243 -1723073393
46.213 234 -1723073393
46.240 220 -1723073393
46.267 207 -1723073393
46.293 199 -1723073393
46.320 185 -1723073393
46.347 169 -1723073393
46.373 160 -1723073393
46.400 147 -1723073393
46.427 132 -1723073393
46.453 125 -1723073393
46.480 122 -1723073393
46.507 115 -1723073393
46.533 117 -1723073393
46.560 122 -1723073393
46.587 123 -1723073393
46.613 134 -1723073393
46.640 153 -1723073393
46.667 167 -1723073393
46.693 189 -1723073393
46.720 217 -1723073393
46.747 232 -1723073393
46.773 246 -1723073393
46.800 263 -1723073393
46.827 272 -1723073393
46.853 280 -1723073393
46.880 290 -1723073393
46.907 284 -1723073393
46.933 267 -1723073393
46.960 250 -1723073393
46.987 228 -1723073393
47.013 195 -1723073393
47.040 161 -1723073393
47.067 124 -1723073393
47.093 83 -1723073393
47.120 47 -1723073393
47.147 17 -1723073393
47.173 -13 -1723073393
47.200 -35 -1723073393
47.227 -46 -1723073393
47.253 -62 -1723073393
47.280 -71 -1723073393
47.307 -72 -1723073393
47.333 -79 -1723073393
47.360 -79 -1723073393
47.387 -61 -1723073393
47.413 -46 -1723073393
47.440 -30 -1723073393
47.467 0 -1723073393
47.493 32 -1723073393
47.520 56 -1723073393
47.547 88 -1723073393
47.573 122 -1723073393
47.600 149 -1723073393
47.627 182 -1723073393
47.653 213 -1723073393
47.680 227 -1723073393
47.707 246 -1723073393
47.733 269 -1723073393
47.760 276 -1723073393
47.787 283 -1723073393
47.813 291 -1723073393
47.840 288 -1723073393
47.867 283 -1723073393
47.893 284 -1723073393
47.920 280 -1723073393
47.947 270 -1723073393
47.973 266 -1723073393
48.000 256 -1723073393
48.027 239 -1723073393
48.053 232 -1723073393
48.080 225 -1723073393
48.107 215 -1723073393
48.133 213 -1723073393
48.160 214 -1723073393
48.187 208 -1723073393
48.213 211 -1723073393
48.240 218 -1723073393
48.267 216 -1723073393
48.293 220 -1723073393
48.320 232 -1723073393
48.347 238 -1723073393
48.373 247 -1723073393
48.400 265 -1723073393
48.427 281 -1723073393
48.453 301 -1723073393
48.480 328 -1723073393
48.507 351 -1723073393
48.533 373 -1723073393
48.560 399 -1723073393
48.587 420 -1723073393
48.613 440 -1723073393
48.640 465 -1723073393
48.667 486 -1723073393
48.693 500 -1723073393
48.720 512 -1723073393
48.747 520 -1723073393
48.773 518 -1723073393
48.800 510 -1723073393
48.827 495 -1723073393
48.853 472 -1723073393
48.880 448 -1723073393
48.907 425 -1723073393
48.933 402 -1723073393
48.960 378 -1723073393
48.987 357 -1723073393
49.013 340 -1723073393
49.040 323 -1723073393
49.067 306 -1723073393
49.093 288 -1723073393
49.120 272 -1723073393
49.147 265 -1723073393
49.173 256 -1723073393
49.200 242 -1723073393
49.227 236 -1723073393
49.253 231 -1723073393
49.280 225 -1723073393
49.307 228 -1723073393
49.333 239 -1723073393
49.360 247 -1723073393
49.387 259 -1723073393
49.413 277 -1723073393
49.440 295 -1723073393
49.467 315 -1723073393
49.493 342 -1723073393
49.520 370 -1723073393
49.547 390 -1723073393
49.573 403 -1723073393
49.600 409 -1723073393
49.627 405 -1723073393
49.653 394 -1723073393
49.680 384 -1723073393
49.707 366 -1723073393
49.733 348 -1723073393
49.760 328 -1723073393
49.787 304 -1723073393
49.813 282 -1723073393
49.840 270 -1723073393
49.867 259 -1723073393
49.893 248 -1723073393
49.920 244 -1723073393
49.947 240 -1723073393
49.973 234 -1723073393
50.000 235 -1723073393
50.027 236 -1723073393
50.053 231 -1723073393
50.080 231 -1723073393
50.107 237 -1723073393
50.133 237 -1723073393
50.160 241 -1723073393
50.187 248 -1723073393
50.213 252 -1723073393
50.240 262 -1723073393
50.267 274 -1723073393
50.293 277 -1723073393
50.320 278 -1723073393
50.347 280 -1723073393
50.373 273 -1723073393
50.400 261 -1723073393
50.427 250 -1723073393
50.453 236 -1723073393
50.480 214 -1723073393
50.507 191 -1723073393
50.533 167 -1723073393
50.560 132 -1723073393
50.587 93 -1723073393
50.613 58 -1723073393
50.640 13 -1723073393
50.667 -36 -1723073393
50.693 -78 -1723073393
50.720 -121 -1723073393
50.747 -161 -1723073393
50.773 -189 -1723073393
50.800 -215 -1723073393
50.827 -240 -1723073393
50.853 -248 -1723073393
50.880 -254 -1723073393
50.907 -263 -1723073393
50.933 -257 -1723073393
50.960 -247 -1723073393
50.987 -241 -1723073393
51.013 -222 -1723073393
51.040 -201 -1723073393
51.067 -197 -1723073393
51.093 -185 -1723073393
51.120 -167 -1723073393
51.147 -163 -1723073393
51.173 -151 -1723073393
51.200 -127 -1723073393
51.227 -115 -1723073393
51.253 -103 -1723073393
51.280 -78 -1723073393
51.307 -64 -1723073393
51.333 -62 -1723073393
51.360 -45 -1723073393
51.387 -27 -1723073393
51.413 -21 -1723073393
51.440 -4 -1723073393
51.467 14 -1723073393
51.493 17 -1723073393
51.520 21 -1723073393
51.547 35 -1723073393
51.573 45 -1723073393
51.600 63 -1723073393
51.627 93 -1723073393
51.653 115 -1723073393
51.680 137 -1723073393
51.707 171 -1723073393
51.733 199 -1723073393
51.760 220 -1723073393
51.787 248 -1723073393
51.813 265 -1723073393
51.840 267 -1723073393
51.867 274 -1723073393
51.893 282 -1723073393
51.920 277 -1723073393
51.947 272 -1723073393
51.973 268 -1723073393
52.000 254 -1723073393
52.027 236 -1723073393
52.053 224 -1723073393
52.080 208 -1723073393
52.107 191 -1723073393
52.133 186 -1723073393
52.160 183 -1723073393
52.187 179 -1723073393
52.213 186 -1723073393
52.240 193 -1723073393
52.267 191 -1723073393
52.293 200 -1723073393
52.320 213 -1723073393
52.347 216 -1723073393
52.373 221 -1723073393
52.400 231 -1723073393
52.427 226 -1723073393
52.453 214 -1723073393
52.480 209 -1723073393
52.507 193 -1723073393
52.533 167 -1723073393
52.560 151 -1723073393
52.587 139 -1723073393
52.613 118 -1723073393
52.640 102 -1723073393
52.667 89 -1723073393
52.693 77 -1723073393
52.720 77 -1723073393
52.747 81 -1723073393
52.773 78 -1723073393
52.800 79 -1723073393
52.827 86 -1723073393
52.853 85 -1723073393
52.880 88 -1723073393
52.907 104 -1723073393
52.933 115 -1723073393
52.960 125 -1723073393
52.987 146 -1723073393
53.013 160 -1723073393
53.040 166 -1723073393
53.067 182 -1723073393
53.093 196 -1723073393
53.120 195 -1723073393
53.147 197 -1723073393
53.173 202 -1723073393
53.200 197 -1723073393
53.227 194 -1723073393
53.253 198 -1723073393
53.280 193 -1723073393
53.307 188 -1723073393
53.333 192 -1723073393
53.360 190 -1723073393
53.387 184 -1723073393
53.413 187 -1723073393
53.440 189 -1723073393
53.467 183 -1723073393
53.493 182 -1723073393
53.520 182 -1723073393
53.547 179 -1723073393
53.573 183 -1723073393
53.600 194 -1723073393
53.627 198 -1723073393
53.653 206 -1723073393
53.680 223 -1723073393
53.707 232 -1723073393
53.733 238 -1723073393
53.760 250 -1723073393
53.787 256 -1723073393
53.813 256 -1723073393
53.840 260 -1723073393
53.867 260 -1723073393
53.893 249 -1723073393
53.920 245 -1723073393
53.947 244 -1723073393
53.973 234 -1723073393
54.000 224 -1723073393
54.027 222 -1723073393
54.053 212 -1723073393
54.080 199 -1723073393
54.107 189 -1723073393
54.133 172 -1723073393
54.160 146 -1723073393
54.187 126 -1723073393
54.213 105 -1723073393
54.240 74 -1723073393
54.267 50 -1723073393
54.293 31 -1723073393
54.320 6 -1723073393
54.347 -11 -1723073393
54.373 -25 -1723073393
54.400 -47 -1723073393
54.427 -63 -1723073393
54.453 -72 -1723073393
54.480 -90 -1723073393
54.507 -104 -1723073393
54.533 -106 -1723073393
54.560 -115 -1723073393
54.587 -125 -1723073393
54.613 -114 -1723073393
54.640 -104 -1723073393
54.667 -102 -1723073393
54.693 -87 -1723073393
54.720 -66 -1723073393
54.747 -61 -1723073393
54.773 -53 -1723073393
54.800 -41 -1723073393
54.827 -40 -1723073393
54.853 -32 -1723073393
54.880 -16 -1723073393
54.907 -12 -1723073393
54.933 -10 -1723073393
54.960 8 -1723073393
54.987 23 -1723073393
55.013 35 -1723073393
55.040 54 -1723073393
55.067 71 -1723073393
55.093 87 -1723073393
55.120 115 -1723073393
55.147 145 -1723073393
55.173 168 -1723073393
55.200 198 -1723073393
55.227 232 -1723073393
55.253 255 -1723073393
55.280 279 -1723073393
55.307 313 -1723073393
55.333 340 -1723073393
55.360 363 -1723073393
55.387 391 -1723073393
55.413 411 -1723073393
55.440 421 -1723073393
55.467 436 -1723073393
55.493 451 -1723073393
55.520 459 -1723073393
55.547 469 -1723073393
55.573 485 -1723073393
55.600 493 -1723073393
55.627 496 -1723073393
55.653 505 -1723073393
55.680 514 -1723073393
55.707 518 -1723073393
55.733 527 -1723073393
55.760 539 -1723073393
55.787 546 -1723073393
55.813 552 -1723073393
55.840 559 -1723073393
55.867 559 -1723073393
55.893 562 -1723073393
55.920 568 -1723073393
55.947 568 -1723073393
55.973 562 -1723073393
56.000 555 -1723073393
56.027 540 -1723073393
56.053 516 -1723073393
56.080 488 -1723073393
56.107 459 -1723073393
56.133 427 -1723073393
56.160 391 -1723073393
56.187 358 -1723073393
56.213 326 -1723073393
56.240 298 -1723073393
56.267 274 -1723073393
56.293 248 -1723073393
56.320 228 -1723073393
56.347 216 -1723073393
56.373 199 -1723073393
56.400 182 -1723073393
56.427 176 -1723073393
56.453 169 -1723073393
56.480 157 -1723073393
56.507 153 -1723073393
56.533 148 -1723073393
56.560 136 -1723073393
56.587 136 -1723073393
56.613 135 -1723073393
56.640 120 -1723073393
56.667 111 -1723073393
56.693 111 -1723073393
56.720 103 -1723073393
56.747 97 -1723073393
56.773 97 -1723073393
56.800 86 -1723073393
56.827 70 -1723073393
56.853 62 -1723073393
56.880 50 -1723073393
56.907 33 -1723073393
56.933 26 -1723073393
56.960 20 -1723073393
56.987 4 -1723073393
57.013 -3 -1723073393
57.040 -6 -1723073393
57.067 -20 -1723073393
57.093 -28 -1723073393
57.120 -24 -1723073393
57.147 -24 -1723073393
57.173 -24 -1723073393
57.200 -11 -1723073393
57.227 0 -1723073393
57.253 6 -1723073393
57.280 28 -1723073393
57.307 54 -1723073393
57.333 64 -1723073393
57.360 79 -1723073393
57.387 100 -1723073393
57.413 107 -1723073393
57.440 111 -1723073393
57.467 126 -1723073393
57.493 137 -1723073393
57.520 142 -1723073393
57.547 153 -1723073393
57.573 158 -1723073393
57.600 151 -1723073393
57.627 152 -1723073393
57.653 157 -1723073393
57.680 154 -1723073393
57.707 157 -1723073393
57.733 166 -1723073393
57.760 165 -1723073393
57.787 165 -1723073393
57.813 178 -1723073393
57.840 188 -1723073393
57.867 198 -1723073393
57.893 219 -1723073393
57.920 236 -1723073393
57.947 248 -1723073393
57.973 268 -1723073393
58.000 291 -1723073393
58.027 313 -1723073393
58.053 338 -1723073393
58.080 366 -1723073393
58.107 385 -1723073393
58.133 402 -1723073393
58.160 420 -1723073393
58.187 432 -1723073393
58.213 435 -1723073393
58.240 440 -1723073393
58.267 442 -1723073393
58.293 434 -1723073393
58.320 425 -1723073393
58.347 421 -1723073393
58.373 416 -1723073393
58.400 413 -1723073393
58.427 413 -1723073393
58.453 413 -1723073393
58.480 414 -1723073393
58.507 418 -1723073393
58.533 422 -1723073393
58.560 429 -1723073393
58.587 445 -1723073393
58.613 461 -1723073393
58.640 474 -1723073393
58.667 488 -1723073393
58.693 505 -1723073393
58.720 520 -1723073393
58.747 535 -1723073393
58.773 547 -1723073393
58.800 555 -1723073393
58.827 563 -1723073393
58.853 575 -1723073393
58.880 583 -1723073393
58.907 590 -1723073393
58.933 598 -1723073393
58.960 603 -1723073393
58.987 607 -1723073393
59.013 610 -1723073393
59.040 609 -1723073393
59.067 606 -1723073393
59.093 604 -1723073393
59.120 606 -1723073393
59.147 610 -1723073393
59.173 608 -1723073393
59.200 602 -1723073393
59.227 594 -1723073393
59.253 582 -1723073393
59.280 568 -1723073393
59.307 553 -1723073393
59.333 535 -1723073393
59.360 516 -1723073393
59.387 498 -1723073393
59.413 480 -1723073393
59.440 462 -1723073393
59.467 450 -1723073393
59.493 439 -1723073393
59.520 428 -1723073393
59.547 424 -1723073393
59.573 424 -1723073393
59.600 422 -1723073393
59.627 423 -1723073393
59.653 429 -1723073393
59.680 430 -1723073393
59.707 429 -1723073393
59.733 428 -1723073393
59.760 419 -1723073393
59.787 405 -1723073393
59.813 391 -1723073393
59.840 375 -1723073393
59.867 354 -1723073393
59.893 330 -1723073393
59.920 302 -1723073393
59.947 272 -1723073393
59.973 242 -1723073393
60.000 207 -1723073393
60.027 169 -1723073393
60.053 135 -1723073393
60.080 109 -1723073393
60.107 83 -1723073393
60.133 56 -1723073393
60.160 36 -1723073393
60.187 11 -1723073393
60.213 -18 -1723073393
60.240 -39 -1723073393
60.267 -55 -1723073393
60.293 -72 -1723073393
60.320 -77 -1723073393
60.347 -74 -1723073393
60.373 -77 -1723073393
60.400 -79 -1723073393
60.427 -70 -1723073393
60.453 -65 -1723073393
60.480 -62 -1723073393
60.507 -49 -1723073393
60.533 -40 -1723073393
60.560 -40 -1723073393
60.587 -28 -1723073393
60.613 -14 -1723073393
60.640 -6 -1723073393
60.667 6 -1723073393
60.693 25 -1723073393
60.720 32 -1723073393
60.747 32 -1723073393
60.773 38 -1723073393
60.800 42 -1723073393
60.827 45 -1723073393
60.853 51 -1723073393
60.880 50 -1723073393
60.907 37 -1723073393
60.933 21 -1723073393
60.960 4 -1723073393
60.987 -22 -1723073393
61.013 -52 -1723073393
61.040 -78 -1723073393
61.067 -109 -1723073393
61.093 -144 -1723073393
61.120 -172 -1723073393
61.147 -201 -1723073393
61.173 -233 -1723073393
61.200 -256 -1723073393
61.227 -273 -1723073393
61.253 -294 -1723073393
61.280 -299 -1723073393
61.307 -288 -1723073393
61.333 -289 -1723073393
61.360 -289 -1723073393
61.387 -272 -1723073393
61.413 -261 -1723073393
61.440 -258 -1723073393
61.467 -240 -1723073393
61.493 -220 -1723073393
61.520 -214 -1723073393
61.547 -200 -1723073393
61.573 -179 -1723073393
61.600 -177 -1723073393
61.627 -175 -1723073393
61.653 -159 -1723073393
61.680 -158 -1723073393
61.707 -167 -1723073393
61.733 -170 -1723073393
61.760 -182 -1723073393
61.787 -210 -1723073393
61.813 -227 -1723073393
61.840 -241 -1723073393
61.867 -273 -1723073393
61.893 -297 -1723073393
61.920 -306 -1723073393
61.947 -326 -1723073393
61.973 -345 -1723073393
62.000 -339 -1723073393
62.027 -331 -1723073393
62.053 -328 -1723073393
62.080 -303 -1723073393
62.107 -272 -1723073393
62.133 -255 -1723073393
62.160 -219 -1723073393
62.187 -168 -1723073393
62.213 -134 -1723073393
62.240 -103 -1723073393
62.267 -61 -1723073393
62.293 -33 -1723073393
62.320 -16 -1723073393
62.347 13 -1723073393
62.373 41 -1723073393
62.400 52 -1723073393
62.427 64 -1723073393
62.453 75 -1723073393
62.480 64 -1723073393
62.507 46 -1723073393
62.533 30 -1723073393
62.560 6 -1723073393
62.587 -24 -1723073393
62.613 -48 -1723073393
62.640 -74 -1723073393
62.667 -104 -1723073393
62.693 -124 -1723073393
62.720 -141 -1723073393
62.747 -163 -1723073393
62.773 -179 -1723073393
62.800 -184 -1723073393
62.827 -200 -1723073393
62.853 -217 -1723073393
62.880 -217 -1723073393
62.907 -216 -1723073393
62.933 -218 -1723073393
62.960 -206 -1723073393
62.987 -190 -1723073393
63.013 -185 -1723073393
63.040 -173 -1723073393
63.067 -152 -1723073393
63.093 -144 -1723073393
63.120 -134 -1723073393
63.147 -107 -1723073393
63.173 -92 -1723073393
63.200 -92 -1723073393
63.227 -80 -1723073393
63.253 -66 -1723073393
63.280 -69 -1723073393
63.307 -69 -1723073393
63.333 -66 -1723073393
63.360 -79 -1723073393
63.387 -94 -1723073393
63.413 -100 -1723073393
63.440 -115 -1723073393
63.467 -141 -1723073393
63.493 -159 -1723073393
63.520 -175 -1723073393
63.547 -199 -1723073393
63.573 -212 -1723073393
63.600 -218 -1723073393
63.627 -236 -1723073393
63.653 -248 -1723073393
63.680 -243 -1723073393
63.707 -246 -1723073393
63.733 -252 -1723073393
63.760 -240 -1723073393
63.787 -229 -1723073393
63.813 -233 -1723073393
63.840 -218 -1723073393
63.867 -191 -1723073393
63.893 -178 -1723073393
63.920 -161 -1723073393
63.947 -127 -1723073393
63.973 -105 -1723073393
64.000 -90 -1723073393
64.027 -66 -1723073393
64.053 -49 -1723073393
64.080 -45 -1723073393
64.107 -35 -1723073393
64.133 -28 -1723073393
64.160 -35 -1723073393
64.187 -40 -1723073393
64.213 -36 -1723073393
64.240 -41 -1723073393
64.267 -53 -1723073393
64.293 -58 -1723073393
64.320 -65 -1723073393
64.347 -75 -1723073393
64.373 -77 -1723073393
64.400 -81 -1723073393
64.427 -95 -1723073393
64.453 -101 -1723073393
64.480 -98 -1723073393
64.507 -103 -1723073393
64.533 -102 -1723073393
64.560 -90 -1723073393
64.587 -83 -1723073393
64.613 -82 -1723073393
64.640 -66 -1723073393
64.667 -53 -1723073393
64.693 -51 -1723073393
64.720 -41 -1723073393
64.747 -23 -1723073393
64.773 -11 -1723073393
64.800 5 -1723073393
64.827 35 -1723073393
64.853 56 -1723073393
64.880 69 -1723073393
64.907 90 -1723073393
64.933 110 -1723073393
64.960 118 -1723073393
64.987 129 -1723073393
65.013 140 -1723073393
65.040 143 -1723073393
65.067 145 -1723073393
65.093 149 -1723073393
65.120 145 -1723073393
65.147 134 -1723073393
65.173 126 -1723073393
65.200 116 -1723073393
65.227 98 -1723073393
65.253 82 -1723073393
65.280 69 -1723073393
65.307 53 -1723073393
65.333 39 -1723073393
65.360 30 -1723073393
65.387 17 -1723073393
65.413 7 -1723073393
65.440 10 -1723073393
65.467 12 -1723073393
65.493 12 -1723073393
65.520 26 -1723073393
65.547 44 -1723073393
65.573 54 -1723073393
65.600 69 -1723073393
65.627 93 -1723073393
65.653 109 -1723073393
65.680 127 -1723073393
65.707 159 -1723073393
65.733 192 -1723073393
65.760 221 -1723073393
65.787 254 -1723073393
65.813 281 -1723073393
65.840 296 -1723073393
65.867 306 -1723073393
65.893 314 -1723073393
65.920 314 -1723073393
65.947 311 -1723073393
65.973 308 -1723073393
66.000 303 -1723073393
66.027 291 -1723073393
66.053 280 -1723073393
66.080 268 -1723073393
66.107 253 -1723073393
66.133 239 -1723073393
66.160 227 -1723073393
66.187 214 -1723073393
66.213 206 -1723073393
66.240 205 -1723073393
66.267 204 -1723073393
66.293 195 -1723073393
66.320 190 -1723073393
66.347 188 -1723073393
66.373 181 -1723073393
66.400 180 -1723073393
66.427 189 -1723073393
66.453 195 -1723073393
66.480 200 -1723073393
66.507 212 -1723073393
66.533 222 -1723073393
66.560 227 -1723073393
66.587 240 -1723073393
66.613 258 -1723073393
66.640 271 -1723073393
66.667 285 -1723073393
66.693 301 -1723073393
66.720 311 -1723073393
66.747 313 -1723073393
66.773 319 -1723073393
66.800 324 -1723073393
66.827 326 -1723073393
66.853 327 -1723073393
66.880 324 -1723073393
66.907 317 -1723073393
66.933 310 -1723073393
66.960 306 -1723073393
66.987 303 -1723073393
67.013 300 -1723073393
67.040 299 -1723073393
67.067 300 -1723073393
67.093 301 -1723073393
67.120 304 -1723073393
67.147 311 -1723073393
67.173 319 -1723073393
67.200 332 -1723073393
67.227 351 -1723073393
67.253 368 -1723073393
67.280 381 -1723073393
67.307 397 -1723073393
67.333 413 -1723073393
67.360 425 -1723073393
67.387 438 -1723073393
67.413 447 -1723073393
67.440 451 -1723073393
67.467 451 -1723073393
67.493 452 -1723073393
67.520 453 -1723073393
67.547 454 -1723073393
67.573 453 -1723073393
67.600 451 -1723073393
67.627 447 -1723073393
67.653 440 -1723073393
67.680 437 -1723073393
67.707 432 -1723073393
67.733 428 -1723073393
67.760 422 -1723073393
67.787 418 -1723073393
67.813 415 -1723073393
67.840 415 -1723073393
67.867 413 -1723073393
67.893 412 -1723073393
67.920 418 -1723073393
67.947 425 -1723073393
67.973 427 -1723073393
68.000 427 -1723073393
68.027 429 -1723073393
68.053 427 -1723073393
68.080 420 -1723073393
68.107 410 -1723073393
68.133 404 -1723073393
68.160 392 -1723073393
68.187 375 -1723073393
68.213 355 -1723073393
68.240 332 -1723073393
68.267 304 -1723073393
68.293 279 -1723073393
68.320 260 -1723073393
68.347 242 -1723073393
68.373 224 -1723073393
68.400 209 -1723073393
68.427 197 -1723073393
68.453 189 -1723073393
68.480 185 -1723073393
68.507 184 -1723073393
68.533 186 -1723073393
68.560 194 -1723073393
68.587 198 -1723073393
68.613 202 -1723073393
68.640 208 -1723073393
68.667 211 -1723073393
68.693 209 -1723073393
68.720 212 -1723073393
68.747 217 -1723073393
68.773 219 -1723073393
68.800 227 -1723073393
68.827 240 -1723073393
68.853 247 -1723073393
68.880 252 -1723073393
68.907 261 -1723073393
68.933 271 -1723073393
68.960 280 -1723073393
68.987 294 -1723073393
69.013 310 -1723073393
69.040 322 -1723073393
69.067 334 -1723073393
69.093 347 -1723073393
69.120 358 -1723073393
69.147 370 -1723073393
69.173 381 -1723073393
69.200 391 -1723073393
69.227 402 -1723073393
69.253 412 -1723073393
69.280 416 -1723073393
69.307 416 -1723073393
69.333 416 -1723073393
69.360 415 -1723073393
69.387 407 -1723073393
69.413 402 -1723073393
69.440 399 -1723073393
69.467 393 -1723073393
69.493 383 -1723073393
69.520 372 -1723073393
69.547 359 -1723073393
69.573 345 -1723073393
69.600 330 -1723073393
69.627 316 -1723073393
69.653 304 -1723073393
69.680 293 -1723073393
69.707 283 -1723073393
69.733 273 -1723073393
69.760 267 -1723073393
69.787 264 -1723073393
69.813 259 -1723073393
69.840 245 -1723073393
69.867 231 -1723073393
69.893 218 -1723073393
69.920 201 -1723073393
69.947 189 -1723073393
69.973 180 -1723073393
70.000 167 -1723073393
70.027 157 -1723073393
70.053 156 -1723073393
70.080 151 -1723073393
70.107 144 -1723073393
70.133 146 -1723073393
70.160 148 -1723073393
70.187 142 -1723073393
70.213 143 -1723073393
70.240 154 -1723073393
70.267 164 -1723073393
70.293 175 -1723073393
70.320 192 -1723073393
70.347 208 -1723073393
70.373 221 -1723073393
70.400 238 -1723073393
70.427 254 -1723073393
70.453 265 -1723073393
70.480 273 -1723073393
70.507 280 -1723073393
70.533 282 -1723073393
70.560 284 -1723073393
70.587 290 -1723073393
70.613 291 -1723073393
70.640 287 -1723073393
70.667 284 -1723073393
70.693 287 -1723073393
70.720 288 -1723073393
70.747 287 -1723073393
70.773 288 -1723073393
70.800 287 -1723073393
70.827 286 -1723073393
70.853 284 -1723073393
70.880 279 -1723073393
70.907 273 -1723073393
70.933 268 -1723073393
70.960 267 -1723073393
70.987 261 -1723073393
71.013 259 -1723073393
71.040 262 -1723073393
71.067 263 -1723073393
71.093 264 -1723073393
71.120 272 -1723073393
71.147 284 -1723073393
71.173 295 -1723073393
71.200 307 -1723073393
71.227 320 -1723073393
71.253 331 -1723073393
71.280 340 -1723073393
71.307 353 -1723073393
71.333 363 -1723073393
71.360 371 -1723073393
71.387 381 -1723073393
71.413 395 -1723073393
71.440 407 -1723073393
71.467 417 -1723073393
71.493 425 -1723073393
71.520 432 -1723073393
71.547 434 -1723073393
71.573 431 -1723073393
71.600 425 -1723073393
71.627 414 -1723073393
71.653 399 -1723073393
71.680 383 -1723073393
71.707 364 -1723073393
71.733 342 -1723073393
71.760 321 -1723073393
71.787 296 -1723073393
71.813 269 -1723073393
71.840 245 -1723073393
71.867 224 -1723073393
71.893 204 -1723073393
71.920 185 -1723073393
71.947 166 -1723073393
71.973 148 -1723073393
72.000 138 -1723073393
72.027 132 -1723073393
72.053 125 -1723073393
72.080 124 -1723073393
72.107 127 -1723073393
72.133 128 -1723073393
72.160 131 -1723073393
72.187 141 -1723073393
72.213 147 -1723073393
72.240 153 -1723073393
72.267 170 -1723073393
72.293 190 -1723073393
72.320 205 -1723073393
72.347 219 -1723073393
72.373 234 -1723073393
72.400 244 -1723073393
72.427 252 -1723073393
72.453 262 -1723073393
72.480 275 -1723073393
72.507 283 -1723073393
72.533 287 -1723073393
72.560 293 -1723073393
72.587 294 -1723073393
72.613 292 -1723073393
72.640 292 -1723073393
72.667 291 -1723073393
72.693 287 -1723073393
72.720 285 -1723073393
72.747 288 -1723073393
72.773 292 -1723073393
72.800 296 -1723073393
72.827 297 -1723073393
72.853 293 -1723073393
72.880 287 -1723073393
72.907 285 -1723073393
72.933 286 -1723073393
72.960 287 -1723073393
72.987 288 -1723073393
73.013 289 -1723073393
73.040 286 -1723073393
73.067 278 -1723073393
73.093 272 -1723073393
73.120 265 -1723073393
73.147 255 -1723073393
73.173 249 -1723073393
73.200 245 -1723073393
73.227 237 -1723073393
73.253 232 -1723073393
73.280 229 -1723073393
73.307 226 -1723073393
73.333 224 -1723073393
73.360 225 -1723073393
73.387 223 -1723073393
73.413 224 -1723073393
73.440 230 -1723073393
73.467 233 -1723073393
73.493 233 -1723073393
73.520 231 -1723073393
73.547 225 -1723073393
73.573 219 -1723073393
73.600 217 -1723073393
73.627 211 -1723073393
73.653 203 -1723073393
73.680 199 -1723073393
73.707 196 -1723073393
73.733 188 -1723073393
73.760 180 -1723073393
73.787 176 -1723073393
73.813 170 -1723073393
73.840 161 -1723073393
73.867 155 -1723073393
73.893 153 -1723073393
73.920 155 -1723073393
73.947 164 -1723073393
73.973 175 -1723073393
74.000 188 -1723073393
74.027 207 -1723073393
74.053 226 -1723073393
74.080 238 -1723073393
74.107 248 -1723073393
74.133 256 -1723073393
74.160 262 -1723073393
74.187 268 -1723073393
74.213 271 -1723073393
74.240 274 -1723073393
74.267 275 -1723073393
74.293 270 -1723073393
74.320 264 -1723073393
74.347 255 -1723073393
74.373 244 -1723073393
74.400 234 -1723073393
74.427 230 -1723073393
74.453 225 -1723073393
74.480 220 -1723073393
74.507 215 -1723073393
74.533 207 -1723073393
74.560 202 -1723073393
74.587 199 -1723073393
74.613 195 -1723073393
74.640 195 -1723073393
74.667 200 -1723073393
74.693 204 -1723073393
74.720 206 -1723073393
74.747 209 -1723073393
74.773 206 -1723073393
74.800 205 -1723073393
74.827 207 -1723073393
74.853 207 -1723073393
74.880 205 -1723073393
74.907 206 -1723073393
74.933 207 -1723073393
74.960 205 -1723073393
74.987 203 -1723073393
75.013 205 -1723073393
75.040 206 -1723073393
75.067 212 -1723073393
75.093 220 -1723073393
75.120 229 -1723073393
75.147 240 -1723073393
75.173 255 -1723073393
75.200 265 -1723073393
75.227 271 -1723073393
75.253 280 -1723073393
75.280 282 -1723073393
75.307 276 -1723073393
75.333 275 -1723073393
75.360 274 -1723073393
75.387 268 -1723073393
75.413 264 -1723073393
75.440 260 -1723073393
75.467 254 -1723073393
75.493 253 -1723073393
75.520 257 -1723073393
75.547 258 -1723073393
75.573 258 -1723073393
75.600 259 -1723073393
75.627 261 -1723073393
75.653 260 -1723073393
75.680 260 -1723073393
75.707 262 -1723073393
75.733 263 -1723073393
75.760 268 -1723073393
75.787 277 -1723073393
75.813 280 -1723073393
75.840 275 -1723073393
75.867 272 -1723073393
75.893 269 -1723073393
75.920 265 -1723073393
75.947 260 -1723073393
75.973 249 -1723073393
76.000 235 -1723073393
76.027 219 -1723073393
76.053 202 -1723073393
76.080 183 -1723073393
76.107 165 -1723073393
76.133 152 -1723073393
76.160 139 -1723073393
76.187 127 -1723073393
76.213 121 -1723073393
76.240 117 -1723073393
76.267 110 -1723073393
76.293 110 -1723073393
76.320 118 -1723073393
76.347 127 -1723073393
76.373 139 -1723073393
76.400 155 -1723073393
76.427 165 -1723073393
76.453 172 -1723073393
76.480 184 -1723073393
76.507 193 -1723073393
76.533 199 -1723073393
76.560 210 -1723073393
76.587 220 -1723073393
76.613 222 -1723073393
76.640 228 -1723073393
76.667 241 -1723073393
76.693 251 -1723073393
76.720 258 -1723073393
76.747 274 -1723073393
76.773 291 -1723073393
76.800 305 -1723073393
76.827 321 -1723073393
76.853 336 -1723073393
76.880 345 -1723073393
76.907 355 -1723073393
76.933 367 -1723073393
76.960 378 -1723073393
76.987 389 -1723073393
77.013 394 -1723073393
77.040 396 -1723073393
77.067 399 -1723073393
77.093 402 -1723073393
77.120 401 -1723073393
77.147 400 -1723073393
77.173 395 -1723073393
77.200 385 -1723073393
77.227 377 -1723073393
77.253 369 -1723073393
77.280 356 -1723073393
77.307 342 -1723073393
77.333 334 -1723073393
77.360 327 -1723073393
77.387 316 -1723073393
77.413 309 -1723073393
77.440 303 -1723073393
77.467 292 -1723073393
77.493 277 -1723073393
77.520 266 -1723073393
77.547 256 -1723073393
77.573 249 -1723073393
77.600 251 -1723073393
77.627 258 -1723073393
77.653 260 -1723073393
77.680 264 -1723073393
77.707 274 -1723073393
77.733 284 -1723073393
77.760 295 -1723073393
77.787 309 -1723073393
77.813 319 -1723073393
77.840 328 -1723073393
77.867 339 -1723073393
77.893 345 -1723073393
77.920 347 -1723073393
77.947 348 -1723073393
77.973 346 -1723073393
78.000 339 -1723073393
78.027 333 -1723073393
78.053 325 -1723073393
78.080 311 -1723073393
78.107 294 -1723073393
78.133 278 -1723073393
78.160 262 -1723073393
78.187 248 -1723073393
78.213 238 -1723073393
78.240 230 -1723073393
78.267 222 -1723073393
78.293 219 -1723073393
78.320 218 -1723073393
78.347 219 -1723073393
78.373 225 -1723073393
78.400 237 -1723073393
78.427 249 -1723073393
78.453 260 -1723073393
78.480 274 -1723073393
78.507 285 -1723073393
78.533 296 -1723073393
78.560 307 -1723073393
78.587 315 -1723073393
78.613 318 -1723073393
78.640 324 -1723073393
78.667 328 -1723073393
78.693 327 -1723073393
78.720 325 -1723073393
78.747 320 -1723073393
78.773 309 -1723073393
78.800 299 -1723073393
78.827 288 -1723073393
78.853 271 -1723073393
78.880 253 -1723073393
78.907 238 -1723073393
78.933 220 -1723073393
78.960 201 -1723073393
78.987 189 -1723073393
79.013 182 -1723073393
79.040 171 -1723073393
79.067 155 -1723073393
79.093 144 -1723073393
79.120 135 -1723073393
79.147 119 -1723073393
79.173 106 -1723073393
79.200 96 -1723073393
79.227 85 -1723073393
79.253 81 -1723073393
79.280 87 -1723073393
79.307 93 -1723073393
79.333 98 -1723073393
79.360 108 -1723073393
79.387 117 -1723073393
79.413 129 -1723073393
79.440 149 -1723073393
79.467 164 -1723073393
79.493 171 -1723073393
79.520 183 -1723073393
79.547 192 -1723073393
79.573 197 -1723073393
79.600 203 -1723073393
79.627 208 -1723073393
79.653 203 -1723073393
79.680 196 -1723073393
79.707 192 -1723073393
79.733 184 -1723073393
79.760 175 -1723073393
79.787 166 -1723073393
79.813 155 -1723073393
79.840 142 -1723073393
79.867 134 -1723073393
79.893 128 -1723073393
79.920 119 -1723073393
79.947 111 -1723073393
79.973 106 -1723073393
80.000 99 -1723073393
80.027 96 -1723073393
80.053 98 -1723073393
80.080 93 -1723073393
80.107 92 -1723073393
80.133 103 -1723073393
80.160 116 -1723073393
80.187 126 -1723073393
80.213 139 -1723073393
80.240 154 -1723073393
80.267 166 -1723073393
80.293 183 -1723073393
80.320 203 -1723073393
80.347 216 -1723073393
80.373 229 -1723073393
80.400 240 -1723073393
80.427 246 -1723073393
80.453 253 -1723073393
80.480 265 -1723073393
80.507 276 -1723073393
80.533 285 -1723073393
80.560 289 -1723073393
80.587 291 -1723073393
80.613 294 -1723073393
80.640 299 -1723073393
80.667 299 -1723073393
80.693 297 -1723073393
80.720 294 -1723073393
80.747 284 -1723073393
80.773 272 -1723073393
80.800 259 -1723073393
80.827 244 -1723073393
80.853 230 -1723073393
80.880 219 -1723073393
80.907 208 -1723073393
80.933 195 -1723073393
80.960 182 -1723073393
80.987 172 -1723073393
81.013 161 -1723073393
81.040 156 -1723073393
81.067 157 -1723073393
81.093 161 -1723073393
81.120 162 -1723073393
81.147 166 -1723073393
81.173 169 -1723073393
81.200 169 -1723073393
81.227 173 -1723073393
81.253 178 -1723073393
81.280 183 -1723073393
81.307 191 -1723073393
81.333 198 -1723073393
81.360 198 -1723073393
81.387 197 -1723073393
81.413 196 -1723073393
81.440 190 -1723073393
81.467 182 -1723073393
81.493 175 -1723073393
81.520 166 -1723073393
81.547 157 -1723073393
81.573 154 -1723073393
81.600 148 -1723073393
81.627 138 -1723073393
81.653 132 -1723073393
81.680 124 -1723073393
81.707 111 -1723073393
81.733 105 -1723073393
81.760 109 -1723073393
81.787 111 -1723073393
81.813 115 -1723073393
81.840 126 -1723073393
81.867 141 -1723073393
81.893 159 -1723073393
81.920 182 -1723073393
81.947 202 -1723073393
81.973 218 -1723073393
82.000 240 -1723073393
82.027 262 -1723073393
82.053 279 -1723073393
82.080 302 -1723073393
82.107 325 -1723073393
82.133 342 -1723073393
82.160 355 -1723073393
82.187 368 -1723073393
82.213 381 -1723073393
82.240 392 -1723073393
82.267 395 -1723073393
82.293 393 -1723073393
82.320 393 -1723073393
82.347 391 -1723073393
82.373 383 -1723073393
82.400 371 -1723073393
82.427 357 -1723073393
82.453 337 -1723073393
82.480 317 -1723073393
82.507 299 -1723073393
82.533 285 -1723073393
82.560 275 -1723073393
82.587 268 -1723073393
82.613 261 -1723073393
82.640 251 -1723073393
82.667 243 -1723073393
82.693 237 -1723073393
82.720 228 -1723073393
82.747 221 -1723073393
82.773 219 -1723073393
82.800 218 -1723073393
82.827 215 -1723073393
82.853 213 -1723073393
82.880 215 -1723073393
82.907 225 -1723073393
82.933 236 -1723073393
82.960 241 -1723073393
82.987 248 -1723073393
83.013 256 -1723073393
83.040 258 -1723073393
83.067 260 -1723073393
83.093 263 -1723073393
83.120 259 -1723073393
83.147 251 -1723073393
83.173 248 -1723073393
83.200 241 -1723073393
83.227 230 -1723073393
83.253 224 -1723073393
83.280 217 -1723073393
83.307 209 -1723073393
83.333 205 -1723073393
83.360 201 -1723073393
83.387 195 -1723073393
83.413 194 -1723073393
83.440 194 -1723073393
83.467 191 -1723073393
83.493 193 -1723073393
83.520 202 -1723073393
83.547 208 -1723073393
83.573 215 -1723073393
83.600 231 -1723073393
83.627 243 -1723073393
83.653 255 -1723073393
83.680 267 -1723073393
83.707 272 -1723073393
83.733 274 -1723073393
83.760 279 -1723073393
83.787 280 -1723073393
83.813 277 -1723073393
83.840 276 -1723073393
83.867 273 -1723073393
83.893 270 -1723073393
83.920 271 -1723073393
83.947 266 -1723073393
83.973 259 -1723073393
84.000 255 -1723073393
84.027 253 -1723073393
84.053 253 -1723073393
84.080 255 -1723073393
84.107 255 -1723073393
84.133 252 -1723073393
84.160 249 -1723073393
84.187 247 -1723073393
84.213 246 -1723073393
84.240 247 -1723073393
84.267 248 -1723073393
84.293 247 -1723073393
84.320 248 -1723073393
84.347 246 -1723073393
84.373 242 -1723073393
84.400 235 -1723073393
84.427 228 -1723073393
84.453 219 -1723073393
84.480 211 -1723073393
84.507 204 -1723073393
84.533 200 -1723073393
84.560 199 -1723073393
84.587 199 -1723073393
84.613 198 -1723073393
84.640 196 -1723073393
84.667 197 -1723073393
84.693 200 -1723073393
84.720 202 -1723073393
84.747 205 -1723073393
84.773 209 -1723073393
84.800 216 -1723073393
84.827 221 -1723073393
84.853 224 -1723073393
84.880 229 -1723073393
84.907 234 -1723073393
84.933 236 -1723073393
84.960 232 -1723073393
84.987 226 -1723073393
85.013 224 -1723073393
85.040 224 -1723073393
85.067 218 -1723073393
85.093 213 -1723073393
85.120 208 -1723073393
85.147 203 -1723073393
85.173 203 -1723073393
85.200 200 -1723073393
85.227 195 -1723073393
85.253 193 -1723073393
85.280 188 -1723073393
85.307 181 -1723073393
85.333 177 -1723073393
85.360 177 -1723073393
85.387 172 -1723073393
85.413 170 -1723073393
85.440 168 -1723073393
85.467 165 -1723073393
85.493 168 -1723073393
85.520 176 -1723073393
85.547 184 -1723073393
85.573 195 -1723073393
85.600 207 -1723073393
85.627 215 -1723073393
85.653 222 -1723073393
85.680 226 -1723073393
85.707 225 -1723073393
85.733 229 -1723073393
85.760 240 -1723073393
85.787 249 -1723073393
85.813 255 -1723073393
85.840 262 -1723073393
85.867 267 -1723073393
85.893 272 -1723073393
85.920 276 -1723073393
85.947 276 -1723073393
85.973 278 -1723073393
86.000 283 -1723073393
86.027 284 -1723073393
86.053 285 -1723073393
86.080 280 -1723073393
86.107 273 -1723073393
86.133 270 -1723073393
86.160 270 -1723073393
86.187 264 -1723073393
86.213 260 -1723073393
86.240 255 -1723073393
86.267 243 -1723073393
86.293 235 -1723073393
86.320 232 -1723073393
86.347 228 -1723073393
86.373 225 -1723073393
86.400 221 -1723073393
86.427 212 -1723073393
86.453 207 -1723073393
86.480 211 -1723073393
86.507 210 -1723073393
86.533 203 -1723073393
86.560 199 -1723073393
86.587 187 -1723073393
86.613 172 -1723073393
86.640 164 -1723073393
86.667 160 -1723073393
86.693 154 -1723073393
86.720 151 -1723073393
86.747 148 -1723073393
86.773 145 -1723073393
86.800 144 -1723073393
86.827 140 -1723073393
86.853 129 -1723073393
86.880 125 -1723073393
86.907 126 -1723073393
86.933 130 -1723073393
86.960 139 -1723073393
86.987 146 -1723073393
87.013 151 -1723073393
87.040 160 -1723073393
87.067 168 -1723073393
87.093 170 -1723073393
87.120 179 -1723073393
87.147 194 -1723073393
87.173 206 -1723073393
87.200 218 -1723073393
87.227 229 -1723073393
87.253 238 -1723073393
87.280 247 -1723073393
87.307 247 -1723073393
87.333 239 -1723073393
87.360 235 -1723073393
87.387 230 -1723073393
87.413 224 -1723073393
87.440 224 -1723073393
87.467 226 -1723073393
87.493 226 -1723073393
87.520 231 -1723073393
87.547 232 -1723073393
87.573 229 -1723073393
87.600 231 -1723073393
87.627 232 -1723073393
87.653 232 -1723073393
87.680 238 -1723073393
87.707 245 -1723073393
87.733 248 -1723073393
87.760 252 -1723073393
87.787 252 -1723073393
87.813 255 -1723073393
87.840 261 -1723073393
87.867 264 -1723073393
87.893 264 -1723073393
87.920 267 -1723073393
87.947 268 -1723073393
87.973 266 -1723073393
88.000 268 -1723073393
88.027 265 -1723073393
88.053 256 -1723073393
88.080 253 -1723073393
88.107 250 -1723073393
88.133 241 -1723073393
88.160 231 -1723073393
88.187 222 -1723073393
88.213 208 -1723073393
88.240 197 -1723073393
88.267 187 -1723073393
88.293 172 -1723073393
88.320 163 -1723073393
88.347 158 -1723073393
88.373 149 -1723073393
88.400 148 -1723073393
88.427 150 -1723073393
88.453 147 -1723073393
88.480 152 -1723073393
88.507 159 -1723073393
88.533 163 -1723073393
88.560 173 -1723073393
88.587 185 -1723073393
88.613 192 -1723073393
88.640 203 -1723073393
88.667 208 -1723073393
88.693 207 -1723073393
88.720 211 -1723073393
88.747 209 -1723073393
88.773 201 -1723073393
88.800 196 -1723073393
88.827 190 -1723073393
88.853 185 -1723073393
88.880 189 -1723073393
88.907 190 -1723073393
88.933 186 -1723073393
88.960 185 -1723073393
88.987 183 -1723073393
89.013 185 -1723073393
89.040 193 -1723073393
89.067 198 -1723073393
89.093 206 -1723073393
89.120 212 -1723073393
89.147 205 -1723073393
89.173 196 -1723073393
89.200 194 -1723073393
89.227 188 -1723073393
89.253 189 -1723073393
89.280 197 -1723073393
89.307 198 -1723073393
89.333 199 -1723073393
89.360 201 -1723073393
89.387 202 -1723073393
89.413 207 -1723073393
89.440 211 -1723073393
89.467 206 -1723073393
89.493 201 -1723073393
89.520 191 -1723073393
89.547 177 -1723073393
89.573 172 -1723073393
89.600 170 -1723073393
89.627 167 -1723073393
89.653 169 -1723073393
89.680 168 -1723073393
89.707 163 -1723073393
89.733 171 -1723073393
89.760 181 -1723073393
89.787 184 -1723073393
89.813 190 -1723073393
89.840 189 -1723073393
89.867 182 -1723073393
89.893 182 -1723073393
89.920 179 -1723073393
89.947 178 -1723073393
89.973 181 -1723073393
90.000 176 -1723073393
90.027 166 -1723073393
90.053 164 -1723073393
90.080 158 -1723073393
90.107 156 -1723073393
90.133 156 -1723073393
90.160 146 -1723073393
90.187 140 -1723073393
90.213 141 -1723073393
90.240 133 -1723073393
90.267 129 -1723073393
90.293 134 -1723073393
90.320 135 -1723073393
90.347 139 -1723073393
90.373 137 -1723073393
90.400 127 -1723073393
90.427 129 -1723073393
90.453 137 -1723073393
90.480 139 -1723073393
90.507 150 -1723073393
90.533 154 -1723073393
90.560 153 -1723073393
90.587 161 -1723073393
90.613 166 -1723073393
90.640 168 -1723073393
90.667 173 -1723073393
90.693 169 -1723073393
90.720 167 -1723073393
90.747 167 -1723073393
90.773 164 -1723073393
90.800 173 -1723073393
90.827 182 -1723073393
90.853 182 -1723073393
90.880 188 -1723073393
90.907 193 -1723073393
90.933 193 -1723073393
90.960 197 -1723073393
90.987 199 -1723073393
91.013 200 -1723073393
91.040 208 -1723073393
91.067 216 -1723073393
91.093 223 -1723073393
91.120 234 -1723073393
91.147 239 -1723073393
91.173 247 -1723073393
91.200 261 -1723073393
91.227 269 -1723073393
91.253 280 -1723073393
91.280 294 -1723073393
91.307 303 -1723073393
91.333 311 -1723073393
91.360 319 -1723073393
91.387 326 -1723073393
91.413 340 -1723073393
91.440 356 -1723073393
91.467 370 -1723073393
91.493 380 -1723073393
91.520 385 -1723073393
91.547 389 -1723073393
91.573 388 -1723073393
91.600 379 -1723073393
91.627 372 -1723073393
91.653 372 -1723073393
91.680 371 -1723073393
91.707 366 -1723073393
91.733 353 -1723073393
91.760 340 -1723073393
91.787 332 -1723073393
91.813 319 -1723073393
91.840 308 -1723073393
91.867 301 -1723073393
91.893 289 -1723073393
91.920 282 -1723073393
91.947 279 -1723073393
91.973 273 -1723073393
92.000 270 -1723073393
92.027 266 -1723073393
92.053 262 -1723073393
92.080 270 -1723073393
92.107 275 -1723073393
92.133 279 -1723073393
92.160 288 -1723073393
92.187 289 -1723073393
92.213 292 -1723073393
92.240 297 -1723073393
92.267 304 -1723073393
92.293 319 -1723073393
92.320 330 -1723073393
92.347 338 -1723073393
92.373 349 -1723073393
92.400 352 -1723073393
92.427 355 -1723073393
92.453 361 -1723073393
92.480 361 -1723073393
92.507 360 -1723073393
92.533 351 -1723073393
92.560 337 -1723073393
92.587 335 -1723073393
92.613 335 -1723073393
92.640 335 -1723073393
92.667 339 -1723073393
92.693 339 -1723073393
92.720 342 -1723073393
92.747 350 -1723073393
92.773 351 -1723073393
92.800 352 -1723073393
92.827 352 -1723073393
92.853 350 -1723073393
92.880 353 -1723073393
92.907 361 -1723073393
92.933 373 -1723073393
92.960 387 -1723073393
92.987 393 -1723073393
93.013 397 -1723073393
93.040 406 -1723073393
93.067 411 -1723073393
93.093 420 -1723073393
93.120 425 -1723073393
93.147 422 -1723073393
93.173 420 -1723073393
93.200 413 -1723073393
93.227 408 -1723073393
93.253 412 -1723073393
93.280 410 -1723073393
93.307 410 -1723073393
93.333 411 -1723073393
93.360 402 -1723073393
93.387 400 -1723073393
93.413 393 -1723073393
93.440 380 -1723073393
93.467 374 -1723073393
93.493 360 -1723073393
93.520 349 -1723073393
93.547 340 -1723073393
93.573 322 -1723073393
93.600 314 -1723073393
93.627 307 -1723073393
93.653 297 -1723073393
93.680 293 -1723073393
93.707 278 -1723073393
93.733 261 -1723073393
93.760 252 -1723073393
93.787 246 -1723073393
93.813 246 -1723073393
93.840 253 -1723073393
93.867 258 -1723073393
93.893 267 -1723073393
93.920 279 -1723073393
93.947 288 -1723073393
93.973 301 -1723073393
94.000 307 -1723073393
94.027 315 -1723073393
94.053 330 -1723073393
94.080 340 -1723073393
94.107 352 -1723073393
94.133 360 -1723073393
94.160 368 -1723073393
94.187 376 -1723073393
94.213 377 -1723073393
94.240 380 -1723073393
94.267 374 -1723073393
94.293 364 -1723073393
94.320 366 -1723073393
94.347 357 -1723073393
94.373 346 -1723073393
94.400 338 -1723073393
94.427 325 -1723073393
94.453 318 -1723073393
94.480 313 -1723073393
94.507 309 -1723073393
94.533 302 -1723073393
94.560 295 -1723073393
94.587 293 -1723073393
94.613 292 -1723073393
94.640 288 -1723073393
94.667 283 -1723073393
94.693 277 -1723073393
94.720 275 -1723073393
94.747 281 -1723073393
94.773 286 -1723073393
94.800 291 -1723073393
94.827 299 -1723073393
94.853 305 -1723073393
94.880 312 -1723073393
94.907 319 -1723073393
94.933 331 -1723073393
94.960 341 -1723073393
94.987 346 -1723073393
95.013 351 -1723073393
95.040 354 -1723073393
95.067 356 -1723073393
95.093 357 -1723073393
95.120 350 -1723073393
95.147 340 -1723073393
95.173 334 -1723073393
95.200 333 -1723073393
95.227 329 -1723073393
95.253 324 -1723073393
95.280 319 -1723073393
95.307 314 -1723073393
95.333 301 -1723073393
95.360 288 -1723073393
95.387 272 -1723073393
95.413 256 -1723073393
95.440 243 -1723073393
95.467 231 -1723073393
95.493 224 -1723073393
95.520 219 -1723073393
95.547 214 -1723073393
95.573 212 -1723073393
95.600 217 -1723073393
95.627 228 -1723073393
95.653 236 -1723073393
95.680 234 -1723073393
95.707 233 -1723073393
95.733 234 -1723073393
95.760 234 -1723073393
95.787 237 -1723073393
95.813 240 -1723073393
95.840 247 -1723073393
95.867 245 -1723073393
95.893 236 -1723073393
95.920 226 -1723073393
95.947 214 -1723073393
95.973 210 -1723073393
96.000 206 -1723073393
96.027 204 -1723073393
96.053 199 -1723073393
96.080 185 -1723073393
96.107 173 -1723073393
96.133 169 -1723073393
96.160 167 -1723073393
96.187 165 -1723073393
96.213 158 -1723073393
96.240 156 -1723073393
96.267 148 -1723073393
96.293 138 -1723073393
96.320 137 -1723073393
96.347 136 -1723073393
96.373 143 -1723073393
96.400 149 -1723073393
96.427 161 -1723073393
96.453 167 -1723073393
96.480 165 -1723073393
96.507 172 -1723073393
96.533 177 -1723073393
96.560 179 -1723073393
96.587 179 -1723073393
96.613 177 -1723073393
96.640 180 -1723073393
96.667 179 -1723073393
96.693 187 -1723073393
96.720 188 -1723073393
96.747 181 -1723073393
96.773 176 -1723073393
96.800 169 -1723073393
96.827 169 -1723073393
96.853 163 -1723073393
96.880 168 -1723073393
96.907 171 -1723073393
96.933 157 -1723073393
96.960 144 -1723073393
96.987 124 -1723073393
97.013 117 -1723073393
97.040 113 -1723073393
97.067 104 -1723073393
97.093 102 -1723073393
97.120 89 -1723073393
97.147 83 -1723073393
97.173 77 -1723073393
97.200 71 -1723073393
97.227 73 -1723073393
97.253 64 -1723073393
97.280 64 -1723073393
97.307 51 -1723073393
97.333 38 -1723073393
97.360 33 -1723073393
97.387 25 -1723073393
97.413 29 -1723073393
97.440 23 -1723073393
97.467 25 -1723073393
97.493 25 -1723073393
97.520 24 -1723073393
97.547 28 -1723073393
97.573 20 -1723073393
97.600 31 -1723073393
97.627 30 -1723073393
97.653 36 -1723073393
97.680 42 -1723073393
97.707 44 -1723073393
97.733 45 -1723073393
97.760 43 -1723073393
97.787 51 -1723073393
97.813 48 -1723073393
97.840 60 -1723073393
97.867 67 -1723073393
97.893 73 -1723073393
97.920 75 -1723073393
97.947 72 -1723073393
97.973 75 -1723073393
98.000 71 -1723073393
98.027 78 -1723073393
98.053 79 -1723073393
98.080 79 -1723073393
98.107 81 -1723073393
98.133 84 -1723073393
98.160 91 -1723073393
98.187 86 -1723073393
98.213 91 -1723073393
98.240 91 -1723073393
98.267 99 -1723073393
98.293 99 -1723073393
98.320 101 -1723073393
98.347 101 -1723073393
98.373 99 -1723073393
98.400 103 -1723073393
98.427 98 -1723073393
98.453 100 -1723073393
98.480 102 -1723073393
98.507 112 -1723073393
98.533 116 -1723073393
98.560 125 -1723073393
98.587 122 -1723073393
98.613 113 -1723073393
98.640 105 -1723073393
98.667 94 -1723073393
98.693 86 -1723073393
98.720 77 -1723073393
98.747 77 -1723073393
98.773 75 -1723073393
98.800 67 -1723073393
98.827 54 -1723073393
98.853 41 -1723073393
98.880 33 -1723073393
98.907 27 -1723073393
98.933 17 -1723073393
98.960 11 -1723073393
98.987 8 -1723073393
99.013 -1 -1723073393
99.040 -6 -1723073393
99.067 -10 -1723073393
99.093 -4 -1723073393
99.120 -4 -1723073393
99.147 0 -1723073393
99.173 -4 -1723073393
99.200 0 -1723073393
99.227 -1 -1723073393
99.253 -8 -1723073393
99.280 -4 -1723073393
99.307 -3 -1723073393
99.333 2 -1723073393
99.360 4 -1723073393
99.387 8 -1723073393
99.413 3 -1723073393
99.440 5 -1723073393
99.467 -1 -1723073393
99.493 0 -1723073393
99.520 -5 -1723073393
99.547 -1 -1723073393
99.573 -6 -1723073393
99.600 -9 -1723073393
99.627 -12 -1723073393
99.653 -14 -1723073393
99.680 -17 -1723073393
99.707 -15 -1723073393
99.733 -7 -1723073393
99.760 1 -1723073393
99.787 7 -1723073393
99.813 5 -1723073393
99.840 5 -1723073393
99.867 2 -1723073393
99.893 6 -1723073393
99.920 5 -1723073393
99.947 13 -1723073393
99.973 10 -1723073393
100.000 0 -1723073393
