0.000 10 -1723073393
0.027 15 -1723073393
0.053 11 -1723073393
0.080 16 -1723073393
0.107 18 -1723073393
0.133 22 -1723073393
0.160 27 -1723073393
0.187 26 -1723073393
0.213 27 -1723073393
0.240 22 -1723073393
0.267 21 -1723073393
0.293 29 -1723073393
0.320 28 -1723073393
0.347 26 -1723073393
0.373 31 -1723073393
0.400 31 -1723073393
0.427 33 -1723073393
0.453 30 -1723073393
0.480 22 -1723073393
0.507 22 -1723073393
0.533 19 -1723073393
0.560 19 -1723073393
0.587 27 -1723073393
0.613 19 -1723073393
0.640 14 -1723073393
0.667 15 -1723073393
0.693 7 -1723073393
0.720 8 -1723073393
0.747 7 -1723073393
0.773 6 -1723073393
0.800 15 -1723073393
0.827 17 -1723073393
0.853 16 -1723073393
0.880 20 -1723073393
0.907 15 -1723073393
0.933 13 -1723073393
0.960 15 -1723073393
0.987 11 -1723073393
1.013 13 -1723073393
1.040 9 -1723073393
1.067 1 -1723073393
1.093 -2 -1723073393
1.120 -11 -1723073393
1.147 -14 -1723073393
1.173 -8 -1723073393
1.200 -5 -1723073393
1.227 1 -1723073393
1.253 5 -1723073393
1.280 6 -1723073393
1.307 15 -1723073393
1.333 10 -1723073393
1.360 -3 -1723073393
1.387 -7 -1723073393
1.413 -16 -1723073393
1.440 -15 -1723073393
1.467 -5 -1723073393
1.493 -5 -1723073393
1.520 4 -1723073393
1.547 12 -1723073393
1.573 8 -1723073393
1.600 7 -1723073393
1.627 -2 -1723073393
1.653 -14 -1723073393
1.680 -12 -1723073393
1.707 -17 -1723073393
1.733 -14 -1723073393
1.760 -9 -1723073393
1.787 -16 -1723073393
1.813 -13 -1723073393
1.840 -17 -1723073393
1.867 -27 -1723073393
1.893 -23 -1723073393
1.920 -25 -1723073393
1.947 -25 -1723073393
1.973 -17 -1723073393
2.000 -24 -1723073393
2.027 -28 -1723073393
2.053 -26 -1723073393
2.080 -32 -1723073393
2.107 -27 -1723073393
2.133 -25 -1723073393
2.160 -31 -1723073393
2.187 -26 -1723073393
2.213 -26 -1723073393
2.240 -25 -1723073393
2.267 -18 -1723073393
2.293 -23 -1723073393
2.320 -24 -1723073393
2.347 -23 -1723073393
2.373 -24 -1723073393
2.400 -20 -1723073393
2.427 -23 -1723073393
2.453 -24 -1723073393
2.480 -18 -1723073393
2.507 -17 -1723073393
2.533 -16 -1723073393
2.560 -9 -1723073393
2.587 -10 -1723073393
2.613 -12 -1723073393
2.640 -14 -1723073393
2.667 -19 -1723073393
2.693 -21 -1723073393
2.720 -29 -1723073393
2.747 -32 -1723073393
2.773 -26 -1723073393
2.800 -26 -1723073393
2.827 -24 -1723073393
2.853 -21 -1723073393
2.880 -28 -1723073393
2.907 -27 -1723073393
2.933 -27 -1723073393
2.960 -27 -1723073393
2.987 -17 -1723073393
3.013 -14 -1723073393
3.040 -14 -1723073393
3.067 -10 -1723073393
3.093 -16 -1723073393
3.120 -16 -1723073393
3.147 -10 -1723073393
3.173 -15 -1723073393
3.200 -16 -1723073393
3.227 -19 -1723073393
3.253 -24 -1723073393
3.280 -19 -1723073393
3.307 -23 -1723073393
3.333 -27 -1723073393
3.360 -24 -1723073393
3.387 -29 -1723073393
3.413 -25 -1723073393
3.440 -17 -1723073393
3.467 -22 -1723073393
3.493 -21 -1723073393
3.520 -25 -1723073393
3.547 -35 -1723073393
3.573 -34 -1723073393
3.600 -39 -1723073393
3.627 -38 -1723073393
3.653 -31 -1723073393
3.680 -33 -1723073393
3.707 -29 -1723073393
3.733 -22 -1723073393
3.760 -28 -1723073393
3.787 -30 -1723073393
3.813 -32 -1723073393
3.840 -36 -1723073393
3.867 -28 -1723073393
3.893 -29 -1723073393
3.920 -31 -1723073393
3.947 -23 -1723073393
3.973 -30 -1723073393
4.000 -35 -1723073393
4.027 -32 -1723073393
4.053 -35 -1723073393
4.080 -28 -1723073393
4.107 -29 -1723073393
4.133 -37 -1723073393
4.160 -28 -1723073393
4.187 -29 -1723073393
4.213 -31 -1723073393
4.240 -23 -1723073393
4.267 -30 -1723073393
4.293 -35 -1723073393
4.320 -32 -1723073393
4.347 -40 -1723073393
4.373 -34 -1723073393
4.400 -28 -1723073393
4.427 -33 -1723073393
4.453 -28 -1723073393
4.480 -28 -1723073393
4.507 -29 -1723073393
4.533 -20 -1723073393
4.560 -27 -1723073393
4.587 -26 -1723073393
4.613 -18 -1723073393
4.640 -26 -1723073393
4.667 -22 -1723073393
4.693 -16 -1723073393
4.720 -25 -1723073393
4.747 -22 -1723073393
4.773 -25 -1723073393
4.800 -32 -1723073393
4.827 -21 -1723073393
4.853 -22 -1723073393
4.880 -24 -1723073393
4.907 -18 -1723073393
4.933 -23 -1723073393
4.960 -22 -1723073393
4.987 -26 -1723073393
5.013 -38 -1723073393
5.040 -32 -1723073393
5.067 -31 -1723073393
5.093 -35 -1723073393
5.120 -31 -1723073393
5.147 -38 -1723073393
5.173 -40 -1723073393
5.200 -23 -1723073393
5.227 -24 -1723073393
5.253 -19 -1723073393
5.280 -9 -1723073393
5.307 -14 -1723073393
5.333 -1 -1723073393
5.360 5 -1723073393
5.387 -2 -1723073393
5.413 -2 -1723073393
5.440 -17 -1723073393
5.467 -28 -1723073393
5.493 -18 -1723073393
5.520 -21 -1723073393
5.547 -15 -1723073393
5.573 -1 -1723073393
5.600 -4 -1723073393
5.627 0 -1723073393
5.653 0 -1723073393
5.680 -18 -1723073393
5.707 -14 -1723073393
5.733 -14 -1723073393
5.760 -18 -1723073393
5.787 -7 -1723073393
5.813 -12 -1723073393
5.840 -14 -1723073393
5.867 -11 -1723073393
5.893 -25 -1723073393
5.920 -20 -1723073393
5.947 -11 -1723073393
5.973 -16 -1723073393
6.000 -5 -1723073393
6.027 -3 -1723073393
6.053 -8 -1723073393
6.080 0 -1723073393
6.107 -8 -1723073393
6.133 -15 -1723073393
6.160 -9 -1723073393
6.187 -17 -1723073393
6.213 -10 -1723073393
6.240 -1 -1723073393
6.267 -12 -1723073393
6.293 -6 -1723073393
6.320 -4 -1723073393
6.347 -11 -1723073393
6.373 -5 -1723073393
6.400 -12 -1723073393
6.427 -17 -1723073393
6.453 -8 -1723073393
6.480 -15 -1723073393
6.507 -13 -1723073393
6.533 -6 -1723073393
6.560 -17 -1723073393
6.587 -12 -1723073393
6.613 -13 -1723073393
6.640 -26 -1723073393
6.667 -20 -1723073393
6.693 -27 -1723073393
6.720 -35 -1723073393
6.747 -26 -1723073393
6.773 -32 -1723073393
6.800 -29 -1723073393
6.827 -19 -1723073393
6.853 -31 -1723073393
6.880 -32 -1723073393
6.907 -32 -1723073393
6.933 -45 -1723073393
6.960 -36 -1723073393
6.987 -32 -1723073393
7.013 -35 -1723073393
7.040 -17 -1723073393
7.067 -20 -1723073393
7.093 -22 -1723073393
7.120 -8 -1723073393
7.147 -15 -1723073393
7.173 -15 -1723073393
7.200 -14 -1723073393
7.227 -32 -1723073393
7.253 -25 -1723073393
7.280 -23 -1723073393
7.307 -32 -1723073393
7.333 -17 -1723073393
7.360 -14 -1723073393
7.387 -19 -1723073393
7.413 -10 -1723073393
7.440 -21 -1723073393
7.467 -19 -1723073393
7.493 -6 -1723073393
7.520 -15 -1723073393
7.547 -13 -1723073393
7.573 -8 -1723073393
7.600 -21 -1723073393
7.627 -18 -1723073393
7.653 -24 -1723073393
7.680 -35 -1723073393
7.707 -23 -1723073393
7.733 -27 -1723073393
7.760 -31 -1723073393
7.787 -17 -1723073393
7.813 -28 -1723073393
7.840 -34 -1723073393
7.867 -29 -1723073393
7.893 -36 -1723073393
7.920 -25 -1723073393
7.947 -15 -1723073393
7.973 -27 -1723073393
8.000 -23 -1723073393
8.027 -31 -1723073393
8.053 -47 -1723073393
8.080 -39 -1723073393
8.107 -45 -1723073393
8.133 -48 -1723073393
8.160 -31 -1723073393
8.187 -34 -1723073393
8.213 -31 -1723073393
8.240 -21 -1723073393
8.267 -30 -1723073393
8.293 -21 -1723073393
8.320 -14 -1723073393
8.347 -28 -1723073393
8.373 -23 -1723073393
8.400 -28 -1723073393
8.427 -39 -1723073393
8.453 -27 -1723073393
8.480 -32 -1723073393
8.507 -31 -1723073393
8.533 -18 -1723073393
8.560 -29 -1723073393
8.587 -27 -1723073393
8.613 -17 -1723073393
8.640 -30 -1723073393
8.667 -28 -1723073393
8.693 -26 -1723073393
8.720 -35 -1723073393
8.747 -22 -1723073393
8.773 -20 -1723073393
8.800 -25 -1723073393
8.827 -11 -1723073393
8.853 -13 -1723073393
8.880 -12 -1723073393
8.907 0 -1723073393
8.933 -9 -1723073393
8.960 -4 -1723073393
8.987 6 -1723073393
9.013 0 -1723073393
9.040 3 -1723073393
9.067 3 -1723073393
9.093 -6 -1723073393
9.120 -1 -1723073393
9.147 -4 -1723073393
9.173 -11 -1723073393
9.200 -3 -1723073393
9.227 -11 -1723073393
9.253 -14 -1723073393
9.280 -5 -1723073393
9.307 -16 -1723073393
9.333 -19 -1723073393
9.360 -18 -1723073393
9.387 -31 -1723073393
9.413 -28 -1723073393
9.440 -25 -1723073393
9.467 -35 -1723073393
9.493 -31 -1723073393
9.520 -34 -1723073393
9.547 -36 -1723073393
9.573 -21 -1723073393
9.600 -25 -1723073393
9.627 -27 -1723073393
9.653 -16 -1723073393
9.680 -26 -1723073393
9.707 -32 -1723073393
9.733 -37 -1723073393
9.760 -54 -1723073393
9.787 -53 -1723073393
9.813 -54 -1723073393
9.840 -65 -1723073393
9.867 -53 -1723073393
9.893 -45 -1723073393
9.920 -46 -1723073393
9.947 -31 -1723073393
9.973 -35 -1723073393
10.000 -40 -1723073393
10.027 -30 -1723073393
10.053 -45 -1723073393
10.080 -54 -1723073393
10.107 -52 -1723073393
10.133 -56 -1723073393
10.160 -46 -1723073393
10.187 -40 -1723073393
10.213 -48 -1723073393
10.240 -43 -1723073393
10.267 -43 -1723073393
10.293 -47 -1723073393
10.320 -34 -1723073393
10.347 -35 -1723073393
10.373 -39 -1723073393
10.400 -26 -1723073393
10.427 -26 -1723073393
10.453 -17 -1723073393
10.480 -1 -1723073393
10.507 0 -1723073393
10.533 10 -1723073393
10.560 28 -1723073393
10.587 34 -1723073393
10.613 55 -1723073393
10.640 71 -1723073393
10.667 78 -1723073393
10.693 102 -1723073393
10.720 124 -1723073393
10.747 144 -1723073393
10.773 166 -1723073393
10.800 175 -1723073393
10.827 181 -1723073393
10.853 188 -1723073393
10.880 188 -1723073393
10.907 191 -1723073393
10.933 192 -1723073393
10.960 181 -1723073393
10.987 172 -1723073393
11.013 154 -1723073393
11.040 127 -1723073393
11.067 109 -1723073393
11.093 84 -1723073393
11.120 58 -1723073393
11.147 42 -1723073393
11.173 18 -1723073393
11.200 -1 -1723073393
11.227 -10 -1723073393
11.253 -35 -1723073393
11.280 -55 -1723073393
11.307 -61 -1723073393
11.333 -79 -1723073393
11.360 -87 -1723073393
11.387 -85 -1723073393
11.413 -103 -1723073393
11.440 -108 -1723073393
11.467 -106 -1723073393
11.493 -117 -1723073393
11.520 -107 -1723073393
11.547 -100 -1723073393
11.573 -112 -1723073393
11.600 -106 -1723073393
11.627 -109 -1723073393
11.653 -116 -1723073393
11.680 -104 -1723073393
11.707 -114 -1723073393
11.733 -124 -1723073393
11.760 -114 -1723073393
11.787 -122 -1723073393
11.813 -124 -1723073393
11.840 -117 -1723073393
11.867 -128 -1723073393
11.893 -121 -1723073393
11.920 -106 -1723073393
11.947 -106 -1723073393
11.973 -83 -1723073393
12.000 -61 -1723073393
12.027 -51 -1723073393
12.053 -23 -1723073393
12.080 -6 -1723073393
12.107 5 -1723073393
12.133 30 -1723073393
12.160 35 -1723073393
12.187 45 -1723073393
12.213 67 -1723073393
12.240 71 -1723073393
12.267 81 -1723073393
12.293 97 -1723073393
12.320 99 -1723073393
12.347 107 -1723073393
12.373 114 -1723073393
12.400 112 -1723073393
12.427 123 -1723073393
12.453 130 -1723073393
12.480 134 -1723073393
12.507 147 -1723073393
12.533 152 -1723073393
12.560 158 -1723073393
12.587 178 -1723073393
12.613 190 -1723073393
12.640 205 -1723073393
12.667 227 -1723073393
12.693 240 -1723073393
12.720 258 -1723073393
12.747 273 -1723073393
12.773 279 -1723073393
12.800 286 -1723073393
12.827 289 -1723073393
12.853 287 -1723073393
12.880 279 -1723073393
12.907 260 -1723073393
12.933 233 -1723073393
12.960 200 -1723073393
12.987 157 -1723073393
13.013 115 -1723073393
13.040 78 -1723073393
13.067 39 -1723073393
13.093 6 -1723073393
13.120 -22 -1723073393
13.147 -57 -1723073393
13.173 -83 -1723073393
13.200 -103 -1723073393
13.227 -138 -1723073393
13.253 -160 -1723073393
13.280 -168 -1723073393
13.307 -189 -1723073393
13.333 -193 -1723073393
13.360 -194 -1723073393
13.387 -206 -1723073393
13.413 -193 -1723073393
13.440 -182 -1723073393
13.467 -184 -1723073393
13.493 -163 -1723073393
13.520 -152 -1723073393
13.547 -152 -1723073393
13.573 -133 -1723073393
13.600 -129 -1723073393
13.627 -126 -1723073393
13.653 -104 -1723073393
13.680 -99 -1723073393
13.707 -89 -1723073393
13.733 -67 -1723073393
13.760 -65 -1723073393
13.787 -58 -1723073393
13.813 -49 -1723073393
13.840 -51 -1723073393
13.867 -30 -1723073393
13.893 -9 -1723073393
13.920 -1 -1723073393
13.947 23 -1723073393
13.973 46 -1723073393
14.000 55 -1723073393
14.027 79 -1723073393
14.053 93 -1723073393
14.080 98 -1723073393
14.107 110 -1723073393
14.133 106 -1723073393
14.160 98 -1723073393
14.187 92 -1723073393
14.213 74 -1723073393
14.240 51 -1723073393
14.267 24 -1723073393
14.293 -16 -1723073393
14.320 -53 -1723073393
14.347 -89 -1723073393
14.373 -131 -1723073393
14.400 -162 -1723073393
14.427 -197 -1723073393
14.453 -245 -1723073393
14.480 -272 -1723073393
14.507 -303 -1723073393
14.533 -342 -1723073393
14.560 -358 -1723073393
14.587 -384 -1723073393
14.613 -405 -1723073393
14.640 -395 -1723073393
14.667 -406 -1723073393
14.693 -413 -1723073393
14.720 -393 -1723073393
14.747 -401 -1723073393
14.773 -398 -1723073393
14.800 -383 -1723073393
14.827 -396 -1723073393
14.853 -389 -1723073393
14.880 -377 -1723073393
14.907 -391 -1723073393
14.933 -381 -1723073393
14.960 -379 -1723073393
14.987 -400 -1723073393
15.013 -391 -1723073393
15.040 -393 -1723073393
15.067 -415 -1723073393
15.093 -409 -1723073393
15.120 -423 -1723073393
15.147 -443 -1723073393
15.173 -433 -1723073393
15.200 -448 -1723073393
15.227 -453 -1723073393
15.253 -430 -1723073393
15.280 -437 -1723073393
15.307 -436 -1723073393
15.333 -416 -1723073393
15.360 -429 -1723073393
15.387 -426 -1723073393
15.413 -413 -1723073393
15.440 -429 -1723073393
15.467 -419 -1723073393
15.493 -411 -1723073393
15.520 -428 -1723073393
15.547 -414 -1723073393
15.573 -416 -1723073393
15.600 -441 -1723073393
15.627 -441 -1723073393
15.653 -462 -1723073393
15.680 -494 -1723073393
15.707 -501 -1723073393
15.733 -538 -1723073393
15.760 -583 -1723073393
15.787 -599 -1723073393
15.813 -643 -1723073393
15.840 -681 -1723073393
15.867 -698 -1723073393
15.893 -748 -1723073393
15.920 -782 -1723073393
15.947 -796 -1723073393
15.973 -848 -1723073393
16.000 -877 -1723073393
16.027 -897 -1723073393
16.053 -961 -1723073393
16.080 -983 -1723073393
16.107 -1002 -1723073393
16.133 -1057 -1723073393
16.160 -1068 -1723073393
16.187 -1099 -1723073393
16.213 -1163 -1723073393
16.240 -1171 -1723073393
16.267 -1201 -1723073393
16.293 -1250 -1723073393
16.320 -1246 -1723073393
16.347 -1283 -1723073393
16.373 -1323 -1723073393
16.400 -1303 -1723073393
16.427 -1321 -1723073393
16.453 -1313 -1723073393
16.480 -1242 -1723073393
16.507 -1210 -1723073393
16.533 -1124 -1723073393
16.560 -962 -1723073393
16.587 -821 -1723073393
16.613 -601 -1723073393
16.640 -308 -1723073393
16.667 -8 -1723073393
16.693 398 -1723073393
16.720 889 -1723073393
16.747 1397 -1723073393
16.773 1997 -1723073393
16.800 2663 -1723073393
16.827 3358 -1723073393
16.853 4079 -1723073393
16.880 4824 -1723073393
16.907 5549 -1723073393
16.933 6156 -1723073393
16.960 6775 -1723073393
16.987 7292 -1723073393
17.013 7532 -1723073393
17.040 7808 -1723073393
17.067 7889 -1723073393
17.093 7607 -1723073393
17.120 7415 -1723073393
17.147 6968 -1723073393
17.173 6196 -1723073393
17.200 5598 -1723073393
17.227 4762 -1723073393
17.253 3715 -1723073393
17.280 2911 -1723073393
17.307 1950 -1723073393
17.333 943 -1723073393
17.360 147 -1723073393
17.387 -697 -1723073393
17.413 -1482 -1723073393
17.440 -2111 -1723073393
17.467 -2658 -1723073393
17.493 -3145 -1723073393
17.520 -3557 -1723073393
17.547 -3806 -1723073393
17.573 -4049 -1723073393
17.600 -4255 -1723073393
17.627 -4270 -1723073393
17.653 -4361 -1723073393
17.680 -4439 -1723073393
17.707 -4344 -1723073393
17.733 -4388 -1723073393
17.760 -4417 -1723073393
17.787 -4303 -1723073393
17.813 -4362 -1723073393
17.840 -4377 -1723073393
17.867 -4287 -1723073393
17.893 -4372 -1723073393
17.920 -4371 -1723073393
17.947 -4296 -1723073393
17.973 -4378 -1723073393
18.000 -4337 -1723073393
18.027 -4253 -1723073393
18.053 -4307 -1723073393
18.080 -4195 -1723073393
18.107 -4067 -1723073393
18.133 -4034 -1723073393
18.160 -3802 -1723073393
18.187 -3567 -1723073393
18.213 -3397 -1723073393
18.240 -3018 -1723073393
18.267 -2671 -1723073393
18.293 -2359 -1723073393
18.320 -1849 -1723073393
18.347 -1391 -1723073393
18.373 -929 -1723073393
18.400 -304 -1723073393
18.427 293 -1723073393
18.453 936 -1723073393
18.480 1690 -1723073393
18.507 2459 -1723073393
18.533 3287 -1723073393
18.560 4213 -1723073393
18.587 5240 -1723073393
18.613 6291 -1723073393
18.640 7399 -1723073393
18.667 8654 -1723073393
18.693 9875 -1723073393
18.720 11130 -1723073393
18.747 12532 -1723073393
18.773 13710 -1723073393
18.800 14835 -1723073393
18.827 16117 -1723073393
18.853 16932 -1723073393
18.880 17633 -1723073393
18.907 18420 -1723073393
18.933 18484 -1723073393
18.960 18468 -1723073393
18.987 18514 -1723073393
19.013 17686 -1723073393
19.040 16937 -1723073393
19.067 16223 -1723073393
19.093 14664 -1723073393
19.120 13326 -1723073393
19.147 12048 -1723073393
19.173 10127 -1723073393
19.200 8573 -1723073393
19.227 7066 -1723073393
19.253 5142 -1723073393
19.280 3663 -1723073393
19.307 2267 -1723073393
19.333 726 -1723073393
19.360 -488 -1723073393
19.387 -1592 -1723073393
19.413 -2643 -1723073393
19.440 -3495 -1723073393
19.467 -4196 -1723073393
19.493 -4793 -1723073393
19.520 -5343 -1723073393
19.547 -5682 -1723073393
19.573 -5919 -1723073393
19.600 -6213 -1723073393
19.627 -6293 -1723073393
19.653 -6319 -1723073393
19.680 -6461 -1723073393
19.707 -6383 -1723073393
19.733 -6321 -1723073393
19.760 -6392 -1723073393
19.787 -6237 -1723073393
19.813 -6154 -1723073393
19.840 -6188 -1723073393
19.867 -6011 -1723073393
19.893 -5937 -1723073393
19.920 -5949 -1723073393
19.947 -5746 -1723073393
19.973 -5669 -1723073393
20.000 -5631 -1723073393
20.027 -5390 -1723073393
20.053 -5292 -1723073393
20.080 -5200 -1723073393
20.107 -4941 -1723073393
20.133 -4836 -1723073393
20.160 -4702 -1723073393
20.187 -4424 -1723073393
20.213 -4331 -1723073393
20.240 -4205 -1723073393
20.267 -4002 -1723073393
20.293 -3989 -1723073393
20.320 -3953 -1723073393
20.347 -3895 -1723073393
20.373 -4025 -1723073393
20.400 -4136 -1723073393
20.427 -4264 -1723073393
20.453 -4573 -1723073393
20.480 -4843 -1723073393
20.507 -5157 -1723073393
20.533 -5618 -1723073393
20.560 -5995 -1723073393
20.587 -6408 -1723073393
20.613 -6914 -1723073393
20.640 -7242 -1723073393
20.667 -7587 -1723073393
20.693 -7995 -1723073393
20.720 -8141 -1723073393
20.747 -8304 -1723073393
20.773 -8488 -1723073393
20.800 -8350 -1723073393
20.827 -8262 -1723073393
20.853 -8183 -1723073393
20.880 -7771 -1723073393
20.907 -7475 -1723073393
20.933 -7188 -1723073393
20.960 -6608 -1723073393
20.987 -6181 -1723073393
21.013 -5766 -1723073393
21.040 -5137 -1723073393
21.067 -4695 -1723073393
21.093 -4254 -1723073393
21.120 -3663 -1723073393
21.147 -3275 -1723073393
21.173 -2874 -1723073393
21.200 -2391 -1723073393
21.227 -2067 -1723073393
21.253 -1730 -1723073393
21.280 -1354 -1723073393
21.307 -1091 -1723073393
21.333 -817 -1723073393
21.360 -531 -1723073393
21.387 -327 -1723073393
21.413 -125 -1723073393
21.440 67 -1723073393
21.467 205 -1723073393
21.493 338 -1723073393
21.520 464 -1723073393
21.547 562 -1723073393
21.573 642 -1723073393
21.600 715 -1723073393
21.627 777 -1723073393
21.653 823 -1723073393
21.680 863 -1723073393
21.707 902 -1723073393
21.733 922 -1723073393
21.760 944 -1723073393
21.787 974 -1723073393
21.813 981 -1723073393
21.840 996 -1723073393
21.867 1022 -1723073393
21.893 1033 -1723073393
21.920 1057 -1723073393
21.947 1087 -1723073393
21.973 1103 -1723073393
22.000 1133 -1723073393
22.027 1168 -1723073393
22.053 1181 -1723073393
22.080 1203 -1723073393
22.107 1223 -1723073393
22.133 1220 -1723073393
22.160 1237 -1723073393
22.187 1252 -1723073393
22.213 1244 -1723073393
22.240 1251 -1723073393
22.267 1250 -1723073393
22.293 1229 -1723073393
22.320 1237 -1723073393
22.347 1247 -1723073393
22.373 1254 -1723073393
22.400 1298 -1723073393
22.427 1357 -1723073393
22.453 1428 -1723073393
22.480 1534 -1723073393
22.507 1647 -1723073393
22.533 1769 -1723073393
22.560 1922 -1723073393
22.587 2065 -1723073393
22.613 2199 -1723073393
22.640 2355 -1723073393
22.667 2478 -1723073393
22.693 2585 -1723073393
22.720 2712 -1723073393
22.747 2769 -1723073393
22.773 2796 -1723073393
22.800 2833 -1723073393
22.827 2789 -1723073393
22.853 2720 -1723073393
22.880 2675 -1723073393
22.907 2544 -1723073393
22.933 2399 -1723073393
22.960 2284 -1723073393
22.987 2094 -1723073393
23.013 1920 -1723073393
23.040 1787 -1723073393
23.067 1608 -1723073393
23.093 1455 -1723073393
23.120 1341 -1723073393
23.147 1206 -1723073393
23.173 1108 -1723073393
23.200 1048 -1723073393
23.227 979 -1723073393
23.253 940 -1723073393
23.280 926 -1723073393
23.307 898 -1723073393
23.333 885 -1723073393
23.360 888 -1723073393
23.387 885 -1723073393
23.413 901 -1723073393
23.440 925 -1723073393
23.467 944 -1723073393
23.493 979 -1723073393
23.520 1008 -1723073393
23.547 1021 -1723073393
23.573 1045 -1723073393
23.600 1063 -1723073393
23.627 1061 -1723073393
23.653 1066 -1723073393
23.680 1055 -1723073393
23.707 1025 -1723073393
23.733 1009 -1723073393
23.760 978 -1723073393
23.787 926 -1723073393
23.813 891 -1723073393
23.840 844 -1723073393
23.867 781 -1723073393
23.893 737 -1723073393
23.920 686 -1723073393
23.947 629 -1723073393
23.973 590 -1723073393
24.000 544 -1723073393
24.027 488 -1723073393
24.053 443 -1723073393
24.080 394 -1723073393
24.107 342 -1723073393
24.133 296 -1723073393
24.160 252 -1723073393
24.187 208 -1723073393
24.213 177 -1723073393
24.240 155 -1723073393
24.267 141 -1723073393
24.293 143 -1723073393
24.320 158 -1723073393
24.347 171 -1723073393
24.373 185 -1723073393
24.400 205 -1723073393
24.427 226 -1723073393
24.453 242 -1723073393
24.480 257 -1723073393
24.507 270 -1723073393
24.533 280 -1723073393
24.560 288 -1723073393
24.587 293 -1723073393
24.613 292 -1723073393
24.640 289 -1723073393
24.667 288 -1723073393
24.693 296 -1723073393
24.720 309 -1723073393
24.747 330 -1723073393
24.773 363 -1723073393
24.800 401 -1723073393
24.827 445 -1723073393
24.853 492 -1723073393
24.880 538 -1723073393
24.907 593 -1723073393
24.933 657 -1723073393
24.960 712 -1723073393
24.987 761 -1723073393
25.013 807 -1723073393
25.040 839 -1723073393
25.067 868 -1723073393
25.093 895 -1723073393
25.120 892 -1723073393
25.147 872 -1723073393
25.173 840 -1723073393
25.200 776 -1723073393
25.227 702 -1723073393
25.253 627 -1723073393
25.280 526 -1723073393
25.307 432 -1723073393
25.333 350 -1723073393
25.360 265 -1723073393
25.387 197 -1723073393
25.413 147 -1723073393
25.440 100 -1723073393
25.467 65 -1723073393
25.493 50 -1723073393
25.520 44 -1723073393
25.547 39 -1723073393
25.573 46 -1723073393
25.600 65 -1723073393
25.627 81 -1723073393
25.653 101 -1723073393
25.680 124 -1723073393
25.707 134 -1723073393
25.733 136 -1723073393
25.760 133 -1723073393
25.787 123 -1723073393
25.813 106 -1723073393
25.840 79 -1723073393
25.867 43 -1723073393
25.893 5 -1723073393
25.920 -38 -1723073393
25.947 -85 -1723073393
25.973 -129 -1723073393
26.000 -173 -1723073393
26.027 -215 -1723073393
26.053 -242 -1723073393
26.080 -258 -1723073393
26.107 -270 -1723073393
26.133 -263 -1723073393
26.160 -238 -1723073393
26.187 -216 -1723073393
26.213 -180 -1723073393
26.240 -126 -1723073393
26.267 -78 -1723073393
26.293 -16 -1723073393
26.320 55 -1723073393
26.347 114 -1723073393
26.373 176 -1723073393
26.400 241 -1723073393
26.427 297 -1723073393
26.453 347 -1723073393
26.480 389 -1723073393
26.507 422 -1723073393
26.533 445 -1723073393
26.560 452 -1723073393
26.587 448 -1723073393
26.613 432 -1723073393
26.640 399 -1723073393
26.667 356 -1723073393
26.693 304 -1723073393
26.720 242 -1723073393
26.747 188 -1723073393
26.773 138 -1723073393
26.800 89 -1723073393
26.827 43 -1723073393
26.853 2 -1723073393
26.880 -34 -1723073393
26.907 -68 -1723073393
26.933 -88 -1723073393
26.960 -102 -1723073393
26.987 -123 -1723073393
27.013 -140 -1723073393
27.040 -153 -1723073393
27.067 -174 -1723073393
27.093 -191 -1723073393
27.120 -204 -1723073393
27.147 -227 -1723073393
27.173 -241 -1723073393
27.200 -244 -1723073393
27.227 -257 -1723073393
27.253 -259 -1723073393
27.280 -249 -1723073393
27.307 -250 -1723073393
27.333 -243 -1723073393
27.360 -226 -1723073393
27.387 -216 -1723073393
27.413 -196 -1723073393
27.440 -173 -1723073393
27.467 -163 -1723073393
27.493 -144 -1723073393
27.520 -117 -1723073393
27.547 -109 -1723073393
27.573 -103 -1723073393
27.600 -93 -1723073393
27.627 -94 -1723073393
27.653 -94 -1723073393
27.680 -87 -1723073393
27.707 -91 -1723073393
27.733 -99 -1723073393
27.760 -106 -1723073393
27.787 -120 -1723073393
27.813 -131 -1723073393
27.840 -136 -1723073393
27.867 -151 -1723073393
27.893 -160 -1723073393
27.920 -163 -1723073393
27.947 -177 -1723073393
27.973 -186 -1723073393
28.000 -188 -1723073393
28.027 -200 -1723073393
28.053 -201 -1723073393
28.080 -191 -1723073393
28.107 -188 -1723073393
28.133 -179 -1723073393
28.160 -162 -1723073393
28.187 -152 -1723073393
28.213 -131 -1723073393
28.240 -97 -1723073393
28.267 -69 -1723073393
28.293 -29 -1723073393
28.320 19 -1723073393
28.347 55 -1723073393
28.373 89 -1723073393
28.400 130 -1723073393
28.427 163 -1723073393
28.453 194 -1723073393
28.480 228 -1723073393
28.507 261 -1723073393
28.533 289 -1723073393
28.560 312 -1723073393
28.587 336 -1723073393
28.613 354 -1723073393
28.640 368 -1723073393
28.667 376 -1723073393
28.693 375 -1723073393
28.720 364 -1723073393
28.747 349 -1723073393
28.773 329 -1723073393
28.800 300 -1723073393
28.827 270 -1723073393
28.853 233 -1723073393
28.880 190 -1723073393
28.907 152 -1723073393
28.933 117 -1723073393
28.960 79 -1723073393
28.987 39 -1723073393
29.013 6 -1723073393
29.040 -16 -1723073393
29.067 -32 -1723073393
29.093 -38 -1723073393
29.120 -30 -1723073393
29.147 -22 -1723073393
29.173 -8 -1723073393
29.200 18 -1723073393
29.227 43 -1723073393
29.253 68 -1723073393
29.280 97 -1723073393
29.307 118 -1723073393
29.333 131 -1723073393
29.360 142 -1723073393
29.387 146 -1723073393
29.413 141 -1723073393
29.440 135 -1723073393
29.467 124 -1723073393
29.493 105 -1723073393
29.520 80 -1723073393
29.547 50 -1723073393
29.573 14 -1723073393
29.600 -25 -1723073393
29.627 -70 -1723073393
29.653 -115 -1723073393
29.680 -150 -1723073393
29.707 -182 -1723073393
29.733 -209 -1723073393
29.760 -219 -1723073393
29.787 -221 -1723073393
29.813 -218 -1723073393
29.840 -201 -1723073393
29.867 -182 -1723073393
29.893 -163 -1723073393
29.920 -124 -1723073393
29.947 -86 -1723073393
29.973 -55 -1723073393
30.000 -6 -1723073393
30.027 43 -1723073393
30.053 85 -1723073393
30.080 134 -1723073393
30.107 178 -1723073393
30.133 209 -1723073393
30.160 236 -1723073393
30.187 255 -1723073393
30.213 266 -1723073393
30.240 275 -1723073393
30.267 285 -1723073393
30.293 290 -1723073393
30.320 294 -1723073393
30.347 296 -1723073393
30.373 297 -1723073393
30.400 301 -1723073393
30.427 305 -1723073393
30.453 306 -1723073393
30.480 311 -1723073393
30.507 316 -1723073393
30.533 315 -1723073393
30.560 307 -1723073393
30.587 293 -1723073393
30.613 276 -1723073393
30.640 252 -1723073393
30.667 216 -1723073393
30.693 171 -1723073393
30.720 124 -1723073393
30.747 77 -1723073393
30.773 23 -1723073393
30.800 -29 -1723073393
30.827 -74 -1723073393
30.853 -118 -1723073393
30.880 -152 -1723073393
30.907 -171 -1723073393
30.933 -184 -1723073393
30.960 -186 -1723073393
30.987 -176 -1723073393
31.013 -159 -1723073393
31.040 -128 -1723073393
31.067 -79 -1723073393
31.093 -34 -1723073393
31.120 16 -1723073393
31.147 72 -1723073393
31.173 122 -1723073393
31.200 168 -1723073393
31.227 212 -1723073393
31.253 242 -1723073393
31.280 256 -1723073393
31.307 260 -1723073393
31.333 251 -1723073393
31.360 227 -1723073393
31.387 190 -1723073393
31.413 143 -1723073393
31.440 89 -1723073393
31.467 32 -1723073393
31.493 -28 -1723073393
31.520 -89 -1723073393
31.547 -139 -1723073393
31.573 -178 -1723073393
31.600 -204 -1723073393
31.627 -217 -1723073393
31.653 -229 -1723073393
31.680 -232 -1723073393
31.707 -215 -1723073393
31.733 -194 -1723073393
31.760 -171 -1723073393
31.787 -129 -1723073393
31.813 -90 -1723073393
31.840 -52 -1723073393
31.867 1 -1723073393
31.893 58 -1723073393
31.920 107 -1723073393
31.947 155 -1723073393
31.973 197 -1723073393
32.000 227 -1723073393
32.027 253 -1723073393
32.053 278 -1723073393
32.080 299 -1723073393
32.107 313 -1723073393
32.133 324 -1723073393
32.160 329 -1723073393
32.187 329 -1723073393
32.213 325 -1723073393
32.240 320 -1723073393
32.267 309 -1723073393
32.293 296 -1723073393
32.320 281 -1723073393
32.347 259 -1723073393
32.373 229 -1723073393
32.400 194 -1723073393
32.427 155 -1723073393
32.453 113 -1723073393
32.480 69 -1723073393
32.507 23 -1723073393
32.533 -18 -1723073393
32.560 -56 -1723073393
32.587 -85 -1723073393
32.613 -107 -1723073393
32.640 -129 -1723073393
32.667 -135 -1723073393
32.693 -121 -1723073393
32.720 -106 -1723073393
32.747 -77 -1723073393
32.773 -30 -1723073393
32.800 11 -1723073393
32.827 54 -1723073393
32.853 113 -1723073393
32.880 163 -1723073393
32.907 206 -1723073393
32.933 251 -1723073393
32.960 288 -1723073393
32.987 314 -1723073393
33.013 326 -1723073393
33.040 317 -1723073393
33.067 288 -1723073393
33.093 244 -1723073393
33.120 183 -1723073393
33.147 110 -1723073393
33.173 28 -1723073393
33.200 -60 -1723073393
33.227 -153 -1723073393
33.253 -239 -1723073393
33.280 -317 -1723073393
33.307 -388 -1723073393
33.333 -429 -1723073393
33.360 -450 -1723073393
33.387 -463 -1723073393
33.413 -440 -1723073393
33.440 -399 -1723073393
33.467 -357 -1723073393
33.493 -278 -1723073393
33.520 -184 -1723073393
33.547 -110 -1723073393
33.573 -20 -1723073393
33.600 70 -1723073393
33.627 140 -1723073393
33.653 212 -1723073393
33.680 279 -1723073393
33.707 329 -1723073393
33.733 374 -1723073393
33.760 411 -1723073393
33.787 436 -1723073393
33.813 452 -1723073393
33.840 464 -1723073393
33.867 468 -1723073393
33.893 467 -1723073393
33.920 461 -1723073393
33.947 456 -1723073393
33.973 452 -1723073393
34.000 444 -1723073393
34.027 434 -1723073393
34.053 423 -1723073393
34.080 410 -1723073393
34.107 397 -1723073393
34.133 384 -1723073393
34.160 362 -1723073393
34.187 334 -1723073393
34.213 305 -1723073393
34.240 278 -1723073393
34.267 250 -1723073393
34.293 217 -1723073393
34.320 180 -1723073393
34.347 139 -1723073393
34.373 99 -1723073393
34.400 69 -1723073393
34.427 43 -1723073393
34.453 23 -1723073393
34.480 22 -1723073393
34.507 27 -1723073393
34.533 36 -1723073393
34.560 62 -1723073393
34.587 93 -1723073393
34.613 125 -1723073393
34.640 176 -1723073393
34.667 230 -1723073393
34.693 275 -1723073393
34.720 324 -1723073393
34.747 370 -1723073393
34.773 403 -1723073393
34.800 422 -1723073393
34.827 423 -1723073393
34.853 408 -1723073393
34.880 378 -1723073393
34.907 335 -1723073393
34.933 278 -1723073393
34.960 207 -1723073393
34.987 123 -1723073393
35.013 35 -1723073393
35.040 -47 -1723073393
35.067 -123 -1723073393
35.093 -194 -1723073393
35.120 -246 -1723073393
35.147 -272 -1723073393
35.173 -290 -1723073393
35.200 -285 -1723073393
35.227 -250 -1723073393
35.253 -217 -1723073393
35.280 -166 -1723073393
35.307 -90 -1723073393
35.333 -22 -1723073393
35.360 50 -1723073393
35.387 141 -1723073393
35.413 221 -1723073393
35.440 293 -1723073393
35.467 367 -1723073393
35.493 425 -1723073393
35.520 467 -1723073393
35.547 497 -1723073393
35.573 515 -1723073393
35.600 525 -1723073393
35.627 525 -1723073393
35.653 517 -1723073393
35.680 506 -1723073393
35.707 487 -1723073393
35.733 469 -1723073393
35.760 453 -1723073393
35.787 429 -1723073393
35.813 400 -1723073393
35.840 368 -1723073393
35.867 324 -1723073393
35.893 272 -1723073393
35.920 222 -1723073393
35.947 178 -1723073393
35.973 134 -1723073393
36.000 92 -1723073393
36.027 56 -1723073393
36.053 22 -1723073393
36.080 -11 -1723073393
36.107 -35 -1723073393
36.133 -46 -1723073393
36.160 -57 -1723073393
36.187 -56 -1723073393
36.213 -38 -1723073393
36.240 -19 -1723073393
36.267 6 -1723073393
36.293 46 -1723073393
36.320 87 -1723073393
36.347 131 -1723073393
36.373 186 -1723073393
36.400 238 -1723073393
36.427 285 -1723073393
36.453 331 -1723073393
36.480 362 -1723073393
36.507 383 -1723073393
36.533 402 -1723073393
36.560 412 -1723073393
36.587 413 -1723073393
36.613 400 -1723073393
36.640 374 -1723073393
36.667 339 -1723073393
36.693 292 -1723073393
36.720 232 -1723073393
36.747 169 -1723073393
36.773 106 -1723073393
36.800 46 -1723073393
36.827 -8 -1723073393
36.853 -57 -1723073393
36.880 -94 -1723073393
36.907 -122 -1723073393
36.933 -137 -1723073393
36.960 -134 -1723073393
36.987 -119 -1723073393
37.013 -83 -1723073393
37.040 -27 -1723073393
37.067 21 -1723073393
37.093 69 -1723073393
37.120 131 -1723073393
37.147 187 -1723073393
37.173 233 -1723073393
37.200 277 -1723073393
37.227 316 -1723073393
37.253 352 -1723073393
37.280 383 -1723073393
37.307 401 -1723073393
37.333 406 -1723073393
37.360 402 -1723073393
37.387 392 -1723073393
37.413 382 -1723073393
37.440 367 -1723073393
37.467 346 -1723073393
37.493 327 -1723073393
37.520 312 -1723073393
37.547 302 -1723073393
37.573 299 -1723073393
37.600 299 -1723073393
37.627 302 -1723073393
37.653 306 -1723073393
37.680 310 -1723073393
37.707 312 -1723073393
37.733 316 -1723073393
37.760 325 -1723073393
37.787 329 -1723073393
37.813 328 -1723073393
37.840 327 -1723073393
37.867 325 -1723073393
37.893 318 -1723073393
37.920 313 -1723073393
37.947 308 -1723073393
37.973 296 -1723073393
38.000 283 -1723073393
38.027 273 -1723073393
38.053 261 -1723073393
38.080 252 -1723073393
38.107 246 -1723073393
38.133 243 -1723073393
38.160 244 -1723073393
38.187 251 -1723073393
38.213 258 -1723073393
38.240 259 -1723073393
38.267 266 -1723073393
38.293 273 -1723073393
38.320 271 -1723073393
38.347 268 -1723073393
38.373 262 -1723073393
38.400 249 -1723073393
38.427 234 -1723073393
38.453 213 -1723073393
38.480 177 -1723073393
38.507 136 -1723073393
38.533 93 -1723073393
38.560 39 -1723073393
38.587 -16 -1723073393
38.613 -63 -1723073393
38.640 -110 -1723073393
38.667 -153 -1723073393
38.693 -177 -1723073393
38.720 -194 -1723073393
38.747 -207 -1723073393
38.773 -197 -1723073393
38.800 -177 -1723073393
38.827 -154 -1723073393
38.853 -109 -1723073393
38.880 -56 -1723073393
38.907 -11 -1723073393
38.933 40 -1723073393
38.960 97 -1723073393
38.987 140 -1723073393
39.013 179 -1723073393
39.040 216 -1723073393
39.067 236 -1723073393
39.093 248 -1723073393
39.120 263 -1723073393
39.147 269 -1723073393
39.173 271 -1723073393
39.200 271 -1723073393
39.227 264 -1723073393
39.253 258 -1723073393
39.280 256 -1723073393
39.307 251 -1723073393
39.333 246 -1723073393
39.360 244 -1723073393
39.387 242 -1723073393
39.413 237 -1723073393
39.440 232 -1723073393
39.467 231 -1723073393
39.493 228 -1723073393
39.520 224 -1723073393
39.547 222 -1723073393
39.573 217 -1723073393
39.600 208 -1723073393
39.627 198 -1723073393
39.653 186 -1723073393
39.680 177 -1723073393
39.707 172 -1723073393
39.733 165 -1723073393
39.760 164 -1723073393
39.787 171 -1723073393
39.813 173 -1723073393
39.840 175 -1723073393
39.867 180 -1723073393
39.893 184 -1723073393
39.920 189 -1723073393
39.947 195 -1723073393
39.973 197 -1723073393
40.000 196 -1723073393
40.027 195 -1723073393
40.053 186 -1723073393
40.080 165 -1723073393
40.107 142 -1723073393
40.133 117 -1723073393
40.160 85 -1723073393
40.187 55 -1723073393
40.213 31 -1723073393
40.240 5 -1723073393
40.267 -16 -1723073393
40.293 -27 -1723073393
40.320 -40 -1723073393
40.347 -52 -1723073393
40.373 -51 -1723073393
40.400 -49 -1723073393
40.427 -43 -1723073393
40.453 -17 -1723073393
40.480 13 -1723073393
40.507 43 -1723073393
40.533 86 -1723073393
40.560 133 -1723073393
40.587 169 -1723073393
40.613 205 -1723073393
40.640 241 -1723073393
40.667 268 -1723073393
40.693 289 -1723073393
40.720 304 -1723073393
40.747 309 -1723073393
40.773 310 -1723073393
40.800 311 -1723073393
40.827 302 -1723073393
40.853 281 -1723073393
40.880 257 -1723073393
40.907 233 -1723073393
40.933 208 -1723073393
40.960 186 -1723073393
40.987 169 -1723073393
41.013 158 -1723073393
41.040 153 -1723073393
41.067 148 -1723073393
41.093 144 -1723073393
41.120 151 -1723073393
41.147 164 -1723073393
41.173 172 -1723073393
41.200 182 -1723073393
41.227 198 -1723073393
41.253 210 -1723073393
41.280 221 -1723073393
41.307 230 -1723073393
41.333 232 -1723073393
41.360 232 -1723073393
41.387 233 -1723073393
41.413 225 -1723073393
41.440 210 -1723073393
41.467 194 -1723073393
41.493 178 -1723073393
41.520 161 -1723073393
41.547 148 -1723073393
41.573 131 -1723073393
41.600 113 -1723073393
41.627 99 -1723073393
41.653 88 -1723073393
41.680 79 -1723073393
41.707 77 -1723073393
41.733 77 -1723073393
41.760 74 -1723073393
41.787 76 -1723073393
41.813 80 -1723073393
41.840 74 -1723073393
41.867 64 -1723073393
41.893 55 -1723073393
41.920 38 -1723073393
41.947 22 -1723073393
41.973 17 -1723073393
42.000 12 -1723073393
42.027 2 -1723073393
42.053 -6 -1723073393
42.080 -17 -1723073393
42.107 -31 -1723073393
42.133 -38 -1723073393
42.160 -44 -1723073393
42.187 -57 -1723073393
42.213 -60 -1723073393
42.240 -55 -1723073393
42.267 -55 -1723073393
42.293 -48 -1723073393
42.320 -35 -1723073393
42.347 -30 -1723073393
42.373 -26 -1723073393
42.400 -17 -1723073393
42.427 -14 -1723073393
42.453 -13 -1723073393
42.480 -7 -1723073393
42.507 -6 -1723073393
42.533 -11 -1723073393
42.560 -8 -1723073393
42.587 -5 -1723073393
42.613 -8 -1723073393
42.640 -4 -1723073393
42.667 -3 -1723073393
42.693 -3 -1723073393
42.720 0 -1723073393
42.747 7 -1723073393
42.773 8 -1723073393
42.800 12 -1723073393
42.827 24 -1723073393
42.853 35 -1723073393
42.880 50 -1723073393
42.907 70 -1723073393
42.933 83 -1723073393
42.960 88 -1723073393
42.987 101 -1723073393
43.013 111 -1723073393
43.040 119 -1723073393
43.067 134 -1723073393
43.093 151 -1723073393
43.120 161 -1723073393
43.147 170 -1723073393
43.173 177 -1723073393
43.200 176 -1723073393
43.227 172 -1723073393
43.253 165 -1723073393
43.280 151 -1723073393
43.307 137 -1723073393
43.333 126 -1723073393
43.360 110 -1723073393
43.387 93 -1723073393
43.413 89 -1723073393
43.440 84 -1723073393
43.467 74 -1723073393
43.493 68 -1723073393
43.520 58 -1723073393
43.547 37 -1723073393
43.573 23 -1723073393
43.600 15 -1723073393
43.627 0 -1723073393
43.653 -18 -1723073393
43.680 -37 -1723073393
43.707 -64 -1723073393
43.733 -93 -1723073393
43.760 -117 -1723073393
43.787 -144 -1723073393
43.813 -165 -1723073393
43.840 -176 -1723073393
43.867 -188 -1723073393
43.893 -201 -1723073393
43.920 -199 -1723073393
43.947 -191 -1723073393
43.973 -183 -1723073393
44.000 -159 -1723073393
44.027 -129 -1723073393
44.053 -106 -1723073393
44.080 -79 -1723073393
44.107 -47 -1723073393
44.133 -28 -1723073393
44.160 -13 -1723073393
44.187 1 -1723073393
44.213 3 -1723073393
44.240 0 -1723073393
44.267 -7 -1723073393
44.293 -27 -1723073393
44.320 -56 -1723073393
44.347 -79 -1723073393
44.373 -105 -1723073393
44.400 -132 -1723073393
44.427 -146 -1723073393
44.453 -156 -1723073393
44.480 -165 -1723073393
44.507 -155 -1723073393
44.533 -135 -1723073393
44.560 -120 -1723073393
44.587 -94 -1723073393
44.613 -52 -1723073393
44.640 -8 -1723073393
44.667 35 -1723073393
44.693 85 -1723073393
44.720 126 -1723073393
44.747 166 -1723073393
44.773 210 -1723073393
44.800 246 -1723073393
44.827 269 -1723073393
44.853 287 -1723073393
44.880 298 -1723073393
44.907 301 -1723073393
44.933 306 -1723073393
44.960 303 -1723073393
44.987 287 -1723073393
45.013 268 -1723073393
45.040 245 -1723073393
45.067 215 -1723073393
45.093 182 -1723073393
45.120 143 -1723073393
45.147 97 -1723073393
45.173 54 -1723073393
45.200 18 -1723073393
45.227 -16 -1723073393
45.253 -48 -1723073393
45.280 -71 -1723073393
45.307 -90 -1723073393
45.333 -111 -1723073393
45.360 -121 -1723073393
45.387 -122 -1723073393
45.413 -127 -1723073393
45.440 -126 -1723073393
45.467 -114 -1723073393
45.493 -103 -1723073393
45.520 -90 -1723073393
45.547 -66 -1723073393
45.573 -45 -1723073393
45.600 -26 -1723073393
45.627 -3 -1723073393
45.653 13 -1723073393
45.680 22 -1723073393
45.707 37 -1723073393
45.733 49 -1723073393
45.760 56 -1723073393
45.787 70 -1723073393
45.813 90 -1723073393
45.840 104 -1723073393
45.867 113 -1723073393
45.893 122 -1723073393
45.920 125 -1723073393
45.947 121 -1723073393
45.973 113 -1723073393
46.000 98 -1723073393
46.027 79 -1723073393
46.053 60 -1723073393
46.080 37 -1723073393
46.107 14 -1723073393
46.133 -2 -1723073393
46.160 -17 -1723073393
46.187 -33 -1723073393
46.213 -40 -1723073393
46.240 -41 -1723073393
46.267 -43 -1723073393
46.293 -40 -1723073393
46.320 -28 -1723073393
46.347 -17 -1723073393
46.373 0 -1723073393
46.400 27 -1723073393
46.427 50 -1723073393
46.453 67 -1723073393
46.480 92 -1723073393
46.507 116 -1723073393
46.533 137 -1723073393
46.560 161 -1723073393
46.587 182 -1723073393
46.613 197 -1723073393
46.640 213 -1723073393
46.667 232 -1723073393
46.693 249 -1723073393
46.720 262 -1723073393
46.747 273 -1723073393
46.773 278 -1723073393
46.800 279 -1723073393
46.827 277 -1723073393
46.853 271 -1723073393
46.880 261 -1723073393
46.907 246 -1723073393
46.933 226 -1723073393
46.960 201 -1723073393
46.987 172 -1723073393
47.013 142 -1723073393
47.040 119 -1723073393
47.067 101 -1723073393
47.093 81 -1723073393
47.120 61 -1723073393
47.147 47 -1723073393
47.173 36 -1723073393
47.200 27 -1723073393
47.227 25 -1723073393
47.253 33 -1723073393
47.280 41 -1723073393
47.307 49 -1723073393
47.333 65 -1723073393
47.360 83 -1723073393
47.387 100 -1723073393
47.413 123 -1723073393
47.440 144 -1723073393
47.467 160 -1723073393
47.493 176 -1723073393
47.520 194 -1723073393
47.547 206 -1723073393
47.573 217 -1723073393
47.600 231 -1723073393
47.627 242 -1723073393
47.653 249 -1723073393
47.680 255 -1723073393
47.707 252 -1723073393
47.733 243 -1723073393
47.760 232 -1723073393
47.787 211 -1723073393
47.813 185 -1723073393
47.840 159 -1723073393
47.867 134 -1723073393
47.893 111 -1723073393
47.920 93 -1723073393
47.947 80 -1723073393
47.973 70 -1723073393
48.000 70 -1723073393
48.027 79 -1723073393
48.053 88 -1723073393
48.080 101 -1723073393
48.107 125 -1723073393
48.133 149 -1723073393
48.160 175 -1723073393
48.187 211 -1723073393
48.213 251 -1723073393
48.240 288 -1723073393
48.267 329 -1723073393
48.293 373 -1723073393
48.320 412 -1723073393
48.347 445 -1723073393
48.373 478 -1723073393
48.400 511 -1723073393
48.427 539 -1723073393
48.453 560 -1723073393
48.480 578 -1723073393
48.507 590 -1723073393
48.533 593 -1723073393
48.560 592 -1723073393
48.587 589 -1723073393
48.613 579 -1723073393
48.640 562 -1723073393
48.667 540 -1723073393
48.693 512 -1723073393
48.720 481 -1723073393
48.747 453 -1723073393
48.773 422 -1723073393
48.800 386 -1723073393
48.827 353 -1723073393
48.853 324 -1723073393
48.880 301 -1723073393
48.907 285 -1723073393
48.933 275 -1723073393
48.960 269 -1723073393
48.987 268 -1723073393
49.013 271 -1723073393
49.040 279 -1723073393
49.067 294 -1723073393
49.093 313 -1723073393
49.120 326 -1723073393
49.147 336 -1723073393
49.173 342 -1723073393
49.200 342 -1723073393
49.227 343 -1723073393
49.253 344 -1723073393
49.280 336 -1723073393
49.307 322 -1723073393
49.333 306 -1723073393
49.360 291 -1723073393
49.387 272 -1723073393
49.413 257 -1723073393
49.440 242 -1723073393
49.467 225 -1723073393
49.493 211 -1723073393
49.520 200 -1723073393
49.547 189 -1723073393
49.573 180 -1723073393
49.600 174 -1723073393
49.627 168 -1723073393
49.653 167 -1723073393
49.680 170 -1723073393
49.707 173 -1723073393
49.733 176 -1723073393
49.760 180 -1723073393
49.787 190 -1723073393
49.813 206 -1723073393
49.840 224 -1723073393
49.867 242 -1723073393
49.893 261 -1723073393
49.920 281 -1723073393
49.947 298 -1723073393
49.973 312 -1723073393
50.000 321 -1723073393
50.027 326 -1723073393
50.053 330 -1723073393
50.080 329 -1723073393
50.107 326 -1723073393
50.133 323 -1723073393
50.160 314 -1723073393
50.187 301 -1723073393
50.213 289 -1723073393
50.240 276 -1723073393
50.267 262 -1723073393
50.293 250 -1723073393
50.320 238 -1723073393
50.347 223 -1723073393
50.373 203 -1723073393
50.400 183 -1723073393
50.427 162 -1723073393
50.453 137 -1723073393
50.480 114 -1723073393
50.507 93 -1723073393
50.533 70 -1723073393
50.560 45 -1723073393
50.587 15 -1723073393
50.613 -19 -1723073393
50.640 -53 -1723073393
50.667 -85 -1723073393
50.693 -116 -1723073393
50.720 -144 -1723073393
50.747 -162 -1723073393
50.773 -175 -1723073393
50.800 -190 -1723073393
50.827 -202 -1723073393
50.853 -200 -1723073393
50.880 -191 -1723073393
50.907 -183 -1723073393
50.933 -167 -1723073393
50.960 -146 -1723073393
50.987 -131 -1723073393
51.013 -115 -1723073393
51.040 -99 -1723073393
51.067 -90 -1723073393
51.093 -81 -1723073393
51.120 -69 -1723073393
51.147 -65 -1723073393
51.173 -65 -1723073393
51.200 -61 -1723073393
51.227 -56 -1723073393
51.253 -57 -1723073393
51.280 -60 -1723073393
51.307 -61 -1723073393
51.333 -59 -1723073393
51.360 -55 -1723073393
51.387 -52 -1723073393
51.413 -52 -1723073393
51.440 -48 -1723073393
51.467 -40 -1723073393
51.493 -32 -1723073393
51.520 -21 -1723073393
51.547 -5 -1723073393
51.573 9 -1723073393
51.600 21 -1723073393
51.627 38 -1723073393
51.653 56 -1723073393
51.680 74 -1723073393
51.707 101 -1723073393
51.733 130 -1723073393
51.760 155 -1723073393
51.787 186 -1723073393
51.813 217 -1723073393
51.840 241 -1723073393
51.867 268 -1723073393
51.893 291 -1723073393
51.920 305 -1723073393
51.947 315 -1723073393
51.973 321 -1723073393
52.000 319 -1723073393
52.027 314 -1723073393
52.053 308 -1723073393
52.080 300 -1723073393
52.107 296 -1723073393
52.133 294 -1723073393
52.160 287 -1723073393
52.187 279 -1723073393
52.213 278 -1723073393
52.240 274 -1723073393
52.267 267 -1723073393
52.293 267 -1723073393
52.320 269 -1723073393
52.347 271 -1723073393
52.373 271 -1723073393
52.400 267 -1723073393
52.427 257 -1723073393
52.453 247 -1723073393
52.480 240 -1723073393
52.507 232 -1723073393
52.533 217 -1723073393
52.560 200 -1723073393
52.587 189 -1723073393
52.613 181 -1723073393
52.640 176 -1723073393
52.667 177 -1723073393
52.693 178 -1723073393
52.720 178 -1723073393
52.747 183 -1723073393
52.773 185 -1723073393
52.800 182 -1723073393
52.827 176 -1723073393
52.853 171 -1723073393
52.880 165 -1723073393
52.907 155 -1723073393
52.933 146 -1723073393
52.960 137 -1723073393
52.987 124 -1723073393
53.013 111 -1723073393
53.040 97 -1723073393
53.067 79 -1723073393
53.093 57 -1723073393
53.120 41 -1723073393
53.147 29 -1723073393
53.173 21 -1723073393
53.200 19 -1723073393
53.227 21 -1723073393
53.253 25 -1723073393
53.280 30 -1723073393
53.307 34 -1723073393
53.333 42 -1723073393
53.360 54 -1723073393
53.387 68 -1723073393
53.413 80 -1723073393
53.440 90 -1723073393
53.467 97 -1723073393
53.493 103 -1723073393
53.520 115 -1723073393
53.547 127 -1723073393
53.573 133 -1723073393
53.600 137 -1723073393
53.627 145 -1723073393
53.653 152 -1723073393
53.680 161 -1723073393
53.707 173 -1723073393
53.733 184 -1723073393
53.760 191 -1723073393
53.787 199 -1723073393
53.813 206 -1723073393
53.840 213 -1723073393
53.867 219 -1723073393
53.893 225 -1723073393
53.920 231 -1723073393
53.947 240 -1723073393
53.973 254 -1723073393
54.000 267 -1723073393
54.027 277 -1723073393
54.053 283 -1723073393
54.080 283 -1723073393
54.107 280 -1723073393
54.133 271 -1723073393
54.160 253 -1723073393
54.187 231 -1723073393
54.213 208 -1723073393
54.240 182 -1723073393
54.267 152 -1723073393
54.293 118 -1723073393
54.320 85 -1723073393
54.347 56 -1723073393
54.373 28 -1723073393
54.400 3 -1723073393
54.427 -19 -1723073393
54.453 -41 -1723073393
54.480 -55 -1723073393
54.507 -58 -1723073393
54.533 -62 -1723073393
54.560 -64 -1723073393
54.587 -57 -1723073393
54.613 -49 -1723073393
54.640 -43 -1723073393
54.667 -29 -1723073393
54.693 -13 -1723073393
54.720 -7 -1723073393
54.747 0 -1723073393
54.773 9 -1723073393
54.800 16 -1723073393
54.827 22 -1723073393
54.853 33 -1723073393
54.880 37 -1723073393
54.907 37 -1723073393
54.933 43 -1723073393
54.960 44 -1723073393
54.987 37 -1723073393
55.013 36 -1723073393
55.040 35 -1723073393
55.067 34 -1723073393
55.093 41 -1723073393
55.120 56 -1723073393
55.147 69 -1723073393
55.173 87 -1723073393
55.200 105 -1723073393
55.227 117 -1723073393
55.253 127 -1723073393
55.280 144 -1723073393
55.307 164 -1723073393
55.333 188 -1723073393
55.360 217 -1723073393
55.387 250 -1723073393
55.413 276 -1723073393
55.440 299 -1723073393
55.467 323 -1723073393
55.493 346 -1723073393
55.520 367 -1723073393
55.547 388 -1723073393
55.573 406 -1723073393
55.600 420 -1723073393
55.627 432 -1723073393
55.653 443 -1723073393
55.680 454 -1723073393
55.707 463 -1723073393
55.733 469 -1723073393
55.760 473 -1723073393
55.787 477 -1723073393
55.813 480 -1723073393
55.840 485 -1723073393
55.867 494 -1723073393
55.893 504 -1723073393
55.920 508 -1723073393
55.947 513 -1723073393
55.973 520 -1723073393
56.000 524 -1723073393
56.027 523 -1723073393
56.053 516 -1723073393
56.080 506 -1723073393
56.107 492 -1723073393
56.133 478 -1723073393
56.160 459 -1723073393
56.187 436 -1723073393
56.213 416 -1723073393
56.240 398 -1723073393
56.267 377 -1723073393
56.293 354 -1723073393
56.320 331 -1723073393
56.347 309 -1723073393
56.373 284 -1723073393
56.400 260 -1723073393
56.427 239 -1723073393
56.453 220 -1723073393
56.480 198 -1723073393
56.507 178 -1723073393
56.533 160 -1723073393
56.560 137 -1723073393
56.587 119 -1723073393
56.613 102 -1723073393
56.640 81 -1723073393
56.667 65 -1723073393
56.693 60 -1723073393
56.720 51 -1723073393
56.747 41 -1723073393
56.773 39 -1723073393
56.800 38 -1723073393
56.827 28 -1723073393
56.853 25 -1723073393
56.880 26 -1723073393
56.907 16 -1723073393
56.933 4 -1723073393
56.960 1 -1723073393
56.987 -6 -1723073393
57.013 -20 -1723073393
57.040 -29 -1723073393
57.067 -38 -1723073393
57.093 -55 -1723073393
57.120 -63 -1723073393
57.147 -64 -1723073393
57.173 -71 -1723073393
57.200 -70 -1723073393
57.227 -60 -1723073393
57.253 -53 -1723073393
57.280 -44 -1723073393
57.307 -24 -1723073393
57.333 -7 -1723073393
57.360 4 -1723073393
57.387 24 -1723073393
57.413 41 -1723073393
57.440 51 -1723073393
57.467 70 -1723073393
57.493 91 -1723073393
57.520 105 -1723073393
57.547 124 -1723073393
57.573 149 -1723073393
57.600 171 -1723073393
57.627 193 -1723073393
57.653 218 -1723073393
57.680 240 -1723073393
57.707 260 -1723073393
57.733 282 -1723073393
57.760 298 -1723073393
57.787 307 -1723073393
57.813 321 -1723073393
57.840 337 -1723073393
57.867 350 -1723073393
57.893 357 -1723073393
57.920 359 -1723073393
57.947 359 -1723073393
57.973 363 -1723073393
58.000 368 -1723073393
58.027 368 -1723073393
58.053 368 -1723073393
58.080 374 -1723073393
58.107 381 -1723073393
58.133 385 -1723073393
58.160 385 -1723073393
58.187 389 -1723073393
58.213 396 -1723073393
58.240 404 -1723073393
58.267 412 -1723073393
58.293 420 -1723073393
58.320 431 -1723073393
58.347 442 -1723073393
58.373 447 -1723073393
58.400 453 -1723073393
58.427 462 -1723073393
58.453 472 -1723073393
58.480 482 -1723073393
58.507 496 -1723073393
58.533 512 -1723073393
58.560 527 -1723073393
58.587 546 -1723073393
58.613 566 -1723073393
58.640 583 -1723073393
58.667 601 -1723073393
58.693 616 -1723073393
58.720 624 -1723073393
58.747 636 -1723073393
58.773 650 -1723073393
58.800 661 -1723073393
58.827 670 -1723073393
58.853 682 -1723073393
58.880 684 -1723073393
58.907 676 -1723073393
58.933 670 -1723073393
58.960 665 -1723073393
58.987 652 -1723073393
59.013 642 -1723073393
59.040 642 -1723073393
59.067 640 -1723073393
59.093 636 -1723073393
59.120 640 -1723073393
59.147 642 -1723073393
59.173 633 -1723073393
59.200 626 -1723073393
59.227 618 -1723073393
59.253 601 -1723073393
59.280 582 -1723073393
59.307 570 -1723073393
59.333 554 -1723073393
59.360 537 -1723073393
59.387 527 -1723073393
59.413 519 -1723073393
59.440 509 -1723073393
59.467 501 -1723073393
59.493 492 -1723073393
59.520 476 -1723073393
59.547 461 -1723073393
59.573 452 -1723073393
59.600 443 -1723073393
59.627 434 -1723073393
59.653 423 -1723073393
59.680 411 -1723073393
59.707 394 -1723073393
59.733 372 -1723073393
59.760 347 -1723073393
59.787 318 -1723073393
59.813 286 -1723073393
59.840 252 -1723073393
59.867 213 -1723073393
59.893 172 -1723073393
59.920 134 -1723073393
59.947 101 -1723073393
59.973 65 -1723073393
60.000 29 -1723073393
60.027 -3 -1723073393
60.053 -31 -1723073393
60.080 -57 -1723073393
60.107 -73 -1723073393
60.133 -76 -1723073393
60.160 -74 -1723073393
60.187 -67 -1723073393
60.213 -48 -1723073393
60.240 -26 -1723073393
60.267 -12 -1723073393
60.293 5 -1723073393
60.320 31 -1723073393
60.347 50 -1723073393
60.373 67 -1723073393
60.400 87 -1723073393
60.427 99 -1723073393
60.453 105 -1723073393
60.480 112 -1723073393
60.507 110 -1723073393
60.533 97 -1723073393
60.560 79 -1723073393
60.587 56 -1723073393
60.613 24 -1723073393
60.640 -10 -1723073393
60.667 -38 -1723073393
60.693 -64 -1723073393
60.720 -88 -1723073393
60.747 -103 -1723073393
60.773 -117 -1723073393
60.800 -140 -1723073393
60.827 -156 -1723073393
60.853 -161 -1723073393
60.880 -168 -1723073393
60.907 -172 -1723073393
60.933 -163 -1723073393
60.960 -159 -1723073393
60.987 -157 -1723073393
61.013 -141 -1723073393
61.040 -122 -1723073393
61.067 -114 -1723073393
61.093 -103 -1723073393
61.120 -87 -1723073393
61.147 -80 -1723073393
61.173 -78 -1723073393
61.200 -71 -1723073393
61.227 -70 -1723073393
61.253 -76 -1723073393
61.280 -71 -1723073393
61.307 -58 -1723073393
61.333 -58 -1723073393
61.360 -60 -1723073393
61.387 -60 -1723073393
61.413 -72 -1723073393
61.440 -90 -1723073393
61.467 -101 -1723073393
61.493 -121 -1723073393
61.520 -152 -1723073393
61.547 -175 -1723073393
61.573 -194 -1723073393
61.600 -220 -1723073393
61.627 -240 -1723073393
61.653 -249 -1723073393
61.680 -264 -1723073393
61.707 -283 -1723073393
61.733 -283 -1723073393
61.760 -277 -1723073393
61.787 -280 -1723073393
61.813 -271 -1723073393
61.840 -249 -1723073393
61.867 -238 -1723073393
61.893 -225 -1723073393
61.920 -196 -1723073393
61.947 -173 -1723073393
61.973 -152 -1723073393
62.000 -118 -1723073393
62.027 -84 -1723073393
62.053 -60 -1723073393
62.080 -30 -1723073393
62.107 0 -1723073393
62.133 14 -1723073393
62.160 25 -1723073393
62.187 39 -1723073393
62.213 41 -1723073393
62.240 34 -1723073393
62.267 31 -1723073393
62.293 20 -1723073393
62.320 1 -1723073393
62.347 -13 -1723073393
62.373 -31 -1723073393
62.400 -58 -1723073393
62.427 -86 -1723073393
62.453 -106 -1723073393
62.480 -131 -1723073393
62.507 -159 -1723073393
62.533 -178 -1723073393
62.560 -192 -1723073393
62.587 -209 -1723073393
62.613 -215 -1723073393
62.640 -210 -1723073393
62.667 -209 -1723073393
62.693 -205 -1723073393
62.720 -188 -1723073393
62.747 -176 -1723073393
62.773 -169 -1723073393
62.800 -148 -1723073393
62.827 -123 -1723073393
62.853 -110 -1723073393
62.880 -94 -1723073393
62.907 -67 -1723073393
62.933 -48 -1723073393
62.960 -34 -1723073393
62.987 -15 -1723073393
63.013 -2 -1723073393
63.040 -2 -1723073393
63.067 3 -1723073393
63.093 12 -1723073393
63.120 10 -1723073393
63.147 6 -1723073393
63.173 8 -1723073393
63.200 -1 -1723073393
63.227 -26 -1723073393
63.253 -49 -1723073393
63.280 -76 -1723073393
63.307 -114 -1723073393
63.333 -148 -1723073393
63.360 -176 -1723073393
63.387 -214 -1723073393
63.413 -249 -1723073393
63.440 -271 -1723073393
63.467 -293 -1723073393
63.493 -321 -1723073393
63.520 -335 -1723073393
63.547 -342 -1723073393
63.573 -356 -1723073393
63.600 -354 -1723073393
63.627 -335 -1723073393
63.653 -327 -1723073393
63.680 -318 -1723073393
63.707 -287 -1723073393
63.733 -259 -1723073393
63.760 -242 -1723073393
63.787 -208 -1723073393
63.813 -174 -1723073393
63.840 -158 -1723073393
63.867 -137 -1723073393
63.893 -106 -1723073393
63.920 -90 -1723073393
63.947 -80 -1723073393
63.973 -62 -1723073393
64.000 -52 -1723073393
64.027 -54 -1723073393
64.053 -57 -1723073393
64.080 -63 -1723073393
64.107 -81 -1723073393
64.133 -99 -1723073393
64.160 -115 -1723073393
64.187 -141 -1723073393
64.213 -166 -1723073393
64.240 -177 -1723073393
64.267 -189 -1723073393
64.293 -211 -1723073393
64.320 -221 -1723073393
64.347 -220 -1723073393
64.373 -222 -1723073393
64.400 -216 -1723073393
64.427 -192 -1723073393
64.453 -172 -1723073393
64.480 -155 -1723073393
64.507 -121 -1723073393
64.533 -89 -1723073393
64.560 -68 -1723073393
64.587 -39 -1723073393
64.613 -2 -1723073393
64.640 20 -1723073393
64.667 42 -1723073393
64.693 69 -1723073393
64.720 86 -1723073393
64.747 90 -1723073393
64.773 99 -1723073393
64.800 107 -1723073393
64.827 103 -1723073393
64.853 97 -1723073393
64.880 91 -1723073393
64.907 79 -1723073393
64.933 64 -1723073393
64.960 54 -1723073393
64.987 40 -1723073393
65.013 18 -1723073393
65.040 2 -1723073393
65.067 -9 -1723073393
65.093 -30 -1723073393
65.120 -49 -1723073393
65.147 -56 -1723073393
65.173 -65 -1723073393
65.200 -74 -1723073393
65.227 -71 -1723073393
65.253 -65 -1723073393
65.280 -63 -1723073393
65.307 -50 -1723073393
65.333 -28 -1723073393
65.360 -11 -1723073393
65.387 9 -1723073393
65.413 40 -1723073393
65.440 64 -1723073393
65.467 87 -1723073393
65.493 119 -1723073393
65.520 151 -1723073393
65.547 173 -1723073393
65.573 193 -1723073393
65.600 213 -1723073393
65.627 227 -1723073393
65.653 237 -1723073393
65.680 251 -1723073393
65.707 264 -1723073393
65.733 278 -1723073393
65.760 291 -1723073393
65.787 303 -1723073393
65.813 308 -1723073393
65.840 311 -1723073393
65.867 311 -1723073393
65.893 309 -1723073393
65.920 306 -1723073393
65.947 304 -1723073393
65.973 302 -1723073393
66.000 296 -1723073393
66.027 291 -1723073393
66.053 287 -1723073393
66.080 283 -1723073393
66.107 285 -1723073393
66.133 292 -1723073393
66.160 293 -1723073393
66.187 292 -1723073393
66.213 295 -1723073393
66.240 295 -1723073393
66.267 290 -1723073393
66.293 287 -1723073393
66.320 283 -1723073393
66.347 273 -1723073393
66.373 260 -1723073393
66.400 246 -1723073393
66.427 231 -1723073393
66.453 220 -1723073393
66.480 214 -1723073393
66.507 208 -1723073393
66.533 200 -1723073393
66.560 199 -1723073393
66.587 203 -1723073393
66.613 205 -1723073393
66.640 209 -1723073393
66.667 216 -1723073393
66.693 224 -1723073393
66.720 228 -1723073393
66.747 234 -1723073393
66.773 235 -1723073393
66.800 232 -1723073393
66.827 235 -1723073393
66.853 237 -1723073393
66.880 232 -1723073393
66.907 228 -1723073393
66.933 231 -1723073393
66.960 232 -1723073393
66.987 229 -1723073393
67.013 232 -1723073393
67.040 238 -1723073393
67.067 245 -1723073393
67.093 256 -1723073393
67.120 275 -1723073393
67.147 297 -1723073393
67.173 319 -1723073393
67.200 345 -1723073393
67.227 371 -1723073393
67.253 395 -1723073393
67.280 420 -1723073393
67.307 442 -1723073393
67.333 460 -1723073393
67.360 474 -1723073393
67.387 483 -1723073393
67.413 491 -1723073393
67.440 501 -1723073393
67.467 505 -1723073393
67.493 504 -1723073393
67.520 504 -1723073393
67.547 503 -1723073393
67.573 497 -1723073393
67.600 490 -1723073393
67.627 487 -1723073393
67.653 482 -1723073393
67.680 475 -1723073393
67.707 471 -1723073393
67.733 461 -1723073393
67.760 446 -1723073393
67.787 437 -1723073393
67.813 430 -1723073393
67.840 418 -1723073393
67.867 404 -1723073393
67.893 393 -1723073393
67.920 381 -1723073393
67.947 369 -1723073393
67.973 365 -1723073393
68.000 364 -1723073393
68.027 362 -1723073393
68.053 357 -1723073393
68.080 353 -1723073393
68.107 348 -1723073393
68.133 339 -1723073393
68.160 327 -1723073393
68.187 315 -1723073393
68.213 304 -1723073393
68.240 294 -1723073393
68.267 287 -1723073393
68.293 279 -1723073393
68.320 268 -1723073393
68.347 260 -1723073393
68.373 256 -1723073393
68.400 249 -1723073393
68.427 240 -1723073393
68.453 240 -1723073393
68.480 243 -1723073393
68.507 239 -1723073393
68.533 238 -1723073393
68.560 243 -1723073393
68.587 247 -1723073393
68.613 248 -1723073393
68.640 254 -1723073393
68.667 258 -1723073393
68.693 256 -1723073393
68.720 257 -1723073393
68.747 260 -1723073393
68.773 257 -1723073393
68.800 255 -1723073393
68.827 259 -1723073393
68.853 262 -1723073393
68.880 260 -1723073393
68.907 261 -1723073393
68.933 263 -1723073393
68.960 267 -1723073393
68.987 272 -1723073393
69.013 280 -1723073393
69.040 287 -1723073393
69.067 295 -1723073393
69.093 307 -1723073393
69.120 318 -1723073393
69.147 327 -1723073393
69.173 338 -1723073393
69.200 347 -1723073393
69.227 349 -1723073393
69.253 352 -1723073393
69.280 361 -1723073393
69.307 370 -1723073393
69.333 384 -1723073393
69.360 399 -1723073393
69.387 408 -1723073393
69.413 415 -1723073393
69.440 423 -1723073393
69.467 429 -1723073393
69.493 432 -1723073393
69.520 435 -1723073393
69.547 432 -1723073393
69.573 426 -1723073393
69.600 425 -1723073393
69.627 422 -1723073393
69.653 411 -1723073393
69.680 400 -1723073393
69.707 391 -1723073393
69.733 373 -1723073393
69.760 351 -1723073393
69.787 331 -1723073393
69.813 307 -1723073393
69.840 278 -1723073393
69.867 253 -1723073393
69.893 230 -1723073393
69.920 203 -1723073393
69.947 181 -1723073393
69.973 163 -1723073393
70.000 146 -1723073393
70.027 126 -1723073393
70.053 111 -1723073393
70.080 108 -1723073393
70.107 110 -1723073393
70.133 113 -1723073393
70.160 125 -1723073393
70.187 144 -1723073393
70.213 161 -1723073393
70.240 181 -1723073393
70.267 207 -1723073393
70.293 228 -1723073393
70.320 243 -1723073393
70.347 262 -1723073393
70.373 278 -1723073393
70.400 292 -1723073393
70.427 304 -1723073393
70.453 313 -1723073393
70.480 319 -1723073393
70.507 324 -1723073393
70.533 326 -1723073393
70.560 323 -1723073393
70.587 318 -1723073393
70.613 313 -1723073393
70.640 301 -1723073393
70.667 290 -1723073393
70.693 285 -1723073393
70.720 281 -1723073393
70.747 274 -1723073393
70.773 267 -1723073393
70.800 264 -1723073393
70.827 262 -1723073393
70.853 262 -1723073393
70.880 266 -1723073393
70.907 268 -1723073393
70.933 270 -1723073393
70.960 276 -1723073393
70.987 288 -1723073393
71.013 297 -1723073393
71.040 303 -1723073393
71.067 311 -1723073393
71.093 323 -1723073393
71.120 330 -1723073393
71.147 339 -1723073393
71.173 347 -1723073393
71.200 351 -1723073393
71.227 352 -1723073393
71.253 351 -1723073393
71.280 352 -1723073393
71.307 358 -1723073393
71.333 362 -1723073393
71.360 363 -1723073393
71.387 368 -1723073393
71.413 373 -1723073393
71.440 376 -1723073393
71.467 374 -1723073393
71.493 372 -1723073393
71.520 368 -1723073393
71.547 360 -1723073393
71.573 358 -1723073393
71.600 359 -1723073393
71.627 357 -1723073393
71.653 354 -1723073393
71.680 349 -1723073393
71.707 338 -1723073393
71.733 325 -1723073393
71.760 314 -1723073393
71.787 299 -1723073393
71.813 281 -1723073393
71.840 267 -1723073393
71.867 256 -1723073393
71.893 249 -1723073393
71.920 246 -1723073393
71.947 241 -1723073393
71.973 235 -1723073393
72.000 234 -1723073393
72.027 235 -1723073393
72.053 234 -1723073393
72.080 239 -1723073393
72.107 244 -1723073393
72.133 247 -1723073393
72.160 251 -1723073393
72.187 254 -1723073393
72.213 255 -1723073393
72.240 257 -1723073393
72.267 261 -1723073393
72.293 263 -1723073393
72.320 260 -1723073393
72.347 255 -1723073393
72.373 253 -1723073393
72.400 252 -1723073393
72.427 252 -1723073393
72.453 248 -1723073393
72.480 238 -1723073393
72.507 230 -1723073393
72.533 229 -1723073393
72.560 229 -1723073393
72.587 230 -1723073393
72.613 235 -1723073393
72.640 240 -1723073393
72.667 243 -1723073393
72.693 248 -1723073393
72.720 251 -1723073393
72.747 249 -1723073393
72.773 252 -1723073393
72.800 261 -1723073393
72.827 264 -1723073393
72.853 268 -1723073393
72.880 277 -1723073393
72.907 282 -1723073393
72.933 281 -1723073393
72.960 281 -1723073393
72.987 281 -1723073393
73.013 273 -1723073393
73.040 263 -1723073393
73.067 250 -1723073393
73.093 234 -1723073393
73.120 220 -1723073393
73.147 213 -1723073393
73.173 205 -1723073393
73.200 194 -1723073393
73.227 190 -1723073393
73.253 188 -1723073393
73.280 182 -1723073393
73.307 178 -1723073393
73.333 182 -1723073393
73.360 181 -1723073393
73.387 175 -1723073393
73.413 176 -1723073393
73.440 179 -1723073393
73.467 180 -1723073393
73.493 188 -1723073393
73.520 203 -1723073393
73.547 211 -1723073393
73.573 219 -1723073393
73.600 233 -1723073393
73.627 242 -1723073393
73.653 246 -1723073393
73.680 253 -1723073393
73.707 262 -1723073393
73.733 270 -1723073393
73.760 283 -1723073393
73.787 298 -1723073393
73.813 310 -1723073393
73.840 320 -1723073393
73.867 331 -1723073393
73.893 337 -1723073393
73.920 341 -1723073393
73.947 346 -1723073393
73.973 350 -1723073393
74.000 348 -1723073393
74.027 341 -1723073393
74.053 336 -1723073393
74.080 326 -1723073393
74.107 311 -1723073393
74.133 293 -1723073393
74.160 272 -1723073393
74.187 250 -1723073393
74.213 226 -1723073393
74.240 201 -1723073393
74.267 171 -1723073393
74.293 142 -1723073393
74.320 118 -1723073393
74.347 95 -1723073393
74.373 73 -1723073393
74.400 60 -1723073393
74.427 53 -1723073393
74.453 48 -1723073393
74.480 54 -1723073393
74.507 67 -1723073393
74.533 75 -1723073393
74.560 85 -1723073393
74.587 107 -1723073393
74.613 122 -1723073393
74.640 131 -1723073393
74.667 149 -1723073393
74.693 170 -1723073393
74.720 183 -1723073393
74.747 195 -1723073393
74.773 210 -1723073393
74.800 219 -1723073393
74.827 227 -1723073393
74.853 239 -1723073393
74.880 247 -1723073393
74.907 250 -1723073393
74.933 256 -1723073393
74.960 263 -1723073393
74.987 265 -1723073393
75.013 271 -1723073393
75.040 278 -1723073393
75.067 279 -1723073393
75.093 278 -1723073393
75.120 283 -1723073393
75.147 285 -1723073393
75.173 284 -1723073393
75.200 289 -1723073393
75.227 298 -1723073393
75.253 301 -1723073393
75.280 300 -1723073393
75.307 299 -1723073393
75.333 296 -1723073393
75.360 294 -1723073393
75.387 296 -1723073393
75.413 294 -1723073393
75.440 287 -1723073393
75.467 281 -1723073393
75.493 278 -1723073393
75.520 275 -1723073393
75.547 272 -1723073393
75.573 270 -1723073393
75.600 269 -1723073393
75.627 268 -1723073393
75.653 271 -1723073393
75.680 270 -1723073393
75.707 268 -1723073393
75.733 272 -1723073393
75.760 279 -1723073393
75.787 278 -1723073393
75.813 279 -1723073393
75.840 284 -1723073393
75.867 286 -1723073393
75.893 283 -1723073393
75.920 278 -1723073393
75.947 267 -1723073393
75.973 251 -1723073393
76.000 236 -1723073393
76.027 216 -1723073393
76.053 190 -1723073393
76.080 167 -1723073393
76.107 152 -1723073393
76.133 136 -1723073393
76.160 120 -1723073393
76.187 111 -1723073393
76.213 98 -1723073393
76.240 87 -1723073393
76.267 90 -1723073393
76.293 98 -1723073393
76.320 102 -1723073393
76.347 119 -1723073393
76.373 147 -1723073393
76.400 162 -1723073393
76.427 178 -1723073393
76.453 207 -1723073393
76.480 232 -1723073393
76.507 248 -1723073393
76.533 269 -1723073393
76.560 291 -1723073393
76.587 306 -1723073393
76.613 320 -1723073393
76.640 337 -1723073393
76.667 349 -1723073393
76.693 356 -1723073393
76.720 367 -1723073393
76.747 376 -1723073393
76.773 381 -1723073393
76.800 386 -1723073393
76.827 390 -1723073393
76.853 386 -1723073393
76.880 379 -1723073393
76.907 373 -1723073393
76.933 365 -1723073393
76.960 353 -1723073393
76.987 346 -1723073393
77.013 340 -1723073393
77.040 331 -1723073393
77.067 319 -1723073393
77.093 308 -1723073393
77.120 297 -1723073393
77.147 286 -1723073393
77.173 280 -1723073393
77.200 281 -1723073393
77.227 283 -1723073393
77.253 288 -1723073393
77.280 298 -1723073393
77.307 307 -1723073393
77.333 319 -1723073393
77.360 332 -1723073393
77.387 342 -1723073393
77.413 355 -1723073393
77.440 370 -1723073393
77.467 380 -1723073393
77.493 385 -1723073393
77.520 394 -1723073393
77.547 403 -1723073393
77.573 405 -1723073393
77.600 407 -1723073393
77.627 409 -1723073393
77.653 407 -1723073393
77.680 400 -1723073393
77.707 394 -1723073393
77.733 386 -1723073393
77.760 373 -1723073393
77.787 359 -1723073393
77.813 346 -1723073393
77.840 331 -1723073393
77.867 317 -1723073393
77.893 304 -1723073393
77.920 286 -1723073393
77.947 271 -1723073393
77.973 264 -1723073393
78.000 255 -1723073393
78.027 246 -1723073393
78.053 242 -1723073393
78.080 237 -1723073393
78.107 232 -1723073393
78.133 232 -1723073393
78.160 234 -1723073393
78.187 234 -1723073393
78.213 237 -1723073393
78.240 241 -1723073393
78.267 243 -1723073393
78.293 249 -1723073393
78.320 259 -1723073393
78.347 266 -1723073393
78.373 272 -1723073393
78.400 279 -1723073393
78.427 284 -1723073393
78.453 287 -1723073393
78.480 291 -1723073393
78.507 295 -1723073393
78.533 294 -1723073393
78.560 293 -1723073393
78.587 293 -1723073393
78.613 289 -1723073393
78.640 281 -1723073393
78.667 274 -1723073393
78.693 262 -1723073393
78.720 247 -1723073393
78.747 235 -1723073393
78.773 224 -1723073393
78.800 212 -1723073393
78.827 205 -1723073393
78.853 198 -1723073393
78.880 185 -1723073393
78.907 172 -1723073393
78.933 164 -1723073393
78.960 156 -1723073393
78.987 150 -1723073393
79.013 150 -1723073393
79.040 150 -1723073393
79.067 148 -1723073393
79.093 151 -1723073393
79.120 156 -1723073393
79.147 158 -1723073393
79.173 165 -1723073393
79.200 176 -1723073393
79.227 182 -1723073393
79.253 190 -1723073393
79.280 201 -1723073393
79.307 208 -1723073393
79.333 210 -1723073393
79.360 215 -1723073393
79.387 216 -1723073393
79.413 212 -1723073393
79.440 208 -1723073393
79.467 208 -1723073393
79.493 203 -1723073393
79.520 195 -1723073393
79.547 187 -1723073393
79.573 174 -1723073393
79.600 157 -1723073393
79.627 138 -1723073393
79.653 119 -1723073393
79.680 98 -1723073393
79.707 79 -1723073393
79.733 60 -1723073393
79.760 42 -1723073393
79.787 32 -1723073393
79.813 26 -1723073393
79.840 16 -1723073393
79.867 13 -1723073393
79.893 18 -1723073393
79.920 18 -1723073393
79.947 25 -1723073393
79.973 44 -1723073393
80.000 60 -1723073393
80.027 74 -1723073393
80.053 101 -1723073393
80.080 129 -1723073393
80.107 151 -1723073393
80.133 178 -1723073393
80.160 205 -1723073393
80.187 222 -1723073393
80.213 240 -1723073393
80.240 264 -1723073393
80.267 282 -1723073393
80.293 297 -1723073393
80.320 313 -1723073393
80.347 323 -1723073393
80.373 323 -1723073393
80.400 319 -1723073393
80.427 314 -1723073393
80.453 306 -1723073393
80.480 296 -1723073393
80.507 283 -1723073393
80.533 271 -1723073393
80.560 258 -1723073393
80.587 246 -1723073393
80.613 234 -1723073393
80.640 229 -1723073393
80.667 225 -1723073393
80.693 216 -1723073393
80.720 210 -1723073393
80.747 216 -1723073393
80.773 225 -1723073393
80.800 231 -1723073393
80.827 240 -1723073393
80.853 249 -1723073393
80.880 252 -1723073393
80.907 259 -1723073393
80.933 271 -1723073393
80.960 276 -1723073393
80.987 279 -1723073393
81.013 285 -1723073393
81.040 288 -1723073393
81.067 286 -1723073393
81.093 283 -1723073393
81.120 280 -1723073393
81.147 273 -1723073393
81.173 264 -1723073393
81.200 255 -1723073393
81.227 246 -1723073393
81.253 232 -1723073393
81.280 219 -1723073393
81.307 201 -1723073393
81.333 179 -1723073393
81.360 160 -1723073393
81.387 140 -1723073393
81.413 124 -1723073393
81.440 119 -1723073393
81.467 109 -1723073393
81.493 97 -1723073393
81.520 93 -1723073393
81.547 90 -1723073393
81.573 89 -1723073393
81.600 98 -1723073393
81.627 110 -1723073393
81.653 117 -1723073393
81.680 130 -1723073393
81.707 150 -1723073393
81.733 163 -1723073393
81.760 176 -1723073393
81.787 195 -1723073393
81.813 210 -1723073393
81.840 221 -1723073393
81.867 238 -1723073393
81.893 252 -1723073393
81.920 261 -1723073393
81.947 272 -1723073393
81.973 280 -1723073393
82.000 284 -1723073393
82.027 285 -1723073393
82.053 290 -1723073393
82.080 297 -1723073393
82.107 299 -1723073393
82.133 299 -1723073393
82.160 303 -1723073393
82.187 304 -1723073393
82.213 307 -1723073393
82.240 311 -1723073393
82.267 311 -1723073393
82.293 304 -1723073393
82.320 297 -1723073393
82.347 290 -1723073393
82.373 285 -1723073393
82.400 283 -1723073393
82.427 279 -1723073393
82.453 270 -1723073393
82.480 263 -1723073393
82.507 259 -1723073393
82.533 253 -1723073393
82.560 248 -1723073393
82.587 248 -1723073393
82.613 250 -1723073393
82.640 252 -1723073393
82.667 253 -1723073393
82.693 254 -1723073393
82.720 257 -1723073393
82.747 260 -1723073393
82.773 264 -1723073393
82.800 273 -1723073393
82.827 285 -1723073393
82.853 295 -1723073393
82.880 298 -1723073393
82.907 299 -1723073393
82.933 299 -1723073393
82.960 299 -1723073393
82.987 301 -1723073393
83.013 301 -1723073393
83.040 298 -1723073393
83.067 292 -1723073393
83.093 285 -1723073393
83.120 278 -1723073393
83.147 272 -1723073393
83.173 261 -1723073393
83.200 248 -1723073393
83.227 240 -1723073393
83.253 230 -1723073393
83.280 217 -1723073393
83.307 210 -1723073393
83.333 204 -1723073393
83.360 191 -1723073393
83.387 183 -1723073393
83.413 182 -1723073393
83.440 176 -1723073393
83.467 170 -1723073393
83.493 171 -1723073393
83.520 171 -1723073393
83.547 176 -1723073393
83.573 189 -1723073393
83.600 196 -1723073393
83.627 200 -1723073393
83.653 210 -1723073393
83.680 218 -1723073393
83.707 222 -1723073393
83.733 231 -1723073393
83.760 238 -1723073393
83.787 237 -1723073393
83.813 238 -1723073393
83.840 240 -1723073393
83.867 236 -1723073393
83.893 232 -1723073393
83.920 224 -1723073393
83.947 216 -1723073393
83.973 212 -1723073393
84.000 212 -1723073393
84.027 210 -1723073393
84.053 208 -1723073393
84.080 210 -1723073393
84.107 208 -1723073393
84.133 206 -1723073393
84.160 212 -1723073393
84.187 214 -1723073393
84.213 215 -1723073393
84.240 227 -1723073393
84.267 236 -1723073393
84.293 239 -1723073393
84.320 250 -1723073393
84.347 259 -1723073393
84.373 257 -1723073393
84.400 256 -1723073393
84.427 256 -1723073393
84.453 250 -1723073393
84.480 248 -1723073393
84.507 247 -1723073393
84.533 242 -1723073393
84.560 242 -1723073393
84.587 247 -1723073393
84.613 247 -1723073393
84.640 245 -1723073393
84.667 244 -1723073393
84.693 239 -1723073393
84.720 229 -1723073393
84.747 224 -1723073393
84.773 219 -1723073393
84.800 210 -1723073393
84.827 206 -1723073393
84.853 197 -1723073393
84.880 184 -1723073393
84.907 176 -1723073393
84.933 170 -1723073393
84.960 164 -1723073393
84.987 160 -1723073393
85.013 156 -1723073393
85.040 148 -1723073393
85.067 148 -1723073393
85.093 151 -1723073393
85.120 150 -1723073393
85.147 155 -1723073393
85.173 160 -1723073393
85.200 157 -1723073393
85.227 162 -1723073393
85.253 170 -1723073393
85.280 170 -1723073393
85.307 176 -1723073393
85.333 183 -1723073393
85.360 185 -1723073393
85.387 194 -1723073393
85.413 206 -1723073393
85.440 206 -1723073393
85.467 206 -1723073393
85.493 209 -1723073393
85.520 206 -1723073393
85.547 203 -1723073393
85.573 204 -1723073393
85.600 201 -1723073393
85.627 197 -1723073393
85.653 201 -1723073393
85.680 207 -1723073393
85.707 211 -1723073393
85.733 221 -1723073393
85.760 228 -1723073393
85.787 230 -1723073393
85.813 238 -1723073393
85.840 243 -1723073393
85.867 249 -1723073393
85.893 262 -1723073393
85.920 274 -1723073393
85.947 284 -1723073393
85.973 293 -1723073393
86.000 299 -1723073393
86.027 299 -1723073393
86.053 298 -1723073393
86.080 296 -1723073393
86.107 289 -1723073393
86.133 280 -1723073393
86.160 276 -1723073393
86.187 268 -1723073393
86.213 256 -1723073393
86.240 245 -1723073393
86.267 231 -1723073393
86.293 219 -1723073393
86.320 213 -1723073393
86.347 203 -1723073393
86.373 198 -1723073393
86.400 195 -1723073393
86.427 188 -1723073393
86.453 186 -1723073393
86.480 192 -1723073393
86.507 189 -1723073393
86.533 186 -1723073393
86.560 195 -1723073393
86.587 197 -1723073393
86.613 193 -1723073393
86.640 193 -1723073393
86.667 187 -1723073393
86.693 183 -1723073393
86.720 187 -1723073393
86.747 182 -1723073393
86.773 174 -1723073393
86.800 175 -1723073393
86.827 173 -1723073393
86.853 167 -1723073393
86.880 167 -1723073393
86.907 163 -1723073393
86.933 155 -1723073393
86.960 157 -1723073393
86.987 160 -1723073393
87.013 159 -1723073393
87.040 168 -1723073393
87.067 173 -1723073393
87.093 172 -1723073393
87.120 178 -1723073393
87.147 183 -1723073393
87.173 183 -1723073393
87.200 194 -1723073393
87.227 200 -1723073393
87.253 198 -1723073393
87.280 205 -1723073393
87.307 212 -1723073393
87.333 216 -1723073393
87.360 226 -1723073393
87.387 233 -1723073393
87.413 227 -1723073393
87.440 228 -1723073393
87.467 234 -1723073393
87.493 231 -1723073393
87.520 234 -1723073393
87.547 240 -1723073393
87.573 238 -1723073393
87.600 237 -1723073393
87.627 235 -1723073393
87.653 230 -1723073393
87.680 230 -1723073393
87.707 230 -1723073393
87.733 225 -1723073393
87.760 227 -1723073393
87.787 231 -1723073393
87.813 229 -1723073393
87.840 230 -1723073393
87.867 236 -1723073393
87.893 235 -1723073393
87.920 232 -1723073393
87.947 233 -1723073393
87.973 233 -1723073393
88.000 231 -1723073393
88.027 227 -1723073393
88.053 216 -1723073393
88.080 213 -1723073393
88.107 214 -1723073393
88.133 213 -1723073393
88.160 220 -1723073393
88.187 227 -1723073393
88.213 220 -1723073393
88.240 214 -1723073393
88.267 213 -1723073393
88.293 209 -1723073393
88.320 209 -1723073393
88.347 212 -1723073393
88.373 206 -1723073393
88.400 205 -1723073393
88.427 211 -1723073393
88.453 213 -1723073393
88.480 214 -1723073393
88.507 213 -1723073393
88.533 207 -1723073393
88.560 203 -1723073393
88.587 202 -1723073393
88.613 194 -1723073393
88.640 192 -1723073393
88.667 190 -1723073393
88.693 183 -1723073393
88.720 184 -1723073393
88.747 184 -1723073393
88.773 173 -1723073393
88.800 164 -1723073393
88.827 158 -1723073393
88.853 146 -1723073393
88.880 142 -1723073393
88.907 134 -1723073393
88.933 121 -1723073393
88.960 117 -1723073393
88.987 110 -1723073393
89.013 99 -1723073393
89.040 97 -1723073393
89.067 93 -1723073393
89.093 88 -1723073393
89.120 94 -1723073393
89.147 102 -1723073393
89.173 110 -1723073393
89.200 127 -1723073393
89.227 133 -1723073393
89.253 135 -1723073393
89.280 151 -1723073393
89.307 164 -1723073393
89.333 171 -1723073393
89.360 182 -1723073393
89.387 186 -1723073393
89.413 190 -1723073393
89.440 204 -1723073393
89.467 209 -1723073393
89.493 207 -1723073393
89.520 214 -1723073393
89.547 216 -1723073393
89.573 217 -1723073393
89.600 227 -1723073393
89.627 231 -1723073393
89.653 229 -1723073393
89.680 228 -1723073393
89.707 221 -1723073393
89.733 212 -1723073393
89.760 201 -1723073393
89.787 186 -1723073393
89.813 179 -1723073393
89.840 171 -1723073393
89.867 159 -1723073393
89.893 149 -1723073393
89.920 141 -1723073393
89.947 130 -1723073393
89.973 128 -1723073393
90.000 127 -1723073393
90.027 122 -1723073393
90.053 123 -1723073393
90.080 123 -1723073393
90.107 128 -1723073393
90.133 143 -1723073393
90.160 152 -1723073393
90.187 154 -1723073393
90.213 161 -1723073393
90.240 163 -1723073393
90.267 165 -1723073393
90.293 175 -1723073393
90.320 182 -1723073393
90.347 180 -1723073393
90.373 177 -1723073393
90.400 168 -1723073393
90.427 158 -1723073393
90.453 153 -1723073393
90.480 150 -1723073393
90.507 147 -1723073393
90.533 142 -1723073393
90.560 132 -1723073393
90.587 127 -1723073393
90.613 123 -1723073393
90.640 111 -1723073393
90.667 106 -1723073393
90.693 101 -1723073393
90.720 92 -1723073393
90.747 92 -1723073393
90.773 93 -1723073393
90.800 95 -1723073393
90.827 110 -1723073393
90.853 124 -1723073393
90.880 139 -1723073393
90.907 159 -1723073393
90.933 172 -1723073393
90.960 185 -1723073393
90.987 209 -1723073393
91.013 227 -1723073393
91.040 246 -1723073393
91.067 263 -1723073393
91.093 272 -1723073393
91.120 284 -1723073393
91.147 300 -1723073393
91.173 310 -1723073393
91.200 321 -1723073393
91.227 332 -1723073393
91.253 336 -1723073393
91.280 342 -1723073393
91.307 349 -1723073393
91.333 350 -1723073393
91.360 356 -1723073393
91.387 361 -1723073393
91.413 360 -1723073393
91.440 360 -1723073393
91.467 361 -1723073393
91.493 358 -1723073393
91.520 356 -1723073393
91.547 351 -1723073393
91.573 347 -1723073393
91.600 342 -1723073393
91.627 330 -1723073393
91.653 318 -1723073393
91.680 307 -1723073393
91.707 293 -1723073393
91.733 288 -1723073393
91.760 289 -1723073393
91.787 283 -1723073393
91.813 279 -1723073393
91.840 276 -1723073393
91.867 278 -1723073393
91.893 285 -1723073393
91.920 288 -1723073393
91.947 290 -1723073393
91.973 296 -1723073393
92.000 297 -1723073393
92.027 299 -1723073393
92.053 315 -1723073393
92.080 327 -1723073393
92.107 339 -1723073393
92.133 353 -1723073393
92.160 359 -1723073393
92.187 368 -1723073393
92.213 379 -1723073393
92.240 379 -1723073393
92.267 380 -1723073393
92.293 373 -1723073393
92.320 361 -1723073393
92.347 359 -1723073393
92.373 358 -1723073393
92.400 356 -1723073393
92.427 354 -1723073393
92.453 346 -1723073393
92.480 333 -1723073393
92.507 322 -1723073393
92.533 311 -1723073393
92.560 304 -1723073393
92.587 292 -1723073393
92.613 280 -1723073393
92.640 278 -1723073393
92.667 274 -1723073393
92.693 277 -1723073393
92.720 282 -1723073393
92.747 284 -1723073393
92.773 295 -1723073393
92.800 310 -1723073393
92.827 323 -1723073393
92.853 341 -1723073393
92.880 351 -1723073393
92.907 354 -1723073393
92.933 363 -1723073393
92.960 374 -1723073393
92.987 390 -1723073393
93.013 403 -1723073393
93.040 402 -1723073393
93.067 399 -1723073393
93.093 396 -1723073393
93.120 384 -1723073393
93.147 385 -1723073393
93.173 386 -1723073393
93.200 378 -1723073393
93.227 376 -1723073393
93.253 364 -1723073393
93.280 353 -1723073393
93.307 356 -1723073393
93.333 350 -1723073393
93.360 351 -1723073393
93.387 355 -1723073393
93.413 343 -1723073393
93.440 335 -1723073393
93.467 322 -1723073393
93.493 309 -1723073393
93.520 307 -1723073393
93.547 302 -1723073393
93.573 304 -1723073393
93.600 316 -1723073393
93.627 319 -1723073393
93.653 328 -1723073393
93.680 332 -1723073393
93.707 335 -1723073393
93.733 347 -1723073393
93.760 352 -1723073393
93.787 361 -1723073393
93.813 369 -1723073393
93.840 364 -1723073393
93.867 369 -1723073393
93.893 375 -1723073393
93.920 369 -1723073393
93.947 371 -1723073393
93.973 363 -1723073393
94.000 352 -1723073393
94.027 347 -1723073393
94.053 339 -1723073393
94.080 339 -1723073393
94.107 337 -1723073393
94.133 327 -1723073393
94.160 320 -1723073393
94.187 307 -1723073393
94.213 294 -1723073393
94.240 287 -1723073393
94.267 280 -1723073393
94.293 274 -1723073393
94.320 266 -1723073393
94.347 262 -1723073393
94.373 265 -1723073393
94.400 270 -1723073393
94.427 273 -1723073393
94.453 274 -1723073393
94.480 276 -1723073393
94.507 285 -1723073393
94.533 290 -1723073393
94.560 301 -1723073393
94.587 315 -1723073393
94.613 318 -1723073393
94.640 326 -1723073393
94.667 335 -1723073393
94.693 344 -1723073393
94.720 352 -1723073393
94.747 348 -1723073393
94.773 351 -1723073393
94.800 357 -1723073393
94.827 358 -1723073393
94.853 362 -1723073393
94.880 362 -1723073393
94.907 357 -1723073393
94.933 354 -1723073393
94.960 352 -1723073393
94.987 358 -1723073393
95.013 360 -1723073393
95.040 355 -1723073393
95.067 351 -1723073393
95.093 341 -1723073393
95.120 336 -1723073393
95.147 332 -1723073393
95.173 323 -1723073393
95.200 322 -1723073393
95.227 317 -1723073393
95.253 315 -1723073393
95.280 311 -1723073393
95.307 303 -1723073393
95.333 299 -1723073393
95.360 289 -1723073393
95.387 283 -1723073393
95.413 281 -1723073393
95.440 279 -1723073393
95.467 281 -1723073393
95.493 278 -1723073393
95.520 274 -1723073393
95.547 273 -1723073393
95.573 271 -1723073393
95.600 271 -1723073393
95.627 270 -1723073393
95.653 271 -1723073393
95.680 269 -1723073393
95.707 259 -1723073393
95.733 255 -1723073393
95.760 253 -1723073393
95.787 249 -1723073393
95.813 241 -1723073393
95.840 225 -1723073393
95.867 211 -1723073393
95.893 193 -1723073393
95.920 185 -1723073393
95.947 186 -1723073393
95.973 177 -1723073393
96.000 170 -1723073393
96.027 164 -1723073393
96.053 153 -1723073393
96.080 142 -1723073393
96.107 136 -1723073393
96.133 136 -1723073393
96.160 133 -1723073393
96.187 131 -1723073393
96.213 131 -1723073393
96.240 134 -1723073393
96.267 140 -1723073393
96.293 138 -1723073393
96.320 142 -1723073393
96.347 151 -1723073393
96.373 159 -1723073393
96.400 179 -1723073393
96.427 192 -1723073393
96.453 198 -1723073393
96.480 202 -1723073393
96.507 207 -1723073393
96.533 211 -1723073393
96.560 211 -1723073393
96.587 212 -1723073393
96.613 213 -1723073393
96.640 211 -1723073393
96.667 211 -1723073393
96.693 205 -1723073393
96.720 197 -1723073393
96.747 186 -1723073393
96.773 180 -1723073393
96.800 175 -1723073393
96.827 165 -1723073393
96.853 156 -1723073393
96.880 142 -1723073393
96.907 128 -1723073393
96.933 114 -1723073393
96.960 98 -1723073393
96.987 78 -1723073393
97.013 68 -1723073393
97.040 66 -1723073393
97.067 66 -1723073393
97.093 67 -1723073393
97.120 61 -1723073393
97.147 59 -1723073393
97.173 66 -1723073393
97.200 75 -1723073393
97.227 86 -1723073393
97.253 90 -1723073393
97.280 92 -1723073393
97.307 88 -1723073393
97.333 92 -1723073393
97.360 96 -1723073393
97.387 96 -1723073393
97.413 99 -1723073393
97.440 91 -1723073393
97.467 87 -1723073393
97.493 81 -1723073393
97.520 69 -1723073393
97.547 63 -1723073393
97.573 53 -1723073393
97.600 50 -1723073393
97.627 41 -1723073393
97.653 40 -1723073393
97.680 42 -1723073393
97.707 45 -1723073393
97.733 46 -1723073393
97.760 40 -1723073393
97.787 35 -1723073393
97.813 31 -1723073393
97.840 28 -1723073393
97.867 23 -1723073393
97.893 26 -1723073393
97.920 33 -1723073393
97.947 31 -1723073393
97.973 36 -1723073393
98.000 39 -1723073393
98.027 44 -1723073393
98.053 51 -1723073393
98.080 60 -1723073393
98.107 68 -1723073393
98.133 70 -1723073393
98.160 77 -1723073393
98.187 79 -1723073393
98.213 83 -1723073393
98.240 84 -1723073393
98.267 87 -1723073393
98.293 87 -1723073393
98.320 85 -1723073393
98.347 81 -1723073393
98.373 82 -1723073393
98.400 84 -1723073393
98.427 84 -1723073393
98.453 88 -1723073393
98.480 92 -1723073393
98.507 95 -1723073393
98.533 93 -1723073393
98.560 89 -1723073393
98.587 82 -1723073393
98.613 76 -1723073393
98.640 72 -1723073393
98.667 67 -1723073393
98.693 62 -1723073393
98.720 58 -1723073393
98.747 61 -1723073393
98.773 62 -1723073393
98.800 62 -1723073393
98.827 55 -1723073393
98.853 53 -1723073393
98.880 55 -1723073393
98.907 54 -1723073393
98.933 48 -1723073393
98.960 39 -1723073393
98.987 28 -1723073393
99.013 23 -1723073393
99.040 21 -1723073393
99.067 19 -1723073393
99.093 17 -1723073393
99.120 20 -1723073393
99.147 19 -1723073393
99.173 16 -1723073393
99.200 17 -1723073393
99.227 23 -1723073393
99.253 32 -1723073393
99.280 31 -1723073393
99.307 23 -1723073393
99.333 17 -1723073393
99.360 15 -1723073393
99.387 10 -1723073393
99.413 6 -1723073393
99.440 2 -1723073393
99.467 2 -1723073393
99.493 4 -1723073393
99.520 4 -1723073393
99.547 1 -1723073393
99.573 -5 -1723073393
99.600 -15 -1723073393
99.627 -25 -1723073393
99.653 -33 -1723073393
99.680 -36 -1723073393
99.707 -41 -1723073393
99.733 -47 -1723073393
99.760 -54 -1723073393
99.787 -60 -1723073393
99.813 -66 -1723073393
99.840 -65 -1723073393
99.867 -62 -1723073393
99.893 -54 -1723073393
99.920 -50 -1723073393
99.947 -49 -1723073393
99.973 -46 -1723073393
100.000 0 -1723073393
