0.000 10 -1723073393
0.027 15 -1723073393
0.053 12 -1723073393
0.080 14 -1723073393
0.107 19 -1723073393
0.133 15 -1723073393
0.160 14 -1723073393
0.187 16 -1723073393
0.213 17 -1723073393
0.240 27 -1723073393
0.267 36 -1723073393
0.293 41 -1723073393
0.320 41 -1723073393
0.347 30 -1723073393
0.373 28 -1723073393
0.400 34 -1723073393
0.427 29 -1723073393
0.453 29 -1723073393
0.480 24 -1723073393
0.507 17 -1723073393
0.533 21 -1723073393
0.560 16 -1723073393
0.587 10 -1723073393
0.613 9 -1723073393
0.640 2 -1723073393
0.667 2 -1723073393
0.693 3 -1723073393
0.720 0 -1723073393
0.747 6 -1723073393
0.773 4 -1723073393
0.800 7 -1723073393
0.827 17 -1723073393
0.853 9 -1723073393
0.880 9 -1723073393
0.907 9 -1723073393
0.933 3 -1723073393
0.960 12 -1723073393
0.987 12 -1723073393
1.013 8 -1723073393
1.040 15 -1723073393
1.067 8 -1723073393
1.093 5 -1723073393
1.120 2 -1723073393
1.147 -9 -1723073393
1.173 -10 -1723073393
1.200 -12 -1723073393
1.227 -15 -1723073393
1.253 -6 -1723073393
1.280 -5 -1723073393
1.307 -6 -1723073393
1.333 -1 -1723073393
1.360 -11 -1723073393
1.387 -14 -1723073393
1.413 -12 -1723073393
1.440 -11 -1723073393
1.467 -4 -1723073393
1.493 -3 -1723073393
1.520 -7 -1723073393
1.547 0 -1723073393
1.573 -5 -1723073393
1.600 -12 -1723073393
1.627 -11 -1723073393
1.653 -19 -1723073393
1.680 -17 -1723073393
1.707 -15 -1723073393
1.733 -22 -1723073393
1.760 -19 -1723073393
1.787 -25 -1723073393
1.813 -27 -1723073393
1.840 -23 -1723073393
1.867 -26 -1723073393
1.893 -18 -1723073393
1.920 -13 -1723073393
1.947 -18 -1723073393
1.973 -15 -1723073393
2.000 -15 -1723073393
2.027 -14 -1723073393
2.053 -6 -1723073393
2.080 -9 -1723073393
2.107 -9 -1723073393
2.133 -5 -1723073393
2.160 -10 -1723073393
2.187 -11 -1723073393
2.213 -12 -1723073393
2.240 -12 -1723073393
2.267 -3 -1723073393
2.293 -5 -1723073393
2.320 -6 -1723073393
2.347 -1 -1723073393
2.373 -6 -1723073393
2.400 -7 -1723073393
2.427 -7 -1723073393
2.453 -12 -1723073393
2.480 -7 -1723073393
2.507 -9 -1723073393
2.533 -17 -1723073393
2.560 -20 -1723073393
2.587 -28 -1723073393
2.613 -29 -1723073393
2.640 -23 -1723073393
2.667 -19 -1723073393
2.693 -13 -1723073393
2.720 -12 -1723073393
2.747 -18 -1723073393
2.773 -15 -1723073393
2.800 -22 -1723073393
2.827 -30 -1723073393
2.853 -30 -1723073393
2.880 -36 -1723073393
2.907 -38 -1723073393
2.933 -35 -1723073393
2.960 -39 -1723073393
2.987 -35 -1723073393
3.013 -37 -1723073393
3.040 -43 -1723073393
3.067 -36 -1723073393
3.093 -34 -1723073393
3.120 -29 -1723073393
3.147 -19 -1723073393
3.173 -18 -1723073393
3.200 -11 -1723073393
3.227 -9 -1723073393
3.253 -19 -1723073393
3.280 -15 -1723073393
3.307 -19 -1723073393
3.333 -26 -1723073393
3.360 -25 -1723073393
3.387 -29 -1723073393
3.413 -22 -1723073393
3.440 -16 -1723073393
3.467 -21 -1723073393
3.493 -16 -1723073393
3.520 -17 -1723073393
3.547 -24 -1723073393
3.573 -29 -1723073393
3.600 -40 -1723073393
3.627 -42 -1723073393
3.653 -30 -1723073393
3.680 -28 -1723073393
3.707 -14 -1723073393
3.733 0 -1723073393
3.760 0 -1723073393
3.787 5 -1723073393
3.813 5 -1723073393
3.840 -3 -1723073393
3.867 -4 -1723073393
3.893 -12 -1723073393
3.920 -18 -1723073393
3.947 -20 -1723073393
3.973 -30 -1723073393
4.000 -30 -1723073393
4.027 -25 -1723073393
4.053 -25 -1723073393
4.080 -21 -1723073393
4.107 -25 -1723073393
4.133 -30 -1723073393
4.160 -25 -1723073393
4.187 -33 -1723073393
4.213 -32 -1723073393
4.240 -21 -1723073393
4.267 -18 -1723073393
4.293 -12 -1723073393
4.320 -12 -1723073393
4.347 -18 -1723073393
4.373 -9 -1723073393
4.400 -8 -1723073393
4.427 -9 -1723073393
4.453 -3 -1723073393
4.480 -10 -1723073393
4.507 -13 -1723073393
4.533 -13 -1723073393
4.560 -20 -1723073393
4.587 -15 -1723073393
4.613 -15 -1723073393
4.640 -25 -1723073393
4.667 -26 -1723073393
4.693 -28 -1723073393
4.720 -26 -1723073393
4.747 -17 -1723073393
4.773 -14 -1723073393
4.800 -13 -1723073393
4.827 -15 -1723073393
4.853 -21 -1723073393
4.880 -20 -1723073393
4.907 -22 -1723073393
4.933 -19 -1723073393
4.960 -7 -1723073393
4.987 -2 -1723073393
5.013 2 -1723073393
5.040 4 -1723073393
5.067 -1 -1723073393
5.093 -3 -1723073393
5.120 -5 -1723073393
5.147 -16 -1723073393
5.173 -19 -1723073393
5.200 -17 -1723073393
5.227 -14 -1723073393
5.253 -7 -1723073393
5.280 -10 -1723073393
5.307 -16 -1723073393
5.333 -22 -1723073393
5.360 -32 -1723073393
5.387 -34 -1723073393
5.413 -28 -1723073393
5.440 -25 -1723073393
5.467 -21 -1723073393
5.493 -23 -1723073393
5.520 -25 -1723073393
5.547 -25 -1723073393
5.573 -28 -1723073393
5.600 -24 -1723073393
5.627 -11 -1723073393
5.653 -4 -1723073393
5.680 0 -1723073393
5.707 -1 -1723073393
5.733 -6 -1723073393
5.760 -3 -1723073393
5.787 -5 -1723073393
5.813 -8 -1723073393
5.840 -4 -1723073393
5.867 -8 -1723073393
5.893 -11 -1723073393
5.920 -10 -1723073393
5.947 -15 -1723073393
5.973 -20 -1723073393
6.000 -20 -1723073393
6.027 -18 -1723073393
6.053 -13 -1723073393
6.080 -9 -1723073393
6.107 -11 -1723073393
6.133 -13 -1723073393
6.160 -14 -1723073393
6.187 -13 -1723073393
6.213 -9 -1723073393
6.240 -8 -1723073393
6.267 -7 -1723073393
6.293 -11 -1723073393
6.320 -17 -1723073393
6.347 -19 -1723073393
6.373 -22 -1723073393
6.400 -22 -1723073393
6.427 -28 -1723073393
6.453 -35 -1723073393
6.480 -34 -1723073393
6.507 -33 -1723073393
6.533 -31 -1723073393
6.560 -28 -1723073393
6.587 -25 -1723073393
6.613 -18 -1723073393
6.640 -10 -1723073393
6.667 -8 -1723073393
6.693 -7 -1723073393
6.720 0 -1723073393
6.747 5 -1723073393
6.773 7 -1723073393
6.800 6 -1723073393
6.827 0 -1723073393
6.853 -8 -1723073393
6.880 -17 -1723073393
6.907 -20 -1723073393
6.933 -23 -1723073393
6.960 -22 -1723073393
6.987 -19 -1723073393
7.013 -19 -1723073393
7.040 -18 -1723073393
7.067 -22 -1723073393
7.093 -29 -1723073393
7.120 -26 -1723073393
7.147 -22 -1723073393
7.173 -20 -1723073393
7.200 -18 -1723073393
7.227 -19 -1723073393
7.253 -21 -1723073393
7.280 -22 -1723073393
7.307 -28 -1723073393
7.333 -30 -1723073393
7.360 -26 -1723073393
7.387 -24 -1723073393
7.413 -23 -1723073393
7.440 -20 -1723073393
7.467 -21 -1723073393
7.493 -24 -1723073393
7.520 -31 -1723073393
7.547 -37 -1723073393
7.573 -31 -1723073393
7.600 -23 -1723073393
7.627 -21 -1723073393
7.653 -18 -1723073393
7.680 -22 -1723073393
7.707 -24 -1723073393
7.733 -26 -1723073393
7.760 -29 -1723073393
7.787 -24 -1723073393
7.813 -20 -1723073393
7.840 -25 -1723073393
7.867 -26 -1723073393
7.893 -28 -1723073393
7.920 -32 -1723073393
7.947 -33 -1723073393
7.973 -37 -1723073393
8.000 -46 -1723073393
8.027 -50 -1723073393
8.053 -55 -1723073393
8.080 -56 -1723073393
8.107 -56 -1723073393
8.133 -57 -1723073393
8.160 -49 -1723073393
8.187 -48 -1723073393
8.213 -46 -1723073393
8.240 -39 -1723073393
8.267 -40 -1723073393
8.293 -38 -1723073393
8.320 -31 -1723073393
8.347 -32 -1723073393
8.373 -30 -1723073393
8.400 -30 -1723073393
8.427 -33 -1723073393
8.453 -25 -1723073393
8.480 -22 -1723073393
8.507 -25 -1723073393
8.533 -18 -1723073393
8.560 -14 -1723073393
8.587 -15 -1723073393
8.613 -8 -1723073393
8.640 -6 -1723073393
8.667 -5 -1723073393
8.693 -4 -1723073393
8.720 -12 -1723073393
8.747 -16 -1723073393
8.773 -19 -1723073393
8.800 -20 -1723073393
8.827 -13 -1723073393
8.853 -9 -1723073393
8.880 -6 -1723073393
8.907 -4 -1723073393
8.933 -10 -1723073393
8.960 -12 -1723073393
8.987 -11 -1723073393
9.013 -18 -1723073393
9.040 -20 -1723073393
9.067 -23 -1723073393
9.093 -29 -1723073393
9.120 -31 -1723073393
9.147 -34 -1723073393
9.173 -34 -1723073393
9.200 -29 -1723073393
9.227 -28 -1723073393
9.253 -25 -1723073393
9.280 -22 -1723073393
9.307 -27 -1723073393
9.333 -31 -1723073393
9.360 -32 -1723073393
9.387 -34 -1723073393
9.413 -34 -1723073393
9.440 -37 -1723073393
9.467 -39 -1723073393
9.493 -36 -1723073393
9.520 -40 -1723073393
9.547 -38 -1723073393
9.573 -32 -1723073393
9.600 -32 -1723073393
9.627 -29 -1723073393
9.653 -25 -1723073393
9.680 -29 -1723073393
9.707 -24 -1723073393
9.733 -24 -1723073393
9.760 -32 -1723073393
9.787 -26 -1723073393
9.813 -24 -1723073393
9.840 -27 -1723073393
9.867 -31 -1723073393
9.893 -38 -1723073393
9.920 -39 -1723073393
9.947 -35 -1723073393
9.973 -42 -1723073393
10.000 -47 -1723073393
10.027 -48 -1723073393
10.053 -55 -1723073393
10.080 -48 -1723073393
10.107 -39 -1723073393
10.133 -34 -1723073393
10.160 -22 -1723073393
10.187 -17 -1723073393
10.213 -12 -1723073393
10.240 -2 -1723073393
10.267 0 -1723073393
10.293 8 -1723073393
10.320 26 -1723073393
10.347 39 -1723073393
10.373 57 -1723073393
10.400 78 -1723073393
10.427 92 -1723073393
10.453 112 -1723073393
10.480 128 -1723073393
10.507 145 -1723073393
10.533 171 -1723073393
10.560 187 -1723073393
10.587 193 -1723073393
10.613 200 -1723073393
10.640 199 -1723073393
10.667 199 -1723073393
10.693 194 -1723073393
10.720 182 -1723073393
10.747 172 -1723073393
10.773 159 -1723073393
10.800 139 -1723073393
10.827 127 -1723073393
10.853 108 -1723073393
10.880 81 -1723073393
10.907 57 -1723073393
10.933 30 -1723073393
10.960 1 -1723073393
10.987 -19 -1723073393
11.013 -41 -1723073393
11.040 -59 -1723073393
11.067 -70 -1723073393
11.093 -84 -1723073393
11.120 -93 -1723073393
11.147 -94 -1723073393
11.173 -96 -1723073393
11.200 -92 -1723073393
11.227 -89 -1723073393
11.253 -93 -1723073393
11.280 -89 -1723073393
11.307 -87 -1723073393
11.333 -95 -1723073393
11.360 -94 -1723073393
11.387 -95 -1723073393
11.413 -95 -1723073393
11.440 -88 -1723073393
11.467 -91 -1723073393
11.493 -94 -1723073393
11.520 -95 -1723073393
11.547 -106 -1723073393
11.573 -109 -1723073393
11.600 -108 -1723073393
11.627 -106 -1723073393
11.653 -96 -1723073393
11.680 -92 -1723073393
11.707 -88 -1723073393
11.733 -76 -1723073393
11.760 -68 -1723073393
11.787 -58 -1723073393
11.813 -35 -1723073393
11.840 -21 -1723073393
11.867 -5 -1723073393
11.893 20 -1723073393
11.920 40 -1723073393
11.947 60 -1723073393
11.973 75 -1723073393
12.000 83 -1723073393
12.027 97 -1723073393
12.053 106 -1723073393
12.080 108 -1723073393
12.107 111 -1723073393
12.133 111 -1723073393
12.160 116 -1723073393
12.187 127 -1723073393
12.213 131 -1723073393
12.240 137 -1723073393
12.267 144 -1723073393
12.293 148 -1723073393
12.320 161 -1723073393
12.347 183 -1723073393
12.373 204 -1723073393
12.400 228 -1723073393
12.427 249 -1723073393
12.453 264 -1723073393
12.480 282 -1723073393
12.507 293 -1723073393
12.533 293 -1723073393
12.560 293 -1723073393
12.587 289 -1723073393
12.613 275 -1723073393
12.640 255 -1723073393
12.667 233 -1723073393
12.693 206 -1723073393
12.720 175 -1723073393
12.747 146 -1723073393
12.773 114 -1723073393
12.800 81 -1723073393
12.827 39 -1723073393
12.853 -1 -1723073393
12.880 -36 -1723073393
12.907 -75 -1723073393
12.933 -103 -1723073393
12.960 -129 -1723073393
12.987 -156 -1723073393
13.013 -165 -1723073393
13.040 -180 -1723073393
13.067 -196 -1723073393
13.093 -195 -1723073393
13.120 -197 -1723073393
13.147 -195 -1723073393
13.173 -187 -1723073393
13.200 -190 -1723073393
13.227 -181 -1723073393
13.253 -163 -1723073393
13.280 -160 -1723073393
13.307 -147 -1723073393
13.333 -126 -1723073393
13.360 -119 -1723073393
13.387 -101 -1723073393
13.413 -89 -1723073393
13.440 -91 -1723073393
13.467 -77 -1723073393
13.493 -62 -1723073393
13.520 -53 -1723073393
13.547 -35 -1723073393
13.573 -31 -1723073393
13.600 -27 -1723073393
13.627 -8 -1723073393
13.653 1 -1723073393
13.680 14 -1723073393
13.707 33 -1723073393
13.733 41 -1723073393
13.760 55 -1723073393
13.787 73 -1723073393
13.813 83 -1723073393
13.840 96 -1723073393
13.867 103 -1723073393
13.893 98 -1723073393
13.920 90 -1723073393
13.947 73 -1723073393
13.973 45 -1723073393
14.000 19 -1723073393
14.027 -9 -1723073393
14.053 -43 -1723073393
14.080 -73 -1723073393
14.107 -114 -1723073393
14.133 -156 -1723073393
14.160 -192 -1723073393
14.187 -234 -1723073393
14.213 -264 -1723073393
14.240 -288 -1723073393
14.267 -322 -1723073393
14.293 -339 -1723073393
14.320 -352 -1723073393
14.347 -378 -1723073393
14.373 -380 -1723073393
14.400 -385 -1723073393
14.427 -397 -1723073393
14.453 -389 -1723073393
14.480 -390 -1723073393
14.507 -393 -1723073393
14.533 -378 -1723073393
14.560 -379 -1723073393
14.587 -377 -1723073393
14.613 -367 -1723073393
14.640 -373 -1723073393
14.667 -375 -1723073393
14.693 -369 -1723073393
14.720 -380 -1723073393
14.747 -381 -1723073393
14.773 -381 -1723073393
14.800 -395 -1723073393
14.827 -397 -1723073393
14.853 -405 -1723073393
14.880 -422 -1723073393
14.907 -421 -1723073393
14.933 -426 -1723073393
14.960 -437 -1723073393
14.987 -432 -1723073393
15.013 -436 -1723073393
15.040 -439 -1723073393
15.067 -426 -1723073393
15.093 -423 -1723073393
15.120 -417 -1723073393
15.147 -402 -1723073393
15.173 -403 -1723073393
15.200 -399 -1723073393
15.227 -387 -1723073393
15.253 -395 -1723073393
15.280 -393 -1723073393
15.307 -393 -1723073393
15.333 -414 -1723073393
15.360 -423 -1723073393
15.387 -434 -1723073393
15.413 -457 -1723073393
15.440 -465 -1723073393
15.467 -483 -1723073393
15.493 -517 -1723073393
15.520 -540 -1723073393
15.547 -570 -1723073393
15.573 -601 -1723073393
15.600 -619 -1723073393
15.627 -652 -1723073393
15.653 -688 -1723073393
15.680 -710 -1723073393
15.707 -747 -1723073393
15.733 -772 -1723073393
15.760 -786 -1723073393
15.787 -820 -1723073393
15.813 -841 -1723073393
15.840 -856 -1723073393
15.867 -891 -1723073393
15.893 -909 -1723073393
15.920 -927 -1723073393
15.947 -963 -1723073393
15.973 -977 -1723073393
16.000 -996 -1723073393
16.027 -1031 -1723073393
16.053 -1039 -1723073393
16.080 -1065 -1723073393
16.107 -1104 -1723073393
16.133 -1110 -1723073393
16.160 -1130 -1723073393
16.187 -1142 -1723073393
16.213 -1121 -1723073393
16.240 -1111 -1723073393
16.267 -1080 -1723073393
16.293 -1006 -1723073393
16.320 -927 -1723073393
16.347 -803 -1723073393
16.373 -622 -1723073393
16.400 -423 -1723073393
16.427 -154 -1723073393
16.453 188 -1723073393
16.480 564 -1723073393
16.507 1025 -1723073393
16.533 1553 -1723073393
16.560 2125 -1723073393
16.587 2759 -1723073393
16.613 3428 -1723073393
16.640 4119 -1723073393
16.667 4788 -1723073393
16.693 5463 -1723073393
16.720 6104 -1723073393
16.747 6595 -1723073393
16.773 7038 -1723073393
16.800 7366 -1723073393
16.827 7446 -1723073393
16.853 7465 -1723073393
16.880 7312 -1723073393
16.907 6891 -1723073393
16.933 6455 -1723073393
16.960 5841 -1723073393
16.987 5000 -1723073393
17.013 4228 -1723073393
17.040 3350 -1723073393
17.067 2375 -1723073393
17.093 1505 -1723073393
17.120 606 -1723073393
17.147 -264 -1723073393
17.173 -1005 -1723073393
17.200 -1686 -1723073393
17.227 -2304 -1723073393
17.253 -2824 -1723073393
17.280 -3223 -1723073393
17.307 -3559 -1723073393
17.333 -3830 -1723073393
17.360 -3974 -1723073393
17.387 -4103 -1723073393
17.413 -4198 -1723073393
17.440 -4178 -1723073393
17.467 -4188 -1723073393
17.493 -4201 -1723073393
17.520 -4133 -1723073393
17.547 -4126 -1723073393
17.573 -4118 -1723073393
17.600 -4053 -1723073393
17.627 -4063 -1723073393
17.653 -4057 -1723073393
17.680 -4005 -1723073393
17.707 -4033 -1723073393
17.733 -4026 -1723073393
17.760 -3979 -1723073393
17.787 -4003 -1723073393
17.813 -3967 -1723073393
17.840 -3887 -1723073393
17.867 -3854 -1723073393
17.893 -3728 -1723073393
17.920 -3553 -1723073393
17.947 -3405 -1723073393
17.973 -3148 -1723073393
18.000 -2852 -1723073393
18.027 -2558 -1723073393
18.053 -2143 -1723073393
18.080 -1709 -1723073393
18.107 -1267 -1723073393
18.133 -717 -1723073393
18.160 -135 -1723073393
18.187 479 -1723073393
18.213 1174 -1723073393
18.240 1914 -1723073393
18.267 2702 -1723073393
18.293 3581 -1723073393
18.320 4553 -1723073393
18.347 5555 -1723073393
18.373 6621 -1723073393
18.400 7797 -1723073393
18.427 9008 -1723073393
18.453 10248 -1723073393
18.480 11559 -1723073393
18.507 12795 -1723073393
18.533 13963 -1723073393
18.560 15197 -1723073393
18.587 16194 -1723073393
18.613 16975 -1723073393
18.640 17749 -1723073393
18.667 18106 -1723073393
18.693 18200 -1723073393
18.720 18257 -1723073393
18.747 17795 -1723073393
18.773 17098 -1723073393
18.800 16393 -1723073393
18.827 15161 -1723073393
18.853 13786 -1723073393
18.880 12491 -1723073393
18.907 10801 -1723073393
18.933 9134 -1723073393
18.960 7580 -1723073393
18.987 5788 -1723073393
19.013 4167 -1723073393
19.040 2707 -1723073393
19.067 1196 -1723073393
19.093 -139 -1723073393
19.120 -1317 -1723073393
19.147 -2395 -1723073393
19.173 -3311 -1723073393
19.200 -4067 -1723073393
19.227 -4704 -1723073393
19.253 -5262 -1723073393
19.280 -5672 -1723073393
19.307 -5962 -1723073393
19.333 -6237 -1723073393
19.360 -6389 -1723073393
19.387 -6441 -1723073393
19.413 -6538 -1723073393
19.440 -6528 -1723073393
19.467 -6452 -1723073393
19.493 -6458 -1723073393
19.520 -6376 -1723073393
19.547 -6266 -1723073393
19.573 -6250 -1723073393
19.600 -6149 -1723073393
19.627 -6043 -1723073393
19.653 -6018 -1723073393
19.680 -5894 -1723073393
19.707 -5775 -1723073393
19.733 -5722 -1723073393
19.760 -5562 -1723073393
19.787 -5419 -1723073393
19.813 -5325 -1723073393
19.840 -5128 -1723073393
19.867 -4961 -1723073393
19.893 -4827 -1723073393
19.920 -4605 -1723073393
19.947 -4445 -1723073393
19.973 -4322 -1723073393
20.000 -4147 -1723073393
20.027 -4058 -1723073393
20.053 -4016 -1723073393
20.080 -3964 -1723073393
20.107 -4028 -1723073393
20.133 -4154 -1723073393
20.160 -4302 -1723073393
20.187 -4577 -1723073393
20.213 -4889 -1723073393
20.240 -5222 -1723073393
20.267 -5658 -1723073393
20.293 -6089 -1723073393
20.320 -6516 -1723073393
20.347 -7010 -1723073393
20.373 -7434 -1723073393
20.400 -7795 -1723073393
20.427 -8186 -1723073393
20.453 -8431 -1723073393
20.480 -8572 -1723073393
20.507 -8716 -1723073393
20.533 -8659 -1723073393
20.560 -8499 -1723073393
20.587 -8349 -1723073393
20.613 -7988 -1723073393
20.640 -7560 -1723073393
20.667 -7176 -1723073393
20.693 -6610 -1723073393
20.720 -6026 -1723073393
20.747 -5523 -1723073393
20.773 -4904 -1723073393
20.800 -4328 -1723073393
20.827 -3836 -1723073393
20.853 -3274 -1723073393
20.880 -2792 -1723073393
20.907 -2389 -1723073393
20.933 -1965 -1723073393
20.960 -1608 -1723073393
20.987 -1297 -1723073393
21.013 -984 -1723073393
21.040 -735 -1723073393
21.067 -520 -1723073393
21.093 -301 -1723073393
21.120 -122 -1723073393
21.147 31 -1723073393
21.173 181 -1723073393
21.200 308 -1723073393
21.227 418 -1723073393
21.253 523 -1723073393
21.280 612 -1723073393
21.307 693 -1723073393
21.333 768 -1723073393
21.360 832 -1723073393
21.387 882 -1723073393
21.413 921 -1723073393
21.440 961 -1723073393
21.467 991 -1723073393
21.493 1016 -1723073393
21.520 1046 -1723073393
21.547 1062 -1723073393
21.573 1069 -1723073393
21.600 1082 -1723073393
21.627 1090 -1723073393
21.653 1102 -1723073393
21.680 1125 -1723073393
21.707 1136 -1723073393
21.733 1146 -1723073393
21.760 1170 -1723073393
21.787 1188 -1723073393
21.813 1208 -1723073393
21.840 1238 -1723073393
21.867 1258 -1723073393
21.893 1282 -1723073393
21.920 1317 -1723073393
21.947 1339 -1723073393
21.973 1360 -1723073393
22.000 1388 -1723073393
22.027 1409 -1723073393
22.053 1444 -1723073393
22.080 1488 -1723073393
22.107 1526 -1723073393
22.133 1584 -1723073393
22.160 1654 -1723073393
22.187 1719 -1723073393
22.213 1807 -1723073393
22.240 1910 -1723073393
22.267 2008 -1723073393
22.293 2122 -1723073393
22.320 2242 -1723073393
22.347 2349 -1723073393
22.373 2472 -1723073393
22.400 2577 -1723073393
22.427 2645 -1723073393
22.453 2717 -1723073393
22.480 2751 -1723073393
22.507 2741 -1723073393
22.533 2731 -1723073393
22.560 2677 -1723073393
22.587 2579 -1723073393
22.613 2488 -1723073393
22.640 2354 -1723073393
22.667 2190 -1723073393
22.693 2046 -1723073393
22.720 1874 -1723073393
22.747 1690 -1723073393
22.773 1539 -1723073393
22.800 1380 -1723073393
22.827 1227 -1723073393
22.853 1114 -1723073393
22.880 1011 -1723073393
22.907 926 -1723073393
22.933 870 -1723073393
22.960 826 -1723073393
22.987 804 -1723073393
23.013 806 -1723073393
23.040 814 -1723073393
23.067 830 -1723073393
23.093 855 -1723073393
23.120 873 -1723073393
23.147 888 -1723073393
23.173 912 -1723073393
23.200 934 -1723073393
23.227 954 -1723073393
23.253 980 -1723073393
23.280 998 -1723073393
23.307 1009 -1723073393
23.333 1017 -1723073393
23.360 1015 -1723073393
23.387 1011 -1723073393
23.413 1003 -1723073393
23.440 980 -1723073393
23.467 956 -1723073393
23.493 934 -1723073393
23.520 897 -1723073393
23.547 856 -1723073393
23.573 817 -1723073393
23.600 770 -1723073393
23.627 724 -1723073393
23.653 680 -1723073393
23.680 631 -1723073393
23.707 585 -1723073393
23.733 539 -1723073393
23.760 482 -1723073393
23.787 426 -1723073393
23.813 375 -1723073393
23.840 321 -1723073393
23.867 265 -1723073393
23.893 211 -1723073393
23.920 152 -1723073393
23.947 97 -1723073393
23.973 51 -1723073393
24.000 13 -1723073393
24.027 -16 -1723073393
24.053 -35 -1723073393
24.080 -45 -1723073393
24.107 -44 -1723073393
24.133 -30 -1723073393
24.160 -7 -1723073393
24.187 18 -1723073393
24.213 49 -1723073393
24.240 83 -1723073393
24.267 112 -1723073393
24.293 139 -1723073393
24.320 168 -1723073393
24.347 192 -1723073393
24.373 215 -1723073393
24.400 240 -1723073393
24.427 266 -1723073393
24.453 294 -1723073393
24.480 330 -1723073393
24.507 370 -1723073393
24.533 416 -1723073393
24.560 472 -1723073393
24.587 528 -1723073393
24.613 586 -1723073393
24.640 648 -1723073393
24.667 706 -1723073393
24.693 758 -1723073393
24.720 806 -1723073393
24.747 847 -1723073393
24.773 881 -1723073393
24.800 903 -1723073393
24.827 913 -1723073393
24.853 901 -1723073393
24.880 872 -1723073393
24.907 838 -1723073393
24.933 789 -1723073393
24.960 722 -1723073393
24.987 645 -1723073393
25.013 556 -1723073393
25.040 461 -1723073393
25.067 372 -1723073393
25.093 288 -1723073393
25.120 214 -1723073393
25.147 158 -1723073393
25.173 115 -1723073393
25.200 81 -1723073393
25.227 59 -1723073393
25.253 47 -1723073393
25.280 41 -1723073393
25.307 43 -1723073393
25.333 57 -1723073393
25.360 72 -1723073393
25.387 83 -1723073393
25.413 103 -1723073393
25.440 121 -1723073393
25.467 130 -1723073393
25.493 139 -1723073393
25.520 140 -1723073393
25.547 128 -1723073393
25.573 111 -1723073393
25.600 87 -1723073393
25.627 57 -1723073393
25.653 30 -1723073393
25.680 -2 -1723073393
25.707 -42 -1723073393
25.733 -81 -1723073393
25.760 -125 -1723073393
25.787 -165 -1723073393
25.813 -193 -1723073393
25.840 -213 -1723073393
25.867 -217 -1723073393
25.893 -200 -1723073393
25.920 -171 -1723073393
25.947 -132 -1723073393
25.973 -78 -1723073393
26.000 -22 -1723073393
26.027 34 -1723073393
26.053 101 -1723073393
26.080 166 -1723073393
26.107 226 -1723073393
26.133 284 -1723073393
26.160 334 -1723073393
26.187 375 -1723073393
26.213 412 -1723073393
26.240 438 -1723073393
26.267 450 -1723073393
26.293 451 -1723073393
26.320 442 -1723073393
26.347 420 -1723073393
26.373 388 -1723073393
26.400 348 -1723073393
26.427 302 -1723073393
26.453 246 -1723073393
26.480 187 -1723073393
26.507 134 -1723073393
26.533 83 -1723073393
26.560 28 -1723073393
26.587 -15 -1723073393
26.613 -44 -1723073393
26.640 -71 -1723073393
26.667 -90 -1723073393
26.693 -94 -1723073393
26.720 -101 -1723073393
26.747 -110 -1723073393
26.773 -109 -1723073393
26.800 -118 -1723073393
26.827 -134 -1723073393
26.853 -139 -1723073393
26.880 -153 -1723073393
26.907 -175 -1723073393
26.933 -185 -1723073393
26.960 -200 -1723073393
26.987 -217 -1723073393
27.013 -218 -1723073393
27.040 -218 -1723073393
27.067 -222 -1723073393
27.093 -209 -1723073393
27.120 -193 -1723073393
27.147 -178 -1723073393
27.173 -148 -1723073393
27.200 -119 -1723073393
27.227 -102 -1723073393
27.253 -82 -1723073393
27.280 -70 -1723073393
27.307 -69 -1723073393
27.333 -62 -1723073393
27.360 -58 -1723073393
27.387 -66 -1723073393
27.413 -68 -1723073393
27.440 -68 -1723073393
27.467 -76 -1723073393
27.493 -82 -1723073393
27.520 -87 -1723073393
27.547 -97 -1723073393
27.573 -105 -1723073393
27.600 -118 -1723073393
27.627 -137 -1723073393
27.653 -150 -1723073393
27.680 -162 -1723073393
27.707 -179 -1723073393
27.733 -192 -1723073393
27.760 -202 -1723073393
27.787 -215 -1723073393
27.813 -215 -1723073393
27.840 -215 -1723073393
27.867 -226 -1723073393
27.893 -221 -1723073393
27.920 -206 -1723073393
27.947 -191 -1723073393
27.973 -157 -1723073393
28.000 -118 -1723073393
28.027 -85 -1723073393
28.053 -40 -1723073393
28.080 6 -1723073393
28.107 44 -1723073393
28.133 89 -1723073393
28.160 138 -1723073393
28.187 172 -1723073393
28.213 208 -1723073393
28.240 243 -1723073393
28.267 268 -1723073393
28.293 294 -1723073393
28.320 322 -1723073393
28.347 341 -1723073393
28.373 358 -1723073393
28.400 371 -1723073393
28.427 376 -1723073393
28.453 377 -1723073393
28.480 370 -1723073393
28.507 351 -1723073393
28.533 328 -1723073393
28.560 298 -1723073393
28.587 260 -1723073393
28.613 224 -1723073393
28.640 185 -1723073393
28.667 146 -1723073393
28.693 112 -1723073393
28.720 76 -1723073393
28.747 38 -1723073393
28.773 6 -1723073393
28.800 -18 -1723073393
28.827 -40 -1723073393
28.853 -52 -1723073393
28.880 -53 -1723073393
28.907 -48 -1723073393
28.933 -31 -1723073393
28.960 -4 -1723073393
28.987 19 -1723073393
29.013 44 -1723073393
29.040 74 -1723073393
29.067 97 -1723073393
29.093 112 -1723073393
29.120 129 -1723073393
29.147 141 -1723073393
29.173 146 -1723073393
29.200 145 -1723073393
29.227 135 -1723073393
29.253 113 -1723073393
29.280 85 -1723073393
29.307 54 -1723073393
29.333 21 -1723073393
29.360 -8 -1723073393
29.387 -42 -1723073393
29.413 -81 -1723073393
29.440 -111 -1723073393
29.467 -136 -1723073393
29.493 -162 -1723073393
29.520 -173 -1723073393
29.547 -183 -1723073393
29.573 -191 -1723073393
29.600 -181 -1723073393
29.627 -164 -1723073393
29.653 -146 -1723073393
29.680 -114 -1723073393
29.707 -76 -1723073393
29.733 -38 -1723073393
29.760 15 -1723073393
29.787 68 -1723073393
29.813 109 -1723073393
29.840 153 -1723073393
29.867 189 -1723073393
29.893 217 -1723073393
29.920 248 -1723073393
29.947 272 -1723073393
29.973 282 -1723073393
30.000 290 -1723073393
30.027 294 -1723073393
30.053 291 -1723073393
30.080 292 -1723073393
30.107 299 -1723073393
30.133 301 -1723073393
30.160 302 -1723073393
30.187 310 -1723073393
30.213 313 -1723073393
30.240 318 -1723073393
30.267 325 -1723073393
30.293 321 -1723073393
30.320 309 -1723073393
30.347 292 -1723073393
30.373 265 -1723073393
30.400 234 -1723073393
30.427 206 -1723073393
30.453 168 -1723073393
30.480 127 -1723073393
30.507 86 -1723073393
30.533 34 -1723073393
30.560 -16 -1723073393
30.587 -61 -1723073393
30.613 -106 -1723073393
30.640 -143 -1723073393
30.667 -164 -1723073393
30.693 -184 -1723073393
30.720 -188 -1723073393
30.747 -175 -1723073393
30.773 -167 -1723073393
30.800 -147 -1723073393
30.827 -100 -1723073393
30.853 -52 -1723073393
30.880 0 -1723073393
30.907 66 -1723073393
30.933 123 -1723073393
30.960 172 -1723073393
30.987 227 -1723073393
31.013 264 -1723073393
31.040 280 -1723073393
31.067 290 -1723073393
31.093 285 -1723073393
31.120 259 -1723073393
31.147 226 -1723073393
31.173 180 -1723073393
31.200 120 -1723073393
31.227 57 -1723073393
31.253 -10 -1723073393
31.280 -77 -1723073393
31.307 -131 -1723073393
31.333 -181 -1723073393
31.360 -223 -1723073393
31.387 -242 -1723073393
31.413 -252 -1723073393
31.440 -263 -1723073393
31.467 -250 -1723073393
31.493 -223 -1723073393
31.520 -204 -1723073393
31.547 -165 -1723073393
31.573 -109 -1723073393
31.600 -68 -1723073393
31.627 -11 -1723073393
31.653 57 -1723073393
31.680 102 -1723073393
31.707 148 -1723073393
31.733 194 -1723073393
31.760 221 -1723073393
31.787 247 -1723073393
31.813 277 -1723073393
31.840 293 -1723073393
31.867 304 -1723073393
31.893 314 -1723073393
31.920 315 -1723073393
31.947 312 -1723073393
31.973 310 -1723073393
32.000 301 -1723073393
32.027 289 -1723073393
32.053 281 -1723073393
32.080 265 -1723073393
32.107 240 -1723073393
32.133 217 -1723073393
32.160 187 -1723073393
32.187 152 -1723073393
32.213 119 -1723073393
32.240 81 -1723073393
32.267 39 -1723073393
32.293 0 -1723073393
32.320 -40 -1723073393
32.347 -76 -1723073393
32.373 -98 -1723073393
32.400 -117 -1723073393
32.427 -134 -1723073393
32.453 -128 -1723073393
32.480 -110 -1723073393
32.507 -93 -1723073393
32.533 -50 -1723073393
32.560 1 -1723073393
32.587 40 -1723073393
32.613 92 -1723073393
32.640 153 -1723073393
32.667 200 -1723073393
32.693 247 -1723073393
32.720 293 -1723073393
32.747 314 -1723073393
32.773 320 -1723073393
32.800 322 -1723073393
32.827 305 -1723073393
32.853 267 -1723073393
32.880 214 -1723073393
32.907 143 -1723073393
32.933 63 -1723073393
32.960 -19 -1723073393
32.987 -111 -1723073393
33.013 -199 -1723073393
33.040 -276 -1723073393
33.067 -351 -1723073393
33.093 -407 -1723073393
33.120 -426 -1723073393
33.147 -437 -1723073393
33.173 -432 -1723073393
33.200 -390 -1723073393
33.227 -339 -1723073393
33.253 -282 -1723073393
33.280 -197 -1723073393
33.307 -113 -1723073393
33.333 -36 -1723073393
33.360 61 -1723073393
33.387 155 -1723073393
33.413 224 -1723073393
33.440 294 -1723073393
33.467 357 -1723073393
33.493 403 -1723073393
33.520 440 -1723073393
33.547 468 -1723073393
33.573 483 -1723073393
33.600 489 -1723073393
33.627 493 -1723073393
33.653 492 -1723073393
33.680 483 -1723073393
33.707 471 -1723073393
33.733 463 -1723073393
33.760 453 -1723073393
33.787 443 -1723073393
33.813 437 -1723073393
33.840 427 -1723073393
33.867 413 -1723073393
33.893 398 -1723073393
33.920 380 -1723073393
33.947 357 -1723073393
33.973 329 -1723073393
34.000 295 -1723073393
34.027 253 -1723073393
34.053 207 -1723073393
34.080 167 -1723073393
34.107 128 -1723073393
34.133 87 -1723073393
34.160 49 -1723073393
34.187 22 -1723073393
34.213 3 -1723073393
34.240 -10 -1723073393
34.267 -9 -1723073393
34.293 0 -1723073393
34.320 20 -1723073393
34.347 65 -1723073393
34.373 119 -1723073393
34.400 163 -1723073393
34.427 214 -1723073393
34.453 271 -1723073393
34.480 316 -1723073393
34.507 358 -1723073393
34.533 397 -1723073393
34.560 420 -1723073393
34.587 427 -1723073393
34.613 423 -1723073393
34.640 403 -1723073393
34.667 359 -1723073393
34.693 298 -1723073393
34.720 225 -1723073393
34.747 143 -1723073393
34.773 56 -1723073393
34.800 -30 -1723073393
34.827 -112 -1723073393
34.853 -181 -1723073393
34.880 -237 -1723073393
34.907 -274 -1723073393
34.933 -285 -1723073393
34.960 -280 -1723073393
34.987 -262 -1723073393
35.013 -213 -1723073393
35.040 -150 -1723073393
35.067 -93 -1723073393
35.093 -15 -1723073393
35.120 69 -1723073393
35.147 140 -1723073393
35.173 214 -1723073393
35.200 287 -1723073393
35.227 343 -1723073393
35.253 393 -1723073393
35.280 441 -1723073393
35.307 478 -1723073393
35.333 503 -1723073393
35.360 520 -1723073393
35.387 532 -1723073393
35.413 531 -1723073393
35.440 517 -1723073393
35.467 500 -1723073393
35.493 477 -1723073393
35.520 443 -1723073393
35.547 408 -1723073393
35.573 373 -1723073393
35.600 335 -1723073393
35.627 297 -1723073393
35.653 258 -1723073393
35.680 218 -1723073393
35.707 176 -1723073393
35.733 135 -1723073393
35.760 96 -1723073393
35.787 60 -1723073393
35.813 27 -1723073393
35.840 4 -1723073393
35.867 -11 -1723073393
35.893 -22 -1723073393
35.920 -19 -1723073393
35.947 -7 -1723073393
35.973 4 -1723073393
36.000 25 -1723073393
36.027 54 -1723073393
36.053 81 -1723073393
36.080 116 -1723073393
36.107 162 -1723073393
36.133 200 -1723073393
36.160 237 -1723073393
36.187 288 -1723073393
36.213 332 -1723073393
36.240 363 -1723073393
36.267 390 -1723073393
36.293 414 -1723073393
36.320 431 -1723073393
36.347 437 -1723073393
36.373 431 -1723073393
36.400 410 -1723073393
36.427 375 -1723073393
36.453 329 -1723073393
36.480 274 -1723073393
36.507 209 -1723073393
36.533 146 -1723073393
36.560 92 -1723073393
36.587 37 -1723073393
36.613 -15 -1723073393
36.640 -60 -1723073393
36.667 -90 -1723073393
36.693 -107 -1723073393
36.720 -113 -1723073393
36.747 -101 -1723073393
36.773 -68 -1723073393
36.800 -32 -1723073393
36.827 9 -1723073393
36.853 64 -1723073393
36.880 115 -1723073393
36.907 162 -1723073393
36.933 219 -1723073393
36.960 270 -1723073393
36.987 310 -1723073393
37.013 346 -1723073393
37.040 379 -1723073393
37.067 397 -1723073393
37.093 404 -1723073393
37.120 406 -1723073393
37.147 401 -1723073393
37.173 386 -1723073393
37.200 369 -1723073393
37.227 356 -1723073393
37.253 342 -1723073393
37.280 327 -1723073393
37.307 319 -1723073393
37.333 312 -1723073393
37.360 309 -1723073393
37.387 310 -1723073393
37.413 312 -1723073393
37.440 320 -1723073393
37.467 333 -1723073393
37.493 344 -1723073393
37.520 348 -1723073393
37.547 351 -1723073393
37.573 353 -1723073393
37.600 347 -1723073393
37.627 340 -1723073393
37.653 336 -1723073393
37.680 326 -1723073393
37.707 314 -1723073393
37.733 305 -1723073393
37.760 292 -1723073393
37.787 276 -1723073393
37.813 263 -1723073393
37.840 260 -1723073393
37.867 257 -1723073393
37.893 253 -1723073393
37.920 248 -1723073393
37.947 247 -1723073393
37.973 248 -1723073393
38.000 253 -1723073393
38.027 260 -1723073393
38.053 266 -1723073393
38.080 273 -1723073393
38.107 272 -1723073393
38.133 261 -1723073393
38.160 243 -1723073393
38.187 220 -1723073393
38.213 188 -1723073393
38.240 152 -1723073393
38.267 113 -1723073393
38.293 68 -1723073393
38.320 21 -1723073393
38.347 -22 -1723073393
38.373 -68 -1723073393
38.400 -115 -1723073393
38.427 -148 -1723073393
38.453 -168 -1723073393
38.480 -186 -1723073393
38.507 -189 -1723073393
38.533 -171 -1723073393
38.560 -151 -1723073393
38.587 -126 -1723073393
38.613 -77 -1723073393
38.640 -26 -1723073393
38.667 16 -1723073393
38.693 66 -1723073393
38.720 117 -1723073393
38.747 157 -1723073393
38.773 199 -1723073393
38.800 238 -1723073393
38.827 267 -1723073393
38.853 287 -1723073393
38.880 301 -1723073393
38.907 305 -1723073393
38.933 303 -1723073393
38.960 300 -1723073393
38.987 293 -1723073393
39.013 284 -1723073393
39.040 273 -1723073393
39.067 260 -1723073393
39.093 255 -1723073393
39.120 256 -1723073393
39.147 258 -1723073393
39.173 255 -1723073393
39.200 254 -1723073393
39.227 252 -1723073393
39.253 246 -1723073393
39.280 240 -1723073393
39.307 232 -1723073393
39.333 219 -1723073393
39.360 209 -1723073393
39.387 203 -1723073393
39.413 195 -1723073393
39.440 189 -1723073393
39.467 186 -1723073393
39.493 184 -1723073393
39.520 186 -1723073393
39.547 191 -1723073393
39.573 190 -1723073393
39.600 189 -1723073393
39.627 193 -1723073393
39.653 199 -1723073393
39.680 202 -1723073393
39.707 204 -1723073393
39.733 203 -1723073393
39.760 192 -1723073393
39.787 183 -1723073393
39.813 174 -1723073393
39.840 157 -1723073393
39.867 140 -1723073393
39.893 122 -1723073393
39.920 96 -1723073393
39.947 71 -1723073393
39.973 51 -1723073393
40.000 26 -1723073393
40.027 8 -1723073393
40.053 1 -1723073393
40.080 -6 -1723073393
40.107 -17 -1723073393
40.133 -17 -1723073393
40.160 -14 -1723073393
40.187 -14 -1723073393
40.213 0 -1723073393
40.240 30 -1723073393
40.267 56 -1723073393
40.293 90 -1723073393
40.320 131 -1723073393
40.347 161 -1723073393
40.373 192 -1723073393
40.400 236 -1723073393
40.427 270 -1723073393
40.453 292 -1723073393
40.480 311 -1723073393
40.507 319 -1723073393
40.533 314 -1723073393
40.560 306 -1723073393
40.587 290 -1723073393
40.613 268 -1723073393
40.640 247 -1723073393
40.667 226 -1723073393
40.693 207 -1723073393
40.720 187 -1723073393
40.747 169 -1723073393
40.773 152 -1723073393
40.800 140 -1723073393
40.827 139 -1723073393
40.853 144 -1723073393
40.880 153 -1723073393
40.907 167 -1723073393
40.933 178 -1723073393
40.960 187 -1723073393
40.987 202 -1723073393
41.013 214 -1723073393
41.040 220 -1723073393
41.067 224 -1723073393
41.093 224 -1723073393
41.120 219 -1723073393
41.147 215 -1723073393
41.173 209 -1723073393
41.200 194 -1723073393
41.227 175 -1723073393
41.253 158 -1723073393
41.280 139 -1723073393
41.307 120 -1723073393
41.333 109 -1723073393
41.360 101 -1723073393
41.387 92 -1723073393
41.413 88 -1723073393
41.440 86 -1723073393
41.467 81 -1723073393
41.493 81 -1723073393
41.520 85 -1723073393
41.547 84 -1723073393
41.573 84 -1723073393
41.600 85 -1723073393
41.627 79 -1723073393
41.653 73 -1723073393
41.680 68 -1723073393
41.707 53 -1723073393
41.733 34 -1723073393
41.760 19 -1723073393
41.787 0 -1723073393
41.813 -21 -1723073393
41.840 -34 -1723073393
41.867 -41 -1723073393
41.893 -54 -1723073393
41.920 -63 -1723073393
41.947 -64 -1723073393
41.973 -71 -1723073393
42.000 -69 -1723073393
42.027 -56 -1723073393
42.053 -52 -1723073393
42.080 -48 -1723073393
42.107 -29 -1723073393
42.133 -14 -1723073393
42.160 -7 -1723073393
42.187 11 -1723073393
42.213 26 -1723073393
42.240 27 -1723073393
42.267 31 -1723073393
42.293 36 -1723073393
42.320 29 -1723073393
42.347 20 -1723073393
42.373 17 -1723073393
42.400 5 -1723073393
42.427 -6 -1723073393
42.453 -6 -1723073393
42.480 -7 -1723073393
42.507 -6 -1723073393
42.533 4 -1723073393
42.560 8 -1723073393
42.587 10 -1723073393
42.613 26 -1723073393
42.640 45 -1723073393
42.667 60 -1723073393
42.693 78 -1723073393
42.720 92 -1723073393
42.747 98 -1723073393
42.773 109 -1723073393
42.800 126 -1723073393
42.827 138 -1723073393
42.853 150 -1723073393
42.880 167 -1723073393
42.907 177 -1723073393
42.933 179 -1723073393
42.960 182 -1723073393
42.987 182 -1723073393
43.013 178 -1723073393
43.040 171 -1723073393
43.067 160 -1723073393
43.093 146 -1723073393
43.120 136 -1723073393
43.147 127 -1723073393
43.173 112 -1723073393
43.200 97 -1723073393
43.227 84 -1723073393
43.253 66 -1723073393
43.280 52 -1723073393
43.307 43 -1723073393
43.333 24 -1723073393
43.360 4 -1723073393
43.387 -8 -1723073393
43.413 -26 -1723073393
43.440 -51 -1723073393
43.467 -68 -1723073393
43.493 -88 -1723073393
43.520 -118 -1723073393
43.547 -139 -1723073393
43.573 -151 -1723073393
43.600 -172 -1723073393
43.627 -184 -1723073393
43.653 -179 -1723073393
43.680 -177 -1723073393
43.707 -173 -1723073393
43.733 -150 -1723073393
43.760 -127 -1723073393
43.787 -111 -1723073393
43.813 -80 -1723073393
43.840 -49 -1723073393
43.867 -31 -1723073393
43.893 -9 -1723073393
43.920 18 -1723073393
43.947 28 -1723073393
43.973 27 -1723073393
44.000 26 -1723073393
44.027 13 -1723073393
44.053 -6 -1723073393
44.080 -26 -1723073393
44.107 -55 -1723073393
44.133 -90 -1723073393
44.160 -114 -1723073393
44.187 -132 -1723073393
44.213 -151 -1723073393
44.240 -153 -1723073393
44.267 -143 -1723073393
44.293 -134 -1723073393
44.320 -107 -1723073393
44.347 -63 -1723073393
44.373 -26 -1723073393
44.400 21 -1723073393
44.427 85 -1723073393
44.453 133 -1723073393
44.480 166 -1723073393
44.507 207 -1723073393
44.533 241 -1723073393
44.560 263 -1723073393
44.587 289 -1723073393
44.613 310 -1723073393
44.640 318 -1723073393
44.667 319 -1723073393
44.693 312 -1723073393
44.720 295 -1723073393
44.747 276 -1723073393
44.773 256 -1723073393
44.800 235 -1723073393
44.827 211 -1723073393
44.853 176 -1723073393
44.880 134 -1723073393
44.907 90 -1723073393
44.933 50 -1723073393
44.960 12 -1723073393
44.987 -28 -1723073393
45.013 -62 -1723073393
45.040 -85 -1723073393
45.067 -111 -1723073393
45.093 -129 -1723073393
45.120 -130 -1723073393
45.147 -136 -1723073393
45.173 -142 -1723073393
45.200 -126 -1723073393
45.227 -111 -1723073393
45.253 -106 -1723073393
45.280 -83 -1723073393
45.307 -56 -1723073393
45.333 -41 -1723073393
45.360 -15 -1723073393
45.387 13 -1723073393
45.413 25 -1723073393
45.440 39 -1723073393
45.467 59 -1723073393
45.493 67 -1723073393
45.520 76 -1723073393
45.547 96 -1723073393
45.573 111 -1723073393
45.600 120 -1723073393
45.627 134 -1723073393
45.653 140 -1723073393
45.680 134 -1723073393
45.707 129 -1723073393
45.733 119 -1723073393
45.760 97 -1723073393
45.787 76 -1723073393
45.813 54 -1723073393
45.840 23 -1723073393
45.867 -2 -1723073393
45.893 -15 -1723073393
45.920 -35 -1723073393
45.947 -56 -1723073393
45.973 -59 -1723073393
46.000 -62 -1723073393
46.027 -70 -1723073393
46.053 -58 -1723073393
46.080 -39 -1723073393
46.107 -31 -1723073393
46.133 -11 -1723073393
46.160 18 -1723073393
46.187 36 -1723073393
46.213 59 -1723073393
46.240 95 -1723073393
46.267 119 -1723073393
46.293 140 -1723073393
46.320 171 -1723073393
46.347 192 -1723073393
46.373 204 -1723073393
46.400 223 -1723073393
46.427 239 -1723073393
46.453 249 -1723073393
46.480 260 -1723073393
46.507 273 -1723073393
46.533 285 -1723073393
46.560 294 -1723073393
46.587 298 -1723073393
46.613 292 -1723073393
46.640 277 -1723073393
46.667 261 -1723073393
46.693 242 -1723073393
46.720 222 -1723073393
46.747 199 -1723073393
46.773 169 -1723073393
46.800 137 -1723073393
46.827 107 -1723073393
46.853 75 -1723073393
46.880 46 -1723073393
46.907 27 -1723073393
46.933 18 -1723073393
46.960 8 -1723073393
46.987 11 -1723073393
47.013 25 -1723073393
47.040 34 -1723073393
47.067 47 -1723073393
47.093 74 -1723073393
47.120 97 -1723073393
47.147 112 -1723073393
47.173 135 -1723073393
47.200 159 -1723073393
47.227 171 -1723073393
47.253 188 -1723073393
47.280 208 -1723073393
47.307 218 -1723073393
47.333 225 -1723073393
47.360 234 -1723073393
47.387 241 -1723073393
47.413 246 -1723073393
47.440 248 -1723073393
47.467 242 -1723073393
47.493 230 -1723073393
47.520 217 -1723073393
47.547 199 -1723073393
47.573 178 -1723073393
47.600 159 -1723073393
47.627 139 -1723073393
47.653 115 -1723073393
47.680 95 -1723073393
47.707 82 -1723073393
47.733 70 -1723073393
47.760 64 -1723073393
47.787 73 -1723073393
47.813 85 -1723073393
47.840 98 -1723073393
47.867 125 -1723073393
47.893 155 -1723073393
47.920 179 -1723073393
47.947 214 -1723073393
47.973 258 -1723073393
48.000 296 -1723073393
48.027 339 -1723073393
48.053 387 -1723073393
48.080 427 -1723073393
48.107 462 -1723073393
48.133 496 -1723073393
48.160 524 -1723073393
48.187 546 -1723073393
48.213 560 -1723073393
48.240 573 -1723073393
48.267 590 -1723073393
48.293 597 -1723073393
48.320 597 -1723073393
48.347 594 -1723073393
48.373 577 -1723073393
48.400 548 -1723073393
48.427 525 -1723073393
48.453 498 -1723073393
48.480 465 -1723073393
48.507 438 -1723073393
48.533 412 -1723073393
48.560 378 -1723073393
48.587 346 -1723073393
48.613 322 -1723073393
48.640 301 -1723073393
48.667 283 -1723073393
48.693 272 -1723073393
48.720 268 -1723073393
48.747 268 -1723073393
48.773 271 -1723073393
48.800 279 -1723073393
48.827 291 -1723073393
48.853 305 -1723073393
48.880 320 -1723073393
48.907 333 -1723073393
48.933 343 -1723073393
48.960 345 -1723073393
48.987 340 -1723073393
49.013 333 -1723073393
49.040 324 -1723073393
49.067 310 -1723073393
49.093 292 -1723073393
49.120 270 -1723073393
49.147 251 -1723073393
49.173 237 -1723073393
49.200 227 -1723073393
49.227 216 -1723073393
49.253 207 -1723073393
49.280 201 -1723073393
49.307 193 -1723073393
49.333 191 -1723073393
49.360 191 -1723073393
49.387 188 -1723073393
49.413 188 -1723073393
49.440 189 -1723073393
49.467 184 -1723073393
49.493 177 -1723073393
49.520 181 -1723073393
49.547 191 -1723073393
49.573 202 -1723073393
49.600 220 -1723073393
49.627 236 -1723073393
49.653 247 -1723073393
49.680 263 -1723073393
49.707 282 -1723073393
49.733 295 -1723073393
49.760 306 -1723073393
49.787 315 -1723073393
49.813 319 -1723073393
49.840 318 -1723073393
49.867 313 -1723073393
49.893 308 -1723073393
49.920 300 -1723073393
49.947 290 -1723073393
49.973 278 -1723073393
50.000 262 -1723073393
50.027 245 -1723073393
50.053 225 -1723073393
50.080 204 -1723073393
50.107 189 -1723073393
50.133 177 -1723073393
50.160 157 -1723073393
50.187 138 -1723073393
50.213 126 -1723073393
50.240 106 -1723073393
50.267 80 -1723073393
50.293 56 -1723073393
50.320 24 -1723073393
50.347 -14 -1723073393
50.373 -46 -1723073393
50.400 -75 -1723073393
50.427 -110 -1723073393
50.453 -134 -1723073393
50.480 -147 -1723073393
50.507 -168 -1723073393
50.533 -179 -1723073393
50.560 -174 -1723073393
50.587 -181 -1723073393
50.613 -190 -1723073393
50.640 -176 -1723073393
50.667 -167 -1723073393
50.693 -169 -1723073393
50.720 -144 -1723073393
50.747 -111 -1723073393
50.773 -101 -1723073393
50.800 -84 -1723073393
50.827 -58 -1723073393
50.853 -55 -1723073393
50.880 -55 -1723073393
50.907 -42 -1723073393
50.933 -41 -1723073393
50.960 -51 -1723073393
50.987 -49 -1723073393
51.013 -48 -1723073393
51.040 -56 -1723073393
51.067 -58 -1723073393
51.093 -56 -1723073393
51.120 -65 -1723073393
51.147 -65 -1723073393
51.173 -54 -1723073393
51.200 -53 -1723073393
51.227 -52 -1723073393
51.253 -37 -1723073393
51.280 -31 -1723073393
51.307 -29 -1723073393
51.333 -6 -1723073393
51.360 16 -1723073393
51.387 28 -1723073393
51.413 53 -1723073393
51.440 87 -1723073393
51.467 107 -1723073393
51.493 132 -1723073393
51.520 171 -1723073393
51.547 201 -1723073393
51.573 229 -1723073393
51.600 264 -1723073393
51.627 290 -1723073393
51.653 304 -1723073393
51.680 321 -1723073393
51.707 337 -1723073393
51.733 337 -1723073393
51.760 333 -1723073393
51.787 333 -1723073393
51.813 330 -1723073393
51.840 323 -1723073393
51.867 318 -1723073393
51.893 311 -1723073393
51.920 303 -1723073393
51.947 299 -1723073393
51.973 296 -1723073393
52.000 289 -1723073393
52.027 289 -1723073393
52.053 292 -1723073393
52.080 291 -1723073393
52.107 290 -1723073393
52.133 289 -1723073393
52.160 282 -1723073393
52.187 271 -1723073393
52.213 260 -1723073393
52.240 246 -1723073393
52.267 229 -1723073393
52.293 220 -1723073393
52.320 211 -1723073393
52.347 197 -1723073393
52.373 193 -1723073393
52.400 190 -1723073393
52.427 179 -1723073393
52.453 173 -1723073393
52.480 176 -1723073393
52.507 173 -1723073393
52.533 171 -1723073393
52.560 177 -1723073393
52.587 180 -1723073393
52.613 176 -1723073393
52.640 174 -1723073393
52.667 170 -1723073393
52.693 158 -1723073393
52.720 146 -1723073393
52.747 134 -1723073393
52.773 114 -1723073393
52.800 92 -1723073393
52.827 78 -1723073393
52.853 60 -1723073393
52.880 39 -1723073393
52.907 30 -1723073393
52.933 23 -1723073393
52.960 11 -1723073393
52.987 14 -1723073393
53.013 25 -1723073393
53.040 28 -1723073393
53.067 34 -1723073393
53.093 46 -1723073393
53.120 46 -1723073393
53.147 49 -1723073393
53.173 65 -1723073393
53.200 75 -1723073393
53.227 81 -1723073393
53.253 98 -1723073393
53.280 113 -1723073393
53.307 118 -1723073393
53.333 131 -1723073393
53.360 149 -1723073393
53.387 157 -1723073393
53.413 165 -1723073393
53.440 181 -1723073393
53.467 186 -1723073393
53.493 187 -1723073393
53.520 198 -1723073393
53.547 206 -1723073393
53.573 210 -1723073393
53.600 222 -1723073393
53.627 237 -1723073393
53.653 245 -1723073393
53.680 252 -1723073393
53.707 262 -1723073393
53.733 266 -1723073393
53.760 268 -1723073393
53.787 276 -1723073393
53.813 279 -1723073393
53.840 274 -1723073393
53.867 268 -1723073393
53.893 260 -1723073393
53.920 241 -1723073393
53.947 217 -1723073393
53.973 195 -1723073393
54.000 169 -1723073393
54.027 140 -1723073393
54.053 114 -1723073393
54.080 89 -1723073393
54.107 61 -1723073393
54.133 37 -1723073393
54.160 9 -1723073393
54.187 -21 -1723073393
54.213 -37 -1723073393
54.240 -48 -1723073393
54.267 -65 -1723073393
54.293 -66 -1723073393
54.320 -56 -1723073393
54.347 -57 -1723073393
54.373 -51 -1723073393
54.400 -28 -1723073393
54.427 -15 -1723073393
54.453 -8 -1723073393
54.480 9 -1723073393
54.507 24 -1723073393
54.533 29 -1723073393
54.560 41 -1723073393
54.587 55 -1723073393
54.613 54 -1723073393
54.640 54 -1723073393
54.667 63 -1723073393
54.693 60 -1723073393
54.720 57 -1723073393
54.747 67 -1723073393
54.773 68 -1723073393
54.800 63 -1723073393
54.827 70 -1723073393
54.853 76 -1723073393
54.880 69 -1723073393
54.907 74 -1723073393
54.933 91 -1723073393
54.960 103 -1723073393
54.987 120 -1723073393
55.013 147 -1723073393
55.040 169 -1723073393
55.067 191 -1723073393
55.093 224 -1723073393
55.120 254 -1723073393
55.147 275 -1723073393
55.173 303 -1723073393
55.200 330 -1723073393
55.227 346 -1723073393
55.253 361 -1723073393
55.280 378 -1723073393
55.307 394 -1723073393
55.333 407 -1723073393
55.360 419 -1723073393
55.387 431 -1723073393
55.413 441 -1723073393
55.440 451 -1723073393
55.467 458 -1723073393
55.493 466 -1723073393
55.520 469 -1723073393
55.547 470 -1723073393
55.573 476 -1723073393
55.600 485 -1723073393
55.627 492 -1723073393
55.653 497 -1723073393
55.680 504 -1723073393
55.707 507 -1723073393
55.733 509 -1723073393
55.760 513 -1723073393
55.787 511 -1723073393
55.813 506 -1723073393
55.840 506 -1723073393
55.867 500 -1723073393
55.893 487 -1723073393
55.920 472 -1723073393
55.947 456 -1723073393
55.973 434 -1723073393
56.000 411 -1723073393
56.027 392 -1723073393
56.053 366 -1723073393
56.080 337 -1723073393
56.107 314 -1723073393
56.133 294 -1723073393
56.160 271 -1723073393
56.187 246 -1723073393
56.213 221 -1723073393
56.240 194 -1723073393
56.267 170 -1723073393
56.293 149 -1723073393
56.320 134 -1723073393
56.347 122 -1723073393
56.373 104 -1723073393
56.400 86 -1723073393
56.427 72 -1723073393
56.453 48 -1723073393
56.480 25 -1723073393
56.507 17 -1723073393
56.533 11 -1723073393
56.560 1 -1723073393
56.587 5 -1723073393
56.613 9 -1723073393
56.640 -3 -1723073393
56.667 -12 -1723073393
56.693 -14 -1723073393
56.720 -24 -1723073393
56.747 -33 -1723073393
56.773 -30 -1723073393
56.800 -35 -1723073393
56.827 -52 -1723073393
56.853 -55 -1723073393
56.880 -55 -1723073393
56.907 -67 -1723073393
56.933 -68 -1723073393
56.960 -59 -1723073393
56.987 -66 -1723073393
57.013 -70 -1723073393
57.040 -51 -1723073393
57.067 -36 -1723073393
57.093 -27 -1723073393
57.120 0 -1723073393
57.147 30 -1723073393
57.173 43 -1723073393
57.200 61 -1723073393
57.227 90 -1723073393
57.253 108 -1723073393
57.280 125 -1723073393
57.307 153 -1723073393
57.333 174 -1723073393
57.360 187 -1723073393
57.387 208 -1723073393
57.413 228 -1723073393
57.440 249 -1723073393
57.467 275 -1723073393
57.493 303 -1723073393
57.520 327 -1723073393
57.547 346 -1723073393
57.573 362 -1723073393
57.600 375 -1723073393
57.627 383 -1723073393
57.653 388 -1723073393
57.680 392 -1723073393
57.707 398 -1723073393
57.733 401 -1723073393
57.760 399 -1723073393
57.787 399 -1723073393
57.813 397 -1723073393
57.840 395 -1723073393
57.867 397 -1723073393
57.893 402 -1723073393
57.920 407 -1723073393
57.947 412 -1723073393
57.973 420 -1723073393
58.000 425 -1723073393
58.027 427 -1723073393
58.053 430 -1723073393
58.080 435 -1723073393
58.107 441 -1723073393
58.133 451 -1723073393
58.160 465 -1723073393
58.187 478 -1723073393
58.213 491 -1723073393
58.240 510 -1723073393
58.267 527 -1723073393
58.293 543 -1723073393
58.320 562 -1723073393
58.347 582 -1723073393
58.373 600 -1723073393
58.400 623 -1723073393
58.427 649 -1723073393
58.453 665 -1723073393
58.480 677 -1723073393
58.507 693 -1723073393
58.533 697 -1723073393
58.560 694 -1723073393
58.587 697 -1723073393
58.613 693 -1723073393
58.640 680 -1723073393
58.667 677 -1723073393
58.693 680 -1723073393
58.720 667 -1723073393
58.747 653 -1723073393
58.773 653 -1723073393
58.800 647 -1723073393
58.827 634 -1723073393
58.853 635 -1723073393
58.880 638 -1723073393
58.907 627 -1723073393
58.933 624 -1723073393
58.960 626 -1723073393
58.987 611 -1723073393
59.013 594 -1723073393
59.040 589 -1723073393
59.067 574 -1723073393
59.093 548 -1723073393
59.120 534 -1723073393
59.147 525 -1723073393
59.173 507 -1723073393
59.200 496 -1723073393
59.227 494 -1723073393
59.253 483 -1723073393
59.280 469 -1723073393
59.307 466 -1723073393
59.333 461 -1723073393
59.360 450 -1723073393
59.387 440 -1723073393
59.413 431 -1723073393
59.440 414 -1723073393
59.467 396 -1723073393
59.493 377 -1723073393
59.520 349 -1723073393
59.547 316 -1723073393
59.573 284 -1723073393
59.600 249 -1723073393
59.627 207 -1723073393
59.653 162 -1723073393
59.680 118 -1723073393
59.707 80 -1723073393
59.733 42 -1723073393
59.760 5 -1723073393
59.787 -21 -1723073393
59.813 -43 -1723073393
59.840 -69 -1723073393
59.867 -81 -1723073393
59.893 -76 -1723073393
59.920 -79 -1723073393
59.947 -78 -1723073393
59.973 -54 -1723073393
60.000 -32 -1723073393
60.027 -23 -1723073393
60.053 4 -1723073393
60.080 38 -1723073393
60.107 48 -1723073393
60.133 59 -1723073393
60.160 83 -1723073393
60.187 96 -1723073393
60.213 101 -1723073393
60.240 105 -1723073393
60.267 95 -1723073393
60.293 72 -1723073393
60.320 56 -1723073393
60.347 44 -1723073393
60.373 20 -1723073393
60.400 -6 -1723073393
60.427 -28 -1723073393
60.453 -57 -1723073393
60.480 -87 -1723073393
60.507 -107 -1723073393
60.533 -127 -1723073393
60.560 -156 -1723073393
60.587 -167 -1723073393
60.613 -166 -1723073393
60.640 -180 -1723073393
60.667 -187 -1723073393
60.693 -171 -1723073393
60.720 -165 -1723073393
60.747 -169 -1723073393
60.773 -151 -1723073393
60.800 -130 -1723073393
60.827 -128 -1723073393
60.853 -117 -1723073393
60.880 -97 -1723073393
60.907 -97 -1723073393
60.933 -101 -1723073393
60.960 -87 -1723073393
60.987 -82 -1723073393
61.013 -90 -1723073393
61.040 -82 -1723073393
61.067 -71 -1723073393
61.093 -77 -1723073393
61.120 -81 -1723073393
61.147 -79 -1723073393
61.173 -96 -1723073393
61.200 -119 -1723073393
61.227 -128 -1723073393
61.253 -144 -1723073393
61.280 -170 -1723073393
61.307 -183 -1723073393
61.333 -194 -1723073393
61.360 -222 -1723073393
61.387 -243 -1723073393
61.413 -251 -1723073393
61.440 -278 -1723073393
61.467 -305 -1723073393
61.493 -302 -1723073393
61.520 -295 -1723073393
61.547 -301 -1723073393
61.573 -284 -1723073393
61.600 -255 -1723073393
61.627 -253 -1723073393
61.653 -242 -1723073393
61.680 -203 -1723073393
61.707 -178 -1723073393
61.733 -164 -1723073393
61.760 -124 -1723073393
61.787 -83 -1723073393
61.813 -65 -1723073393
61.840 -36 -1723073393
61.867 0 -1723073393
61.893 12 -1723073393
61.920 18 -1723073393
61.947 31 -1723073393
61.973 33 -1723073393
62.000 21 -1723073393
62.027 21 -1723073393
62.053 17 -1723073393
62.080 -3 -1723073393
62.107 -24 -1723073393
62.133 -38 -1723073393
62.160 -61 -1723073393
62.187 -85 -1723073393
62.213 -98 -1723073393
62.240 -118 -1723073393
62.267 -151 -1723073393
62.293 -168 -1723073393
62.320 -182 -1723073393
62.347 -211 -1723073393
62.373 -225 -1723073393
62.400 -214 -1723073393
62.427 -212 -1723073393
62.453 -214 -1723073393
62.480 -192 -1723073393
62.507 -172 -1723073393
62.533 -171 -1723073393
62.560 -148 -1723073393
62.587 -110 -1723073393
62.613 -94 -1723073393
62.640 -77 -1723073393
62.667 -43 -1723073393
62.693 -23 -1723073393
62.720 -17 -1723073393
62.747 3 -1723073393
62.773 21 -1723073393
62.800 17 -1723073393
62.827 19 -1723073393
62.853 29 -1723073393
62.880 19 -1723073393
62.907 4 -1723073393
62.933 0 -1723073393
62.960 -12 -1723073393
62.987 -39 -1723073393
63.013 -59 -1723073393
63.040 -80 -1723073393
63.067 -116 -1723073393
63.093 -149 -1723073393
63.120 -173 -1723073393
63.147 -210 -1723073393
63.173 -251 -1723073393
63.200 -275 -1723073393
63.227 -300 -1723073393
63.253 -331 -1723073393
63.280 -333 -1723073393
63.307 -325 -1723073393
63.333 -336 -1723073393
63.360 -340 -1723073393
63.387 -321 -1723073393
63.413 -318 -1723073393
63.440 -322 -1723073393
63.467 -294 -1723073393
63.493 -264 -1723073393
63.520 -254 -1723073393
63.547 -219 -1723073393
63.573 -166 -1723073393
63.600 -143 -1723073393
63.627 -126 -1723073393
63.653 -88 -1723073393
63.680 -60 -1723073393
63.707 -50 -1723073393
63.733 -30 -1723073393
63.760 -13 -1723073393
63.787 -18 -1723073393
63.813 -26 -1723073393
63.840 -28 -1723073393
63.867 -47 -1723073393
63.893 -71 -1723073393
63.920 -84 -1723073393
63.947 -106 -1723073393
63.973 -137 -1723073393
64.000 -152 -1723073393
64.027 -163 -1723073393
64.053 -189 -1723073393
64.080 -202 -1723073393
64.107 -193 -1723073393
64.133 -192 -1723073393
64.160 -190 -1723073393
64.187 -164 -1723073393
64.213 -139 -1723073393
64.240 -126 -1723073393
64.267 -95 -1723073393
64.293 -52 -1723073393
64.320 -28 -1723073393
64.347 -7 -1723073393
64.373 27 -1723073393
64.400 51 -1723073393
64.427 63 -1723073393
64.453 85 -1723073393
64.480 100 -1723073393
64.507 101 -1723073393
64.533 105 -1723073393
64.560 110 -1723073393
64.587 101 -1723073393
64.613 89 -1723073393
64.640 87 -1723073393
64.667 83 -1723073393
64.693 74 -1723073393
64.720 66 -1723073393
64.747 55 -1723073393
64.773 35 -1723073393
64.800 18 -1723073393
64.827 4 -1723073393
64.853 -15 -1723073393
64.880 -36 -1723073393
64.907 -41 -1723073393
64.933 -48 -1723073393
64.960 -62 -1723073393
64.987 -60 -1723073393
65.013 -48 -1723073393
65.040 -43 -1723073393
65.067 -32 -1723073393
65.093 -5 -1723073393
65.120 18 -1723073393
65.147 36 -1723073393
65.173 68 -1723073393
65.200 102 -1723073393
65.227 124 -1723073393
65.253 148 -1723073393
65.280 177 -1723073393
65.307 196 -1723073393
65.333 212 -1723073393
65.360 235 -1723073393
65.387 257 -1723073393
65.413 273 -1723073393
65.440 289 -1723073393
65.467 301 -1723073393
65.493 303 -1723073393
65.520 306 -1723073393
65.547 311 -1723073393
65.573 310 -1723073393
65.600 309 -1723073393
65.627 308 -1723073393
65.653 304 -1723073393
65.680 300 -1723073393
65.707 297 -1723073393
65.733 290 -1723073393
65.760 283 -1723073393
65.787 282 -1723073393
65.813 280 -1723073393
65.840 275 -1723073393
65.867 273 -1723073393
65.893 272 -1723073393
65.920 268 -1723073393
65.947 264 -1723073393
65.973 263 -1723073393
66.000 264 -1723073393
66.027 264 -1723073393
66.053 265 -1723073393
66.080 265 -1723073393
66.107 263 -1723073393
66.133 258 -1723073393
66.160 254 -1723073393
66.187 245 -1723073393
66.213 229 -1723073393
66.240 214 -1723073393
66.267 206 -1723073393
66.293 199 -1723073393
66.320 194 -1723073393
66.347 196 -1723073393
66.373 199 -1723073393
66.400 203 -1723073393
66.427 210 -1723073393
66.453 220 -1723073393
66.480 226 -1723073393
66.507 232 -1723073393
66.533 241 -1723073393
66.560 247 -1723073393
66.587 248 -1723073393
66.613 249 -1723073393
66.640 249 -1723073393
66.667 246 -1723073393
66.693 245 -1723073393
66.720 248 -1723073393
66.747 251 -1723073393
66.773 257 -1723073393
66.800 265 -1723073393
66.827 274 -1723073393
66.853 283 -1723073393
66.880 296 -1723073393
66.907 314 -1723073393
66.933 332 -1723073393
66.960 353 -1723073393
66.987 379 -1723073393
67.013 402 -1723073393
67.040 422 -1723073393
67.067 444 -1723073393
67.093 462 -1723073393
67.120 477 -1723073393
67.147 489 -1723073393
67.173 493 -1723073393
67.200 494 -1723073393
67.227 499 -1723073393
67.253 499 -1723073393
67.280 499 -1723073393
67.307 504 -1723073393
67.333 502 -1723073393
67.360 487 -1723073393
67.387 479 -1723073393
67.413 475 -1723073393
67.440 463 -1723073393
67.467 449 -1723073393
67.493 444 -1723073393
67.520 434 -1723073393
67.547 419 -1723073393
67.573 410 -1723073393
67.600 402 -1723073393
67.627 391 -1723073393
67.653 383 -1723073393
67.680 377 -1723073393
67.707 367 -1723073393
67.733 357 -1723073393
67.760 358 -1723073393
67.787 357 -1723073393
67.813 351 -1723073393
67.840 345 -1723073393
67.867 340 -1723073393
67.893 332 -1723073393
67.920 322 -1723073393
67.947 314 -1723073393
67.973 303 -1723073393
68.000 288 -1723073393
68.027 275 -1723073393
68.053 263 -1723073393
68.080 249 -1723073393
68.107 236 -1723073393
68.133 231 -1723073393
68.160 231 -1723073393
68.187 232 -1723073393
68.213 235 -1723073393
68.240 242 -1723073393
68.267 250 -1723073393
68.293 256 -1723073393
68.320 267 -1723073393
68.347 272 -1723073393
68.373 269 -1723073393
68.400 267 -1723073393
68.427 266 -1723073393
68.453 262 -1723073393
68.480 259 -1723073393
68.507 260 -1723073393
68.533 256 -1723073393
68.560 251 -1723073393
68.587 254 -1723073393
68.613 260 -1723073393
68.640 261 -1723073393
68.667 262 -1723073393
68.693 267 -1723073393
68.720 272 -1723073393
68.747 273 -1723073393
68.773 276 -1723073393
68.800 282 -1723073393
68.827 287 -1723073393
68.853 295 -1723073393
68.880 304 -1723073393
68.907 309 -1723073393
68.933 315 -1723073393
68.960 326 -1723073393
68.987 339 -1723073393
69.013 346 -1723073393
69.040 354 -1723073393
69.067 361 -1723073393
69.093 366 -1723073393
69.120 374 -1723073393
69.147 382 -1723073393
69.173 387 -1723073393
69.200 394 -1723073393
69.227 403 -1723073393
69.253 405 -1723073393
69.280 407 -1723073393
69.307 411 -1723073393
69.333 411 -1723073393
69.360 409 -1723073393
69.387 411 -1723073393
69.413 411 -1723073393
69.440 401 -1723073393
69.467 385 -1723073393
69.493 369 -1723073393
69.520 350 -1723073393
69.547 330 -1723073393
69.573 310 -1723073393
69.600 288 -1723073393
69.627 264 -1723073393
69.653 241 -1723073393
69.680 221 -1723073393
69.707 201 -1723073393
69.733 182 -1723073393
69.760 167 -1723073393
69.787 159 -1723073393
69.813 155 -1723073393
69.840 150 -1723073393
69.867 150 -1723073393
69.893 156 -1723073393
69.920 162 -1723073393
69.947 174 -1723073393
69.973 197 -1723073393
70.000 213 -1723073393
70.027 223 -1723073393
70.053 243 -1723073393
70.080 264 -1723073393
70.107 280 -1723073393
70.133 294 -1723073393
70.160 305 -1723073393
70.187 311 -1723073393
70.213 314 -1723073393
70.240 316 -1723073393
70.267 315 -1723073393
70.293 316 -1723073393
70.320 317 -1723073393
70.347 312 -1723073393
70.373 307 -1723073393
70.400 300 -1723073393
70.427 293 -1723073393
70.453 286 -1723073393
70.480 282 -1723073393
70.507 278 -1723073393
70.533 274 -1723073393
70.560 275 -1723073393
70.587 279 -1723073393
70.613 282 -1723073393
70.640 287 -1723073393
70.667 295 -1723073393
70.693 302 -1723073393
70.720 309 -1723073393
70.747 319 -1723073393
70.773 330 -1723073393
70.800 336 -1723073393
70.827 340 -1723073393
70.853 346 -1723073393
70.880 349 -1723073393
70.907 351 -1723073393
70.933 355 -1723073393
70.960 359 -1723073393
70.987 360 -1723073393
71.013 362 -1723073393
71.040 366 -1723073393
71.067 371 -1723073393
71.093 375 -1723073393
71.120 380 -1723073393
71.147 383 -1723073393
71.173 385 -1723073393
71.200 392 -1723073393
71.227 394 -1723073393
71.253 392 -1723073393
71.280 395 -1723073393
71.307 397 -1723073393
71.333 394 -1723073393
71.360 389 -1723073393
71.387 383 -1723073393
71.413 373 -1723073393
71.440 364 -1723073393
71.467 354 -1723073393
71.493 340 -1723073393
71.520 321 -1723073393
71.547 304 -1723073393
71.573 292 -1723073393
71.600 281 -1723073393
71.627 266 -1723073393
71.653 253 -1723073393
71.680 243 -1723073393
71.707 236 -1723073393
71.733 231 -1723073393
71.760 232 -1723073393
71.787 235 -1723073393
71.813 238 -1723073393
71.840 244 -1723073393
71.867 253 -1723073393
71.893 259 -1723073393
71.920 259 -1723073393
71.947 261 -1723073393
71.973 266 -1723073393
72.000 270 -1723073393
72.027 273 -1723073393
72.053 274 -1723073393
72.080 273 -1723073393
72.107 270 -1723073393
72.133 266 -1723073393
72.160 260 -1723073393
72.187 252 -1723073393
72.213 247 -1723073393
72.240 245 -1723073393
72.267 238 -1723073393
72.293 231 -1723073393
72.320 231 -1723073393
72.347 231 -1723073393
72.373 231 -1723073393
72.400 233 -1723073393
72.427 239 -1723073393
72.453 242 -1723073393
72.480 247 -1723073393
72.507 257 -1723073393
72.533 267 -1723073393
72.560 271 -1723073393
72.587 274 -1723073393
72.613 277 -1723073393
72.640 278 -1723073393
72.667 275 -1723073393
72.693 273 -1723073393
72.720 271 -1723073393
72.747 266 -1723073393
72.773 260 -1723073393
72.800 251 -1723073393
72.827 241 -1723073393
72.853 232 -1723073393
72.880 225 -1723073393
72.907 219 -1723073393
72.933 212 -1723073393
72.960 204 -1723073393
72.987 196 -1723073393
73.013 189 -1723073393
73.040 185 -1723073393
73.067 182 -1723073393
73.093 178 -1723073393
73.120 179 -1723073393
73.147 183 -1723073393
73.173 186 -1723073393
73.200 195 -1723073393
73.227 206 -1723073393
73.253 214 -1723073393
73.280 221 -1723073393
73.307 231 -1723073393
73.333 237 -1723073393
73.360 243 -1723073393
73.387 249 -1723073393
73.413 251 -1723073393
73.440 256 -1723073393
73.467 267 -1723073393
73.493 277 -1723073393
73.520 284 -1723073393
73.547 294 -1723073393
73.573 306 -1723073393
73.600 318 -1723073393
73.627 331 -1723073393
73.653 343 -1723073393
73.680 351 -1723073393
73.707 355 -1723073393
73.733 358 -1723073393
73.760 356 -1723073393
73.787 351 -1723073393
73.813 342 -1723073393
73.840 329 -1723073393
73.867 315 -1723073393
73.893 305 -1723073393
73.920 288 -1723073393
73.947 261 -1723073393
73.973 233 -1723073393
74.000 205 -1723073393
74.027 176 -1723073393
74.053 151 -1723073393
74.080 130 -1723073393
74.107 110 -1723073393
74.133 93 -1723073393
74.160 76 -1723073393
74.187 66 -1723073393
74.213 67 -1723073393
74.240 68 -1723073393
74.267 72 -1723073393
74.293 86 -1723073393
74.320 100 -1723073393
74.347 112 -1723073393
74.373 130 -1723073393
74.400 151 -1723073393
74.427 167 -1723073393
74.453 185 -1723073393
74.480 207 -1723073393
74.507 223 -1723073393
74.533 231 -1723073393
74.560 241 -1723073393
74.587 251 -1723073393
74.613 257 -1723073393
74.640 263 -1723073393
74.667 271 -1723073393
74.693 279 -1723073393
74.720 284 -1723073393
74.747 285 -1723073393
74.773 286 -1723073393
74.800 289 -1723073393
74.827 292 -1723073393
74.853 290 -1723073393
74.880 289 -1723073393
74.907 292 -1723073393
74.933 292 -1723073393
74.960 292 -1723073393
74.987 294 -1723073393
75.013 294 -1723073393
75.040 296 -1723073393
75.067 298 -1723073393
75.093 298 -1723073393
75.120 298 -1723073393
75.147 300 -1723073393
75.173 298 -1723073393
75.200 294 -1723073393
75.227 294 -1723073393
75.253 292 -1723073393
75.280 287 -1723073393
75.307 283 -1723073393
75.333 282 -1723073393
75.360 284 -1723073393
75.387 288 -1723073393
75.413 295 -1723073393
75.440 301 -1723073393
75.467 307 -1723073393
75.493 308 -1723073393
75.520 305 -1723073393
75.547 302 -1723073393
75.573 304 -1723073393
75.600 304 -1723073393
75.627 300 -1723073393
75.653 295 -1723073393
75.680 288 -1723073393
75.707 273 -1723073393
75.733 258 -1723073393
75.760 245 -1723073393
75.787 230 -1723073393
75.813 211 -1723073393
75.840 190 -1723073393
75.867 168 -1723073393
75.893 149 -1723073393
75.920 137 -1723073393
75.947 131 -1723073393
75.973 128 -1723073393
76.000 129 -1723073393
76.027 133 -1723073393
76.053 137 -1723073393
76.080 145 -1723073393
76.107 157 -1723073393
76.133 171 -1723073393
76.160 190 -1723073393
76.187 210 -1723073393
76.213 230 -1723073393
76.240 251 -1723073393
76.267 273 -1723073393
76.293 292 -1723073393
76.320 310 -1723073393
76.347 329 -1723073393
76.373 344 -1723073393
76.400 357 -1723073393
76.427 367 -1723073393
76.453 373 -1723073393
76.480 379 -1723073393
76.507 383 -1723073393
76.533 386 -1723073393
76.560 390 -1723073393
76.587 394 -1723073393
76.613 392 -1723073393
76.640 386 -1723073393
76.667 382 -1723073393
76.693 375 -1723073393
76.720 365 -1723073393
76.747 362 -1723073393
76.773 358 -1723073393
76.800 349 -1723073393
76.827 341 -1723073393
76.853 335 -1723073393
76.880 328 -1723073393
76.907 322 -1723073393
76.933 319 -1723073393
76.960 314 -1723073393
76.987 312 -1723073393
77.013 316 -1723073393
77.040 320 -1723073393
77.067 324 -1723073393
77.093 332 -1723073393
77.120 340 -1723073393
77.147 350 -1723073393
77.173 365 -1723073393
77.200 376 -1723073393
77.227 384 -1723073393
77.253 395 -1723073393
77.280 406 -1723073393
77.307 410 -1723073393
77.333 411 -1723073393
77.360 414 -1723073393
77.387 416 -1723073393
77.413 413 -1723073393
77.440 411 -1723073393
77.467 412 -1723073393
77.493 405 -1723073393
77.520 395 -1723073393
77.547 391 -1723073393
77.573 382 -1723073393
77.600 368 -1723073393
77.627 356 -1723073393
77.653 342 -1723073393
77.680 323 -1723073393
77.707 306 -1723073393
77.733 291 -1723073393
77.760 277 -1723073393
77.787 271 -1723073393
77.813 268 -1723073393
77.840 261 -1723073393
77.867 253 -1723073393
77.893 248 -1723073393
77.920 243 -1723073393
77.947 240 -1723073393
77.973 240 -1723073393
78.000 242 -1723073393
78.027 247 -1723073393
78.053 259 -1723073393
78.080 271 -1723073393
78.107 276 -1723073393
78.133 281 -1723073393
78.160 286 -1723073393
78.187 288 -1723073393
78.213 293 -1723073393
78.240 300 -1723073393
78.267 300 -1723073393
78.293 295 -1723073393
78.320 296 -1723073393
78.347 290 -1723073393
78.373 282 -1723073393
78.400 282 -1723073393
78.427 279 -1723073393
78.453 265 -1723073393
78.480 255 -1723073393
78.507 246 -1723073393
78.533 230 -1723073393
78.560 215 -1723073393
78.587 203 -1723073393
78.613 187 -1723073393
78.640 174 -1723073393
78.667 169 -1723073393
78.693 164 -1723073393
78.720 161 -1723073393
78.747 168 -1723073393
78.773 177 -1723073393
78.800 183 -1723073393
78.827 194 -1723073393
78.853 201 -1723073393
78.880 199 -1723073393
78.907 199 -1723073393
78.933 206 -1723073393
78.960 208 -1723073393
78.987 211 -1723073393
79.013 222 -1723073393
79.040 231 -1723073393
79.067 234 -1723073393
79.093 238 -1723073393
79.120 241 -1723073393
79.147 240 -1723073393
79.173 240 -1723073393
79.200 241 -1723073393
79.227 236 -1723073393
79.253 225 -1723073393
79.280 211 -1723073393
79.307 196 -1723073393
79.333 182 -1723073393
79.360 168 -1723073393
79.387 152 -1723073393
79.413 131 -1723073393
79.440 112 -1723073393
79.467 93 -1723073393
79.493 72 -1723073393
79.520 55 -1723073393
79.547 45 -1723073393
79.573 38 -1723073393
79.600 38 -1723073393
79.627 39 -1723073393
79.653 37 -1723073393
79.680 39 -1723073393
79.707 53 -1723073393
79.733 66 -1723073393
79.760 79 -1723073393
79.787 105 -1723073393
79.813 130 -1723073393
79.840 147 -1723073393
79.867 171 -1723073393
79.893 199 -1723073393
79.920 217 -1723073393
79.947 237 -1723073393
79.973 262 -1723073393
80.000 281 -1723073393
80.027 295 -1723073393
80.053 309 -1723073393
80.080 322 -1723073393
80.107 331 -1723073393
80.133 335 -1723073393
80.160 335 -1723073393
80.187 330 -1723073393
80.213 318 -1723073393
80.240 308 -1723073393
80.267 298 -1723073393
80.293 285 -1723073393
80.320 276 -1723073393
80.347 273 -1723073393
80.373 269 -1723073393
80.400 267 -1723073393
80.427 267 -1723073393
80.453 262 -1723073393
80.480 261 -1723073393
80.507 264 -1723073393
80.533 266 -1723073393
80.560 266 -1723073393
80.587 269 -1723073393
80.613 270 -1723073393
80.640 272 -1723073393
80.667 278 -1723073393
80.693 288 -1723073393
80.720 296 -1723073393
80.747 300 -1723073393
80.773 303 -1723073393
80.800 302 -1723073393
80.827 295 -1723073393
80.853 288 -1723073393
80.880 284 -1723073393
80.907 276 -1723073393
80.933 269 -1723073393
80.960 262 -1723073393
80.987 251 -1723073393
81.013 238 -1723073393
81.040 227 -1723073393
81.067 216 -1723073393
81.093 204 -1723073393
81.120 193 -1723073393
81.147 184 -1723073393
81.173 174 -1723073393
81.200 164 -1723073393
81.227 154 -1723073393
81.253 147 -1723073393
81.280 142 -1723073393
81.307 136 -1723073393
81.333 132 -1723073393
81.360 134 -1723073393
81.387 133 -1723073393
81.413 135 -1723073393
81.440 148 -1723073393
81.467 158 -1723073393
81.493 166 -1723073393
81.520 185 -1723073393
81.547 201 -1723073393
81.573 214 -1723073393
81.600 233 -1723073393
81.627 257 -1723073393
81.653 277 -1723073393
81.680 295 -1723073393
81.707 312 -1723073393
81.733 320 -1723073393
81.760 324 -1723073393
81.787 327 -1723073393
81.813 326 -1723073393
81.840 323 -1723073393
81.867 323 -1723073393
81.893 323 -1723073393
81.920 324 -1723073393
81.947 327 -1723073393
81.973 329 -1723073393
82.000 325 -1723073393
82.027 320 -1723073393
82.053 313 -1723073393
82.080 303 -1723073393
82.107 294 -1723073393
82.133 290 -1723073393
82.160 287 -1723073393
82.187 283 -1723073393
82.213 281 -1723073393
82.240 277 -1723073393
82.267 269 -1723073393
82.293 262 -1723073393
82.320 259 -1723073393
82.347 260 -1723073393
82.373 264 -1723073393
82.400 268 -1723073393
82.427 268 -1723073393
82.453 273 -1723073393
82.480 279 -1723073393
82.507 282 -1723073393
82.533 285 -1723073393
82.560 296 -1723073393
82.587 303 -1723073393
82.613 307 -1723073393
82.640 311 -1723073393
82.667 311 -1723073393
82.693 310 -1723073393
82.720 310 -1723073393
82.747 310 -1723073393
82.773 311 -1723073393
82.800 308 -1723073393
82.827 304 -1723073393
82.853 300 -1723073393
82.880 293 -1723073393
82.907 287 -1723073393
82.933 277 -1723073393
82.960 266 -1723073393
82.987 259 -1723073393
83.013 250 -1723073393
83.040 238 -1723073393
83.067 230 -1723073393
83.093 222 -1723073393
83.120 211 -1723073393
83.147 202 -1723073393
83.173 192 -1723073393
83.200 185 -1723073393
83.227 182 -1723073393
83.253 180 -1723073393
83.280 181 -1723073393
83.307 189 -1723073393
83.333 201 -1723073393
83.360 208 -1723073393
83.387 218 -1723073393
83.413 228 -1723073393
83.440 234 -1723073393
83.467 240 -1723073393
83.493 247 -1723073393
83.520 247 -1723073393
83.547 244 -1723073393
83.573 246 -1723073393
83.600 244 -1723073393
83.627 241 -1723073393
83.653 240 -1723073393
83.680 237 -1723073393
83.707 230 -1723073393
83.733 226 -1723073393
83.760 224 -1723073393
83.787 219 -1723073393
83.813 218 -1723073393
83.840 224 -1723073393
83.867 228 -1723073393
83.893 236 -1723073393
83.920 251 -1723073393
83.947 258 -1723073393
83.973 263 -1723073393
84.000 270 -1723073393
84.027 271 -1723073393
84.053 270 -1723073393
84.080 275 -1723073393
84.107 277 -1723073393
84.133 272 -1723073393
84.160 273 -1723073393
84.187 274 -1723073393
84.213 272 -1723073393
84.240 274 -1723073393
84.267 275 -1723073393
84.293 276 -1723073393
84.320 278 -1723073393
84.347 278 -1723073393
84.373 272 -1723073393
84.400 268 -1723073393
84.427 267 -1723073393
84.453 262 -1723073393
84.480 257 -1723073393
84.507 251 -1723073393
84.533 240 -1723073393
84.560 230 -1723073393
84.587 228 -1723073393
84.613 225 -1723073393
84.640 219 -1723073393
84.667 211 -1723073393
84.693 197 -1723073393
84.720 182 -1723073393
84.747 171 -1723073393
84.773 162 -1723073393
84.800 156 -1723073393
84.827 157 -1723073393
84.853 155 -1723073393
84.880 151 -1723073393
84.907 154 -1723073393
84.933 156 -1723073393
84.960 153 -1723073393
84.987 156 -1723073393
85.013 166 -1723073393
85.040 170 -1723073393
85.067 173 -1723073393
85.093 179 -1723073393
85.120 178 -1723073393
85.147 179 -1723073393
85.173 186 -1723073393
85.200 188 -1723073393
85.227 190 -1723073393
85.253 201 -1723073393
85.280 207 -1723073393
85.307 209 -1723073393
85.333 213 -1723073393
85.360 214 -1723073393
85.387 217 -1723073393
85.413 225 -1723073393
85.440 228 -1723073393
85.467 229 -1723073393
85.493 234 -1723073393
85.520 242 -1723073393
85.547 249 -1723073393
85.573 257 -1723073393
85.600 264 -1723073393
85.627 266 -1723073393
85.653 275 -1723073393
85.680 286 -1723073393
85.707 291 -1723073393
85.733 297 -1723073393
85.760 303 -1723073393
85.787 303 -1723073393
85.813 306 -1723073393
85.840 311 -1723073393
85.867 310 -1723073393
85.893 306 -1723073393
85.920 301 -1723073393
85.947 288 -1723073393
85.973 272 -1723073393
86.000 260 -1723073393
86.027 246 -1723073393
86.053 232 -1723073393
86.080 222 -1723073393
86.107 212 -1723073393
86.133 202 -1723073393
86.160 201 -1723073393
86.187 201 -1723073393
86.213 205 -1723073393
86.240 211 -1723073393
86.267 212 -1723073393
86.293 213 -1723073393
86.320 219 -1723073393
86.347 221 -1723073393
86.373 220 -1723073393
86.400 220 -1723073393
86.427 215 -1723073393
86.453 206 -1723073393
86.480 204 -1723073393
86.507 201 -1723073393
86.533 200 -1723073393
86.560 198 -1723073393
86.587 193 -1723073393
86.613 186 -1723073393
86.640 184 -1723073393
86.667 181 -1723073393
86.693 174 -1723073393
86.720 175 -1723073393
86.747 177 -1723073393
86.773 178 -1723073393
86.800 182 -1723073393
86.827 187 -1723073393
86.853 187 -1723073393
86.880 193 -1723073393
86.907 199 -1723073393
86.933 197 -1723073393
86.960 201 -1723073393
86.987 207 -1723073393
87.013 210 -1723073393
87.040 219 -1723073393
87.067 230 -1723073393
87.093 231 -1723073393
87.120 232 -1723073393
87.147 234 -1723073393
87.173 235 -1723073393
87.200 237 -1723073393
87.227 237 -1723073393
87.253 237 -1723073393
87.280 236 -1723073393
87.307 232 -1723073393
87.333 230 -1723073393
87.360 230 -1723073393
87.387 230 -1723073393
87.413 231 -1723073393
87.440 235 -1723073393
87.467 236 -1723073393
87.493 238 -1723073393
87.520 244 -1723073393
87.547 246 -1723073393
87.573 249 -1723073393
87.600 256 -1723073393
87.627 255 -1723073393
87.653 252 -1723073393
87.680 253 -1723073393
87.707 253 -1723073393
87.733 252 -1723073393
87.760 250 -1723073393
87.787 245 -1723073393
87.813 242 -1723073393
87.840 238 -1723073393
87.867 234 -1723073393
87.893 230 -1723073393
87.920 230 -1723073393
87.947 225 -1723073393
87.973 221 -1723073393
88.000 220 -1723073393
88.027 211 -1723073393
88.053 202 -1723073393
88.080 202 -1723073393
88.107 201 -1723073393
88.133 201 -1723073393
88.160 208 -1723073393
88.187 211 -1723073393
88.213 210 -1723073393
88.240 213 -1723073393
88.267 212 -1723073393
88.293 214 -1723073393
88.320 217 -1723073393
88.347 213 -1723073393
88.373 210 -1723073393
88.400 209 -1723073393
88.427 202 -1723073393
88.453 195 -1723073393
88.480 193 -1723073393
88.507 182 -1723073393
88.533 173 -1723073393
88.560 170 -1723073393
88.587 161 -1723073393
88.613 148 -1723073393
88.640 140 -1723073393
88.667 132 -1723073393
88.693 125 -1723073393
88.720 125 -1723073393
88.747 119 -1723073393
88.773 112 -1723073393
88.800 112 -1723073393
88.827 111 -1723073393
88.853 108 -1723073393
88.880 112 -1723073393
88.907 112 -1723073393
88.933 116 -1723073393
88.960 131 -1723073393
88.987 143 -1723073393
89.013 152 -1723073393
89.040 164 -1723073393
89.067 170 -1723073393
89.093 173 -1723073393
89.120 184 -1723073393
89.147 192 -1723073393
89.173 199 -1723073393
89.200 207 -1723073393
89.227 213 -1723073393
89.253 219 -1723073393
89.280 223 -1723073393
89.307 223 -1723073393
89.333 228 -1723073393
89.360 230 -1723073393
89.387 226 -1723073393
89.413 224 -1723073393
89.440 220 -1723073393
89.467 214 -1723073393
89.493 212 -1723073393
89.520 210 -1723073393
89.547 203 -1723073393
89.573 195 -1723073393
89.600 181 -1723073393
89.627 167 -1723073393
89.653 160 -1723073393
89.680 154 -1723073393
89.707 144 -1723073393
89.733 134 -1723073393
89.760 127 -1723073393
89.787 121 -1723073393
89.813 123 -1723073393
89.840 123 -1723073393
89.867 126 -1723073393
89.893 134 -1723073393
89.920 139 -1723073393
89.947 143 -1723073393
89.973 156 -1723073393
90.000 166 -1723073393
90.027 172 -1723073393
90.053 178 -1723073393
90.080 183 -1723073393
90.107 188 -1723073393
90.133 194 -1723073393
90.160 194 -1723073393
90.187 188 -1723073393
90.213 184 -1723073393
90.240 177 -1723073393
90.267 168 -1723073393
90.293 163 -1723073393
90.320 158 -1723073393
90.347 152 -1723073393
90.373 149 -1723073393
90.400 140 -1723073393
90.427 133 -1723073393
90.453 135 -1723073393
90.480 136 -1723073393
90.507 140 -1723073393
90.533 146 -1723073393
90.560 147 -1723073393
90.587 151 -1723073393
90.613 158 -1723073393
90.640 163 -1723073393
90.667 175 -1723073393
90.693 188 -1723073393
90.720 202 -1723073393
90.747 219 -1723073393
90.773 234 -1723073393
90.800 245 -1723073393
90.827 257 -1723073393
90.853 268 -1723073393
90.880 276 -1723073393
90.907 286 -1723073393
90.933 294 -1723073393
90.960 303 -1723073393
90.987 313 -1723073393
91.013 324 -1723073393
91.040 335 -1723073393
91.067 347 -1723073393
91.093 360 -1723073393
91.120 368 -1723073393
91.147 371 -1723073393
91.173 375 -1723073393
91.200 372 -1723073393
91.227 364 -1723073393
91.253 359 -1723073393
91.280 358 -1723073393
91.307 358 -1723073393
91.333 356 -1723073393
91.360 350 -1723073393
91.387 342 -1723073393
91.413 333 -1723073393
91.440 320 -1723073393
91.467 309 -1723073393
91.493 298 -1723073393
91.520 287 -1723073393
91.547 286 -1723073393
91.573 291 -1723073393
91.600 293 -1723073393
91.627 296 -1723073393
91.653 297 -1723073393
91.680 296 -1723073393
91.707 298 -1723073393
91.733 302 -1723073393
91.760 310 -1723073393
91.787 324 -1723073393
91.813 334 -1723073393
91.840 344 -1723073393
91.867 357 -1723073393
91.893 369 -1723073393
91.920 379 -1723073393
91.947 381 -1723073393
91.973 384 -1723073393
92.000 389 -1723073393
92.027 389 -1723073393
92.053 389 -1723073393
92.080 385 -1723073393
92.107 374 -1723073393
92.133 368 -1723073393
92.160 362 -1723073393
92.187 354 -1723073393
92.213 349 -1723073393
92.240 343 -1723073393
92.267 338 -1723073393
92.293 333 -1723073393
92.320 322 -1723073393
92.347 312 -1723073393
92.373 306 -1723073393
92.400 302 -1723073393
92.427 299 -1723073393
92.453 297 -1723073393
92.480 294 -1723073393
92.507 295 -1723073393
92.533 305 -1723073393
92.560 319 -1723073393
92.587 335 -1723073393
92.613 352 -1723073393
92.640 371 -1723073393
92.667 386 -1723073393
92.693 395 -1723073393
92.720 404 -1723073393
92.747 411 -1723073393
92.773 411 -1723073393
92.800 412 -1723073393
92.827 409 -1723073393
92.853 399 -1723073393
92.880 396 -1723073393
92.907 390 -1723073393
92.933 385 -1723073393
92.960 385 -1723073393
92.987 379 -1723073393
93.013 378 -1723073393
93.040 383 -1723073393
93.067 375 -1723073393
93.093 367 -1723073393
93.120 358 -1723073393
93.147 351 -1723073393
93.173 351 -1723073393
93.200 342 -1723073393
93.227 331 -1723073393
93.253 328 -1723073393
93.280 320 -1723073393
93.307 322 -1723073393
93.333 326 -1723073393
93.360 320 -1723073393
93.387 320 -1723073393
93.413 321 -1723073393
93.440 321 -1723073393
93.467 329 -1723073393
93.493 335 -1723073393
93.520 346 -1723073393
93.547 360 -1723073393
93.573 365 -1723073393
93.600 371 -1723073393
93.627 378 -1723073393
93.653 383 -1723073393
93.680 389 -1723073393
93.707 390 -1723073393
93.733 388 -1723073393
93.760 385 -1723073393
93.787 369 -1723073393
93.813 363 -1723073393
93.840 357 -1723073393
93.867 351 -1723073393
93.893 348 -1723073393
93.920 336 -1723073393
93.947 321 -1723073393
93.973 307 -1723073393
94.000 293 -1723073393
94.027 291 -1723073393
94.053 290 -1723073393
94.080 279 -1723073393
94.107 270 -1723073393
94.133 266 -1723073393
94.160 266 -1723073393
94.187 272 -1723073393
94.213 275 -1723073393
94.240 278 -1723073393
94.267 283 -1723073393
94.293 293 -1723073393
94.320 310 -1723073393
94.347 324 -1723073393
94.373 337 -1723073393
94.400 351 -1723073393
94.427 360 -1723073393
94.453 369 -1723073393
94.480 375 -1723073393
94.507 378 -1723073393
94.533 377 -1723073393
94.560 372 -1723073393
94.587 374 -1723073393
94.613 377 -1723073393
94.640 378 -1723073393
94.667 382 -1723073393
94.693 383 -1723073393
94.720 384 -1723073393
94.747 382 -1723073393
94.773 376 -1723073393
94.800 377 -1723073393
94.827 374 -1723073393
94.853 367 -1723073393
94.880 360 -1723073393
94.907 351 -1723073393
94.933 354 -1723073393
94.960 354 -1723073393
94.987 346 -1723073393
95.013 339 -1723073393
95.040 322 -1723073393
95.067 311 -1723073393
95.093 305 -1723073393
95.120 300 -1723073393
95.147 300 -1723073393
95.173 302 -1723073393
95.200 300 -1723073393
95.227 294 -1723073393
95.253 284 -1723073393
95.280 280 -1723073393
95.307 283 -1723073393
95.333 285 -1723073393
95.360 283 -1723073393
95.387 279 -1723073393
95.413 273 -1723073393
95.440 266 -1723073393
95.467 258 -1723073393
95.493 249 -1723073393
95.520 244 -1723073393
95.547 237 -1723073393
95.573 236 -1723073393
95.600 235 -1723073393
95.627 227 -1723073393
95.653 216 -1723073393
95.680 199 -1723073393
95.707 182 -1723073393
95.733 166 -1723073393
95.760 155 -1723073393
95.787 148 -1723073393
95.813 138 -1723073393
95.840 133 -1723073393
95.867 129 -1723073393
95.893 127 -1723073393
95.920 125 -1723073393
95.947 132 -1723073393
95.973 146 -1723073393
96.000 154 -1723073393
96.027 167 -1723073393
96.053 176 -1723073393
96.080 181 -1723073393
96.107 188 -1723073393
96.133 191 -1723073393
96.160 205 -1723073393
96.187 217 -1723073393
96.213 224 -1723073393
96.240 227 -1723073393
96.267 219 -1723073393
96.293 216 -1723073393
96.320 213 -1723073393
96.347 213 -1723073393
96.373 216 -1723073393
96.400 214 -1723073393
96.427 213 -1723073393
96.453 206 -1723073393
96.480 200 -1723073393
96.507 192 -1723073393
96.533 178 -1723073393
96.560 167 -1723073393
96.587 147 -1723073393
96.613 130 -1723073393
96.640 120 -1723073393
96.667 114 -1723073393
96.693 110 -1723073393
96.720 99 -1723073393
96.747 85 -1723073393
96.773 82 -1723073393
96.800 86 -1723073393
96.827 91 -1723073393
96.853 86 -1723073393
96.880 83 -1723073393
96.907 81 -1723073393
96.933 81 -1723073393
96.960 84 -1723073393
96.987 83 -1723073393
97.013 88 -1723073393
97.040 88 -1723073393
97.067 86 -1723073393
97.093 85 -1723073393
97.120 86 -1723073393
97.147 90 -1723073393
97.173 93 -1723073393
97.200 95 -1723073393
97.227 92 -1723073393
97.253 86 -1723073393
97.280 80 -1723073393
97.307 76 -1723073393
97.333 71 -1723073393
97.360 60 -1723073393
97.387 62 -1723073393
97.413 61 -1723073393
97.440 59 -1723073393
97.467 58 -1723073393
97.493 50 -1723073393
97.520 51 -1723073393
97.547 51 -1723073393
97.573 53 -1723073393
97.600 51 -1723073393
97.627 55 -1723073393
97.653 59 -1723073393
97.680 54 -1723073393
97.707 61 -1723073393
97.733 60 -1723073393
97.760 64 -1723073393
97.787 65 -1723073393
97.813 72 -1723073393
97.840 75 -1723073393
97.867 70 -1723073393
97.893 73 -1723073393
97.920 76 -1723073393
97.947 85 -1723073393
97.973 87 -1723073393
98.000 85 -1723073393
98.027 87 -1723073393
98.053 89 -1723073393
98.080 92 -1723073393
98.107 90 -1723073393
98.133 92 -1723073393
98.160 92 -1723073393
98.187 90 -1723073393
98.213 84 -1723073393
98.240 84 -1723073393
98.267 86 -1723073393
98.293 94 -1723073393
98.320 106 -1723073393
98.347 116 -1723073393
98.373 111 -1723073393
98.400 100 -1723073393
98.427 95 -1723073393
98.453 85 -1723073393
98.480 85 -1723073393
98.507 83 -1723073393
98.533 85 -1723073393
98.560 79 -1723073393
98.587 65 -1723073393
98.613 55 -1723073393
98.640 50 -1723073393
98.667 54 -1723073393
98.693 49 -1723073393
98.720 40 -1723073393
98.747 27 -1723073393
98.773 25 -1723073393
98.800 26 -1723073393
98.827 30 -1723073393
98.853 29 -1723073393
98.880 26 -1723073393
98.907 24 -1723073393
98.933 25 -1723073393
98.960 26 -1723073393
98.987 18 -1723073393
99.013 18 -1723073393
99.040 17 -1723073393
99.067 23 -1723073393
99.093 24 -1723073393
99.120 20 -1723073393
99.147 10 -1723073393
99.173 12 -1723073393
99.200 13 -1723073393
99.227 15 -1723073393
99.253 4 -1723073393
99.280 -8 -1723073393
99.307 -20 -1723073393
99.333 -29 -1723073393
99.360 -29 -1723073393
99.387 -39 -1723073393
99.413 -37 -1723073393
99.440 -39 -1723073393
99.467 -43 -1723073393
99.493 -56 -1723073393
99.520 -56 -1723073393
99.547 -48 -1723073393
99.573 -38 -1723073393
99.600 -38 -1723073393
99.627 -38 -1723073393
99.653 -43 -1723073393
99.680 -40 -1723073393
99.707 -34 -1723073393
99.733 -23 -1723073393
99.760 -21 -1723073393
99.787 -12 -1723073393
99.813 -5 -1723073393
99.840 1 -1723073393
99.867 3 -1723073393
99.893 8 -1723073393
99.920 29 -1723073393
99.947 51 -1723073393
99.973 59 -1723073393
100.000 0 -1723073393
