0.000 26 -1723073393
0.027 32 -1723073393
0.053 33 -1723073393
0.080 36 -1723073393
0.107 36 -1723073393
0.133 38 -1723073393
0.160 42 -1723073393
0.187 39 -1723073393
0.213 40 -1723073393
0.240 37 -1723073393
0.267 29 -1723073393
0.293 24 -1723073393
0.320 20 -1723073393
0.347 13 -1723073393
0.373 10 -1723073393
0.400 6 -1723073393
0.427 7 -1723073393
0.453 7 -1723073393
0.480 2 -1723073393
0.507 0 -1723073393
0.533 1 -1723073393
0.560 9 -1723073393
0.587 15 -1723073393
0.613 13 -1723073393
0.640 13 -1723073393
0.667 13 -1723073393
0.693 12 -1723073393
0.720 10 -1723073393
0.747 10 -1723073393
0.773 7 -1723073393
0.800 2 -1723073393
0.827 2 -1723073393
0.853 9 -1723073393
0.880 11 -1723073393
0.907 9 -1723073393
0.933 6 -1723073393
0.960 2 -1723073393
0.987 0 -1723073393
1.013 -1 -1723073393
1.040 0 -1723073393
1.067 2 -1723073393
1.093 2 -1723073393
1.120 1 -1723073393
1.147 -4 -1723073393
1.173 -2 -1723073393
1.200 1 -1723073393
1.227 3 -1723073393
1.253 8 -1723073393
1.280 5 -1723073393
1.307 0 -1723073393
1.333 -1 -1723073393
1.360 -1 -1723073393
1.387 4 -1723073393
1.413 3 -1723073393
1.440 0 -1723073393
1.467 -6 -1723073393
1.493 -11 -1723073393
1.520 -8 -1723073393
1.547 -2 -1723073393
1.573 -6 -1723073393
1.600 -9 -1723073393
1.627 -12 -1723073393
1.653 -12 -1723073393
1.680 -10 -1723073393
1.707 -10 -1723073393
1.733 -9 -1723073393
1.760 -5 -1723073393
1.787 -11 -1723073393
1.813 -11 -1723073393
1.840 -9 -1723073393
1.867 -8 -1723073393
1.893 -2 -1723073393
1.920 -3 -1723073393
1.947 -5 -1723073393
1.973 -5 -1723073393
2.000 -11 -1723073393
2.027 -13 -1723073393
2.053 -16 -1723073393
2.080 -22 -1723073393
2.107 -24 -1723073393
2.133 -29 -1723073393
2.160 -33 -1723073393
2.187 -29 -1723073393
2.213 -28 -1723073393
2.240 -26 -1723073393
2.267 -22 -1723073393
2.293 -23 -1723073393
2.320 -15 -1723073393
2.347 -15 -1723073393
2.373 -20 -1723073393
2.400 -22 -1723073393
2.427 -24 -1723073393
2.453 -20 -1723073393
2.480 -16 -1723073393
2.507 -19 -1723073393
2.533 -16 -1723073393
2.560 -21 -1723073393
2.587 -29 -1723073393
2.613 -27 -1723073393
2.640 -23 -1723073393
2.667 -15 -1723073393
2.693 -8 -1723073393
2.720 -13 -1723073393
2.747 -13 -1723073393
2.773 -18 -1723073393
2.800 -27 -1723073393
2.827 -28 -1723073393
2.853 -31 -1723073393
2.880 -24 -1723073393
2.907 -12 -1723073393
2.933 -15 -1723073393
2.960 -13 -1723073393
2.987 -11 -1723073393
3.013 -15 -1723073393
3.040 -12 -1723073393
3.067 -18 -1723073393
3.093 -23 -1723073393
3.120 -19 -1723073393
3.147 -24 -1723073393
3.173 -16 -1723073393
3.200 -6 -1723073393
3.227 -7 -1723073393
3.253 -2 -1723073393
3.280 -6 -1723073393
3.307 -9 -1723073393
3.333 -5 -1723073393
3.360 -16 -1723073393
3.387 -17 -1723073393
3.413 -17 -1723073393
3.440 -25 -1723073393
3.467 -19 -1723073393
3.493 -20 -1723073393
3.520 -21 -1723073393
3.547 -16 -1723073393
3.573 -20 -1723073393
3.600 -18 -1723073393
3.627 -14 -1723073393
3.653 -21 -1723073393
3.680 -17 -1723073393
3.707 -20 -1723073393
3.733 -27 -1723073393
3.760 -26 -1723073393
3.787 -35 -1723073393
3.813 -38 -1723073393
3.840 -34 -1723073393
3.867 -41 -1723073393
3.893 -38 -1723073393
3.920 -35 -1723073393
3.947 -40 -1723073393
3.973 -35 -1723073393
4.000 -34 -1723073393
4.027 -32 -1723073393
4.053 -27 -1723073393
4.080 -34 -1723073393
4.107 -33 -1723073393
4.133 -35 -1723073393
4.160 -41 -1723073393
4.187 -37 -1723073393
4.213 -38 -1723073393
4.240 -38 -1723073393
4.267 -28 -1723073393
4.293 -24 -1723073393
4.320 -18 -1723073393
4.347 -20 -1723073393
4.373 -30 -1723073393
4.400 -30 -1723073393
4.427 -37 -1723073393
4.453 -41 -1723073393
4.480 -36 -1723073393
4.507 -42 -1723073393
4.533 -37 -1723073393
4.560 -32 -1723073393
4.587 -34 -1723073393
4.613 -27 -1723073393
4.640 -30 -1723073393
4.667 -30 -1723073393
4.693 -20 -1723073393
4.720 -22 -1723073393
4.747 -25 -1723073393
4.773 -26 -1723073393
4.800 -30 -1723073393
4.827 -26 -1723073393
4.853 -27 -1723073393
4.880 -33 -1723073393
4.907 -27 -1723073393
4.933 -30 -1723073393
4.960 -25 -1723073393
4.987 -15 -1723073393
5.013 -18 -1723073393
5.040 -14 -1723073393
5.067 -17 -1723073393
5.093 -24 -1723073393
5.120 -15 -1723073393
5.147 -16 -1723073393
5.173 -22 -1723073393
5.200 -19 -1723073393
5.227 -22 -1723073393
5.253 -19 -1723073393
5.280 -17 -1723073393
5.307 -24 -1723073393
5.333 -25 -1723073393
5.360 -30 -1723073393
5.387 -31 -1723073393
5.413 -19 -1723073393
5.440 -20 -1723073393
5.467 -19 -1723073393
5.493 -19 -1723073393
5.520 -26 -1723073393
5.547 -20 -1723073393
5.573 -21 -1723073393
5.600 -25 -1723073393
5.627 -16 -1723073393
5.653 -19 -1723073393
5.680 -15 -1723073393
5.707 -6 -1723073393
5.733 -7 -1723073393
5.760 -1 -1723073393
5.787 -1 -1723073393
5.813 -4 -1723073393
5.840 5 -1723073393
5.867 3 -1723073393
5.893 -1 -1723073393
5.920 -4 -1723073393
5.947 -17 -1723073393
5.973 -16 -1723073393
6.000 -15 -1723073393
6.027 -20 -1723073393
6.053 -14 -1723073393
6.080 -16 -1723073393
6.107 -16 -1723073393
6.133 -11 -1723073393
6.160 -17 -1723073393
6.187 -16 -1723073393
6.213 -15 -1723073393
6.240 -20 -1723073393
6.267 -13 -1723073393
6.293 -11 -1723073393
6.320 -14 -1723073393
6.347 -11 -1723073393
6.373 -20 -1723073393
6.400 -13 -1723073393
6.427 -2 -1723073393
6.453 -9 -1723073393
6.480 -11 -1723073393
6.507 -15 -1723073393
6.533 -21 -1723073393
6.560 -11 -1723073393
6.587 -15 -1723073393
6.613 -21 -1723073393
6.640 -20 -1723073393
6.667 -22 -1723073393
6.693 -15 -1723073393
6.720 -16 -1723073393
6.747 -21 -1723073393
6.773 -21 -1723073393
6.800 -28 -1723073393
6.827 -27 -1723073393
6.853 -22 -1723073393
6.880 -25 -1723073393
6.907 -18 -1723073393
6.933 -16 -1723073393
6.960 -17 -1723073393
6.987 -9 -1723073393
7.013 -10 -1723073393
7.040 -9 -1723073393
7.067 -3 -1723073393
7.093 -9 -1723073393
7.120 -10 -1723073393
7.147 -15 -1723073393
7.173 -27 -1723073393
7.200 -28 -1723073393
7.227 -31 -1723073393
7.253 -34 -1723073393
7.280 -20 -1723073393
7.307 -19 -1723073393
7.333 -20 -1723073393
7.360 -19 -1723073393
7.387 -27 -1723073393
7.413 -22 -1723073393
7.440 -21 -1723073393
7.467 -26 -1723073393
7.493 -19 -1723073393
7.520 -20 -1723073393
7.547 -25 -1723073393
7.573 -23 -1723073393
7.600 -34 -1723073393
7.627 -36 -1723073393
7.653 -37 -1723073393
7.680 -46 -1723073393
7.707 -41 -1723073393
7.733 -39 -1723073393
7.760 -42 -1723073393
7.787 -37 -1723073393
7.813 -38 -1723073393
7.840 -35 -1723073393
7.867 -31 -1723073393
7.893 -35 -1723073393
7.920 -27 -1723073393
7.947 -26 -1723073393
7.973 -30 -1723073393
8.000 -30 -1723073393
8.027 -47 -1723073393
8.053 -58 -1723073393
8.080 -59 -1723073393
8.107 -67 -1723073393
8.133 -61 -1723073393
8.160 -56 -1723073393
8.187 -54 -1723073393
8.213 -42 -1723073393
8.240 -44 -1723073393
8.267 -42 -1723073393
8.293 -36 -1723073393
8.320 -42 -1723073393
8.347 -37 -1723073393
8.373 -35 -1723073393
8.400 -40 -1723073393
8.427 -30 -1723073393
8.453 -33 -1723073393
8.480 -37 -1723073393
8.507 -29 -1723073393
8.533 -32 -1723073393
8.560 -28 -1723073393
8.587 -25 -1723073393
8.613 -35 -1723073393
8.640 -26 -1723073393
8.667 -25 -1723073393
8.693 -25 -1723073393
8.720 -18 -1723073393
8.747 -24 -1723073393
8.773 -21 -1723073393
8.800 -18 -1723073393
8.827 -24 -1723073393
8.853 -19 -1723073393
8.880 -19 -1723073393
8.907 -17 -1723073393
8.933 -2 -1723073393
8.960 -2 -1723073393
8.987 -3 -1723073393
9.013 -4 -1723073393
9.040 -20 -1723073393
9.067 -21 -1723073393
9.093 -23 -1723073393
9.120 -30 -1723073393
9.147 -23 -1723073393
9.173 -24 -1723073393
9.200 -23 -1723073393
9.227 -18 -1723073393
9.253 -28 -1723073393
9.280 -27 -1723073393
9.307 -25 -1723073393
9.333 -30 -1723073393
9.360 -29 -1723073393
9.387 -34 -1723073393
9.413 -37 -1723073393
9.440 -34 -1723073393
9.467 -40 -1723073393
9.493 -38 -1723073393
9.520 -32 -1723073393
9.547 -37 -1723073393
9.573 -34 -1723073393
9.600 -32 -1723073393
9.627 -34 -1723073393
9.653 -33 -1723073393
9.680 -39 -1723073393
9.707 -41 -1723073393
9.733 -41 -1723073393
9.760 -46 -1723073393
9.787 -41 -1723073393
9.813 -36 -1723073393
9.840 -38 -1723073393
9.867 -31 -1723073393
9.893 -27 -1723073393
9.920 -24 -1723073393
9.947 -21 -1723073393
9.973 -30 -1723073393
10.000 -33 -1723073393
10.027 -35 -1723073393
10.053 -42 -1723073393
10.080 -40 -1723073393
10.107 -41 -1723073393
10.133 -43 -1723073393
10.160 -40 -1723073393
10.187 -46 -1723073393
10.213 -42 -1723073393
10.240 -36 -1723073393
10.267 -33 -1723073393
10.293 -17 -1723073393
10.320 -8 -1723073393
10.347 0 -1723073393
10.373 19 -1723073393
10.400 36 -1723073393
10.427 56 -1723073393
10.453 83 -1723073393
10.480 104 -1723073393
10.507 124 -1723073393
10.533 141 -1723073393
10.560 150 -1723073393
10.587 161 -1723073393
10.613 166 -1723073393
10.640 168 -1723073393
10.667 170 -1723073393
10.693 167 -1723073393
10.720 162 -1723073393
10.747 157 -1723073393
10.773 145 -1723073393
10.800 128 -1723073393
10.827 102 -1723073393
10.853 71 -1723073393
10.880 43 -1723073393
10.907 14 -1723073393
10.933 -2 -1723073393
10.960 -14 -1723073393
10.987 -28 -1723073393
11.013 -35 -1723073393
11.040 -44 -1723073393
11.067 -52 -1723073393
11.093 -53 -1723073393
11.120 -61 -1723073393
11.147 -63 -1723073393
11.173 -63 -1723073393
11.200 -74 -1723073393
11.227 -75 -1723073393
11.253 -71 -1723073393
11.280 -76 -1723073393
11.307 -73 -1723073393
11.333 -71 -1723073393
11.360 -74 -1723073393
11.387 -69 -1723073393
11.413 -74 -1723073393
11.440 -81 -1723073393
11.467 -85 -1723073393
11.493 -97 -1723073393
11.520 -103 -1723073393
11.547 -108 -1723073393
11.573 -118 -1723073393
11.600 -123 -1723073393
11.627 -128 -1723073393
11.653 -129 -1723073393
11.680 -122 -1723073393
11.707 -116 -1723073393
11.733 -98 -1723073393
11.760 -77 -1723073393
11.787 -67 -1723073393
11.813 -51 -1723073393
11.840 -37 -1723073393
11.867 -25 -1723073393
11.893 -10 -1723073393
11.920 -2 -1723073393
11.947 6 -1723073393
11.973 23 -1723073393
12.000 32 -1723073393
12.027 38 -1723073393
12.053 40 -1723073393
12.080 42 -1723073393
12.107 40 -1723073393
12.133 35 -1723073393
12.160 32 -1723073393
12.187 27 -1723073393
12.213 28 -1723073393
12.240 37 -1723073393
12.267 46 -1723073393
12.293 56 -1723073393
12.320 75 -1723073393
12.347 101 -1723073393
12.373 132 -1723073393
12.400 161 -1723073393
12.427 183 -1723073393
12.453 202 -1723073393
12.480 229 -1723073393
12.507 254 -1723073393
12.533 277 -1723073393
12.560 296 -1723073393
12.587 311 -1723073393
12.613 318 -1723073393
12.640 313 -1723073393
12.667 305 -1723073393
12.693 293 -1723073393
12.720 271 -1723073393
12.747 243 -1723073393
12.773 203 -1723073393
12.800 165 -1723073393
12.827 126 -1723073393
12.853 87 -1723073393
12.880 53 -1723073393
12.907 14 -1723073393
12.933 -28 -1723073393
12.960 -68 -1723073393
12.987 -105 -1723073393
13.013 -134 -1723073393
13.040 -154 -1723073393
13.067 -167 -1723073393
13.093 -173 -1723073393
13.120 -172 -1723073393
13.147 -170 -1723073393
13.173 -168 -1723073393
13.200 -164 -1723073393
13.227 -170 -1723073393
13.253 -170 -1723073393
13.280 -163 -1723073393
13.307 -157 -1723073393
13.333 -147 -1723073393
13.360 -139 -1723073393
13.387 -129 -1723073393
13.413 -121 -1723073393
13.440 -119 -1723073393
13.467 -114 -1723073393
13.493 -109 -1723073393
13.520 -106 -1723073393
13.547 -101 -1723073393
13.573 -92 -1723073393
13.600 -84 -1723073393
13.627 -73 -1723073393
13.653 -64 -1723073393
13.680 -54 -1723073393
13.707 -40 -1723073393
13.733 -24 -1723073393
13.760 -8 -1723073393
13.787 6 -1723073393
13.813 21 -1723073393
13.840 38 -1723073393
13.867 53 -1723073393
13.893 68 -1723073393
13.920 83 -1723073393
13.947 88 -1723073393
13.973 85 -1723073393
14.000 79 -1723073393
14.027 69 -1723073393
14.053 54 -1723073393
14.080 31 -1723073393
14.107 -2 -1723073393
14.133 -36 -1723073393
14.160 -66 -1723073393
14.187 -100 -1723073393
14.213 -133 -1723073393
14.240 -170 -1723073393
14.267 -207 -1723073393
14.293 -242 -1723073393
14.320 -279 -1723073393
14.347 -313 -1723073393
14.373 -339 -1723073393
14.400 -356 -1723073393
14.427 -365 -1723073393
14.453 -377 -1723073393
14.480 -383 -1723073393
14.507 -381 -1723073393
14.533 -388 -1723073393
14.560 -392 -1723073393
14.587 -393 -1723073393
14.613 -396 -1723073393
14.640 -392 -1723073393
14.667 -392 -1723073393
14.693 -390 -1723073393
14.720 -388 -1723073393
14.747 -399 -1723073393
14.773 -406 -1723073393
14.800 -405 -1723073393
14.827 -410 -1723073393
14.853 -416 -1723073393
14.880 -425 -1723073393
14.907 -437 -1723073393
14.933 -443 -1723073393
14.960 -451 -1723073393
14.987 -454 -1723073393
15.013 -455 -1723073393
15.040 -464 -1723073393
15.067 -465 -1723073393
15.093 -466 -1723073393
15.120 -468 -1723073393
15.147 -458 -1723073393
15.173 -451 -1723073393
15.200 -448 -1723073393
15.227 -437 -1723073393
15.253 -433 -1723073393
15.280 -431 -1723073393
15.307 -426 -1723073393
15.333 -432 -1723073393
15.360 -433 -1723073393
15.387 -437 -1723073393
15.413 -443 -1723073393
15.440 -446 -1723073393
15.467 -458 -1723073393
15.493 -470 -1723073393
15.520 -484 -1723073393
15.547 -510 -1723073393
15.573 -537 -1723073393
15.600 -566 -1723073393
15.627 -601 -1723073393
15.653 -627 -1723073393
15.680 -657 -1723073393
15.707 -692 -1723073393
15.733 -721 -1723073393
15.760 -758 -1723073393
15.787 -792 -1723073393
15.813 -820 -1723073393
15.840 -860 -1723073393
15.867 -896 -1723073393
15.893 -928 -1723073393
15.920 -963 -1723073393
15.947 -989 -1723073393
15.973 -1023 -1723073393
16.000 -1060 -1723073393
16.027 -1081 -1723073393
16.053 -1110 -1723073393
16.080 -1136 -1723073393
16.107 -1149 -1723073393
16.133 -1169 -1723073393
16.160 -1170 -1723073393
16.187 -1167 -1723073393
16.213 -1171 -1723073393
16.240 -1146 -1723073393
16.267 -1107 -1723073393
16.293 -1051 -1723073393
16.320 -946 -1723073393
16.347 -820 -1723073393
16.373 -651 -1723073393
16.400 -427 -1723073393
16.427 -169 -1723073393
16.453 164 -1723073393
16.480 558 -1723073393
16.507 1000 -1723073393
16.533 1518 -1723073393
16.560 2094 -1723073393
16.587 2720 -1723073393
16.613 3378 -1723073393
16.640 4058 -1723073393
16.667 4721 -1723073393
16.693 5363 -1723073393
16.720 5965 -1723073393
16.747 6432 -1723073393
16.773 6806 -1723073393
16.800 7064 -1723073393
16.827 7114 -1723073393
16.853 7047 -1723073393
16.880 6824 -1723073393
16.907 6377 -1723073393
16.933 5867 -1723073393
16.960 5223 -1723073393
16.987 4418 -1723073393
17.013 3640 -1723073393
17.040 2803 -1723073393
17.067 1929 -1723073393
17.093 1135 -1723073393
17.120 353 -1723073393
17.147 -367 -1723073393
17.173 -973 -1723073393
17.200 -1517 -1723073393
17.227 -1986 -1723073393
17.253 -2350 -1723073393
17.280 -2634 -1723073393
17.307 -2868 -1723073393
17.333 -3014 -1723073393
17.360 -3123 -1723073393
17.387 -3213 -1723073393
17.413 -3234 -1723073393
17.440 -3259 -1723073393
17.467 -3286 -1723073393
17.493 -3267 -1723073393
17.520 -3289 -1723073393
17.547 -3309 -1723073393
17.573 -3300 -1723073393
17.600 -3340 -1723073393
17.627 -3366 -1723073393
17.653 -3396 -1723073393
17.680 -3469 -1723073393
17.707 -3511 -1723073393
17.733 -3570 -1723073393
17.760 -3650 -1723073393
17.787 -3683 -1723073393
17.813 -3748 -1723073393
17.840 -3793 -1723073393
17.867 -3790 -1723073393
17.893 -3828 -1723073393
17.920 -3807 -1723073393
17.947 -3744 -1723073393
17.973 -3705 -1723073393
18.000 -3589 -1723073393
18.027 -3451 -1723073393
18.053 -3301 -1723073393
18.080 -3060 -1723073393
18.107 -2810 -1723073393
18.133 -2519 -1723073393
18.160 -2130 -1723073393
18.187 -1728 -1723073393
18.213 -1265 -1723073393
18.240 -701 -1723073393
18.267 -108 -1723073393
18.293 566 -1723073393
18.320 1339 -1723073393
18.347 2147 -1723073393
18.373 3050 -1723073393
18.400 4052 -1723073393
18.427 5106 -1723073393
18.453 6258 -1723073393
18.480 7497 -1723073393
18.507 8750 -1723073393
18.533 10043 -1723073393
18.560 11426 -1723073393
18.587 12745 -1723073393
18.613 14017 -1723073393
18.640 15275 -1723073393
18.667 16281 -1723073393
18.693 17206 -1723073393
18.720 17966 -1723073393
18.747 18305 -1723073393
18.773 18563 -1723073393
18.800 18510 -1723073393
18.827 17989 -1723073393
18.853 17431 -1723073393
18.880 16519 -1723073393
18.907 15249 -1723073393
18.933 14041 -1723073393
18.960 12489 -1723073393
18.987 10778 -1723073393
19.013 9226 -1723073393
19.040 7461 -1723073393
19.067 5765 -1723073393
19.093 4229 -1723073393
19.120 2619 -1723073393
19.147 1214 -1723073393
19.173 -5 -1723073393
19.200 -1186 -1723073393
19.227 -2187 -1723073393
19.253 -3035 -1723073393
19.280 -3786 -1723073393
19.307 -4405 -1723073393
19.333 -4868 -1723073393
19.360 -5284 -1723073393
19.387 -5622 -1723073393
19.413 -5820 -1723073393
19.440 -6035 -1723073393
19.467 -6196 -1723073393
19.493 -6251 -1723073393
19.520 -6373 -1723073393
19.547 -6428 -1723073393
19.573 -6417 -1723073393
19.600 -6494 -1723073393
19.627 -6477 -1723073393
19.653 -6440 -1723073393
19.680 -6465 -1723073393
19.707 -6379 -1723073393
19.733 -6319 -1723073393
19.760 -6279 -1723073393
19.787 -6119 -1723073393
19.813 -6015 -1723073393
19.840 -5878 -1723073393
19.867 -5632 -1723073393
19.893 -5467 -1723073393
19.920 -5235 -1723073393
19.947 -4947 -1723073393
19.973 -4751 -1723073393
20.000 -4488 -1723073393
20.027 -4226 -1723073393
20.053 -4042 -1723073393
20.080 -3823 -1723073393
20.107 -3672 -1723073393
20.133 -3590 -1723073393
20.160 -3484 -1723073393
20.187 -3480 -1723073393
20.213 -3534 -1723073393
20.240 -3599 -1723073393
20.267 -3771 -1723073393
20.293 -3961 -1723073393
20.320 -4180 -1723073393
20.347 -4479 -1723073393
20.373 -4759 -1723073393
20.400 -5079 -1723073393
20.427 -5452 -1723073393
20.453 -5763 -1723073393
20.480 -6106 -1723073393
20.507 -6433 -1723073393
20.533 -6660 -1723073393
20.560 -6936 -1723073393
20.587 -7138 -1723073393
20.613 -7222 -1723073393
20.640 -7359 -1723073393
20.667 -7360 -1723073393
20.693 -7268 -1723073393
20.720 -7226 -1723073393
20.747 -7025 -1723073393
20.773 -6781 -1723073393
20.800 -6577 -1723073393
20.827 -6209 -1723073393
20.853 -5862 -1723073393
20.880 -5537 -1723073393
20.907 -5079 -1723073393
20.933 -4699 -1723073393
20.960 -4308 -1723073393
20.987 -3827 -1723073393
21.013 -3451 -1723073393
21.040 -3050 -1723073393
21.067 -2608 -1723073393
21.093 -2255 -1723073393
21.120 -1869 -1723073393
21.147 -1502 -1723073393
21.173 -1208 -1723073393
21.200 -890 -1723073393
21.227 -608 -1723073393
21.253 -374 -1723073393
21.280 -142 -1723073393
21.307 45 -1723073393
21.333 201 -1723073393
21.360 352 -1723073393
21.387 480 -1723073393
21.413 592 -1723073393
21.440 697 -1723073393
21.467 787 -1723073393
21.493 867 -1723073393
21.520 939 -1723073393
21.547 1005 -1723073393
21.573 1059 -1723073393
21.600 1110 -1723073393
21.627 1159 -1723073393
21.653 1198 -1723073393
21.680 1238 -1723073393
21.707 1276 -1723073393
21.733 1305 -1723073393
21.760 1339 -1723073393
21.787 1369 -1723073393
21.813 1388 -1723073393
21.840 1415 -1723073393
21.867 1430 -1723073393
21.893 1429 -1723073393
21.920 1430 -1723073393
21.947 1408 -1723073393
21.973 1378 -1723073393
22.000 1348 -1723073393
22.027 1290 -1723073393
22.053 1222 -1723073393
22.080 1156 -1723073393
22.107 1076 -1723073393
22.133 1012 -1723073393
22.160 962 -1723073393
22.187 917 -1723073393
22.213 904 -1723073393
22.240 912 -1723073393
22.267 932 -1723073393
22.293 984 -1723073393
22.320 1059 -1723073393
22.347 1148 -1723073393
22.373 1258 -1723073393
22.400 1385 -1723073393
22.427 1538 -1723073393
22.453 1705 -1723073393
22.480 1859 -1723073393
22.507 2020 -1723073393
22.533 2175 -1723073393
22.560 2307 -1723073393
22.587 2443 -1723073393
22.613 2547 -1723073393
22.640 2610 -1723073393
22.667 2674 -1723073393
22.693 2685 -1723073393
22.720 2656 -1723073393
22.747 2632 -1723073393
22.773 2545 -1723073393
22.800 2439 -1723073393
22.827 2347 -1723073393
22.853 2197 -1723073393
22.880 2054 -1723073393
22.907 1935 -1723073393
22.933 1783 -1723073393
22.960 1658 -1723073393
22.987 1553 -1723073393
23.013 1436 -1723073393
23.040 1356 -1723073393
23.067 1286 -1723073393
23.093 1205 -1723073393
23.120 1155 -1723073393
23.147 1113 -1723073393
23.173 1073 -1723073393
23.200 1061 -1723073393
23.227 1055 -1723073393
23.253 1048 -1723073393
23.280 1053 -1723073393
23.307 1049 -1723073393
23.333 1047 -1723073393
23.360 1051 -1723073393
23.387 1049 -1723073393
23.413 1049 -1723073393
23.440 1047 -1723073393
23.467 1028 -1723073393
23.493 1010 -1723073393
23.520 983 -1723073393
23.547 939 -1723073393
23.573 899 -1723073393
23.600 846 -1723073393
23.627 780 -1723073393
23.653 723 -1723073393
23.680 658 -1723073393
23.707 589 -1723073393
23.733 535 -1723073393
23.760 478 -1723073393
23.787 423 -1723073393
23.813 382 -1723073393
23.840 340 -1723073393
23.867 302 -1723073393
23.893 277 -1723073393
23.920 254 -1723073393
23.947 236 -1723073393
23.973 225 -1723073393
24.000 218 -1723073393
24.027 217 -1723073393
24.053 225 -1723073393
24.080 243 -1723073393
24.107 266 -1723073393
24.133 300 -1723073393
24.160 338 -1723073393
24.187 371 -1723073393
24.213 404 -1723073393
24.240 441 -1723073393
24.267 473 -1723073393
24.293 495 -1723073393
24.320 506 -1723073393
24.347 503 -1723073393
24.373 487 -1723073393
24.400 465 -1723073393
24.427 435 -1723073393
24.453 401 -1723073393
24.480 370 -1723073393
24.507 342 -1723073393
24.533 314 -1723073393
24.560 293 -1723073393
24.587 280 -1723073393
24.613 278 -1723073393
24.640 285 -1723073393
24.667 305 -1723073393
24.693 335 -1723073393
24.720 368 -1723073393
24.747 409 -1723073393
24.773 454 -1723073393
24.800 500 -1723073393
24.827 553 -1723073393
24.853 609 -1723073393
24.880 652 -1723073393
24.907 676 -1723073393
24.933 690 -1723073393
24.960 684 -1723073393
24.987 655 -1723073393
25.013 622 -1723073393
25.040 571 -1723073393
25.067 497 -1723073393
25.093 425 -1723073393
25.120 351 -1723073393
25.147 278 -1723073393
25.173 214 -1723073393
25.200 163 -1723073393
25.227 121 -1723073393
25.253 89 -1723073393
25.280 72 -1723073393
25.307 66 -1723073393
25.333 67 -1723073393
25.360 84 -1723073393
25.387 110 -1723073393
25.413 129 -1723073393
25.440 147 -1723073393
25.467 157 -1723073393
25.493 156 -1723073393
25.520 162 -1723073393
25.547 162 -1723073393
25.573 150 -1723073393
25.600 134 -1723073393
25.627 112 -1723073393
25.653 82 -1723073393
25.680 52 -1723073393
25.707 11 -1723073393
25.733 -34 -1723073393
25.760 -83 -1723073393
25.787 -138 -1723073393
25.813 -183 -1723073393
25.840 -218 -1723073393
25.867 -253 -1723073393
25.893 -270 -1723073393
25.920 -280 -1723073393
25.947 -285 -1723073393
25.973 -265 -1723073393
26.000 -239 -1723073393
26.027 -207 -1723073393
26.053 -147 -1723073393
26.080 -93 -1723073393
26.107 -41 -1723073393
26.133 28 -1723073393
26.160 89 -1723073393
26.187 142 -1723073393
26.213 200 -1723073393
26.240 248 -1723073393
26.267 289 -1723073393
26.293 327 -1723073393
26.320 352 -1723073393
26.347 367 -1723073393
26.373 373 -1723073393
26.400 368 -1723073393
26.427 354 -1723073393
26.453 333 -1723073393
26.480 306 -1723073393
26.507 270 -1723073393
26.533 232 -1723073393
26.560 188 -1723073393
26.587 149 -1723073393
26.613 115 -1723073393
26.640 82 -1723073393
26.667 56 -1723073393
26.693 31 -1723073393
26.720 8 -1723073393
26.747 -6 -1723073393
26.773 -29 -1723073393
26.800 -56 -1723073393
26.827 -76 -1723073393
26.853 -104 -1723073393
26.880 -131 -1723073393
26.907 -147 -1723073393
26.933 -164 -1723073393
26.960 -179 -1723073393
26.987 -189 -1723073393
27.013 -205 -1723073393
27.040 -212 -1723073393
27.067 -218 -1723073393
27.093 -231 -1723073393
27.120 -224 -1723073393
27.147 -211 -1723073393
27.173 -208 -1723073393
27.200 -192 -1723073393
27.227 -175 -1723073393
27.253 -167 -1723073393
27.280 -150 -1723073393
27.307 -138 -1723073393
27.333 -135 -1723073393
27.360 -121 -1723073393
27.387 -110 -1723073393
27.413 -109 -1723073393
27.440 -103 -1723073393
27.467 -104 -1723073393
27.493 -111 -1723073393
27.520 -111 -1723073393
27.547 -122 -1723073393
27.573 -134 -1723073393
27.600 -137 -1723073393
27.627 -151 -1723073393
27.653 -160 -1723073393
27.680 -160 -1723073393
27.707 -169 -1723073393
27.733 -173 -1723073393
27.760 -174 -1723073393
27.787 -183 -1723073393
27.813 -178 -1723073393
27.840 -169 -1723073393
27.867 -169 -1723073393
27.893 -154 -1723073393
27.920 -137 -1723073393
27.947 -130 -1723073393
27.973 -108 -1723073393
28.000 -82 -1723073393
28.027 -62 -1723073393
28.053 -33 -1723073393
28.080 -7 -1723073393
28.107 17 -1723073393
28.133 52 -1723073393
28.160 80 -1723073393
28.187 108 -1723073393
28.213 142 -1723073393
28.240 165 -1723073393
28.267 190 -1723073393
28.293 225 -1723073393
28.320 253 -1723073393
28.347 273 -1723073393
28.373 296 -1723073393
28.400 311 -1723073393
28.427 316 -1723073393
28.453 317 -1723073393
28.480 314 -1723073393
28.507 303 -1723073393
28.533 288 -1723073393
28.560 263 -1723073393
28.587 234 -1723073393
28.613 206 -1723073393
28.640 175 -1723073393
28.667 145 -1723073393
28.693 117 -1723073393
28.720 83 -1723073393
28.747 47 -1723073393
28.773 12 -1723073393
28.800 -17 -1723073393
28.827 -36 -1723073393
28.853 -52 -1723073393
28.880 -54 -1723073393
28.907 -35 -1723073393
28.933 -14 -1723073393
28.960 9 -1723073393
28.987 40 -1723073393
29.013 67 -1723073393
29.040 92 -1723073393
29.067 126 -1723073393
29.093 158 -1723073393
29.120 183 -1723073393
29.147 206 -1723073393
29.173 215 -1723073393
29.200 207 -1723073393
29.227 194 -1723073393
29.253 171 -1723073393
29.280 136 -1723073393
29.307 99 -1723073393
29.333 61 -1723073393
29.360 17 -1723073393
29.387 -33 -1723073393
29.413 -81 -1723073393
29.440 -125 -1723073393
29.467 -162 -1723073393
29.493 -192 -1723073393
29.520 -212 -1723073393
29.547 -221 -1723073393
29.573 -230 -1723073393
29.600 -220 -1723073393
29.627 -201 -1723073393
29.653 -191 -1723073393
29.680 -165 -1723073393
29.707 -132 -1723073393
29.733 -102 -1723073393
29.760 -57 -1723073393
29.787 -12 -1723073393
29.813 23 -1723073393
29.840 70 -1723073393
29.867 113 -1723073393
29.893 150 -1723073393
29.920 192 -1723073393
29.947 221 -1723073393
29.973 236 -1723073393
30.000 254 -1723073393
30.027 263 -1723073393
30.053 265 -1723073393
30.080 269 -1723073393
30.107 267 -1723073393
30.133 264 -1723073393
30.160 266 -1723073393
30.187 272 -1723073393
30.213 279 -1723073393
30.240 286 -1723073393
30.267 290 -1723073393
30.293 295 -1723073393
30.320 305 -1723073393
30.347 312 -1723073393
30.373 311 -1723073393
30.400 303 -1723073393
30.427 281 -1723073393
30.453 244 -1723073393
30.480 203 -1723073393
30.507 156 -1723073393
30.533 104 -1723073393
30.560 55 -1723073393
30.587 9 -1723073393
30.613 -31 -1723073393
30.640 -68 -1723073393
30.667 -103 -1723073393
30.693 -127 -1723073393
30.720 -146 -1723073393
30.747 -158 -1723073393
30.773 -149 -1723073393
30.800 -136 -1723073393
30.827 -119 -1723073393
30.853 -80 -1723073393
30.880 -39 -1723073393
30.907 -4 -1723073393
30.933 40 -1723073393
30.960 77 -1723073393
30.987 100 -1723073393
31.013 129 -1723073393
31.040 153 -1723073393
31.067 166 -1723073393
31.093 175 -1723073393
31.120 171 -1723073393
31.147 156 -1723073393
31.173 137 -1723073393
31.200 102 -1723073393
31.227 56 -1723073393
31.253 11 -1723073393
31.280 -36 -1723073393
31.307 -76 -1723073393
31.333 -105 -1723073393
31.360 -135 -1723073393
31.387 -160 -1723073393
31.413 -169 -1723073393
31.440 -182 -1723073393
31.467 -186 -1723073393
31.493 -173 -1723073393
31.520 -165 -1723073393
31.547 -149 -1723073393
31.573 -121 -1723073393
31.600 -96 -1723073393
31.627 -58 -1723073393
31.653 -9 -1723073393
31.680 24 -1723073393
31.707 55 -1723073393
31.733 90 -1723073393
31.760 120 -1723073393
31.787 157 -1723073393
31.813 191 -1723073393
31.840 217 -1723073393
31.867 243 -1723073393
31.893 268 -1723073393
31.920 286 -1723073393
31.947 300 -1723073393
31.973 310 -1723073393
32.000 311 -1723073393
32.027 307 -1723073393
32.053 300 -1723073393
32.080 285 -1723073393
32.107 258 -1723073393
32.133 226 -1723073393
32.160 189 -1723073393
32.187 149 -1723073393
32.213 111 -1723073393
32.240 69 -1723073393
32.267 27 -1723073393
32.293 -14 -1723073393
32.320 -53 -1723073393
32.347 -81 -1723073393
32.373 -106 -1723073393
32.400 -129 -1723073393
32.427 -132 -1723073393
32.453 -131 -1723073393
32.480 -124 -1723073393
32.507 -91 -1723073393
32.533 -54 -1723073393
32.560 -20 -1723073393
32.587 32 -1723073393
32.613 81 -1723073393
32.640 119 -1723073393
32.667 168 -1723073393
32.693 215 -1723073393
32.720 249 -1723073393
32.747 282 -1723073393
32.773 301 -1723073393
32.800 304 -1723073393
32.827 297 -1723073393
32.853 273 -1723073393
32.880 233 -1723073393
32.907 181 -1723073393
32.933 121 -1723073393
32.960 52 -1723073393
32.987 -23 -1723073393
33.013 -100 -1723073393
33.040 -172 -1723073393
33.067 -232 -1723073393
33.093 -287 -1723073393
33.120 -328 -1723073393
33.147 -348 -1723073393
33.173 -363 -1723073393
33.200 -360 -1723073393
33.227 -329 -1723073393
33.253 -297 -1723073393
33.280 -254 -1723073393
33.307 -192 -1723073393
33.333 -139 -1723073393
33.360 -77 -1723073393
33.387 -3 -1723073393
33.413 53 -1723073393
33.440 111 -1723073393
33.467 178 -1723073393
33.493 232 -1723073393
33.520 280 -1723073393
33.547 328 -1723073393
33.573 366 -1723073393
33.600 393 -1723073393
33.627 413 -1723073393
33.653 421 -1723073393
33.680 421 -1723073393
33.707 420 -1723073393
33.733 414 -1723073393
33.760 403 -1723073393
33.787 391 -1723073393
33.813 378 -1723073393
33.840 367 -1723073393
33.867 359 -1723073393
33.893 347 -1723073393
33.920 335 -1723073393
33.947 321 -1723073393
33.973 305 -1723073393
34.000 290 -1723073393
34.027 273 -1723073393
34.053 255 -1723073393
34.080 238 -1723073393
34.107 212 -1723073393
34.133 180 -1723073393
34.160 152 -1723073393
34.187 122 -1723073393
34.213 92 -1723073393
34.240 69 -1723073393
34.267 53 -1723073393
34.293 43 -1723073393
34.320 49 -1723073393
34.347 62 -1723073393
34.373 72 -1723073393
34.400 97 -1723073393
34.427 131 -1723073393
34.453 166 -1723073393
34.480 215 -1723073393
34.507 265 -1723073393
34.533 300 -1723073393
34.560 329 -1723073393
34.587 353 -1723073393
34.613 365 -1723073393
34.640 364 -1723073393
34.667 349 -1723073393
34.693 319 -1723073393
34.720 271 -1723073393
34.747 213 -1723073393
34.773 148 -1723073393
34.800 74 -1723073393
34.827 -4 -1723073393
34.853 -83 -1723073393
34.880 -153 -1723073393
34.907 -217 -1723073393
34.933 -275 -1723073393
34.960 -306 -1723073393
34.987 -319 -1723073393
35.013 -321 -1723073393
35.040 -290 -1723073393
35.067 -242 -1723073393
35.093 -190 -1723073393
35.120 -107 -1723073393
35.147 -16 -1723073393
35.173 60 -1723073393
35.200 145 -1723073393
35.227 230 -1723073393
35.253 299 -1723073393
35.280 360 -1723073393
35.307 413 -1723073393
35.333 450 -1723073393
35.360 472 -1723073393
35.387 489 -1723073393
35.413 502 -1723073393
35.440 504 -1723073393
35.467 496 -1723073393
35.493 485 -1723073393
35.520 466 -1723073393
35.547 442 -1723073393
35.573 422 -1723073393
35.600 398 -1723073393
35.627 364 -1723073393
35.653 329 -1723073393
35.680 290 -1723073393
35.707 244 -1723073393
35.733 201 -1723073393
35.760 161 -1723073393
35.787 116 -1723073393
35.813 72 -1723073393
35.840 35 -1723073393
35.867 0 -1723073393
35.893 -31 -1723073393
35.920 -48 -1723073393
35.947 -55 -1723073393
35.973 -62 -1723073393
36.000 -56 -1723073393
36.027 -41 -1723073393
36.053 -26 -1723073393
36.080 7 -1723073393
36.107 54 -1723073393
36.133 96 -1723073393
36.160 147 -1723073393
36.187 204 -1723073393
36.213 247 -1723073393
36.240 285 -1723073393
36.267 324 -1723073393
36.293 353 -1723073393
36.320 375 -1723073393
36.347 386 -1723073393
36.373 387 -1723073393
36.400 375 -1723073393
36.427 356 -1723073393
36.453 329 -1723073393
36.480 289 -1723073393
36.507 239 -1723073393
36.533 185 -1723073393
36.560 132 -1723073393
36.587 76 -1723073393
36.613 21 -1723073393
36.640 -23 -1723073393
36.667 -59 -1723073393
36.693 -89 -1723073393
36.720 -103 -1723073393
36.747 -97 -1723073393
36.773 -81 -1723073393
36.800 -46 -1723073393
36.827 1 -1723073393
36.853 40 -1723073393
36.880 83 -1723073393
36.907 136 -1723073393
36.933 179 -1723073393
36.960 219 -1723073393
36.987 265 -1723073393
37.013 303 -1723073393
37.040 333 -1723073393
37.067 363 -1723073393
37.093 381 -1723073393
37.120 384 -1723073393
37.147 377 -1723073393
37.173 371 -1723073393
37.200 363 -1723073393
37.227 353 -1723073393
37.253 346 -1723073393
37.280 336 -1723073393
37.307 324 -1723073393
37.333 313 -1723073393
37.360 303 -1723073393
37.387 297 -1723073393
37.413 292 -1723073393
37.440 289 -1723073393
37.467 290 -1723073393
37.493 290 -1723073393
37.520 286 -1723073393
37.547 283 -1723073393
37.573 285 -1723073393
37.600 287 -1723073393
37.627 289 -1723073393
37.653 288 -1723073393
37.680 284 -1723073393
37.707 281 -1723073393
37.733 275 -1723073393
37.760 270 -1723073393
37.787 270 -1723073393
37.813 269 -1723073393
37.840 265 -1723073393
37.867 260 -1723073393
37.893 255 -1723073393
37.920 253 -1723073393
37.947 256 -1723073393
37.973 262 -1723073393
38.000 262 -1723073393
38.027 265 -1723073393
38.053 272 -1723073393
38.080 274 -1723073393
38.107 278 -1723073393
38.133 285 -1723073393
38.160 281 -1723073393
38.187 272 -1723073393
38.213 259 -1723073393
38.240 233 -1723073393
38.267 202 -1723073393
38.293 172 -1723073393
38.320 137 -1723073393
38.347 97 -1723073393
38.373 56 -1723073393
38.400 9 -1723073393
38.427 -33 -1723073393
38.453 -73 -1723073393
38.480 -113 -1723073393
38.507 -143 -1723073393
38.533 -161 -1723073393
38.560 -175 -1723073393
38.587 -170 -1723073393
38.613 -153 -1723073393
38.640 -139 -1723073393
38.667 -107 -1723073393
38.693 -59 -1723073393
38.720 -20 -1723073393
38.747 24 -1723073393
38.773 80 -1723073393
38.800 127 -1723073393
38.827 167 -1723073393
38.853 205 -1723073393
38.880 231 -1723073393
38.907 249 -1723073393
38.933 263 -1723073393
38.960 268 -1723073393
38.987 263 -1723073393
39.013 254 -1723073393
39.040 247 -1723073393
39.067 243 -1723073393
39.093 237 -1723073393
39.120 231 -1723073393
39.147 226 -1723073393
39.173 223 -1723073393
39.200 223 -1723073393
39.227 219 -1723073393
39.253 213 -1723073393
39.280 211 -1723073393
39.307 206 -1723073393
39.333 204 -1723073393
39.360 207 -1723073393
39.387 206 -1723073393
39.413 206 -1723073393
39.440 206 -1723073393
39.467 208 -1723073393
39.493 209 -1723073393
39.520 206 -1723073393
39.547 200 -1723073393
39.573 195 -1723073393
39.600 196 -1723073393
39.627 202 -1723073393
39.653 207 -1723073393
39.680 210 -1723073393
39.707 209 -1723073393
39.733 209 -1723073393
39.760 210 -1723073393
39.787 207 -1723073393
39.813 200 -1723073393
39.840 192 -1723073393
39.867 177 -1723073393
39.893 156 -1723073393
39.920 134 -1723073393
39.947 116 -1723073393
39.973 94 -1723073393
40.000 65 -1723073393
40.027 31 -1723073393
40.053 1 -1723073393
40.080 -25 -1723073393
40.107 -51 -1723073393
40.133 -67 -1723073393
40.160 -70 -1723073393
40.187 -69 -1723073393
40.213 -62 -1723073393
40.240 -43 -1723073393
40.267 -30 -1723073393
40.293 -14 -1723073393
40.320 18 -1723073393
40.347 50 -1723073393
40.373 81 -1723073393
40.400 125 -1723073393
40.427 167 -1723073393
40.453 201 -1723073393
40.480 234 -1723073393
40.507 258 -1723073393
40.533 269 -1723073393
40.560 278 -1723073393
40.587 282 -1723073393
40.613 280 -1723073393
40.640 274 -1723073393
40.667 259 -1723073393
40.693 240 -1723073393
40.720 224 -1723073393
40.747 208 -1723073393
40.773 190 -1723073393
40.800 175 -1723073393
40.827 165 -1723073393
40.853 162 -1723073393
40.880 165 -1723073393
40.907 168 -1723073393
40.933 164 -1723073393
40.960 170 -1723073393
40.987 188 -1723073393
41.013 202 -1723073393
41.040 215 -1723073393
41.067 230 -1723073393
41.093 239 -1723073393
41.120 240 -1723073393
41.147 238 -1723073393
41.173 231 -1723073393
41.200 222 -1723073393
41.227 210 -1723073393
41.253 192 -1723073393
41.280 173 -1723073393
41.307 155 -1723073393
41.333 131 -1723073393
41.360 110 -1723073393
41.387 93 -1723073393
41.413 80 -1723073393
41.440 72 -1723073393
41.467 71 -1723073393
41.493 69 -1723073393
41.520 65 -1723073393
41.547 66 -1723073393
41.573 66 -1723073393
41.600 60 -1723073393
41.627 63 -1723073393
41.653 63 -1723073393
41.680 50 -1723073393
41.707 36 -1723073393
41.733 24 -1723073393
41.760 8 -1723073393
41.787 -1 -1723073393
41.813 -5 -1723073393
41.840 -15 -1723073393
41.867 -18 -1723073393
41.893 -19 -1723073393
41.920 -31 -1723073393
41.947 -38 -1723073393
41.973 -34 -1723073393
42.000 -36 -1723073393
42.027 -34 -1723073393
42.053 -21 -1723073393
42.080 -14 -1723073393
42.107 -11 -1723073393
42.133 -1 -1723073393
42.160 -1 -1723073393
42.187 -3 -1723073393
42.213 0 -1723073393
42.240 -4 -1723073393
42.267 -9 -1723073393
42.293 -6 -1723073393
42.320 -7 -1723073393
42.347 -12 -1723073393
42.373 -3 -1723073393
42.400 6 -1723073393
42.427 7 -1723073393
42.453 13 -1723073393
42.480 21 -1723073393
42.507 19 -1723073393
42.533 22 -1723073393
42.560 26 -1723073393
42.587 24 -1723073393
42.613 26 -1723073393
42.640 30 -1723073393
42.667 31 -1723073393
42.693 36 -1723073393
42.720 44 -1723073393
42.747 48 -1723073393
42.773 56 -1723073393
42.800 68 -1723073393
42.827 78 -1723073393
42.853 93 -1723073393
42.880 114 -1723073393
42.907 121 -1723073393
42.933 125 -1723073393
42.960 132 -1723073393
42.987 134 -1723073393
43.013 132 -1723073393
43.040 134 -1723073393
43.067 132 -1723073393
43.093 127 -1723073393
43.120 126 -1723073393
43.147 126 -1723073393
43.173 121 -1723073393
43.200 115 -1723073393
43.227 108 -1723073393
43.253 94 -1723073393
43.280 81 -1723073393
43.307 70 -1723073393
43.333 53 -1723073393
43.360 42 -1723073393
43.387 36 -1723073393
43.413 23 -1723073393
43.440 10 -1723073393
43.467 0 -1723073393
43.493 -18 -1723073393
43.520 -41 -1723073393
43.547 -54 -1723073393
43.573 -71 -1723073393
43.600 -90 -1723073393
43.627 -101 -1723073393
43.653 -116 -1723073393
43.680 -131 -1723073393
43.707 -129 -1723073393
43.733 -129 -1723073393
43.760 -131 -1723073393
43.787 -116 -1723073393
43.813 -100 -1723073393
43.840 -94 -1723073393
43.867 -79 -1723073393
43.893 -60 -1723073393
43.920 -49 -1723073393
43.947 -33 -1723073393
43.973 -20 -1723073393
44.000 -20 -1723073393
44.027 -21 -1723073393
44.053 -21 -1723073393
44.080 -35 -1723073393
44.107 -52 -1723073393
44.133 -65 -1723073393
44.160 -91 -1723073393
44.187 -117 -1723073393
44.213 -131 -1723073393
44.240 -146 -1723073393
44.267 -158 -1723073393
44.293 -152 -1723073393
44.320 -145 -1723073393
44.347 -138 -1723073393
44.373 -109 -1723073393
44.400 -78 -1723073393
44.427 -47 -1723073393
44.453 4 -1723073393
44.480 54 -1723073393
44.507 90 -1723073393
44.533 135 -1723073393
44.560 184 -1723073393
44.587 219 -1723073393
44.613 249 -1723073393
44.640 280 -1723073393
44.667 300 -1723073393
44.693 314 -1723073393
44.720 326 -1723073393
44.747 328 -1723073393
44.773 318 -1723073393
44.800 296 -1723073393
44.827 266 -1723073393
44.853 235 -1723073393
44.880 198 -1723073393
44.907 154 -1723073393
44.933 112 -1723073393
44.960 68 -1723073393
44.987 21 -1723073393
45.013 -17 -1723073393
45.040 -46 -1723073393
45.067 -73 -1723073393
45.093 -98 -1723073393
45.120 -106 -1723073393
45.147 -107 -1723073393
45.173 -114 -1723073393
45.200 -110 -1723073393
45.227 -96 -1723073393
45.253 -87 -1723073393
45.280 -71 -1723073393
45.307 -44 -1723073393
45.333 -25 -1723073393
45.360 -12 -1723073393
45.387 7 -1723073393
45.413 15 -1723073393
45.440 20 -1723073393
45.467 32 -1723073393
45.493 35 -1723073393
45.520 35 -1723073393
45.547 47 -1723073393
45.573 61 -1723073393
45.600 69 -1723073393
45.627 83 -1723073393
45.653 92 -1723073393
45.680 91 -1723073393
45.707 94 -1723073393
45.733 96 -1723073393
45.760 91 -1723073393
45.787 86 -1723073393
45.813 78 -1723073393
45.840 59 -1723073393
45.867 39 -1723073393
45.893 24 -1723073393
45.920 4 -1723073393
45.947 -13 -1723073393
45.973 -23 -1723073393
46.000 -35 -1723073393
46.027 -45 -1723073393
46.053 -40 -1723073393
46.080 -33 -1723073393
46.107 -30 -1723073393
46.133 -15 -1723073393
46.160 6 -1723073393
46.187 21 -1723073393
46.213 43 -1723073393
46.240 71 -1723073393
46.267 92 -1723073393
46.293 112 -1723073393
46.320 139 -1723073393
46.347 161 -1723073393
46.373 183 -1723073393
46.400 209 -1723073393
46.427 229 -1723073393
46.453 240 -1723073393
46.480 250 -1723073393
46.507 255 -1723073393
46.533 257 -1723073393
46.560 262 -1723073393
46.587 265 -1723073393
46.613 259 -1723073393
46.640 251 -1723073393
46.667 241 -1723073393
46.693 224 -1723073393
46.720 205 -1723073393
46.747 183 -1723073393
46.773 157 -1723073393
46.800 135 -1723073393
46.827 116 -1723073393
46.853 89 -1723073393
46.880 64 -1723073393
46.907 44 -1723073393
46.933 29 -1723073393
46.960 23 -1723073393
46.987 25 -1723073393
47.013 20 -1723073393
47.040 18 -1723073393
47.067 28 -1723073393
47.093 36 -1723073393
47.120 41 -1723073393
47.147 56 -1723073393
47.173 74 -1723073393
47.200 90 -1723073393
47.227 116 -1723073393
47.253 142 -1723073393
47.280 159 -1723073393
47.307 178 -1723073393
47.333 201 -1723073393
47.360 216 -1723073393
47.387 230 -1723073393
47.413 245 -1723073393
47.440 253 -1723073393
47.467 255 -1723073393
47.493 255 -1723073393
47.520 251 -1723073393
47.547 239 -1723073393
47.573 223 -1723073393
47.600 208 -1723073393
47.627 193 -1723073393
47.653 174 -1723073393
47.680 153 -1723073393
47.707 131 -1723073393
47.733 112 -1723073393
47.760 93 -1723073393
47.787 80 -1723073393
47.813 80 -1723073393
47.840 85 -1723073393
47.867 91 -1723073393
47.893 107 -1723073393
47.920 131 -1723073393
47.947 153 -1723073393
47.973 179 -1723073393
48.000 214 -1723073393
48.027 248 -1723073393
48.053 282 -1723073393
48.080 324 -1723073393
48.107 365 -1723073393
48.133 400 -1723073393
48.160 438 -1723073393
48.187 478 -1723073393
48.213 509 -1723073393
48.240 531 -1723073393
48.267 548 -1723073393
48.293 558 -1723073393
48.320 556 -1723073393
48.347 547 -1723073393
48.373 540 -1723073393
48.400 530 -1723073393
48.427 511 -1723073393
48.453 491 -1723073393
48.480 467 -1723073393
48.507 439 -1723073393
48.533 417 -1723073393
48.560 398 -1723073393
48.587 374 -1723073393
48.613 353 -1723073393
48.640 336 -1723073393
48.667 318 -1723073393
48.693 300 -1723073393
48.720 287 -1723073393
48.747 281 -1723073393
48.773 282 -1723073393
48.800 286 -1723073393
48.827 297 -1723073393
48.853 315 -1723073393
48.880 331 -1723073393
48.907 342 -1723073393
48.933 355 -1723073393
48.960 368 -1723073393
48.987 372 -1723073393
49.013 372 -1723073393
49.040 370 -1723073393
49.067 361 -1723073393
49.093 346 -1723073393
49.120 329 -1723073393
49.147 314 -1723073393
49.173 295 -1723073393
49.200 272 -1723073393
49.227 250 -1723073393
49.253 231 -1723073393
49.280 214 -1723073393
49.307 200 -1723073393
49.333 191 -1723073393
49.360 186 -1723073393
49.387 181 -1723073393
49.413 176 -1723073393
49.440 175 -1723073393
49.467 171 -1723073393
49.493 165 -1723073393
49.520 167 -1723073393
49.547 173 -1723073393
49.573 173 -1723073393
49.600 181 -1723073393
49.627 198 -1723073393
49.653 215 -1723073393
49.680 234 -1723073393
49.707 255 -1723073393
49.733 272 -1723073393
49.760 286 -1723073393
49.787 303 -1723073393
49.813 317 -1723073393
49.840 324 -1723073393
49.867 327 -1723073393
49.893 325 -1723073393
49.920 321 -1723073393
49.947 312 -1723073393
49.973 300 -1723073393
50.000 288 -1723073393
50.027 278 -1723073393
50.053 266 -1723073393
50.080 255 -1723073393
50.107 244 -1723073393
50.133 232 -1723073393
50.160 222 -1723073393
50.187 213 -1723073393
50.213 200 -1723073393
50.240 183 -1723073393
50.267 165 -1723073393
50.293 145 -1723073393
50.320 120 -1723073393
50.347 90 -1723073393
50.373 58 -1723073393
50.400 22 -1723073393
50.427 -18 -1723073393
50.453 -53 -1723073393
50.480 -88 -1723073393
50.507 -124 -1723073393
50.533 -151 -1723073393
50.560 -169 -1723073393
50.587 -187 -1723073393
50.613 -189 -1723073393
50.640 -181 -1723073393
50.667 -183 -1723073393
50.693 -180 -1723073393
50.720 -160 -1723073393
50.747 -146 -1723073393
50.773 -136 -1723073393
50.800 -112 -1723073393
50.827 -94 -1723073393
50.853 -89 -1723073393
50.880 -82 -1723073393
50.907 -75 -1723073393
50.933 -80 -1723073393
50.960 -80 -1723073393
50.987 -76 -1723073393
51.013 -82 -1723073393
51.040 -86 -1723073393
51.067 -81 -1723073393
51.093 -84 -1723073393
51.120 -88 -1723073393
51.147 -83 -1723073393
51.173 -85 -1723073393
51.200 -87 -1723073393
51.227 -76 -1723073393
51.253 -66 -1723073393
51.280 -64 -1723073393
51.307 -50 -1723073393
51.333 -31 -1723073393
51.360 -22 -1723073393
51.387 -1 -1723073393
51.413 28 -1723073393
51.440 47 -1723073393
51.467 65 -1723073393
51.493 92 -1723073393
51.520 111 -1723073393
51.547 131 -1723073393
51.573 164 -1723073393
51.600 196 -1723073393
51.627 221 -1723073393
51.653 249 -1723073393
51.680 276 -1723073393
51.707 297 -1723073393
51.733 315 -1723073393
51.760 329 -1723073393
51.787 333 -1723073393
51.813 329 -1723073393
51.840 322 -1723073393
51.867 316 -1723073393
51.893 310 -1723073393
51.920 302 -1723073393
51.947 293 -1723073393
51.973 285 -1723073393
52.000 272 -1723073393
52.027 258 -1723073393
52.053 249 -1723073393
52.080 241 -1723073393
52.107 231 -1723073393
52.133 223 -1723073393
52.160 217 -1723073393
52.187 214 -1723073393
52.213 215 -1723073393
52.240 216 -1723073393
52.267 212 -1723073393
52.293 202 -1723073393
52.320 196 -1723073393
52.347 196 -1723073393
52.373 198 -1723073393
52.400 198 -1723073393
52.427 196 -1723073393
52.453 197 -1723073393
52.480 199 -1723073393
52.507 206 -1723073393
52.533 211 -1723073393
52.560 210 -1723073393
52.587 206 -1723073393
52.613 205 -1723073393
52.640 204 -1723073393
52.667 201 -1723073393
52.693 198 -1723073393
52.720 190 -1723073393
52.747 178 -1723073393
52.773 166 -1723073393
52.800 151 -1723073393
52.827 135 -1723073393
52.853 117 -1723073393
52.880 99 -1723073393
52.907 82 -1723073393
52.933 71 -1723073393
52.960 64 -1723073393
52.987 55 -1723073393
53.013 50 -1723073393
53.040 50 -1723073393
53.067 50 -1723073393
53.093 52 -1723073393
53.120 62 -1723073393
53.147 69 -1723073393
53.173 72 -1723073393
53.200 83 -1723073393
53.227 94 -1723073393
53.253 94 -1723073393
53.280 96 -1723073393
53.307 103 -1723073393
53.333 106 -1723073393
53.360 111 -1723073393
53.387 122 -1723073393
53.413 128 -1723073393
53.440 133 -1723073393
53.467 141 -1723073393
53.493 147 -1723073393
53.520 154 -1723073393
53.547 165 -1723073393
53.573 172 -1723073393
53.600 176 -1723073393
53.627 187 -1723073393
53.653 200 -1723073393
53.680 211 -1723073393
53.707 224 -1723073393
53.733 239 -1723073393
53.760 250 -1723073393
53.787 258 -1723073393
53.813 271 -1723073393
53.840 279 -1723073393
53.867 281 -1723073393
53.893 279 -1723073393
53.920 272 -1723073393
53.947 257 -1723073393
53.973 239 -1723073393
54.000 222 -1723073393
54.027 198 -1723073393
54.053 171 -1723073393
54.080 143 -1723073393
54.107 109 -1723073393
54.133 76 -1723073393
54.160 51 -1723073393
54.187 23 -1723073393
54.213 -2 -1723073393
54.240 -18 -1723073393
54.267 -33 -1723073393
54.293 -49 -1723073393
54.320 -52 -1723073393
54.347 -45 -1723073393
54.373 -42 -1723073393
54.400 -35 -1723073393
54.427 -23 -1723073393
54.453 -18 -1723073393
54.480 -15 -1723073393
54.507 -1 -1723073393
54.533 7 -1723073393
54.560 12 -1723073393
54.587 26 -1723073393
54.613 30 -1723073393
54.640 22 -1723073393
54.667 22 -1723073393
54.693 25 -1723073393
54.720 21 -1723073393
54.747 21 -1723073393
54.773 26 -1723073393
54.800 26 -1723073393
54.827 29 -1723073393
54.853 41 -1723073393
54.880 46 -1723073393
54.907 50 -1723073393
54.933 62 -1723073393
54.960 72 -1723073393
54.987 80 -1723073393
55.013 97 -1723073393
55.040 121 -1723073393
55.067 143 -1723073393
55.093 171 -1723073393
55.120 201 -1723073393
55.147 222 -1723073393
55.173 242 -1723073393
55.200 268 -1723073393
55.227 291 -1723073393
55.253 314 -1723073393
55.280 339 -1723073393
55.307 357 -1723073393
55.333 371 -1723073393
55.360 384 -1723073393
55.387 399 -1723073393
55.413 415 -1723073393
55.440 430 -1723073393
55.467 441 -1723073393
55.493 451 -1723073393
55.520 462 -1723073393
55.547 466 -1723073393
55.573 470 -1723073393
55.600 477 -1723073393
55.627 479 -1723073393
55.653 478 -1723073393
55.680 484 -1723073393
55.707 490 -1723073393
55.733 493 -1723073393
55.760 495 -1723073393
55.787 496 -1723073393
55.813 494 -1723073393
55.840 498 -1723073393
55.867 505 -1723073393
55.893 501 -1723073393
55.920 491 -1723073393
55.947 483 -1723073393
55.973 463 -1723073393
56.000 438 -1723073393
56.027 419 -1723073393
56.053 398 -1723073393
56.080 372 -1723073393
56.107 349 -1723073393
56.133 327 -1723073393
56.160 301 -1723073393
56.187 277 -1723073393
56.213 251 -1723073393
56.240 223 -1723073393
56.267 197 -1723073393
56.293 175 -1723073393
56.320 156 -1723073393
56.347 140 -1723073393
56.373 125 -1723073393
56.400 111 -1723073393
56.427 96 -1723073393
56.453 81 -1723073393
56.480 73 -1723073393
56.507 71 -1723073393
56.533 70 -1723073393
56.560 67 -1723073393
56.587 65 -1723073393
56.613 56 -1723073393
56.640 44 -1723073393
56.667 36 -1723073393
56.693 25 -1723073393
56.720 11 -1723073393
56.747 2 -1723073393
56.773 -9 -1723073393
56.800 -28 -1723073393
56.827 -42 -1723073393
56.853 -47 -1723073393
56.880 -56 -1723073393
56.907 -65 -1723073393
56.933 -62 -1723073393
56.960 -63 -1723073393
56.987 -70 -1723073393
57.013 -65 -1723073393
57.040 -54 -1723073393
57.067 -48 -1723073393
57.093 -38 -1723073393
57.120 -22 -1723073393
57.147 -16 -1723073393
57.173 -10 -1723073393
57.200 2 -1723073393
57.227 10 -1723073393
57.253 21 -1723073393
57.280 43 -1723073393
57.307 66 -1723073393
57.333 88 -1723073393
57.360 116 -1723073393
57.387 142 -1723073393
57.413 162 -1723073393
57.440 186 -1723073393
57.467 214 -1723073393
57.493 238 -1723073393
57.520 257 -1723073393
57.547 274 -1723073393
57.573 288 -1723073393
57.600 299 -1723073393
57.627 308 -1723073393
57.653 311 -1723073393
57.680 314 -1723073393
57.707 316 -1723073393
57.733 317 -1723073393
57.760 320 -1723073393
57.787 318 -1723073393
57.813 315 -1723073393
57.840 316 -1723073393
57.867 320 -1723073393
57.893 327 -1723073393
57.920 337 -1723073393
57.947 346 -1723073393
57.973 357 -1723073393
58.000 368 -1723073393
58.027 380 -1723073393
58.053 392 -1723073393
58.080 403 -1723073393
58.107 414 -1723073393
58.133 428 -1723073393
58.160 441 -1723073393
58.187 454 -1723073393
58.213 466 -1723073393
58.240 475 -1723073393
58.267 481 -1723073393
58.293 490 -1723073393
58.320 499 -1723073393
58.347 506 -1723073393
58.373 517 -1723073393
58.400 529 -1723073393
58.427 538 -1723073393
58.453 555 -1723073393
58.480 574 -1723073393
58.507 587 -1723073393
58.533 603 -1723073393
58.560 619 -1723073393
58.587 626 -1723073393
58.613 629 -1723073393
58.640 639 -1723073393
58.667 641 -1723073393
58.693 636 -1723073393
58.720 641 -1723073393
58.747 649 -1723073393
58.773 645 -1723073393
58.800 643 -1723073393
58.827 648 -1723073393
58.853 640 -1723073393
58.880 631 -1723073393
58.907 631 -1723073393
58.933 625 -1723073393
58.960 615 -1723073393
58.987 616 -1723073393
59.013 618 -1723073393
59.040 609 -1723073393
59.067 605 -1723073393
59.093 606 -1723073393
59.120 597 -1723073393
59.147 588 -1723073393
59.173 586 -1723073393
59.200 573 -1723073393
59.227 554 -1723073393
59.253 542 -1723073393
59.280 531 -1723073393
59.307 513 -1723073393
59.333 502 -1723073393
59.360 497 -1723073393
59.387 486 -1723073393
59.413 475 -1723073393
59.440 466 -1723073393
59.467 451 -1723073393
59.493 430 -1723073393
59.520 414 -1723073393
59.547 399 -1723073393
59.573 376 -1723073393
59.600 351 -1723073393
59.627 323 -1723073393
59.653 289 -1723073393
59.680 251 -1723073393
59.707 215 -1723073393
59.733 175 -1723073393
59.760 132 -1723073393
59.787 98 -1723073393
59.813 73 -1723073393
59.840 45 -1723073393
59.867 17 -1723073393
59.893 3 -1723073393
59.920 -4 -1723073393
59.947 -13 -1723073393
59.973 -12 -1723073393
60.000 -5 -1723073393
60.027 -2 -1723073393
60.053 3 -1723073393
60.080 19 -1723073393
60.107 32 -1723073393
60.133 37 -1723073393
60.160 45 -1723073393
60.187 56 -1723073393
60.213 62 -1723073393
60.240 73 -1723073393
60.267 84 -1723073393
60.293 85 -1723073393
60.320 79 -1723073393
60.347 72 -1723073393
60.373 57 -1723073393
60.400 33 -1723073393
60.427 11 -1723073393
60.453 -13 -1723073393
60.480 -43 -1723073393
60.507 -70 -1723073393
60.533 -90 -1723073393
60.560 -115 -1723073393
60.587 -132 -1723073393
60.613 -136 -1723073393
60.640 -145 -1723073393
60.667 -159 -1723073393
60.693 -160 -1723073393
60.720 -155 -1723073393
60.747 -157 -1723073393
60.773 -151 -1723073393
60.800 -136 -1723073393
60.827 -131 -1723073393
60.853 -125 -1723073393
60.880 -107 -1723073393
60.907 -98 -1723073393
60.933 -95 -1723073393
60.960 -88 -1723073393
60.987 -88 -1723073393
61.013 -95 -1723073393
61.040 -95 -1723073393
61.067 -97 -1723073393
61.093 -111 -1723073393
61.120 -118 -1723073393
61.147 -116 -1723073393
61.173 -124 -1723073393
61.200 -138 -1723073393
61.227 -146 -1723073393
61.253 -162 -1723073393
61.280 -188 -1723073393
61.307 -204 -1723073393
61.333 -215 -1723073393
61.360 -240 -1723073393
61.387 -259 -1723073393
61.413 -265 -1723073393
61.440 -281 -1723073393
61.467 -299 -1723073393
61.493 -298 -1723073393
61.520 -299 -1723073393
61.547 -308 -1723073393
61.573 -299 -1723073393
61.600 -283 -1723073393
61.627 -281 -1723073393
61.653 -271 -1723073393
61.680 -246 -1723073393
61.707 -231 -1723073393
61.733 -216 -1723073393
61.760 -182 -1723073393
61.787 -153 -1723073393
61.813 -135 -1723073393
61.840 -105 -1723073393
61.867 -74 -1723073393
61.893 -60 -1723073393
61.920 -41 -1723073393
61.947 -15 -1723073393
61.973 -5 -1723073393
62.000 -5 -1723073393
62.027 0 -1723073393
62.053 -7 -1723073393
62.080 -25 -1723073393
62.107 -37 -1723073393
62.133 -50 -1723073393
62.160 -70 -1723073393
62.187 -86 -1723073393
62.213 -99 -1723073393
62.240 -121 -1723073393
62.267 -141 -1723073393
62.293 -148 -1723073393
62.320 -161 -1723073393
62.347 -179 -1723073393
62.373 -183 -1723073393
62.400 -187 -1723073393
62.427 -197 -1723073393
62.453 -196 -1723073393
62.480 -187 -1723073393
62.507 -192 -1723073393
62.533 -195 -1723073393
62.560 -175 -1723073393
62.587 -157 -1723073393
62.613 -145 -1723073393
62.640 -121 -1723073393
62.667 -100 -1723073393
62.693 -94 -1723073393
62.720 -82 -1723073393
62.747 -64 -1723073393
62.773 -56 -1723073393
62.800 -50 -1723073393
62.827 -34 -1723073393
62.853 -25 -1723073393
62.880 -27 -1723073393
62.907 -20 -1723073393
62.933 -18 -1723073393
62.960 -29 -1723073393
62.987 -41 -1723073393
63.013 -50 -1723073393
63.040 -67 -1723073393
63.067 -85 -1723073393
63.093 -102 -1723073393
63.120 -127 -1723073393
63.147 -158 -1723073393
63.173 -182 -1723073393
63.200 -205 -1723073393
63.227 -236 -1723073393
63.253 -262 -1723073393
63.280 -281 -1723073393
63.307 -302 -1723073393
63.333 -319 -1723073393
63.360 -324 -1723073393
63.387 -331 -1723073393
63.413 -338 -1723073393
63.440 -327 -1723073393
63.467 -317 -1723073393
63.493 -310 -1723073393
63.520 -285 -1723073393
63.547 -255 -1723073393
63.573 -235 -1723073393
63.600 -208 -1723073393
63.627 -168 -1723073393
63.653 -141 -1723073393
63.680 -121 -1723073393
63.707 -91 -1723073393
63.733 -70 -1723073393
63.760 -64 -1723073393
63.787 -53 -1723073393
63.813 -45 -1723073393
63.840 -51 -1723073393
63.867 -60 -1723073393
63.893 -64 -1723073393
63.920 -78 -1723073393
63.947 -98 -1723073393
63.973 -112 -1723073393
64.000 -135 -1723073393
64.027 -167 -1723073393
64.053 -187 -1723073393
64.080 -197 -1723073393
64.107 -214 -1723073393
64.133 -218 -1723073393
64.160 -208 -1723073393
64.187 -205 -1723073393
64.213 -204 -1723073393
64.240 -186 -1723073393
64.267 -164 -1723073393
64.293 -146 -1723073393
64.320 -111 -1723073393
64.347 -72 -1723073393
64.373 -49 -1723073393
64.400 -25 -1723073393
64.427 8 -1723073393
64.453 38 -1723073393
64.480 63 -1723073393
64.507 94 -1723073393
64.533 118 -1723073393
64.560 128 -1723073393
64.587 134 -1723073393
64.613 134 -1723073393
64.640 127 -1723073393
64.667 118 -1723073393
64.693 108 -1723073393
64.720 91 -1723073393
64.747 72 -1723073393
64.773 58 -1723073393
64.800 43 -1723073393
64.827 26 -1723073393
64.853 13 -1723073393
64.880 -1 -1723073393
64.907 -19 -1723073393
64.933 -33 -1723073393
64.960 -44 -1723073393
64.987 -56 -1723073393
65.013 -62 -1723073393
65.040 -54 -1723073393
65.067 -45 -1723073393
65.093 -40 -1723073393
65.120 -24 -1723073393
65.147 -3 -1723073393
65.173 14 -1723073393
65.200 34 -1723073393
65.227 61 -1723073393
65.253 86 -1723073393
65.280 108 -1723073393
65.307 139 -1723073393
65.333 168 -1723073393
65.360 188 -1723073393
65.387 210 -1723073393
65.413 232 -1723073393
65.440 245 -1723073393
65.467 255 -1723073393
65.493 271 -1723073393
65.520 285 -1723073393
65.547 293 -1723073393
65.573 301 -1723073393
65.600 306 -1723073393
65.627 303 -1723073393
65.653 299 -1723073393
65.680 293 -1723073393
65.707 286 -1723073393
65.733 279 -1723073393
65.760 276 -1723073393
65.787 270 -1723073393
65.813 266 -1723073393
65.840 268 -1723073393
65.867 274 -1723073393
65.893 273 -1723073393
65.920 270 -1723073393
65.947 263 -1723073393
65.973 256 -1723073393
66.000 256 -1723073393
66.027 254 -1723073393
66.053 248 -1723073393
66.080 242 -1723073393
66.107 235 -1723073393
66.133 224 -1723073393
66.160 215 -1723073393
66.187 211 -1723073393
66.213 206 -1723073393
66.240 200 -1723073393
66.267 199 -1723073393
66.293 197 -1723073393
66.320 197 -1723073393
66.347 199 -1723073393
66.373 202 -1723073393
66.400 203 -1723073393
66.427 208 -1723073393
66.453 218 -1723073393
66.480 226 -1723073393
66.507 225 -1723073393
66.533 223 -1723073393
66.560 226 -1723073393
66.587 222 -1723073393
66.613 215 -1723073393
66.640 214 -1723073393
66.667 210 -1723073393
66.693 204 -1723073393
66.720 201 -1723073393
66.747 199 -1723073393
66.773 193 -1723073393
66.800 189 -1723073393
66.827 193 -1723073393
66.853 200 -1723073393
66.880 214 -1723073393
66.907 234 -1723073393
66.933 253 -1723073393
66.960 269 -1723073393
66.987 290 -1723073393
67.013 314 -1723073393
67.040 339 -1723073393
67.067 368 -1723073393
67.093 398 -1723073393
67.120 421 -1723073393
67.147 442 -1723073393
67.173 462 -1723073393
67.200 476 -1723073393
67.227 488 -1723073393
67.253 499 -1723073393
67.280 506 -1723073393
67.307 509 -1723073393
67.333 511 -1723073393
67.360 507 -1723073393
67.387 498 -1723073393
67.413 491 -1723073393
67.440 481 -1723073393
67.467 467 -1723073393
67.493 456 -1723073393
67.520 446 -1723073393
67.547 433 -1723073393
67.573 421 -1723073393
67.600 415 -1723073393
67.627 406 -1723073393
67.653 393 -1723073393
67.680 380 -1723073393
67.707 366 -1723073393
67.733 353 -1723073393
67.760 346 -1723073393
67.787 344 -1723073393
67.813 339 -1723073393
67.840 333 -1723073393
67.867 328 -1723073393
67.893 325 -1723073393
67.920 324 -1723073393
67.947 325 -1723073393
67.973 326 -1723073393
68.000 324 -1723073393
68.027 317 -1723073393
68.053 308 -1723073393
68.080 297 -1723073393
68.107 284 -1723073393
68.133 272 -1723073393
68.160 261 -1723073393
68.187 250 -1723073393
68.213 241 -1723073393
68.240 237 -1723073393
68.267 236 -1723073393
68.293 237 -1723073393
68.320 242 -1723073393
68.347 244 -1723073393
68.373 241 -1723073393
68.400 238 -1723073393
68.427 236 -1723073393
68.453 234 -1723073393
68.480 231 -1723073393
68.507 227 -1723073393
68.533 224 -1723073393
68.560 222 -1723073393
68.587 223 -1723073393
68.613 229 -1723073393
68.640 233 -1723073393
68.667 236 -1723073393
68.693 240 -1723073393
68.720 245 -1723073393
68.747 252 -1723073393
68.773 262 -1723073393
68.800 275 -1723073393
68.827 286 -1723073393
68.853 297 -1723073393
68.880 309 -1723073393
68.907 318 -1723073393
68.933 322 -1723073393
68.960 326 -1723073393
68.987 330 -1723073393
69.013 331 -1723073393
69.040 335 -1723073393
69.067 342 -1723073393
69.093 348 -1723073393
69.120 353 -1723073393
69.147 358 -1723073393
69.173 363 -1723073393
69.200 370 -1723073393
69.227 379 -1723073393
69.253 387 -1723073393
69.280 392 -1723073393
69.307 397 -1723073393
69.333 398 -1723073393
69.360 395 -1723073393
69.387 391 -1723073393
69.413 386 -1723073393
69.440 379 -1723073393
69.467 371 -1723073393
69.493 360 -1723073393
69.520 345 -1723073393
69.547 330 -1723073393
69.573 313 -1723073393
69.600 293 -1723073393
69.627 269 -1723073393
69.653 248 -1723073393
69.680 233 -1723073393
69.707 220 -1723073393
69.733 202 -1723073393
69.760 185 -1723073393
69.787 170 -1723073393
69.813 154 -1723073393
69.840 142 -1723073393
69.867 136 -1723073393
69.893 130 -1723073393
69.920 126 -1723073393
69.947 129 -1723073393
69.973 137 -1723073393
70.000 145 -1723073393
70.027 163 -1723073393
70.053 193 -1723073393
70.080 218 -1723073393
70.107 237 -1723073393
70.133 258 -1723073393
70.160 276 -1723073393
70.187 287 -1723073393
70.213 297 -1723073393
70.240 306 -1723073393
70.267 312 -1723073393
70.293 315 -1723073393
70.320 314 -1723073393
70.347 311 -1723073393
70.373 310 -1723073393
70.400 306 -1723073393
70.427 300 -1723073393
70.453 293 -1723073393
70.480 287 -1723073393
70.507 282 -1723073393
70.533 277 -1723073393
70.560 273 -1723073393
70.587 269 -1723073393
70.613 265 -1723073393
70.640 263 -1723073393
70.667 260 -1723073393
70.693 261 -1723073393
70.720 266 -1723073393
70.747 272 -1723073393
70.773 278 -1723073393
70.800 281 -1723073393
70.827 286 -1723073393
70.853 293 -1723073393
70.880 300 -1723073393
70.907 306 -1723073393
70.933 313 -1723073393
70.960 319 -1723073393
70.987 320 -1723073393
71.013 322 -1723073393
71.040 328 -1723073393
71.067 331 -1723073393
71.093 334 -1723073393
71.120 339 -1723073393
71.147 347 -1723073393
71.173 359 -1723073393
71.200 370 -1723073393
71.227 377 -1723073393
71.253 379 -1723073393
71.280 381 -1723073393
71.307 383 -1723073393
71.333 381 -1723073393
71.360 377 -1723073393
71.387 370 -1723073393
71.413 367 -1723073393
71.440 366 -1723073393
71.467 356 -1723073393
71.493 340 -1723073393
71.520 328 -1723073393
71.547 317 -1723073393
71.573 306 -1723073393
71.600 295 -1723073393
71.627 284 -1723073393
71.653 270 -1723073393
71.680 258 -1723073393
71.707 251 -1723073393
71.733 244 -1723073393
71.760 239 -1723073393
71.787 235 -1723073393
71.813 232 -1723073393
71.840 231 -1723073393
71.867 232 -1723073393
71.893 233 -1723073393
71.920 236 -1723073393
71.947 240 -1723073393
71.973 242 -1723073393
72.000 246 -1723073393
72.027 253 -1723073393
72.053 256 -1723073393
72.080 256 -1723073393
72.107 253 -1723073393
72.133 246 -1723073393
72.160 238 -1723073393
72.187 229 -1723073393
72.213 223 -1723073393
72.240 219 -1723073393
72.267 214 -1723073393
72.293 209 -1723073393
72.320 208 -1723073393
72.347 211 -1723073393
72.373 213 -1723073393
72.400 216 -1723073393
72.427 223 -1723073393
72.453 230 -1723073393
72.480 237 -1723073393
72.507 249 -1723073393
72.533 261 -1723073393
72.560 270 -1723073393
72.587 275 -1723073393
72.613 277 -1723073393
72.640 278 -1723073393
72.667 281 -1723073393
72.693 284 -1723073393
72.720 284 -1723073393
72.747 281 -1723073393
72.773 278 -1723073393
72.800 272 -1723073393
72.827 265 -1723073393
72.853 258 -1723073393
72.880 251 -1723073393
72.907 239 -1723073393
72.933 223 -1723073393
72.960 213 -1723073393
72.987 205 -1723073393
73.013 197 -1723073393
73.040 197 -1723073393
73.067 197 -1723073393
73.093 192 -1723073393
73.120 185 -1723073393
73.147 181 -1723073393
73.173 178 -1723073393
73.200 176 -1723073393
73.227 177 -1723073393
73.253 178 -1723073393
73.280 179 -1723073393
73.307 185 -1723073393
73.333 196 -1723073393
73.360 202 -1723073393
73.387 205 -1723073393
73.413 209 -1723073393
73.440 215 -1723073393
73.467 224 -1723073393
73.493 236 -1723073393
73.520 249 -1723073393
73.547 262 -1723073393
73.573 275 -1723073393
73.600 288 -1723073393
73.627 298 -1723073393
73.653 310 -1723073393
73.680 325 -1723073393
73.707 337 -1723073393
73.733 346 -1723073393
73.760 353 -1723073393
73.787 351 -1723073393
73.813 346 -1723073393
73.840 343 -1723073393
73.867 331 -1723073393
73.893 309 -1723073393
73.920 286 -1723073393
73.947 264 -1723073393
73.973 236 -1723073393
74.000 205 -1723073393
74.027 181 -1723073393
74.053 157 -1723073393
74.080 136 -1723073393
74.107 124 -1723073393
74.133 117 -1723073393
74.160 109 -1723073393
74.187 99 -1723073393
74.213 90 -1723073393
74.240 90 -1723073393
74.267 95 -1723073393
74.293 103 -1723073393
74.320 112 -1723073393
74.347 122 -1723073393
74.373 127 -1723073393
74.400 136 -1723073393
74.427 148 -1723073393
74.453 155 -1723073393
74.480 161 -1723073393
74.507 172 -1723073393
74.533 183 -1723073393
74.560 194 -1723073393
74.587 204 -1723073393
74.613 211 -1723073393
74.640 216 -1723073393
74.667 223 -1723073393
74.693 230 -1723073393
74.720 235 -1723073393
74.747 237 -1723073393
74.773 236 -1723073393
74.800 235 -1723073393
74.827 234 -1723073393
74.853 229 -1723073393
74.880 222 -1723073393
74.907 227 -1723073393
74.933 238 -1723073393
74.960 245 -1723073393
74.987 253 -1723073393
75.013 267 -1723073393
75.040 273 -1723073393
75.067 275 -1723073393
75.093 282 -1723073393
75.120 285 -1723073393
75.147 284 -1723073393
75.173 286 -1723073393
75.200 291 -1723073393
75.227 294 -1723073393
75.253 298 -1723073393
75.280 306 -1723073393
75.307 308 -1723073393
75.333 306 -1723073393
75.360 304 -1723073393
75.387 300 -1723073393
75.413 296 -1723073393
75.440 297 -1723073393
75.467 299 -1723073393
75.493 296 -1723073393
75.520 295 -1723073393
75.547 294 -1723073393
75.573 290 -1723073393
75.600 285 -1723073393
75.627 286 -1723073393
75.653 287 -1723073393
75.680 284 -1723073393
75.707 279 -1723073393
75.733 272 -1723073393
75.760 259 -1723073393
75.787 244 -1723073393
75.813 229 -1723073393
75.840 208 -1723073393
75.867 186 -1723073393
75.893 167 -1723073393
75.920 144 -1723073393
75.947 122 -1723073393
75.973 102 -1723073393
76.000 85 -1723073393
76.027 75 -1723073393
76.053 71 -1723073393
76.080 73 -1723073393
76.107 82 -1723073393
76.133 94 -1723073393
76.160 109 -1723073393
76.187 132 -1723073393
76.213 158 -1723073393
76.240 189 -1723073393
76.267 220 -1723073393
76.293 246 -1723073393
76.320 267 -1723073393
76.347 286 -1723073393
76.373 304 -1723073393
76.400 317 -1723073393
76.427 326 -1723073393
76.453 336 -1723073393
76.480 344 -1723073393
76.507 348 -1723073393
76.533 349 -1723073393
76.560 345 -1723073393
76.587 346 -1723073393
76.613 347 -1723073393
76.640 346 -1723073393
76.667 347 -1723073393
76.693 348 -1723073393
76.720 342 -1723073393
76.747 331 -1723073393
76.773 320 -1723073393
76.800 309 -1723073393
76.827 301 -1723073393
76.853 298 -1723073393
76.880 296 -1723073393
76.907 294 -1723073393
76.933 295 -1723073393
76.960 297 -1723073393
76.987 299 -1723073393
77.013 305 -1723073393
77.040 310 -1723073393
77.067 310 -1723073393
77.093 308 -1723073393
77.120 312 -1723073393
77.147 319 -1723073393
77.173 328 -1723073393
77.200 344 -1723073393
77.227 358 -1723073393
77.253 367 -1723073393
77.280 377 -1723073393
77.307 384 -1723073393
77.333 385 -1723073393
77.360 381 -1723073393
77.387 379 -1723073393
77.413 377 -1723073393
77.440 372 -1723073393
77.467 364 -1723073393
77.493 355 -1723073393
77.520 343 -1723073393
77.547 333 -1723073393
77.573 325 -1723073393
77.600 318 -1723073393
77.627 308 -1723073393
77.653 296 -1723073393
77.680 286 -1723073393
77.707 279 -1723073393
77.733 278 -1723073393
77.760 275 -1723073393
77.787 266 -1723073393
77.813 256 -1723073393
77.840 249 -1723073393
77.867 248 -1723073393
77.893 250 -1723073393
77.920 252 -1723073393
77.947 254 -1723073393
77.973 254 -1723073393
78.000 257 -1723073393
78.027 265 -1723073393
78.053 276 -1723073393
78.080 284 -1723073393
78.107 290 -1723073393
78.133 293 -1723073393
78.160 291 -1723073393
78.187 290 -1723073393
78.213 296 -1723073393
78.240 299 -1723073393
78.267 296 -1723073393
78.293 291 -1723073393
78.320 288 -1723073393
78.347 287 -1723073393
78.373 283 -1723073393
78.400 274 -1723073393
78.427 266 -1723073393
78.453 258 -1723073393
78.480 249 -1723073393
78.507 242 -1723073393
78.533 233 -1723073393
78.560 224 -1723073393
78.587 215 -1723073393
78.613 207 -1723073393
78.640 196 -1723073393
78.667 184 -1723073393
78.693 172 -1723073393
78.720 162 -1723073393
78.747 159 -1723073393
78.773 158 -1723073393
78.800 156 -1723073393
78.827 154 -1723073393
78.853 154 -1723073393
78.880 155 -1723073393
78.907 161 -1723073393
78.933 166 -1723073393
78.960 172 -1723073393
78.987 177 -1723073393
79.013 181 -1723073393
79.040 184 -1723073393
79.067 194 -1723073393
79.093 207 -1723073393
79.120 212 -1723073393
79.147 216 -1723073393
79.173 222 -1723073393
79.200 221 -1723073393
79.227 215 -1723073393
79.253 211 -1723073393
79.280 205 -1723073393
79.307 194 -1723073393
79.333 185 -1723073393
79.360 176 -1723073393
79.387 161 -1723073393
79.413 146 -1723073393
79.440 129 -1723073393
79.467 110 -1723073393
79.493 94 -1723073393
79.520 81 -1723073393
79.547 66 -1723073393
79.573 53 -1723073393
79.600 47 -1723073393
79.627 36 -1723073393
79.653 25 -1723073393
79.680 22 -1723073393
79.707 21 -1723073393
79.733 20 -1723073393
79.760 31 -1723073393
79.787 49 -1723073393
79.813 62 -1723073393
79.840 77 -1723073393
79.867 96 -1723073393
79.893 114 -1723073393
79.920 133 -1723073393
79.947 160 -1723073393
79.973 185 -1723073393
80.000 209 -1723073393
80.027 233 -1723073393
80.053 251 -1723073393
80.080 262 -1723073393
80.107 275 -1723073393
80.133 287 -1723073393
80.160 292 -1723073393
80.187 293 -1723073393
80.213 294 -1723073393
80.240 290 -1723073393
80.267 285 -1723073393
80.293 282 -1723073393
80.320 273 -1723073393
80.347 262 -1723073393
80.373 254 -1723073393
80.400 246 -1723073393
80.427 238 -1723073393
80.453 233 -1723073393
80.480 228 -1723073393
80.507 225 -1723073393
80.533 224 -1723073393
80.560 222 -1723073393
80.587 223 -1723073393
80.613 229 -1723073393
80.640 241 -1723073393
80.667 254 -1723073393
80.693 268 -1723073393
80.720 281 -1723073393
80.747 290 -1723073393
80.773 297 -1723073393
80.800 302 -1723073393
80.827 301 -1723073393
80.853 297 -1723073393
80.880 291 -1723073393
80.907 281 -1723073393
80.933 272 -1723073393
80.960 267 -1723073393
80.987 261 -1723073393
81.013 252 -1723073393
81.040 240 -1723073393
81.067 226 -1723073393
81.093 211 -1723073393
81.120 196 -1723073393
81.147 185 -1723073393
81.173 175 -1723073393
81.200 162 -1723073393
81.227 148 -1723073393
81.253 132 -1723073393
81.280 120 -1723073393
81.307 113 -1723073393
81.333 107 -1723073393
81.360 100 -1723073393
81.387 101 -1723073393
81.413 107 -1723073393
81.440 106 -1723073393
81.467 111 -1723073393
81.493 124 -1723073393
81.520 139 -1723073393
81.547 154 -1723073393
81.573 171 -1723073393
81.600 184 -1723073393
81.627 193 -1723073393
81.653 211 -1723073393
81.680 231 -1723073393
81.707 252 -1723073393
81.733 271 -1723073393
81.760 287 -1723073393
81.787 296 -1723073393
81.813 302 -1723073393
81.840 307 -1723073393
81.867 310 -1723073393
81.893 315 -1723073393
81.920 317 -1723073393
81.947 316 -1723073393
81.973 319 -1723073393
82.000 323 -1723073393
82.027 324 -1723073393
82.053 321 -1723073393
82.080 318 -1723073393
82.107 313 -1723073393
82.133 308 -1723073393
82.160 302 -1723073393
82.187 293 -1723073393
82.213 281 -1723073393
82.240 272 -1723073393
82.267 265 -1723073393
82.293 257 -1723073393
82.320 253 -1723073393
82.347 250 -1723073393
82.373 246 -1723073393
82.400 245 -1723073393
82.427 247 -1723073393
82.453 249 -1723073393
82.480 253 -1723073393
82.507 257 -1723073393
82.533 257 -1723073393
82.560 254 -1723073393
82.587 263 -1723073393
82.613 274 -1723073393
82.640 277 -1723073393
82.667 280 -1723073393
82.693 286 -1723073393
82.720 288 -1723073393
82.747 287 -1723073393
82.773 288 -1723073393
82.800 286 -1723073393
82.827 282 -1723073393
82.853 281 -1723073393
82.880 276 -1723073393
82.907 270 -1723073393
82.933 261 -1723073393
82.960 250 -1723073393
82.987 241 -1723073393
83.013 232 -1723073393
83.040 224 -1723073393
83.067 218 -1723073393
83.093 217 -1723073393
83.120 216 -1723073393
83.147 204 -1723073393
83.173 196 -1723073393
83.200 195 -1723073393
83.227 189 -1723073393
83.253 182 -1723073393
83.280 179 -1723073393
83.307 175 -1723073393
83.333 174 -1723073393
83.360 180 -1723073393
83.387 187 -1723073393
83.413 194 -1723073393
83.440 208 -1723073393
83.467 221 -1723073393
83.493 228 -1723073393
83.520 236 -1723073393
83.547 241 -1723073393
83.573 237 -1723073393
83.600 240 -1723073393
83.627 243 -1723073393
83.653 238 -1723073393
83.680 235 -1723073393
83.707 238 -1723073393
83.733 234 -1723073393
83.760 228 -1723073393
83.787 222 -1723073393
83.813 213 -1723073393
83.840 212 -1723073393
83.867 219 -1723073393
83.893 220 -1723073393
83.920 217 -1723073393
83.947 217 -1723073393
83.973 211 -1723073393
84.000 202 -1723073393
84.027 204 -1723073393
84.053 210 -1723073393
84.080 216 -1723073393
84.107 226 -1723073393
84.133 237 -1723073393
84.160 242 -1723073393
84.187 245 -1723073393
84.213 244 -1723073393
84.240 240 -1723073393
84.267 239 -1723073393
84.293 239 -1723073393
84.320 235 -1723073393
84.347 234 -1723073393
84.373 238 -1723073393
84.400 240 -1723073393
84.427 240 -1723073393
84.453 239 -1723073393
84.480 237 -1723073393
84.507 235 -1723073393
84.533 234 -1723073393
84.560 227 -1723073393
84.587 220 -1723073393
84.613 217 -1723073393
84.640 208 -1723073393
84.667 197 -1723073393
84.693 194 -1723073393
84.720 190 -1723073393
84.747 183 -1723073393
84.773 179 -1723073393
84.800 175 -1723073393
84.827 166 -1723073393
84.853 163 -1723073393
84.880 160 -1723073393
84.907 152 -1723073393
84.933 148 -1723073393
84.960 151 -1723073393
84.987 150 -1723073393
85.013 156 -1723073393
85.040 168 -1723073393
85.067 173 -1723073393
85.093 180 -1723073393
85.120 192 -1723073393
85.147 193 -1723073393
85.173 192 -1723073393
85.200 192 -1723073393
85.227 187 -1723073393
85.253 185 -1723073393
85.280 191 -1723073393
85.307 191 -1723073393
85.333 188 -1723073393
85.360 195 -1723073393
85.387 201 -1723073393
85.413 203 -1723073393
85.440 209 -1723073393
85.467 213 -1723073393
85.493 216 -1723073393
85.520 221 -1723073393
85.547 225 -1723073393
85.573 230 -1723073393
85.600 242 -1723073393
85.627 255 -1723073393
85.653 263 -1723073393
85.680 271 -1723073393
85.707 275 -1723073393
85.733 276 -1723073393
85.760 282 -1723073393
85.787 291 -1723073393
85.813 298 -1723073393
85.840 304 -1723073393
85.867 307 -1723073393
85.893 302 -1723073393
85.920 290 -1723073393
85.947 281 -1723073393
85.973 272 -1723073393
86.000 264 -1723073393
86.027 256 -1723073393
86.053 244 -1723073393
86.080 236 -1723073393
86.107 228 -1723073393
86.133 216 -1723073393
86.160 205 -1723073393
86.187 197 -1723073393
86.213 188 -1723073393
86.240 184 -1723073393
86.267 188 -1723073393
86.293 190 -1723073393
86.320 193 -1723073393
86.347 202 -1723073393
86.373 208 -1723073393
86.400 210 -1723073393
86.427 213 -1723073393
86.453 210 -1723073393
86.480 205 -1723073393
86.507 200 -1723073393
86.533 193 -1723073393
86.560 185 -1723073393
86.587 181 -1723073393
86.613 175 -1723073393
86.640 169 -1723073393
86.667 166 -1723073393
86.693 163 -1723073393
86.720 159 -1723073393
86.747 159 -1723073393
86.773 157 -1723073393
86.800 152 -1723073393
86.827 151 -1723073393
86.853 151 -1723073393
86.880 151 -1723073393
86.907 160 -1723073393
86.933 172 -1723073393
86.960 184 -1723073393
86.987 201 -1723073393
87.013 211 -1723073393
87.040 214 -1723073393
87.067 222 -1723073393
87.093 229 -1723073393
87.120 228 -1723073393
87.147 233 -1723073393
87.173 238 -1723073393
87.200 237 -1723073393
87.227 239 -1723073393
87.253 242 -1723073393
87.280 240 -1723073393
87.307 237 -1723073393
87.333 236 -1723073393
87.360 234 -1723073393
87.387 235 -1723073393
87.413 237 -1723073393
87.440 234 -1723073393
87.467 227 -1723073393
87.493 221 -1723073393
87.520 216 -1723073393
87.547 217 -1723073393
87.573 225 -1723073393
87.600 232 -1723073393
87.627 238 -1723073393
87.653 243 -1723073393
87.680 243 -1723073393
87.707 243 -1723073393
87.733 241 -1723073393
87.760 238 -1723073393
87.787 236 -1723073393
87.813 235 -1723073393
87.840 228 -1723073393
87.867 222 -1723073393
87.893 218 -1723073393
87.920 212 -1723073393
87.947 212 -1723073393
87.973 212 -1723073393
88.000 205 -1723073393
88.027 202 -1723073393
88.053 202 -1723073393
88.080 201 -1723073393
88.107 208 -1723073393
88.133 215 -1723073393
88.160 216 -1723073393
88.187 218 -1723073393
88.213 221 -1723073393
88.240 222 -1723073393
88.267 224 -1723073393
88.293 227 -1723073393
88.320 226 -1723073393
88.347 223 -1723073393
88.373 216 -1723073393
88.400 207 -1723073393
88.427 198 -1723073393
88.453 188 -1723073393
88.480 179 -1723073393
88.507 177 -1723073393
88.533 178 -1723073393
88.560 176 -1723073393
88.587 175 -1723073393
88.613 170 -1723073393
88.640 164 -1723073393
88.667 161 -1723073393
88.693 155 -1723073393
88.720 147 -1723073393
88.747 146 -1723073393
88.773 144 -1723073393
88.800 138 -1723073393
88.827 138 -1723073393
88.853 137 -1723073393
88.880 131 -1723073393
88.907 129 -1723073393
88.933 127 -1723073393
88.960 129 -1723073393
88.987 140 -1723073393
89.013 147 -1723073393
89.040 152 -1723073393
89.067 164 -1723073393
89.093 175 -1723073393
89.120 183 -1723073393
89.147 195 -1723073393
89.173 204 -1723073393
89.200 209 -1723073393
89.227 216 -1723073393
89.253 218 -1723073393
89.280 215 -1723073393
89.307 215 -1723073393
89.333 216 -1723073393
89.360 216 -1723073393
89.387 219 -1723073393
89.413 221 -1723073393
89.440 222 -1723073393
89.467 221 -1723073393
89.493 215 -1723073393
89.520 207 -1723073393
89.547 196 -1723073393
89.573 182 -1723073393
89.600 170 -1723073393
89.627 165 -1723073393
89.653 157 -1723073393
89.680 151 -1723073393
89.707 145 -1723073393
89.733 134 -1723073393
89.760 132 -1723073393
89.787 129 -1723073393
89.813 123 -1723073393
89.840 126 -1723073393
89.867 134 -1723073393
89.893 139 -1723073393
89.920 147 -1723073393
89.947 153 -1723073393
89.973 159 -1723073393
90.000 172 -1723073393
90.027 181 -1723073393
90.053 183 -1723073393
90.080 184 -1723073393
90.107 183 -1723073393
90.133 183 -1723073393
90.160 189 -1723073393
90.187 192 -1723073393
90.213 187 -1723073393
90.240 182 -1723073393
90.267 175 -1723073393
90.293 164 -1723073393
90.320 148 -1723073393
90.347 130 -1723073393
90.373 120 -1723073393
90.400 117 -1723073393
90.427 111 -1723073393
90.453 107 -1723073393
90.480 108 -1723073393
90.507 106 -1723073393
90.533 108 -1723073393
90.560 111 -1723073393
90.587 108 -1723073393
90.613 114 -1723073393
90.640 119 -1723073393
90.667 122 -1723073393
90.693 134 -1723073393
90.720 150 -1723073393
90.747 165 -1723073393
90.773 184 -1723073393
90.800 199 -1723073393
90.827 213 -1723073393
90.853 230 -1723073393
90.880 243 -1723073393
90.907 257 -1723073393
90.933 276 -1723073393
90.960 287 -1723073393
90.987 298 -1723073393
91.013 310 -1723073393
91.040 315 -1723073393
91.067 323 -1723073393
91.093 325 -1723073393
91.120 326 -1723073393
91.147 335 -1723073393
91.173 342 -1723073393
91.200 346 -1723073393
91.227 353 -1723073393
91.253 351 -1723073393
91.280 345 -1723073393
91.307 344 -1723073393
91.333 342 -1723073393
91.360 345 -1723073393
91.387 348 -1723073393
91.413 339 -1723073393
91.440 330 -1723073393
91.467 323 -1723073393
91.493 310 -1723073393
91.520 303 -1723073393
91.547 301 -1723073393
91.573 292 -1723073393
91.600 288 -1723073393
91.627 285 -1723073393
91.653 282 -1723073393
91.680 288 -1723073393
91.707 293 -1723073393
91.733 293 -1723073393
91.760 298 -1723073393
91.787 303 -1723073393
91.813 310 -1723073393
91.840 321 -1723073393
91.867 328 -1723073393
91.893 334 -1723073393
91.920 341 -1723073393
91.947 348 -1723073393
91.973 356 -1723073393
92.000 364 -1723073393
92.027 369 -1723073393
92.053 370 -1723073393
92.080 368 -1723073393
92.107 363 -1723073393
92.133 357 -1723073393
92.160 350 -1723073393
92.187 345 -1723073393
92.213 341 -1723073393
92.240 329 -1723073393
92.267 316 -1723073393
92.293 306 -1723073393
92.320 297 -1723073393
92.347 294 -1723073393
92.373 293 -1723073393
92.400 290 -1723073393
92.427 294 -1723073393
92.453 297 -1723073393
92.480 301 -1723073393
92.507 312 -1723073393
92.533 319 -1723073393
92.560 328 -1723073393
92.587 336 -1723073393
92.613 342 -1723073393
92.640 353 -1723073393
92.667 359 -1723073393
92.693 365 -1723073393
92.720 377 -1723073393
92.747 384 -1723073393
92.773 388 -1723073393
92.800 390 -1723073393
92.827 392 -1723073393
92.853 397 -1723073393
92.880 400 -1723073393
92.907 400 -1723073393
92.933 403 -1723073393
92.960 406 -1723073393
92.987 405 -1723073393
93.013 400 -1723073393
93.040 391 -1723073393
93.067 381 -1723073393
93.093 373 -1723073393
93.120 365 -1723073393
93.147 361 -1723073393
93.173 354 -1723073393
93.200 346 -1723073393
93.227 339 -1723073393
93.253 331 -1723073393
93.280 320 -1723073393
93.307 318 -1723073393
93.333 319 -1723073393
93.360 321 -1723073393
93.387 321 -1723073393
93.413 319 -1723073393
93.440 325 -1723073393
93.467 330 -1723073393
93.493 335 -1723073393
93.520 349 -1723073393
93.547 355 -1723073393
93.573 359 -1723073393
93.600 368 -1723073393
93.627 371 -1723073393
93.653 374 -1723073393
93.680 374 -1723073393
93.707 370 -1723073393
93.733 368 -1723073393
93.760 366 -1723073393
93.787 362 -1723073393
93.813 354 -1723073393
93.840 344 -1723073393
93.867 338 -1723073393
93.893 337 -1723073393
93.920 337 -1723073393
93.947 339 -1723073393
93.973 330 -1723073393
94.000 316 -1723073393
94.027 304 -1723073393
94.053 289 -1723073393
94.080 284 -1723073393
94.107 279 -1723073393
94.133 269 -1723073393
94.160 272 -1723073393
94.187 275 -1723073393
94.213 278 -1723073393
94.240 288 -1723073393
94.267 291 -1723073393
94.293 294 -1723073393
94.320 299 -1723073393
94.347 301 -1723073393
94.373 310 -1723073393
94.400 314 -1723073393
94.427 317 -1723073393
94.453 324 -1723073393
94.480 326 -1723073393
94.507 335 -1723073393
94.533 346 -1723073393
94.560 349 -1723073393
94.587 355 -1723073393
94.613 352 -1723073393
94.640 348 -1723073393
94.667 343 -1723073393
94.693 336 -1723073393
94.720 336 -1723073393
94.747 334 -1723073393
94.773 340 -1723073393
94.800 347 -1723073393
94.827 343 -1723073393
94.853 341 -1723073393
94.880 338 -1723073393
94.907 333 -1723073393
94.933 335 -1723073393
94.960 329 -1723073393
94.987 327 -1723073393
95.013 331 -1723073393
95.040 328 -1723073393
95.067 325 -1723073393
95.093 320 -1723073393
95.120 314 -1723073393
95.147 306 -1723073393
95.173 295 -1723073393
95.200 298 -1723073393
95.227 297 -1723073393
95.253 295 -1723073393
95.280 293 -1723073393
95.307 284 -1723073393
95.333 284 -1723073393
95.360 279 -1723073393
95.387 278 -1723073393
95.413 280 -1723073393
95.440 283 -1723073393
95.467 283 -1723073393
95.493 276 -1723073393
95.520 272 -1723073393
95.547 265 -1723073393
95.573 257 -1723073393
95.600 252 -1723073393
95.627 239 -1723073393
95.653 230 -1723073393
95.680 225 -1723073393
95.707 215 -1723073393
95.733 211 -1723073393
95.760 201 -1723073393
95.787 187 -1723073393
95.813 175 -1723073393
95.840 162 -1723073393
95.867 156 -1723073393
95.893 147 -1723073393
95.920 139 -1723073393
95.947 136 -1723073393
95.973 125 -1723073393
96.000 123 -1723073393
96.027 123 -1723073393
96.053 133 -1723073393
96.080 141 -1723073393
96.107 145 -1723073393
96.133 160 -1723073393
96.160 168 -1723073393
96.187 174 -1723073393
96.213 183 -1723073393
96.240 183 -1723073393
96.267 193 -1723073393
96.293 198 -1723073393
96.320 204 -1723073393
96.347 211 -1723073393
96.373 207 -1723073393
96.400 204 -1723073393
96.427 197 -1723073393
96.453 193 -1723073393
96.480 191 -1723073393
96.507 190 -1723073393
96.533 187 -1723073393
96.560 173 -1723073393
96.587 162 -1723073393
96.613 152 -1723073393
96.640 141 -1723073393
96.667 135 -1723073393
96.693 124 -1723073393
96.720 118 -1723073393
96.747 108 -1723073393
96.773 98 -1723073393
96.800 90 -1723073393
96.827 77 -1723073393
96.853 72 -1723073393
96.880 64 -1723073393
96.907 66 -1723073393
96.933 63 -1723073393
96.960 53 -1723073393
96.987 56 -1723073393
97.013 57 -1723073393
97.040 67 -1723073393
97.067 76 -1723073393
97.093 84 -1723073393
97.120 88 -1723073393
97.147 81 -1723073393
97.173 88 -1723073393
97.200 89 -1723073393
97.227 89 -1723073393
97.253 88 -1723073393
97.280 82 -1723073393
97.307 75 -1723073393
97.333 61 -1723073393
97.360 60 -1723073393
97.387 54 -1723073393
97.413 46 -1723073393
97.440 38 -1723073393
97.467 26 -1723073393
97.493 24 -1723073393
97.520 20 -1723073393
97.547 28 -1723073393
97.573 30 -1723073393
97.600 27 -1723073393
97.627 25 -1723073393
97.653 22 -1723073393
97.680 31 -1723073393
97.707 24 -1723073393
97.733 29 -1723073393
97.760 25 -1723073393
97.787 26 -1723073393
97.813 36 -1723073393
97.840 47 -1723073393
97.867 67 -1723073393
97.893 73 -1723073393
97.920 86 -1723073393
97.947 87 -1723073393
97.973 92 -1723073393
98.000 94 -1723073393
98.027 94 -1723073393
98.053 97 -1723073393
98.080 88 -1723073393
98.107 88 -1723073393
98.133 79 -1723073393
98.160 85 -1723073393
98.187 84 -1723073393
98.213 86 -1723073393
98.240 88 -1723073393
98.267 89 -1723073393
98.293 96 -1723073393
98.320 90 -1723073393
98.347 94 -1723073393
98.373 88 -1723073393
98.400 88 -1723073393
98.427 86 -1723073393
98.453 84 -1723073393
98.480 82 -1723073393
98.507 78 -1723073393
98.533 73 -1723073393
98.560 62 -1723073393
98.587 66 -1723073393
98.613 59 -1723073393
98.640 56 -1723073393
98.667 36 -1723073393
98.693 33 -1723073393
98.720 21 -1723073393
98.747 25 -1723073393
98.773 28 -1723073393
98.800 28 -1723073393
98.827 28 -1723073393
98.853 16 -1723073393
98.880 16 -1723073393
98.907 10 -1723073393
98.933 20 -1723073393
98.960 17 -1723073393
98.987 26 -1723073393
99.013 22 -1723073393
99.040 24 -1723073393
99.067 20 -1723073393
99.093 27 -1723073393
99.120 26 -1723073393
99.147 25 -1723073393
99.173 26 -1723073393
99.200 16 -1723073393
99.227 12 -1723073393
99.253 -3 -1723073393
99.280 -1 -1723073393
99.307 -7 -1723073393
99.333 -2 -1723073393
99.360 -6 -1723073393
99.387 2 -1723073393
99.413 -5 -1723073393
99.440 -5 -1723073393
99.467 -22 -1723073393
99.493 -22 -1723073393
99.520 -36 -1723073393
99.547 -40 -1723073393
99.573 -54 -1723073393
99.600 -63 -1723073393
99.627 -73 -1723073393
99.653 -69 -1723073393
99.680 -63 -1723073393
99.707 -58 -1723073393
99.733 -49 -1723073393
99.760 -42 -1723073393
99.787 -21 -1723073393
99.813 -15 -1723073393
99.840 -11 -1723073393
99.867 -12 -1723073393
99.893 -4 -1723073393
99.920 2 -1723073393
99.947 20 -1723073393
99.973 25 -1723073393
100.000 0 -1723073393
