0.000 12 -1723073393
0.027 21 -1723073393
0.053 19 -1723073393
0.080 24 -1723073393
0.107 20 -1723073393
0.133 17 -1723073393
0.160 24 -1723073393
0.187 20 -1723073393
0.213 17 -1723073393
0.240 18 -1723073393
0.267 12 -1723073393
0.293 14 -1723073393
0.320 11 -1723073393
0.347 10 -1723073393
0.373 15 -1723073393
0.400 10 -1723073393
0.427 10 -1723073393
0.453 11 -1723073393
0.480 5 -1723073393
0.507 9 -1723073393
0.533 10 -1723073393
0.560 7 -1723073393
0.587 11 -1723073393
0.613 6 -1723073393
0.640 9 -1723073393
0.667 11 -1723073393
0.693 3 -1723073393
0.720 8 -1723073393
0.747 10 -1723073393
0.773 12 -1723073393
0.800 19 -1723073393
0.827 14 -1723073393
0.853 14 -1723073393
0.880 15 -1723073393
0.907 10 -1723073393
0.933 9 -1723073393
0.960 1 -1723073393
0.987 -2 -1723073393
1.013 2 -1723073393
1.040 -1 -1723073393
1.067 -1 -1723073393
1.093 -1 -1723073393
1.120 -5 -1723073393
1.147 -2 -1723073393
1.173 -6 -1723073393
1.200 -9 -1723073393
1.227 -5 -1723073393
1.253 -5 -1723073393
1.280 4 -1723073393
1.307 14 -1723073393
1.333 17 -1723073393
1.360 22 -1723073393
1.387 20 -1723073393
1.413 15 -1723073393
1.440 19 -1723073393
1.467 14 -1723073393
1.493 11 -1723073393
1.520 6 -1723073393
1.547 0 -1723073393
1.573 2 -1723073393
1.600 2 -1723073393
1.627 0 -1723073393
1.653 3 -1723073393
1.680 1 -1723073393
1.707 -5 -1723073393
1.733 -13 -1723073393
1.760 -23 -1723073393
1.787 -27 -1723073393
1.813 -33 -1723073393
1.840 -36 -1723073393
1.867 -27 -1723073393
1.893 -21 -1723073393
1.920 -13 -1723073393
1.947 -6 -1723073393
1.973 -8 -1723073393
2.000 -6 -1723073393
2.027 -8 -1723073393
2.053 -14 -1723073393
2.080 -10 -1723073393
2.107 -8 -1723073393
2.133 -4 -1723073393
2.160 -1 -1723073393
2.187 -7 -1723073393
2.213 -10 -1723073393
2.240 -15 -1723073393
2.267 -17 -1723073393
2.293 -13 -1723073393
2.320 -15 -1723073393
2.347 -20 -1723073393
2.373 -24 -1723073393
2.400 -27 -1723073393
2.427 -22 -1723073393
2.453 -19 -1723073393
2.480 -22 -1723073393
2.507 -21 -1723073393
2.533 -24 -1723073393
2.560 -24 -1723073393
2.587 -25 -1723073393
2.613 -32 -1723073393
2.640 -28 -1723073393
2.667 -25 -1723073393
2.693 -27 -1723073393
2.720 -25 -1723073393
2.747 -28 -1723073393
2.773 -30 -1723073393
2.800 -26 -1723073393
2.827 -26 -1723073393
2.853 -25 -1723073393
2.880 -25 -1723073393
2.907 -25 -1723073393
2.933 -21 -1723073393
2.960 -27 -1723073393
2.987 -34 -1723073393
3.013 -35 -1723073393
3.040 -37 -1723073393
3.067 -32 -1723073393
3.093 -34 -1723073393
3.120 -35 -1723073393
3.147 -29 -1723073393
3.173 -27 -1723073393
3.200 -26 -1723073393
3.227 -23 -1723073393
3.253 -27 -1723073393
3.280 -26 -1723073393
3.307 -25 -1723073393
3.333 -27 -1723073393
3.360 -23 -1723073393
3.387 -28 -1723073393
3.413 -33 -1723073393
3.440 -31 -1723073393
3.467 -35 -1723073393
3.493 -32 -1723073393
3.520 -28 -1723073393
3.547 -37 -1723073393
3.573 -41 -1723073393
3.600 -44 -1723073393
3.627 -44 -1723073393
3.653 -37 -1723073393
3.680 -37 -1723073393
3.707 -37 -1723073393
3.733 -36 -1723073393
3.760 -40 -1723073393
3.787 -38 -1723073393
3.813 -40 -1723073393
3.840 -45 -1723073393
3.867 -43 -1723073393
3.893 -44 -1723073393
3.920 -39 -1723073393
3.947 -29 -1723073393
3.973 -34 -1723073393
4.000 -40 -1723073393
4.027 -39 -1723073393
4.053 -35 -1723073393
4.080 -26 -1723073393
4.107 -20 -1723073393
4.133 -14 -1723073393
4.160 -8 -1723073393
4.187 -14 -1723073393
4.213 -19 -1723073393
4.240 -22 -1723073393
4.267 -29 -1723073393
4.293 -27 -1723073393
4.320 -28 -1723073393
4.347 -31 -1723073393
4.373 -30 -1723073393
4.400 -28 -1723073393
4.427 -24 -1723073393
4.453 -20 -1723073393
4.480 -26 -1723073393
4.507 -28 -1723073393
4.533 -30 -1723073393
4.560 -32 -1723073393
4.587 -26 -1723073393
4.613 -28 -1723073393
4.640 -31 -1723073393
4.667 -32 -1723073393
4.693 -32 -1723073393
4.720 -23 -1723073393
4.747 -14 -1723073393
4.773 -7 -1723073393
4.800 -5 -1723073393
4.827 -8 -1723073393
4.853 -12 -1723073393
4.880 -15 -1723073393
4.907 -17 -1723073393
4.933 -17 -1723073393
4.960 -19 -1723073393
4.987 -19 -1723073393
5.013 -18 -1723073393
5.040 -23 -1723073393
5.067 -28 -1723073393
5.093 -30 -1723073393
5.120 -35 -1723073393
5.147 -35 -1723073393
5.173 -34 -1723073393
5.200 -36 -1723073393
5.227 -33 -1723073393
5.253 -30 -1723073393
5.280 -22 -1723073393
5.307 -16 -1723073393
5.333 -23 -1723073393
5.360 -25 -1723073393
5.387 -30 -1723073393
5.413 -34 -1723073393
5.440 -26 -1723073393
5.467 -24 -1723073393
5.493 -24 -1723073393
5.520 -19 -1723073393
5.547 -17 -1723073393
5.573 -16 -1723073393
5.600 -18 -1723073393
5.627 -23 -1723073393
5.653 -21 -1723073393
5.680 -22 -1723073393
5.707 -24 -1723073393
5.733 -18 -1723073393
5.760 -18 -1723073393
5.787 -20 -1723073393
5.813 -22 -1723073393
5.840 -26 -1723073393
5.867 -21 -1723073393
5.893 -17 -1723073393
5.920 -16 -1723073393
5.947 -12 -1723073393
5.973 -14 -1723073393
6.000 -17 -1723073393
6.027 -20 -1723073393
6.053 -25 -1723073393
6.080 -27 -1723073393
6.107 -30 -1723073393
6.133 -33 -1723073393
6.160 -29 -1723073393
6.187 -30 -1723073393
6.213 -27 -1723073393
6.240 -26 -1723073393
6.267 -29 -1723073393
6.293 -24 -1723073393
6.320 -22 -1723073393
6.347 -23 -1723073393
6.373 -19 -1723073393
6.400 -21 -1723073393
6.427 -22 -1723073393
6.453 -23 -1723073393
6.480 -28 -1723073393
6.507 -22 -1723073393
6.533 -16 -1723073393
6.560 -19 -1723073393
6.587 -20 -1723073393
6.613 -21 -1723073393
6.640 -19 -1723073393
6.667 -16 -1723073393
6.693 -18 -1723073393
6.720 -18 -1723073393
6.747 -21 -1723073393
6.773 -27 -1723073393
6.800 -24 -1723073393
6.827 -20 -1723073393
6.853 -18 -1723073393
6.880 -15 -1723073393
6.907 -19 -1723073393
6.933 -22 -1723073393
6.960 -20 -1723073393
6.987 -22 -1723073393
7.013 -15 -1723073393
7.040 -11 -1723073393
7.067 -12 -1723073393
7.093 -10 -1723073393
7.120 -15 -1723073393
7.147 -15 -1723073393
7.173 -13 -1723073393
7.200 -21 -1723073393
7.227 -25 -1723073393
7.253 -23 -1723073393
7.280 -24 -1723073393
7.307 -23 -1723073393
7.333 -29 -1723073393
7.360 -31 -1723073393
7.387 -27 -1723073393
7.413 -28 -1723073393
7.440 -28 -1723073393
7.467 -24 -1723073393
7.493 -27 -1723073393
7.520 -27 -1723073393
7.547 -30 -1723073393
7.573 -33 -1723073393
7.600 -32 -1723073393
7.627 -33 -1723073393
7.653 -31 -1723073393
7.680 -27 -1723073393
7.707 -33 -1723073393
7.733 -35 -1723073393
7.760 -32 -1723073393
7.787 -34 -1723073393
7.813 -36 -1723073393
7.840 -34 -1723073393
7.867 -25 -1723073393
7.893 -18 -1723073393
7.920 -20 -1723073393
7.947 -18 -1723073393
7.973 -20 -1723073393
8.000 -24 -1723073393
8.027 -20 -1723073393
8.053 -20 -1723073393
8.080 -22 -1723073393
8.107 -25 -1723073393
8.133 -33 -1723073393
8.160 -36 -1723073393
8.187 -30 -1723073393
8.213 -33 -1723073393
8.240 -32 -1723073393
8.267 -29 -1723073393
8.293 -35 -1723073393
8.320 -35 -1723073393
8.347 -38 -1723073393
8.373 -40 -1723073393
8.400 -34 -1723073393
8.427 -35 -1723073393
8.453 -34 -1723073393
8.480 -31 -1723073393
8.507 -29 -1723073393
8.533 -20 -1723073393
8.560 -17 -1723073393
8.587 -11 -1723073393
8.613 0 -1723073393
8.640 0 -1723073393
8.667 -5 -1723073393
8.693 -11 -1723073393
8.720 -20 -1723073393
8.747 -23 -1723073393
8.773 -27 -1723073393
8.800 -31 -1723073393
8.827 -24 -1723073393
8.853 -20 -1723073393
8.880 -16 -1723073393
8.907 -11 -1723073393
8.933 -15 -1723073393
8.960 -17 -1723073393
8.987 -24 -1723073393
9.013 -37 -1723073393
9.040 -38 -1723073393
9.067 -43 -1723073393
9.093 -47 -1723073393
9.120 -47 -1723073393
9.147 -54 -1723073393
9.173 -55 -1723073393
9.200 -53 -1723073393
9.227 -51 -1723073393
9.253 -46 -1723073393
9.280 -43 -1723073393
9.307 -40 -1723073393
9.333 -37 -1723073393
9.360 -43 -1723073393
9.387 -43 -1723073393
9.413 -44 -1723073393
9.440 -51 -1723073393
9.467 -49 -1723073393
9.493 -49 -1723073393
9.520 -55 -1723073393
9.547 -52 -1723073393
9.573 -53 -1723073393
9.600 -50 -1723073393
9.627 -44 -1723073393
9.653 -47 -1723073393
9.680 -43 -1723073393
9.707 -39 -1723073393
9.733 -45 -1723073393
9.760 -45 -1723073393
9.787 -45 -1723073393
9.813 -42 -1723073393
9.840 -40 -1723073393
9.867 -49 -1723073393
9.893 -49 -1723073393
9.920 -49 -1723073393
9.947 -53 -1723073393
9.973 -51 -1723073393
10.000 -53 -1723073393
10.027 -52 -1723073393
10.053 -50 -1723073393
10.080 -52 -1723073393
10.107 -50 -1723073393
10.133 -48 -1723073393
10.160 -52 -1723073393
10.187 -45 -1723073393
10.213 -43 -1723073393
10.240 -39 -1723073393
10.267 -27 -1723073393
10.293 -13 -1723073393
10.320 1 -1723073393
10.347 19 -1723073393
10.373 31 -1723073393
10.400 52 -1723073393
10.427 74 -1723073393
10.453 95 -1723073393
10.480 119 -1723073393
10.507 136 -1723073393
10.533 152 -1723073393
10.560 167 -1723073393
10.587 178 -1723073393
10.613 180 -1723073393
10.640 175 -1723073393
10.667 170 -1723073393
10.693 161 -1723073393
10.720 148 -1723073393
10.747 136 -1723073393
10.773 123 -1723073393
10.800 107 -1723073393
10.827 91 -1723073393
10.853 74 -1723073393
10.880 49 -1723073393
10.907 28 -1723073393
10.933 6 -1723073393
10.960 -16 -1723073393
10.987 -28 -1723073393
11.013 -43 -1723073393
11.040 -55 -1723073393
11.067 -62 -1723073393
11.093 -76 -1723073393
11.120 -85 -1723073393
11.147 -90 -1723073393
11.173 -93 -1723073393
11.200 -92 -1723073393
11.227 -92 -1723073393
11.253 -91 -1723073393
11.280 -86 -1723073393
11.307 -84 -1723073393
11.333 -86 -1723073393
11.360 -90 -1723073393
11.387 -95 -1723073393
11.413 -98 -1723073393
11.440 -101 -1723073393
11.467 -103 -1723073393
11.493 -105 -1723073393
11.520 -110 -1723073393
11.547 -116 -1723073393
11.573 -120 -1723073393
11.600 -121 -1723073393
11.627 -116 -1723073393
11.653 -110 -1723073393
11.680 -104 -1723073393
11.707 -90 -1723073393
11.733 -73 -1723073393
11.760 -57 -1723073393
11.787 -38 -1723073393
11.813 -26 -1723073393
11.840 -12 -1723073393
11.867 6 -1723073393
11.893 19 -1723073393
11.920 30 -1723073393
11.947 39 -1723073393
11.973 41 -1723073393
12.000 41 -1723073393
12.027 42 -1723073393
12.053 48 -1723073393
12.080 52 -1723073393
12.107 53 -1723073393
12.133 50 -1723073393
12.160 47 -1723073393
12.187 44 -1723073393
12.213 45 -1723073393
12.240 48 -1723073393
12.267 52 -1723073393
12.293 66 -1723073393
12.320 88 -1723073393
12.347 106 -1723073393
12.373 125 -1723073393
12.400 146 -1723073393
12.427 170 -1723073393
12.453 199 -1723073393
12.480 228 -1723073393
12.507 253 -1723073393
12.533 278 -1723073393
12.560 295 -1723073393
12.587 306 -1723073393
12.613 313 -1723073393
12.640 307 -1723073393
12.667 288 -1723073393
12.693 270 -1723073393
12.720 249 -1723073393
12.747 221 -1723073393
12.773 195 -1723073393
12.800 158 -1723073393
12.827 119 -1723073393
12.853 80 -1723073393
12.880 41 -1723073393
12.907 4 -1723073393
12.933 -32 -1723073393
12.960 -64 -1723073393
12.987 -95 -1723073393
13.013 -123 -1723073393
13.040 -142 -1723073393
13.067 -160 -1723073393
13.093 -170 -1723073393
13.120 -174 -1723073393
13.147 -180 -1723073393
13.173 -180 -1723073393
13.200 -175 -1723073393
13.227 -172 -1723073393
13.253 -165 -1723073393
13.280 -161 -1723073393
13.307 -156 -1723073393
13.333 -149 -1723073393
13.360 -148 -1723073393
13.387 -141 -1723073393
13.413 -137 -1723073393
13.440 -135 -1723073393
13.467 -125 -1723073393
13.493 -119 -1723073393
13.520 -113 -1723073393
13.547 -106 -1723073393
13.573 -105 -1723073393
13.600 -100 -1723073393
13.627 -90 -1723073393
13.653 -80 -1723073393
13.680 -61 -1723073393
13.707 -44 -1723073393
13.733 -31 -1723073393
13.760 -14 -1723073393
13.787 -1 -1723073393
13.813 22 -1723073393
13.840 44 -1723073393
13.867 54 -1723073393
13.893 63 -1723073393
13.920 68 -1723073393
13.947 72 -1723073393
13.973 76 -1723073393
14.000 68 -1723073393
14.027 50 -1723073393
14.053 32 -1723073393
14.080 8 -1723073393
14.107 -18 -1723073393
14.133 -47 -1723073393
14.160 -81 -1723073393
14.187 -113 -1723073393
14.213 -148 -1723073393
14.240 -182 -1723073393
14.267 -209 -1723073393
14.293 -240 -1723073393
14.320 -270 -1723073393
14.347 -295 -1723073393
14.373 -329 -1723073393
14.400 -349 -1723073393
14.427 -358 -1723073393
14.453 -374 -1723073393
14.480 -377 -1723073393
14.507 -381 -1723073393
14.533 -386 -1723073393
14.560 -381 -1723073393
14.587 -387 -1723073393
14.613 -394 -1723073393
14.640 -391 -1723073393
14.667 -401 -1723073393
14.693 -400 -1723073393
14.720 -396 -1723073393
14.747 -408 -1723073393
14.773 -406 -1723073393
14.800 -407 -1723073393
14.827 -420 -1723073393
14.853 -425 -1723073393
14.880 -434 -1723073393
14.907 -440 -1723073393
14.933 -439 -1723073393
14.960 -453 -1723073393
14.987 -459 -1723073393
15.013 -458 -1723073393
15.040 -466 -1723073393
15.067 -463 -1723073393
15.093 -461 -1723073393
15.120 -459 -1723073393
15.147 -443 -1723073393
15.173 -441 -1723073393
15.200 -441 -1723073393
15.227 -432 -1723073393
15.253 -434 -1723073393
15.280 -428 -1723073393
15.307 -421 -1723073393
15.333 -425 -1723073393
15.360 -415 -1723073393
15.387 -412 -1723073393
15.413 -417 -1723073393
15.440 -420 -1723073393
15.467 -446 -1723073393
15.493 -472 -1723073393
15.520 -492 -1723073393
15.547 -526 -1723073393
15.573 -548 -1723073393
15.600 -574 -1723073393
15.627 -614 -1723073393
15.653 -644 -1723073393
15.680 -680 -1723073393
15.707 -715 -1723073393
15.733 -741 -1723073393
15.760 -782 -1723073393
15.787 -824 -1723073393
15.813 -856 -1723073393
15.840 -906 -1723073393
15.867 -945 -1723073393
15.893 -980 -1723073393
15.920 -1029 -1723073393
15.947 -1052 -1723073393
15.973 -1081 -1723073393
16.000 -1117 -1723073393
16.027 -1132 -1723073393
16.053 -1166 -1723073393
16.080 -1196 -1723073393
16.107 -1204 -1723073393
16.133 -1228 -1723073393
16.160 -1228 -1723073393
16.187 -1213 -1723073393
16.213 -1205 -1723073393
16.240 -1151 -1723073393
16.267 -1084 -1723073393
16.293 -997 -1723073393
16.320 -845 -1723073393
16.347 -676 -1723073393
16.373 -465 -1723073393
16.400 -182 -1723073393
16.427 129 -1723073393
16.453 518 -1723073393
16.480 982 -1723073393
16.507 1479 -1723073393
16.533 2048 -1723073393
16.560 2672 -1723073393
16.587 3335 -1723073393
16.613 4003 -1723073393
16.640 4690 -1723073393
16.667 5349 -1723073393
16.693 5925 -1723073393
16.720 6502 -1723073393
16.747 6900 -1723073393
16.773 7149 -1723073393
16.800 7341 -1723073393
16.827 7251 -1723073393
16.853 7044 -1723073393
16.880 6727 -1723073393
16.907 6128 -1723073393
16.933 5495 -1723073393
16.960 4777 -1723073393
16.987 3859 -1723073393
17.013 3017 -1723073393
17.040 2155 -1723073393
17.067 1240 -1723073393
17.093 460 -1723073393
17.120 -293 -1723073393
17.147 -982 -1723073393
17.173 -1531 -1723073393
17.200 -2014 -1723073393
17.227 -2425 -1723073393
17.253 -2744 -1723073393
17.280 -2967 -1723073393
17.307 -3160 -1723073393
17.333 -3274 -1723073393
17.360 -3328 -1723073393
17.387 -3401 -1723073393
17.413 -3402 -1723073393
17.440 -3396 -1723073393
17.467 -3416 -1723073393
17.493 -3378 -1723073393
17.520 -3384 -1723073393
17.547 -3410 -1723073393
17.573 -3395 -1723073393
17.600 -3444 -1723073393
17.627 -3483 -1723073393
17.653 -3501 -1723073393
17.680 -3581 -1723073393
17.707 -3617 -1723073393
17.733 -3651 -1723073393
17.760 -3728 -1723073393
17.787 -3735 -1723073393
17.813 -3771 -1723073393
17.840 -3812 -1723073393
17.867 -3771 -1723073393
17.893 -3771 -1723073393
17.920 -3733 -1723073393
17.947 -3624 -1723073393
17.973 -3555 -1723073393
18.000 -3410 -1723073393
18.027 -3222 -1723073393
18.053 -3053 -1723073393
18.080 -2791 -1723073393
18.107 -2512 -1723073393
18.133 -2215 -1723073393
18.160 -1821 -1723073393
18.187 -1406 -1723073393
18.213 -944 -1723073393
18.240 -397 -1723073393
18.267 190 -1723073393
18.293 833 -1723073393
18.320 1581 -1723073393
18.347 2381 -1723073393
18.373 3229 -1723073393
18.400 4195 -1723073393
18.427 5229 -1723073393
18.453 6332 -1723073393
18.480 7556 -1723073393
18.507 8798 -1723073393
18.533 10054 -1723073393
18.560 11417 -1723073393
18.587 12726 -1723073393
18.613 13942 -1723073393
18.640 15202 -1723073393
18.667 16208 -1723073393
18.693 17049 -1723073393
18.720 17853 -1723073393
18.747 18172 -1723073393
18.773 18363 -1723073393
18.800 18376 -1723073393
18.827 17818 -1723073393
18.853 17239 -1723073393
18.880 16386 -1723073393
18.907 15084 -1723073393
18.933 13862 -1723073393
18.960 12379 -1723073393
18.987 10644 -1723073393
19.013 9105 -1723073393
19.040 7421 -1723073393
19.067 5712 -1723073393
19.093 4224 -1723073393
19.120 2656 -1723073393
19.147 1242 -1723073393
19.173 55 -1723073393
19.200 -1105 -1723073393
19.227 -2102 -1723073393
19.253 -2943 -1723073393
19.280 -3673 -1723073393
19.307 -4284 -1723073393
19.333 -4751 -1723073393
19.360 -5140 -1723073393
19.387 -5491 -1723073393
19.413 -5699 -1723073393
19.440 -5893 -1723073393
19.467 -6073 -1723073393
19.493 -6126 -1723073393
19.520 -6228 -1723073393
19.547 -6301 -1723073393
19.573 -6283 -1723073393
19.600 -6354 -1723073393
19.627 -6364 -1723073393
19.653 -6319 -1723073393
19.680 -6349 -1723073393
19.707 -6278 -1723073393
19.733 -6200 -1723073393
19.760 -6176 -1723073393
19.787 -6031 -1723073393
19.813 -5915 -1723073393
19.840 -5806 -1723073393
19.867 -5580 -1723073393
19.893 -5420 -1723073393
19.920 -5227 -1723073393
19.947 -4959 -1723073393
19.973 -4777 -1723073393
20.000 -4550 -1723073393
20.027 -4309 -1723073393
20.053 -4152 -1723073393
20.080 -3959 -1723073393
20.107 -3809 -1723073393
20.133 -3743 -1723073393
20.160 -3659 -1723073393
20.187 -3656 -1723073393
20.213 -3717 -1723073393
20.240 -3767 -1723073393
20.267 -3916 -1723073393
20.293 -4097 -1723073393
20.320 -4288 -1723073393
20.347 -4572 -1723073393
20.373 -4839 -1723073393
20.400 -5116 -1723073393
20.427 -5455 -1723073393
20.453 -5734 -1723073393
20.480 -6024 -1723073393
20.507 -6330 -1723073393
20.533 -6536 -1723073393
20.560 -6771 -1723073393
20.587 -6979 -1723073393
20.613 -7052 -1723073393
20.640 -7165 -1723073393
20.667 -7200 -1723073393
20.693 -7117 -1723073393
20.720 -7093 -1723073393
20.747 -6948 -1723073393
20.773 -6729 -1723073393
20.800 -6560 -1723073393
20.827 -6261 -1723073393
20.853 -5942 -1723073393
20.880 -5655 -1723073393
20.907 -5249 -1723073393
20.933 -4876 -1723073393
20.960 -4524 -1723073393
20.987 -4068 -1723073393
21.013 -3676 -1723073393
21.040 -3293 -1723073393
21.067 -2850 -1723073393
21.093 -2485 -1723073393
21.120 -2105 -1723073393
21.147 -1720 -1723073393
21.173 -1412 -1723073393
21.200 -1089 -1723073393
21.227 -789 -1723073393
21.253 -536 -1723073393
21.280 -288 -1723073393
21.307 -84 -1723073393
21.333 93 -1723073393
21.360 255 -1723073393
21.387 388 -1723073393
21.413 506 -1723073393
21.440 616 -1723073393
21.467 718 -1723073393
21.493 805 -1723073393
21.520 881 -1723073393
21.547 952 -1723073393
21.573 1009 -1723073393
21.600 1064 -1723073393
21.627 1123 -1723073393
21.653 1169 -1723073393
21.680 1216 -1723073393
21.707 1265 -1723073393
21.733 1297 -1723073393
21.760 1340 -1723073393
21.787 1382 -1723073393
21.813 1410 -1723073393
21.840 1450 -1723073393
21.867 1472 -1723073393
21.893 1471 -1723073393
21.920 1483 -1723073393
21.947 1469 -1723073393
21.973 1438 -1723073393
22.000 1413 -1723073393
22.027 1360 -1723073393
22.053 1304 -1723073393
22.080 1256 -1723073393
22.107 1183 -1723073393
22.133 1118 -1723073393
22.160 1068 -1723073393
22.187 1017 -1723073393
22.213 997 -1723073393
22.240 997 -1723073393
22.267 1009 -1723073393
22.293 1056 -1723073393
22.320 1122 -1723073393
22.347 1204 -1723073393
22.373 1310 -1723073393
22.400 1422 -1723073393
22.427 1545 -1723073393
22.453 1694 -1723073393
22.480 1841 -1723073393
22.507 1997 -1723073393
22.533 2158 -1723073393
22.560 2280 -1723073393
22.587 2412 -1723073393
22.613 2522 -1723073393
22.640 2582 -1723073393
22.667 2657 -1723073393
22.693 2688 -1723073393
22.720 2665 -1723073393
22.747 2655 -1723073393
22.773 2591 -1723073393
22.800 2489 -1723073393
22.827 2410 -1723073393
22.853 2275 -1723073393
22.880 2133 -1723073393
22.907 2026 -1723073393
22.933 1883 -1723073393
22.960 1763 -1723073393
22.987 1665 -1723073393
23.013 1539 -1723073393
23.040 1447 -1723073393
23.067 1369 -1723073393
23.093 1285 -1723073393
23.120 1237 -1723073393
23.147 1190 -1723073393
23.173 1139 -1723073393
23.200 1122 -1723073393
23.227 1101 -1723073393
23.253 1080 -1723073393
23.280 1082 -1723073393
23.307 1080 -1723073393
23.333 1083 -1723073393
23.360 1092 -1723073393
23.387 1086 -1723073393
23.413 1088 -1723073393
23.440 1086 -1723073393
23.467 1061 -1723073393
23.493 1044 -1723073393
23.520 1016 -1723073393
23.547 967 -1723073393
23.573 928 -1723073393
23.600 873 -1723073393
23.627 803 -1723073393
23.653 739 -1723073393
23.680 669 -1723073393
23.707 599 -1723073393
23.733 544 -1723073393
23.760 485 -1723073393
23.787 425 -1723073393
23.813 378 -1723073393
23.840 331 -1723073393
23.867 292 -1723073393
23.893 269 -1723073393
23.920 243 -1723073393
23.947 213 -1723073393
23.973 191 -1723073393
24.000 178 -1723073393
24.027 171 -1723073393
24.053 178 -1723073393
24.080 197 -1723073393
24.107 224 -1723073393
24.133 259 -1723073393
24.160 301 -1723073393
24.187 346 -1723073393
24.213 389 -1723073393
24.240 424 -1723073393
24.267 452 -1723073393
24.293 466 -1723073393
24.320 472 -1723073393
24.347 473 -1723073393
24.373 460 -1723073393
24.400 441 -1723073393
24.427 419 -1723073393
24.453 387 -1723073393
24.480 357 -1723073393
24.507 327 -1723073393
24.533 291 -1723073393
24.560 264 -1723073393
24.587 249 -1723073393
24.613 240 -1723073393
24.640 244 -1723073393
24.667 260 -1723073393
24.693 283 -1723073393
24.720 316 -1723073393
24.747 354 -1723073393
24.773 399 -1723073393
24.800 454 -1723073393
24.827 506 -1723073393
24.853 554 -1723073393
24.880 595 -1723073393
24.907 612 -1723073393
24.933 617 -1723073393
24.960 614 -1723073393
24.987 589 -1723073393
25.013 558 -1723073393
25.040 509 -1723073393
25.067 434 -1723073393
25.093 364 -1723073393
25.120 300 -1723073393
25.147 234 -1723073393
25.173 179 -1723073393
25.200 136 -1723073393
25.227 105 -1723073393
25.253 90 -1723073393
25.280 84 -1723073393
25.307 82 -1723073393
25.333 87 -1723073393
25.360 98 -1723073393
25.387 110 -1723073393
25.413 125 -1723073393
25.440 138 -1723073393
25.467 149 -1723073393
25.493 157 -1723073393
25.520 154 -1723073393
25.547 142 -1723073393
25.573 129 -1723073393
25.600 111 -1723073393
25.627 83 -1723073393
25.653 53 -1723073393
25.680 14 -1723073393
25.707 -27 -1723073393
25.733 -69 -1723073393
25.760 -117 -1723073393
25.787 -167 -1723073393
25.813 -206 -1723073393
25.840 -245 -1723073393
25.867 -278 -1723073393
25.893 -291 -1723073393
25.920 -299 -1723073393
25.947 -291 -1723073393
25.973 -258 -1723073393
26.000 -227 -1723073393
26.027 -190 -1723073393
26.053 -135 -1723073393
26.080 -82 -1723073393
26.107 -20 -1723073393
26.133 47 -1723073393
26.160 100 -1723073393
26.187 154 -1723073393
26.213 203 -1723073393
26.240 246 -1723073393
26.267 291 -1723073393
26.293 323 -1723073393
26.320 343 -1723073393
26.347 354 -1723073393
26.373 349 -1723073393
26.400 343 -1723073393
26.427 332 -1723073393
26.453 313 -1723073393
26.480 298 -1723073393
26.507 273 -1723073393
26.533 236 -1723073393
26.560 201 -1723073393
26.587 164 -1723073393
26.613 128 -1723073393
26.640 101 -1723073393
26.667 68 -1723073393
26.693 37 -1723073393
26.720 15 -1723073393
26.747 -6 -1723073393
26.773 -29 -1723073393
26.800 -49 -1723073393
26.827 -72 -1723073393
26.853 -95 -1723073393
26.880 -115 -1723073393
26.907 -138 -1723073393
26.933 -160 -1723073393
26.960 -173 -1723073393
26.987 -189 -1723073393
27.013 -203 -1723073393
27.040 -215 -1723073393
27.067 -233 -1723073393
27.093 -246 -1723073393
27.120 -244 -1723073393
27.147 -236 -1723073393
27.173 -226 -1723073393
27.200 -211 -1723073393
27.227 -195 -1723073393
27.253 -182 -1723073393
27.280 -169 -1723073393
27.307 -162 -1723073393
27.333 -156 -1723073393
27.360 -146 -1723073393
27.387 -136 -1723073393
27.413 -127 -1723073393
27.440 -119 -1723073393
27.467 -117 -1723073393
27.493 -111 -1723073393
27.520 -108 -1723073393
27.547 -114 -1723073393
27.573 -118 -1723073393
27.600 -125 -1723073393
27.627 -133 -1723073393
27.653 -140 -1723073393
27.680 -156 -1723073393
27.707 -171 -1723073393
27.733 -181 -1723073393
27.760 -189 -1723073393
27.787 -190 -1723073393
27.813 -181 -1723073393
27.840 -173 -1723073393
27.867 -162 -1723073393
27.893 -146 -1723073393
27.920 -133 -1723073393
27.947 -114 -1723073393
27.973 -90 -1723073393
28.000 -74 -1723073393
28.027 -52 -1723073393
28.053 -25 -1723073393
28.080 -7 -1723073393
28.107 20 -1723073393
28.133 55 -1723073393
28.160 86 -1723073393
28.187 123 -1723073393
28.213 156 -1723073393
28.240 183 -1723073393
28.267 214 -1723073393
28.293 239 -1723073393
28.320 259 -1723073393
28.347 280 -1723073393
28.373 289 -1723073393
28.400 292 -1723073393
28.427 295 -1723073393
28.453 285 -1723073393
28.480 270 -1723073393
28.507 251 -1723073393
28.533 222 -1723073393
28.560 198 -1723073393
28.587 174 -1723073393
28.613 146 -1723073393
28.640 121 -1723073393
28.667 96 -1723073393
28.693 68 -1723073393
28.720 40 -1723073393
28.747 16 -1723073393
28.773 -6 -1723073393
28.800 -28 -1723073393
28.827 -46 -1723073393
28.853 -61 -1723073393
28.880 -60 -1723073393
28.907 -50 -1723073393
28.933 -31 -1723073393
28.960 1 -1723073393
28.987 40 -1723073393
29.013 74 -1723073393
29.040 112 -1723073393
29.067 147 -1723073393
29.093 177 -1723073393
29.120 203 -1723073393
29.147 217 -1723073393
29.173 221 -1723073393
29.200 222 -1723073393
29.227 207 -1723073393
29.253 180 -1723073393
29.280 145 -1723073393
29.307 103 -1723073393
29.333 60 -1723073393
29.360 14 -1723073393
29.387 -38 -1723073393
29.413 -87 -1723073393
29.440 -128 -1723073393
29.467 -165 -1723073393
29.493 -192 -1723073393
29.520 -203 -1723073393
29.547 -210 -1723073393
29.573 -214 -1723073393
29.600 -204 -1723073393
29.627 -196 -1723073393
29.653 -183 -1723073393
29.680 -154 -1723073393
29.707 -120 -1723073393
29.733 -76 -1723073393
29.760 -28 -1723073393
29.787 14 -1723073393
29.813 54 -1723073393
29.840 94 -1723073393
29.867 128 -1723073393
29.893 159 -1723073393
29.920 188 -1723073393
29.947 210 -1723073393
29.973 223 -1723073393
30.000 230 -1723073393
30.027 236 -1723073393
30.053 237 -1723073393
30.080 237 -1723073393
30.107 241 -1723073393
30.133 250 -1723073393
30.160 256 -1723073393
30.187 261 -1723073393
30.213 269 -1723073393
30.240 274 -1723073393
30.267 280 -1723073393
30.293 291 -1723073393
30.320 295 -1723073393
30.347 296 -1723073393
30.373 293 -1723073393
30.400 276 -1723073393
30.427 252 -1723073393
30.453 224 -1723073393
30.480 190 -1723073393
30.507 154 -1723073393
30.533 114 -1723073393
30.560 65 -1723073393
30.587 16 -1723073393
30.613 -25 -1723073393
30.640 -64 -1723073393
30.667 -91 -1723073393
30.693 -103 -1723073393
30.720 -114 -1723073393
30.747 -116 -1723073393
30.773 -103 -1723073393
30.800 -88 -1723073393
30.827 -67 -1723073393
30.853 -39 -1723073393
30.880 -14 -1723073393
30.907 18 -1723073393
30.933 56 -1723073393
30.960 90 -1723073393
30.987 122 -1723073393
31.013 146 -1723073393
31.040 157 -1723073393
31.067 164 -1723073393
31.093 162 -1723073393
31.120 147 -1723073393
31.147 129 -1723073393
31.173 101 -1723073393
31.200 63 -1723073393
31.227 30 -1723073393
31.253 -5 -1723073393
31.280 -40 -1723073393
31.307 -71 -1723073393
31.333 -104 -1723073393
31.360 -133 -1723073393
31.387 -147 -1723073393
31.413 -160 -1723073393
31.440 -172 -1723073393
31.467 -167 -1723073393
31.493 -157 -1723073393
31.520 -147 -1723073393
31.547 -124 -1723073393
31.573 -101 -1723073393
31.600 -74 -1723073393
31.627 -37 -1723073393
31.653 -2 -1723073393
31.680 31 -1723073393
31.707 66 -1723073393
31.733 96 -1723073393
31.760 128 -1723073393
31.787 161 -1723073393
31.813 186 -1723073393
31.840 209 -1723073393
31.867 231 -1723073393
31.893 244 -1723073393
31.920 264 -1723073393
31.947 282 -1723073393
31.973 294 -1723073393
32.000 306 -1723073393
32.027 306 -1723073393
32.053 298 -1723073393
32.080 289 -1723073393
32.107 266 -1723073393
32.133 231 -1723073393
32.160 199 -1723073393
32.187 158 -1723073393
32.213 107 -1723073393
32.240 60 -1723073393
32.267 11 -1723073393
32.293 -35 -1723073393
32.320 -69 -1723073393
32.347 -99 -1723073393
32.373 -124 -1723073393
32.400 -134 -1723073393
32.427 -134 -1723073393
32.453 -129 -1723073393
32.480 -106 -1723073393
32.507 -78 -1723073393
32.533 -46 -1723073393
32.560 -8 -1723073393
32.587 29 -1723073393
32.613 66 -1723073393
32.640 106 -1723073393
32.667 147 -1723073393
32.693 183 -1723073393
32.720 218 -1723073393
32.747 240 -1723073393
32.773 251 -1723073393
32.800 257 -1723073393
32.827 244 -1723073393
32.853 215 -1723073393
32.880 179 -1723073393
32.907 130 -1723073393
32.933 75 -1723073393
32.960 21 -1723073393
32.987 -44 -1723073393
33.013 -115 -1723073393
33.040 -173 -1723073393
33.067 -227 -1723073393
33.093 -276 -1723073393
33.120 -308 -1723073393
33.147 -327 -1723073393
33.173 -333 -1723073393
33.200 -315 -1723073393
33.227 -289 -1723073393
33.253 -260 -1723073393
33.280 -212 -1723073393
33.307 -162 -1723073393
33.333 -110 -1723073393
33.360 -45 -1723073393
33.387 21 -1723073393
33.413 80 -1723073393
33.440 139 -1723073393
33.467 192 -1723073393
33.493 241 -1723073393
33.520 288 -1723073393
33.547 321 -1723073393
33.573 348 -1723073393
33.600 373 -1723073393
33.627 387 -1723073393
33.653 398 -1723073393
33.680 403 -1723073393
33.707 398 -1723073393
33.733 394 -1723073393
33.760 385 -1723073393
33.787 368 -1723073393
33.813 355 -1723073393
33.840 347 -1723073393
33.867 338 -1723073393
33.893 331 -1723073393
33.920 325 -1723073393
33.947 314 -1723073393
33.973 305 -1723073393
34.000 293 -1723073393
34.027 273 -1723073393
34.053 254 -1723073393
34.080 233 -1723073393
34.107 202 -1723073393
34.133 172 -1723073393
34.160 146 -1723073393
34.187 119 -1723073393
34.213 96 -1723073393
34.240 78 -1723073393
34.267 60 -1723073393
34.293 48 -1723073393
34.320 48 -1723073393
34.347 55 -1723073393
34.373 77 -1723073393
34.400 111 -1723073393
34.427 144 -1723073393
34.453 185 -1723073393
34.480 231 -1723073393
34.507 270 -1723073393
34.533 311 -1723073393
34.560 345 -1723073393
34.587 361 -1723073393
34.613 369 -1723073393
34.640 365 -1723073393
34.667 345 -1723073393
34.693 314 -1723073393
34.720 267 -1723073393
34.747 204 -1723073393
34.773 136 -1723073393
34.800 64 -1723073393
34.827 -7 -1723073393
34.853 -82 -1723073393
34.880 -155 -1723073393
34.907 -219 -1723073393
34.933 -268 -1723073393
34.960 -296 -1723073393
34.987 -305 -1723073393
35.013 -298 -1723073393
35.040 -267 -1723073393
35.067 -220 -1723073393
35.093 -162 -1723073393
35.120 -86 -1723073393
35.147 -3 -1723073393
35.173 80 -1723073393
35.200 161 -1723073393
35.227 232 -1723073393
35.253 300 -1723073393
35.280 363 -1723073393
35.307 413 -1723073393
35.333 452 -1723073393
35.360 476 -1723073393
35.387 488 -1723073393
35.413 494 -1723073393
35.440 492 -1723073393
35.467 485 -1723073393
35.493 476 -1723073393
35.520 462 -1723073393
35.547 443 -1723073393
35.573 420 -1723073393
35.600 395 -1723073393
35.627 366 -1723073393
35.653 333 -1723073393
35.680 298 -1723073393
35.707 260 -1723073393
35.733 218 -1723073393
35.760 176 -1723073393
35.787 135 -1723073393
35.813 94 -1723073393
35.840 57 -1723073393
35.867 21 -1723073393
35.893 -9 -1723073393
35.920 -30 -1723073393
35.947 -42 -1723073393
35.973 -44 -1723073393
36.000 -35 -1723073393
36.027 -19 -1723073393
36.053 4 -1723073393
36.080 35 -1723073393
36.107 70 -1723073393
36.133 113 -1723073393
36.160 160 -1723073393
36.187 205 -1723073393
36.213 250 -1723073393
36.240 290 -1723073393
36.267 323 -1723073393
36.293 348 -1723073393
36.320 364 -1723073393
36.347 368 -1723073393
36.373 364 -1723073393
36.400 354 -1723073393
36.427 334 -1723073393
36.453 307 -1723073393
36.480 271 -1723073393
36.507 223 -1723073393
36.533 170 -1723073393
36.560 119 -1723073393
36.587 65 -1723073393
36.613 12 -1723073393
36.640 -28 -1723073393
36.667 -59 -1723073393
36.693 -76 -1723073393
36.720 -79 -1723073393
36.747 -71 -1723073393
36.773 -55 -1723073393
36.800 -28 -1723073393
36.827 8 -1723073393
36.853 51 -1723073393
36.880 97 -1723073393
36.907 141 -1723073393
36.933 185 -1723073393
36.960 227 -1723073393
36.987 264 -1723073393
37.013 297 -1723073393
37.040 321 -1723073393
37.067 343 -1723073393
37.093 361 -1723073393
37.120 369 -1723073393
37.147 369 -1723073393
37.173 366 -1723073393
37.200 363 -1723073393
37.227 357 -1723073393
37.253 351 -1723073393
37.280 340 -1723073393
37.307 324 -1723073393
37.333 311 -1723073393
37.360 306 -1723073393
37.387 305 -1723073393
37.413 304 -1723073393
37.440 302 -1723073393
37.467 297 -1723073393
37.493 288 -1723073393
37.520 283 -1723073393
37.547 279 -1723073393
37.573 277 -1723073393
37.600 275 -1723073393
37.627 270 -1723073393
37.653 263 -1723073393
37.680 258 -1723073393
37.707 253 -1723073393
37.733 251 -1723073393
37.760 254 -1723073393
37.787 253 -1723073393
37.813 255 -1723073393
37.840 258 -1723073393
37.867 254 -1723073393
37.893 246 -1723073393
37.920 243 -1723073393
37.947 243 -1723073393
37.973 244 -1723073393
38.000 252 -1723073393
38.027 258 -1723073393
38.053 265 -1723073393
38.080 274 -1723073393
38.107 279 -1723073393
38.133 280 -1723073393
38.160 280 -1723073393
38.187 270 -1723073393
38.213 254 -1723073393
38.240 236 -1723073393
38.267 207 -1723073393
38.293 169 -1723073393
38.320 133 -1723073393
38.347 94 -1723073393
38.373 48 -1723073393
38.400 3 -1723073393
38.427 -36 -1723073393
38.453 -78 -1723073393
38.480 -112 -1723073393
38.507 -134 -1723073393
38.533 -153 -1723073393
38.560 -166 -1723073393
38.587 -162 -1723073393
38.613 -147 -1723073393
38.640 -122 -1723073393
38.667 -83 -1723073393
38.693 -42 -1723073393
38.720 0 -1723073393
38.747 42 -1723073393
38.773 82 -1723073393
38.800 120 -1723073393
38.827 158 -1723073393
38.853 191 -1723073393
38.880 217 -1723073393
38.907 240 -1723073393
38.933 256 -1723073393
38.960 270 -1723073393
38.987 278 -1723073393
39.013 273 -1723073393
39.040 266 -1723073393
39.067 263 -1723073393
39.093 253 -1723073393
39.120 237 -1723073393
39.147 227 -1723073393
39.173 216 -1723073393
39.200 203 -1723073393
39.227 195 -1723073393
39.253 194 -1723073393
39.280 194 -1723073393
39.307 193 -1723073393
39.333 188 -1723073393
39.360 185 -1723073393
39.387 191 -1723073393
39.413 196 -1723073393
39.440 196 -1723073393
39.467 197 -1723073393
39.493 196 -1723073393
39.520 197 -1723073393
39.547 203 -1723073393
39.573 206 -1723073393
39.600 204 -1723073393
39.627 206 -1723073393
39.653 211 -1723073393
39.680 210 -1723073393
39.707 213 -1723073393
39.733 212 -1723073393
39.760 202 -1723073393
39.787 198 -1723073393
39.813 195 -1723073393
39.840 183 -1723073393
39.867 166 -1723073393
39.893 149 -1723073393
39.920 128 -1723073393
39.947 109 -1723073393
39.973 90 -1723073393
40.000 64 -1723073393
40.027 41 -1723073393
40.053 17 -1723073393
40.080 -6 -1723073393
40.107 -25 -1723073393
40.133 -41 -1723073393
40.160 -55 -1723073393
40.187 -62 -1723073393
40.213 -63 -1723073393
40.240 -54 -1723073393
40.267 -31 -1723073393
40.293 -1 -1723073393
40.320 29 -1723073393
40.347 64 -1723073393
40.373 101 -1723073393
40.400 139 -1723073393
40.427 176 -1723073393
40.453 211 -1723073393
40.480 243 -1723073393
40.507 267 -1723073393
40.533 286 -1723073393
40.560 292 -1723073393
40.587 292 -1723073393
40.613 287 -1723073393
40.640 274 -1723073393
40.667 254 -1723073393
40.693 234 -1723073393
40.720 213 -1723073393
40.747 193 -1723073393
40.773 180 -1723073393
40.800 171 -1723073393
40.827 162 -1723073393
40.853 157 -1723073393
40.880 156 -1723073393
40.907 160 -1723073393
40.933 174 -1723073393
40.960 192 -1723073393
40.987 209 -1723073393
41.013 226 -1723073393
41.040 240 -1723073393
41.067 247 -1723073393
41.093 248 -1723073393
41.120 245 -1723073393
41.147 239 -1723073393
41.173 230 -1723073393
41.200 217 -1723073393
41.227 200 -1723073393
41.253 179 -1723073393
41.280 158 -1723073393
41.307 137 -1723073393
41.333 117 -1723073393
41.360 102 -1723073393
41.387 86 -1723073393
41.413 75 -1723073393
41.440 70 -1723073393
41.467 66 -1723073393
41.493 61 -1723073393
41.520 56 -1723073393
41.547 52 -1723073393
41.573 48 -1723073393
41.600 48 -1723073393
41.627 47 -1723073393
41.653 43 -1723073393
41.680 40 -1723073393
41.707 35 -1723073393
41.733 26 -1723073393
41.760 17 -1723073393
41.787 8 -1723073393
41.813 0 -1723073393
41.840 -6 -1723073393
41.867 -14 -1723073393
41.893 -22 -1723073393
41.920 -28 -1723073393
41.947 -25 -1723073393
41.973 -22 -1723073393
42.000 -20 -1723073393
42.027 -15 -1723073393
42.053 -11 -1723073393
42.080 -8 -1723073393
42.107 -7 -1723073393
42.133 -10 -1723073393
42.160 -8 -1723073393
42.187 -2 -1723073393
42.213 0 -1723073393
42.240 0 -1723073393
42.267 2 -1723073393
42.293 3 -1723073393
42.320 6 -1723073393
42.347 13 -1723073393
42.373 19 -1723073393
42.400 24 -1723073393
42.427 25 -1723073393
42.453 29 -1723073393
42.480 36 -1723073393
42.507 42 -1723073393
42.533 47 -1723073393
42.560 53 -1723073393
42.587 61 -1723073393
42.613 63 -1723073393
42.640 62 -1723073393
42.667 61 -1723073393
42.693 61 -1723073393
42.720 58 -1723073393
42.747 62 -1723073393
42.773 72 -1723073393
42.800 83 -1723073393
42.827 92 -1723073393
42.853 102 -1723073393
42.880 106 -1723073393
42.907 107 -1723073393
42.933 113 -1723073393
42.960 115 -1723073393
42.987 117 -1723073393
43.013 122 -1723073393
43.040 129 -1723073393
43.067 135 -1723073393
43.093 140 -1723073393
43.120 138 -1723073393
43.147 131 -1723073393
43.173 125 -1723073393
43.200 115 -1723073393
43.227 100 -1723073393
43.253 89 -1723073393
43.280 80 -1723073393
43.307 69 -1723073393
43.333 59 -1723073393
43.360 47 -1723073393
43.387 30 -1723073393
43.413 17 -1723073393
43.440 6 -1723073393
43.467 -10 -1723073393
43.493 -30 -1723073393
43.520 -48 -1723073393
43.547 -69 -1723073393
43.573 -87 -1723073393
43.600 -101 -1723073393
43.627 -117 -1723073393
43.653 -130 -1723073393
43.680 -133 -1723073393
43.707 -134 -1723073393
43.733 -135 -1723073393
43.760 -128 -1723073393
43.787 -113 -1723073393
43.813 -102 -1723073393
43.840 -88 -1723073393
43.867 -73 -1723073393
43.893 -62 -1723073393
43.920 -46 -1723073393
43.947 -28 -1723073393
43.973 -18 -1723073393
44.000 -11 -1723073393
44.027 -8 -1723073393
44.053 -14 -1723073393
44.080 -22 -1723073393
44.107 -34 -1723073393
44.133 -50 -1723073393
44.160 -70 -1723073393
44.187 -93 -1723073393
44.213 -113 -1723073393
44.240 -125 -1723073393
44.267 -131 -1723073393
44.293 -131 -1723073393
44.320 -123 -1723073393
44.347 -106 -1723073393
44.373 -82 -1723073393
44.400 -52 -1723073393
44.427 -19 -1723073393
44.453 14 -1723073393
44.480 55 -1723073393
44.507 100 -1723073393
44.533 141 -1723073393
44.560 178 -1723073393
44.587 216 -1723073393
44.613 244 -1723073393
44.640 266 -1723073393
44.667 289 -1723073393
44.693 300 -1723073393
44.720 300 -1723073393
44.747 294 -1723073393
44.773 280 -1723073393
44.800 259 -1723073393
44.827 234 -1723073393
44.853 204 -1723073393
44.880 169 -1723073393
44.907 135 -1723073393
44.933 98 -1723073393
44.960 59 -1723073393
44.987 23 -1723073393
45.013 -10 -1723073393
45.040 -41 -1723073393
45.067 -67 -1723073393
45.093 -84 -1723073393
45.120 -96 -1723073393
45.147 -101 -1723073393
45.173 -98 -1723073393
45.200 -91 -1723073393
45.227 -81 -1723073393
45.253 -66 -1723073393
45.280 -51 -1723073393
45.307 -37 -1723073393
45.333 -20 -1723073393
45.360 -4 -1723073393
45.387 9 -1723073393
45.413 21 -1723073393
45.440 28 -1723073393
45.467 30 -1723073393
45.493 34 -1723073393
45.520 43 -1723073393
45.547 52 -1723073393
45.573 62 -1723073393
45.600 71 -1723073393
45.627 75 -1723073393
45.653 78 -1723073393
45.680 87 -1723073393
45.707 91 -1723073393
45.733 87 -1723073393
45.760 81 -1723073393
45.787 74 -1723073393
45.813 62 -1723073393
45.840 48 -1723073393
45.867 31 -1723073393
45.893 12 -1723073393
45.920 -1 -1723073393
45.947 -8 -1723073393
45.973 -14 -1723073393
46.000 -18 -1723073393
46.027 -19 -1723073393
46.053 -20 -1723073393
46.080 -21 -1723073393
46.107 -16 -1723073393
46.133 -5 -1723073393
46.160 9 -1723073393
46.187 29 -1723073393
46.213 48 -1723073393
46.240 71 -1723073393
46.267 99 -1723073393
46.293 122 -1723073393
46.320 144 -1723073393
46.347 165 -1723073393
46.373 185 -1723073393
46.400 205 -1723073393
46.427 222 -1723073393
46.453 235 -1723073393
46.480 242 -1723073393
46.507 247 -1723073393
46.533 252 -1723073393
46.560 254 -1723073393
46.587 257 -1723073393
46.613 258 -1723073393
46.640 247 -1723073393
46.667 232 -1723073393
46.693 218 -1723073393
46.720 198 -1723073393
46.747 174 -1723073393
46.773 151 -1723073393
46.800 126 -1723073393
46.827 104 -1723073393
46.853 88 -1723073393
46.880 69 -1723073393
46.907 49 -1723073393
46.933 35 -1723073393
46.960 26 -1723073393
46.987 15 -1723073393
47.013 10 -1723073393
47.040 14 -1723073393
47.067 18 -1723073393
47.093 31 -1723073393
47.120 49 -1723073393
47.147 62 -1723073393
47.173 77 -1723073393
47.200 98 -1723073393
47.227 118 -1723073393
47.253 135 -1723073393
47.280 155 -1723073393
47.307 171 -1723073393
47.333 188 -1723073393
47.360 207 -1723073393
47.387 227 -1723073393
47.413 243 -1723073393
47.440 255 -1723073393
47.467 267 -1723073393
47.493 268 -1723073393
47.520 259 -1723073393
47.547 246 -1723073393
47.573 227 -1723073393
47.600 205 -1723073393
47.627 185 -1723073393
47.653 161 -1723073393
47.680 140 -1723073393
47.707 121 -1723073393
47.733 103 -1723073393
47.760 90 -1723073393
47.787 80 -1723073393
47.813 72 -1723073393
47.840 71 -1723073393
47.867 82 -1723073393
47.893 98 -1723073393
47.920 116 -1723073393
47.947 141 -1723073393
47.973 168 -1723073393
48.000 198 -1723073393
48.027 236 -1723073393
48.053 279 -1723073393
48.080 319 -1723073393
48.107 362 -1723073393
48.133 404 -1723073393
48.160 438 -1723073393
48.187 466 -1723073393
48.213 497 -1723073393
48.240 519 -1723073393
48.267 530 -1723073393
48.293 541 -1723073393
48.320 548 -1723073393
48.347 546 -1723073393
48.373 542 -1723073393
48.400 537 -1723073393
48.427 525 -1723073393
48.453 508 -1723073393
48.480 487 -1723073393
48.507 458 -1723073393
48.533 427 -1723073393
48.560 401 -1723073393
48.587 374 -1723073393
48.613 351 -1723073393
48.640 338 -1723073393
48.667 326 -1723073393
48.693 316 -1723073393
48.720 311 -1723073393
48.747 310 -1723073393
48.773 310 -1723073393
48.800 311 -1723073393
48.827 320 -1723073393
48.853 330 -1723073393
48.880 342 -1723073393
48.907 353 -1723073393
48.933 364 -1723073393
48.960 378 -1723073393
48.987 389 -1723073393
49.013 388 -1723073393
49.040 379 -1723073393
49.067 365 -1723073393
49.093 349 -1723073393
49.120 330 -1723073393
49.147 311 -1723073393
49.173 292 -1723073393
49.200 274 -1723073393
49.227 255 -1723073393
49.253 236 -1723073393
49.280 218 -1723073393
49.307 204 -1723073393
49.333 192 -1723073393
49.360 180 -1723073393
49.387 170 -1723073393
49.413 164 -1723073393
49.440 159 -1723073393
49.467 157 -1723073393
49.493 159 -1723073393
49.520 166 -1723073393
49.547 178 -1723073393
49.573 195 -1723073393
49.600 212 -1723073393
49.627 224 -1723073393
49.653 239 -1723073393
49.680 255 -1723073393
49.707 268 -1723073393
49.733 282 -1723073393
49.760 292 -1723073393
49.787 298 -1723073393
49.813 305 -1723073393
49.840 310 -1723073393
49.867 308 -1723073393
49.893 305 -1723073393
49.920 306 -1723073393
49.947 304 -1723073393
49.973 299 -1723073393
50.000 297 -1723073393
50.027 289 -1723073393
50.053 275 -1723073393
50.080 261 -1723073393
50.107 252 -1723073393
50.133 240 -1723073393
50.160 228 -1723073393
50.187 218 -1723073393
50.213 204 -1723073393
50.240 188 -1723073393
50.267 171 -1723073393
50.293 148 -1723073393
50.320 117 -1723073393
50.347 84 -1723073393
50.373 49 -1723073393
50.400 10 -1723073393
50.427 -24 -1723073393
50.453 -59 -1723073393
50.480 -93 -1723073393
50.507 -124 -1723073393
50.533 -153 -1723073393
50.560 -177 -1723073393
50.587 -190 -1723073393
50.613 -198 -1723073393
50.640 -200 -1723073393
50.667 -195 -1723073393
50.693 -187 -1723073393
50.720 -176 -1723073393
50.747 -159 -1723073393
50.773 -139 -1723073393
50.800 -122 -1723073393
50.827 -109 -1723073393
50.853 -95 -1723073393
50.880 -88 -1723073393
50.907 -82 -1723073393
50.933 -75 -1723073393
50.960 -73 -1723073393
50.987 -77 -1723073393
51.013 -77 -1723073393
51.040 -77 -1723073393
51.067 -81 -1723073393
51.093 -81 -1723073393
51.120 -78 -1723073393
51.147 -82 -1723073393
51.173 -84 -1723073393
51.200 -82 -1723073393
51.227 -79 -1723073393
51.253 -76 -1723073393
51.280 -67 -1723073393
51.307 -60 -1723073393
51.333 -48 -1723073393
51.360 -29 -1723073393
51.387 -13 -1723073393
51.413 3 -1723073393
51.440 24 -1723073393
51.467 46 -1723073393
51.493 69 -1723073393
51.520 100 -1723073393
51.547 136 -1723073393
51.573 168 -1723073393
51.600 199 -1723073393
51.627 232 -1723073393
51.653 258 -1723073393
51.680 280 -1723073393
51.707 306 -1723073393
51.733 330 -1723073393
51.760 344 -1723073393
51.787 354 -1723073393
51.813 354 -1723073393
51.840 344 -1723073393
51.867 331 -1723073393
51.893 317 -1723073393
51.920 301 -1723073393
51.947 287 -1723073393
51.973 273 -1723073393
52.000 258 -1723073393
52.027 244 -1723073393
52.053 232 -1723073393
52.080 219 -1723073393
52.107 207 -1723073393
52.133 202 -1723073393
52.160 201 -1723073393
52.187 200 -1723073393
52.213 203 -1723073393
52.240 206 -1723073393
52.267 204 -1723073393
52.293 205 -1723073393
52.320 206 -1723073393
52.347 203 -1723073393
52.373 205 -1723073393
52.400 210 -1723073393
52.427 211 -1723073393
52.453 210 -1723073393
52.480 211 -1723073393
52.507 208 -1723073393
52.533 203 -1723073393
52.560 205 -1723073393
52.587 206 -1723073393
52.613 196 -1723073393
52.640 186 -1723073393
52.667 177 -1723073393
52.693 165 -1723073393
52.720 157 -1723073393
52.747 152 -1723073393
52.773 142 -1723073393
52.800 130 -1723073393
52.827 121 -1723073393
52.853 109 -1723073393
52.880 94 -1723073393
52.907 80 -1723073393
52.933 64 -1723073393
52.960 52 -1723073393
52.987 51 -1723073393
53.013 50 -1723073393
53.040 48 -1723073393
53.067 50 -1723073393
53.093 52 -1723073393
53.120 50 -1723073393
53.147 58 -1723073393
53.173 69 -1723073393
53.200 78 -1723073393
53.227 89 -1723073393
53.253 103 -1723073393
53.280 109 -1723073393
53.307 116 -1723073393
53.333 127 -1723073393
53.360 134 -1723073393
53.387 136 -1723073393
53.413 142 -1723073393
53.440 149 -1723073393
53.467 153 -1723073393
53.493 162 -1723073393
53.520 171 -1723073393
53.547 177 -1723073393
53.573 185 -1723073393
53.600 194 -1723073393
53.627 202 -1723073393
53.653 211 -1723073393
53.680 220 -1723073393
53.707 230 -1723073393
53.733 239 -1723073393
53.760 251 -1723073393
53.787 264 -1723073393
53.813 273 -1723073393
53.840 279 -1723073393
53.867 286 -1723073393
53.893 284 -1723073393
53.920 275 -1723073393
53.947 258 -1723073393
53.973 235 -1723073393
54.000 208 -1723073393
54.027 183 -1723073393
54.053 157 -1723073393
54.080 129 -1723073393
54.107 102 -1723073393
54.133 72 -1723073393
54.160 40 -1723073393
54.187 15 -1723073393
54.213 -6 -1723073393
54.240 -29 -1723073393
54.267 -43 -1723073393
54.293 -49 -1723073393
54.320 -54 -1723073393
54.347 -54 -1723073393
54.373 -49 -1723073393
54.400 -45 -1723073393
54.427 -39 -1723073393
54.453 -29 -1723073393
54.480 -20 -1723073393
54.507 -10 -1723073393
54.533 4 -1723073393
54.560 15 -1723073393
54.587 21 -1723073393
54.613 24 -1723073393
54.640 25 -1723073393
54.667 19 -1723073393
54.693 13 -1723073393
54.720 11 -1723073393
54.747 6 -1723073393
54.773 0 -1723073393
54.800 1 -1723073393
54.827 6 -1723073393
54.853 14 -1723073393
54.880 24 -1723073393
54.907 35 -1723073393
54.933 47 -1723073393
54.960 66 -1723073393
54.987 85 -1723073393
55.013 100 -1723073393
55.040 117 -1723073393
55.067 140 -1723073393
55.093 161 -1723073393
55.120 185 -1723073393
55.147 212 -1723073393
55.173 235 -1723073393
55.200 256 -1723073393
55.227 281 -1723073393
55.253 306 -1723073393
55.280 325 -1723073393
55.307 348 -1723073393
55.333 373 -1723073393
55.360 394 -1723073393
55.387 413 -1723073393
55.413 428 -1723073393
55.440 441 -1723073393
55.467 452 -1723073393
55.493 465 -1723073393
55.520 476 -1723073393
55.547 479 -1723073393
55.573 478 -1723073393
55.600 478 -1723073393
55.627 476 -1723073393
55.653 475 -1723073393
55.680 478 -1723073393
55.707 482 -1723073393
55.733 487 -1723073393
55.760 495 -1723073393
55.787 499 -1723073393
55.813 500 -1723073393
55.840 499 -1723073393
55.867 496 -1723073393
55.893 488 -1723073393
55.920 479 -1723073393
55.947 473 -1723073393
55.973 464 -1723073393
56.000 450 -1723073393
56.027 433 -1723073393
56.053 406 -1723073393
56.080 376 -1723073393
56.107 348 -1723073393
56.133 324 -1723073393
56.160 300 -1723073393
56.187 277 -1723073393
56.213 251 -1723073393
56.240 223 -1723073393
56.267 200 -1723073393
56.293 179 -1723073393
56.320 158 -1723073393
56.347 140 -1723073393
56.373 126 -1723073393
56.400 110 -1723073393
56.427 94 -1723073393
56.453 79 -1723073393
56.480 68 -1723073393
56.507 66 -1723073393
56.533 67 -1723073393
56.560 62 -1723073393
56.587 54 -1723073393
56.613 47 -1723073393
56.640 39 -1723073393
56.667 28 -1723073393
56.693 21 -1723073393
56.720 14 -1723073393
56.747 0 -1723073393
56.773 -16 -1723073393
56.800 -31 -1723073393
56.827 -43 -1723073393
56.853 -56 -1723073393
56.880 -63 -1723073393
56.907 -66 -1723073393
56.933 -70 -1723073393
56.960 -70 -1723073393
56.987 -64 -1723073393
57.013 -63 -1723073393
57.040 -55 -1723073393
57.067 -45 -1723073393
57.093 -38 -1723073393
57.120 -31 -1723073393
57.147 -21 -1723073393
57.173 -10 -1723073393
57.200 6 -1723073393
57.227 26 -1723073393
57.253 40 -1723073393
57.280 52 -1723073393
57.307 69 -1723073393
57.333 92 -1723073393
57.360 111 -1723073393
57.387 133 -1723073393
57.413 157 -1723073393
57.440 175 -1723073393
57.467 196 -1723073393
57.493 221 -1723073393
57.520 243 -1723073393
57.547 262 -1723073393
57.573 280 -1723073393
57.600 295 -1723073393
57.627 305 -1723073393
57.653 314 -1723073393
57.680 317 -1723073393
57.707 314 -1723073393
57.733 308 -1723073393
57.760 305 -1723073393
57.787 299 -1723073393
57.813 292 -1723073393
57.840 293 -1723073393
57.867 301 -1723073393
57.893 308 -1723073393
57.920 317 -1723073393
57.947 331 -1723073393
57.973 346 -1723073393
58.000 361 -1723073393
58.027 375 -1723073393
58.053 384 -1723073393
58.080 393 -1723073393
58.107 410 -1723073393
58.133 428 -1723073393
58.160 441 -1723073393
58.187 453 -1723073393
58.213 469 -1723073393
58.240 479 -1723073393
58.267 490 -1723073393
58.293 505 -1723073393
58.320 516 -1723073393
58.347 523 -1723073393
58.373 532 -1723073393
58.400 542 -1723073393
58.427 549 -1723073393
58.453 561 -1723073393
58.480 576 -1723073393
58.507 586 -1723073393
58.533 594 -1723073393
58.560 609 -1723073393
58.587 623 -1723073393
58.613 632 -1723073393
58.640 641 -1723073393
58.667 649 -1723073393
58.693 647 -1723073393
58.720 650 -1723073393
58.747 655 -1723073393
58.773 651 -1723073393
58.800 646 -1723073393
58.827 650 -1723073393
58.853 649 -1723073393
58.880 643 -1723073393
58.907 642 -1723073393
58.933 639 -1723073393
58.960 631 -1723073393
58.987 628 -1723073393
59.013 632 -1723073393
59.040 627 -1723073393
59.067 620 -1723073393
59.093 616 -1723073393
59.120 604 -1723073393
59.147 592 -1723073393
59.173 588 -1723073393
59.200 578 -1723073393
59.227 563 -1723073393
59.253 554 -1723073393
59.280 545 -1723073393
59.307 529 -1723073393
59.333 519 -1723073393
59.360 514 -1723073393
59.387 500 -1723073393
59.413 484 -1723073393
59.440 473 -1723073393
59.467 456 -1723073393
59.493 435 -1723073393
59.520 418 -1723073393
59.547 400 -1723073393
59.573 379 -1723073393
59.600 354 -1723073393
59.627 325 -1723073393
59.653 288 -1723073393
59.680 253 -1723073393
59.707 222 -1723073393
59.733 190 -1723073393
59.760 157 -1723073393
59.787 123 -1723073393
59.813 89 -1723073393
59.840 61 -1723073393
59.867 40 -1723073393
59.893 24 -1723073393
59.920 15 -1723073393
59.947 11 -1723073393
59.973 5 -1723073393
60.000 5 -1723073393
60.027 14 -1723073393
60.053 23 -1723073393
60.080 31 -1723073393
60.107 47 -1723073393
60.133 60 -1723073393
60.160 67 -1723073393
60.187 76 -1723073393
60.213 85 -1723073393
60.240 86 -1723073393
60.267 83 -1723073393
60.293 79 -1723073393
60.320 71 -1723073393
60.347 57 -1723073393
60.373 42 -1723073393
60.400 22 -1723073393
60.427 -6 -1723073393
60.453 -39 -1723073393
60.480 -67 -1723073393
60.507 -91 -1723073393
60.533 -108 -1723073393
60.560 -119 -1723073393
60.587 -132 -1723073393
60.613 -143 -1723073393
60.640 -147 -1723073393
60.667 -151 -1723073393
60.693 -153 -1723073393
60.720 -146 -1723073393
60.747 -134 -1723073393
60.773 -127 -1723073393
60.800 -117 -1723073393
60.827 -107 -1723073393
60.853 -103 -1723073393
60.880 -98 -1723073393
60.907 -89 -1723073393
60.933 -87 -1723073393
60.960 -91 -1723073393
60.987 -93 -1723073393
61.013 -95 -1723073393
61.040 -106 -1723073393
61.067 -115 -1723073393
61.093 -122 -1723073393
61.120 -135 -1723073393
61.147 -148 -1723073393
61.173 -155 -1723073393
61.200 -164 -1723073393
61.227 -176 -1723073393
61.253 -188 -1723073393
61.280 -202 -1723073393
61.307 -221 -1723073393
61.333 -237 -1723073393
61.360 -248 -1723073393
61.387 -264 -1723073393
61.413 -285 -1723073393
61.440 -300 -1723073393
61.467 -317 -1723073393
61.493 -327 -1723073393
61.520 -321 -1723073393
61.547 -315 -1723073393
61.573 -314 -1723073393
61.600 -303 -1723073393
61.627 -284 -1723073393
61.653 -270 -1723073393
61.680 -255 -1723073393
61.707 -232 -1723073393
61.733 -213 -1723073393
61.760 -198 -1723073393
61.787 -175 -1723073393
61.813 -150 -1723073393
61.840 -131 -1723073393
61.867 -104 -1723073393
61.893 -75 -1723073393
61.920 -58 -1723073393
61.947 -47 -1723073393
61.973 -34 -1723073393
62.000 -28 -1723073393
62.027 -28 -1723073393
62.053 -26 -1723073393
62.080 -28 -1723073393
62.107 -42 -1723073393
62.133 -54 -1723073393
62.160 -63 -1723073393
62.187 -82 -1723073393
62.213 -102 -1723073393
62.240 -115 -1723073393
62.267 -129 -1723073393
62.293 -144 -1723073393
62.320 -153 -1723073393
62.347 -162 -1723073393
62.373 -172 -1723073393
62.400 -175 -1723073393
62.427 -178 -1723073393
62.453 -185 -1723073393
62.480 -183 -1723073393
62.507 -177 -1723073393
62.533 -175 -1723073393
62.560 -170 -1723073393
62.587 -157 -1723073393
62.613 -149 -1723073393
62.640 -141 -1723073393
62.667 -123 -1723073393
62.693 -105 -1723073393
62.720 -94 -1723073393
62.747 -80 -1723073393
62.773 -64 -1723073393
62.800 -54 -1723073393
62.827 -44 -1723073393
62.853 -30 -1723073393
62.880 -20 -1723073393
62.907 -18 -1723073393
62.933 -17 -1723073393
62.960 -21 -1723073393
62.987 -37 -1723073393
63.013 -56 -1723073393
63.040 -71 -1723073393
63.067 -94 -1723073393
63.093 -120 -1723073393
63.120 -144 -1723073393
63.147 -172 -1723073393
63.173 -200 -1723073393
63.200 -224 -1723073393
63.227 -246 -1723073393
63.253 -271 -1723073393
63.280 -287 -1723073393
63.307 -296 -1723073393
63.333 -310 -1723073393
63.360 -321 -1723073393
63.387 -318 -1723073393
63.413 -316 -1723073393
63.440 -315 -1723073393
63.467 -297 -1723073393
63.493 -276 -1723073393
63.520 -256 -1723073393
63.547 -225 -1723073393
63.573 -194 -1723073393
63.600 -175 -1723073393
63.627 -154 -1723073393
63.653 -123 -1723073393
63.680 -97 -1723073393
63.707 -79 -1723073393
63.733 -60 -1723073393
63.760 -46 -1723073393
63.787 -48 -1723073393
63.813 -50 -1723073393
63.840 -49 -1723073393
63.867 -59 -1723073393
63.893 -76 -1723073393
63.920 -92 -1723073393
63.947 -113 -1723073393
63.973 -137 -1723073393
64.000 -155 -1723073393
64.027 -172 -1723073393
64.053 -190 -1723073393
64.080 -201 -1723073393
64.107 -205 -1723073393
64.133 -209 -1723073393
64.160 -207 -1723073393
64.187 -199 -1723073393
64.213 -195 -1723073393
64.240 -190 -1723073393
64.267 -169 -1723073393
64.293 -143 -1723073393
64.320 -119 -1723073393
64.347 -86 -1723073393
64.373 -49 -1723073393
64.400 -16 -1723073393
64.427 16 -1723073393
64.453 48 -1723073393
64.480 68 -1723073393
64.507 80 -1723073393
64.533 93 -1723073393
64.560 103 -1723073393
64.587 104 -1723073393
64.613 107 -1723073393
64.640 112 -1723073393
64.667 109 -1723073393
64.693 100 -1723073393
64.720 92 -1723073393
64.747 79 -1723073393
64.773 60 -1723073393
64.800 41 -1723073393
64.827 23 -1723073393
64.853 2 -1723073393
64.880 -13 -1723073393
64.907 -26 -1723073393
64.933 -38 -1723073393
64.960 -46 -1723073393
64.987 -48 -1723073393
65.013 -50 -1723073393
65.040 -47 -1723073393
65.067 -39 -1723073393
65.093 -30 -1723073393
65.120 -21 -1723073393
65.147 -6 -1723073393
65.173 7 -1723073393
65.200 21 -1723073393
65.227 41 -1723073393
65.253 68 -1723073393
65.280 92 -1723073393
65.307 113 -1723073393
65.333 139 -1723073393
65.360 162 -1723073393
65.387 177 -1723073393
65.413 194 -1723073393
65.440 213 -1723073393
65.467 229 -1723073393
65.493 243 -1723073393
65.520 259 -1723073393
65.547 271 -1723073393
65.573 276 -1723073393
65.600 279 -1723073393
65.627 284 -1723073393
65.653 285 -1723073393
65.680 283 -1723073393
65.707 283 -1723073393
65.733 279 -1723073393
65.760 270 -1723073393
65.787 265 -1723073393
65.813 264 -1723073393
65.840 262 -1723073393
65.867 264 -1723073393
65.893 267 -1723073393
65.920 265 -1723073393
65.947 259 -1723073393
65.973 258 -1723073393
66.000 258 -1723073393
66.027 251 -1723073393
66.053 244 -1723073393
66.080 239 -1723073393
66.107 235 -1723073393
66.133 231 -1723073393
66.160 232 -1723073393
66.187 228 -1723073393
66.213 221 -1723073393
66.240 215 -1723073393
66.267 209 -1723073393
66.293 203 -1723073393
66.320 202 -1723073393
66.347 200 -1723073393
66.373 195 -1723073393
66.400 194 -1723073393
66.427 201 -1723073393
66.453 206 -1723073393
66.480 209 -1723073393
66.507 213 -1723073393
66.533 216 -1723073393
66.560 215 -1723073393
66.587 215 -1723073393
66.613 216 -1723073393
66.640 212 -1723073393
66.667 208 -1723073393
66.693 210 -1723073393
66.720 212 -1723073393
66.747 211 -1723073393
66.773 213 -1723073393
66.800 217 -1723073393
66.827 222 -1723073393
66.853 234 -1723073393
66.880 245 -1723073393
66.907 254 -1723073393
66.933 267 -1723073393
66.960 283 -1723073393
66.987 300 -1723073393
67.013 320 -1723073393
67.040 344 -1723073393
67.067 368 -1723073393
67.093 391 -1723073393
67.120 418 -1723073393
67.147 443 -1723073393
67.173 460 -1723073393
67.200 471 -1723073393
67.227 485 -1723073393
67.253 493 -1723073393
67.280 495 -1723073393
67.307 502 -1723073393
67.333 510 -1723073393
67.360 508 -1723073393
67.387 500 -1723073393
67.413 493 -1723073393
67.440 481 -1723073393
67.467 466 -1723073393
67.493 458 -1723073393
67.520 447 -1723073393
67.547 430 -1723073393
67.573 417 -1723073393
67.600 407 -1723073393
67.627 394 -1723073393
67.653 380 -1723073393
67.680 370 -1723073393
67.707 360 -1723073393
67.733 350 -1723073393
67.760 345 -1723073393
67.787 340 -1723073393
67.813 334 -1723073393
67.840 333 -1723073393
67.867 334 -1723073393
67.893 332 -1723073393
67.920 331 -1723073393
67.947 331 -1723073393
67.973 323 -1723073393
68.000 312 -1723073393
68.027 308 -1723073393
68.053 304 -1723073393
68.080 298 -1723073393
68.107 296 -1723073393
68.133 290 -1723073393
68.160 275 -1723073393
68.187 261 -1723073393
68.213 252 -1723073393
68.240 244 -1723073393
68.267 239 -1723073393
68.293 240 -1723073393
68.320 241 -1723073393
68.347 240 -1723073393
68.373 243 -1723073393
68.400 248 -1723073393
68.427 246 -1723073393
68.453 245 -1723073393
68.480 248 -1723073393
68.507 250 -1723073393
68.533 248 -1723073393
68.560 251 -1723073393
68.587 252 -1723073393
68.613 246 -1723073393
68.640 245 -1723073393
68.667 246 -1723073393
68.693 246 -1723073393
68.720 249 -1723073393
68.747 259 -1723073393
68.773 270 -1723073393
68.800 280 -1723073393
68.827 291 -1723073393
68.853 301 -1723073393
68.880 308 -1723073393
68.907 318 -1723073393
68.933 330 -1723073393
68.960 337 -1723073393
68.987 345 -1723073393
69.013 357 -1723073393
69.040 364 -1723073393
69.067 370 -1723073393
69.093 379 -1723073393
69.120 385 -1723073393
69.147 383 -1723073393
69.173 383 -1723073393
69.200 386 -1723073393
69.227 387 -1723073393
69.253 385 -1723073393
69.280 391 -1723073393
69.307 398 -1723073393
69.333 399 -1723073393
69.360 400 -1723073393
69.387 399 -1723073393
69.413 388 -1723073393
69.440 375 -1723073393
69.467 367 -1723073393
69.493 354 -1723073393
69.520 337 -1723073393
69.547 325 -1723073393
69.573 311 -1723073393
69.600 287 -1723073393
69.627 264 -1723073393
69.653 240 -1723073393
69.680 212 -1723073393
69.707 189 -1723073393
69.733 171 -1723073393
69.760 152 -1723073393
69.787 134 -1723073393
69.813 123 -1723073393
69.840 117 -1723073393
69.867 118 -1723073393
69.893 124 -1723073393
69.920 129 -1723073393
69.947 134 -1723073393
69.973 150 -1723073393
70.000 169 -1723073393
70.027 182 -1723073393
70.053 201 -1723073393
70.080 228 -1723073393
70.107 249 -1723073393
70.133 266 -1723073393
70.160 283 -1723073393
70.187 295 -1723073393
70.213 298 -1723073393
70.240 299 -1723073393
70.267 303 -1723073393
70.293 305 -1723073393
70.320 303 -1723073393
70.347 302 -1723073393
70.373 301 -1723073393
70.400 297 -1723073393
70.427 294 -1723073393
70.453 293 -1723073393
70.480 287 -1723073393
70.507 283 -1723073393
70.533 282 -1723073393
70.560 278 -1723073393
70.587 272 -1723073393
70.613 271 -1723073393
70.640 269 -1723073393
70.667 265 -1723073393
70.693 268 -1723073393
70.720 274 -1723073393
70.747 275 -1723073393
70.773 276 -1723073393
70.800 279 -1723073393
70.827 280 -1723073393
70.853 283 -1723073393
70.880 291 -1723073393
70.907 297 -1723073393
70.933 298 -1723073393
70.960 308 -1723073393
70.987 323 -1723073393
71.013 330 -1723073393
71.040 335 -1723073393
71.067 342 -1723073393
71.093 345 -1723073393
71.120 344 -1723073393
71.147 350 -1723073393
71.173 356 -1723073393
71.200 356 -1723073393
71.227 361 -1723073393
71.253 370 -1723073393
71.280 377 -1723073393
71.307 382 -1723073393
71.333 387 -1723073393
71.360 387 -1723073393
71.387 379 -1723073393
71.413 371 -1723073393
71.440 364 -1723073393
71.467 352 -1723073393
71.493 341 -1723073393
71.520 331 -1723073393
71.547 321 -1723073393
71.573 307 -1723073393
71.600 293 -1723073393
71.627 278 -1723073393
71.653 266 -1723073393
71.680 256 -1723073393
71.707 246 -1723073393
71.733 236 -1723073393
71.760 229 -1723073393
71.787 222 -1723073393
71.813 212 -1723073393
71.840 210 -1723073393
71.867 219 -1723073393
71.893 226 -1723073393
71.920 231 -1723073393
71.947 237 -1723073393
71.973 238 -1723073393
72.000 234 -1723073393
72.027 236 -1723073393
72.053 241 -1723073393
72.080 241 -1723073393
72.107 241 -1723073393
72.133 244 -1723073393
72.160 241 -1723073393
72.187 233 -1723073393
72.213 227 -1723073393
72.240 221 -1723073393
72.267 210 -1723073393
72.293 208 -1723073393
72.320 211 -1723073393
72.347 210 -1723073393
72.373 210 -1723073393
72.400 214 -1723073393
72.427 218 -1723073393
72.453 222 -1723073393
72.480 232 -1723073393
72.507 241 -1723073393
72.533 249 -1723073393
72.560 260 -1723073393
72.587 272 -1723073393
72.613 275 -1723073393
72.640 277 -1723073393
72.667 285 -1723073393
72.693 290 -1723073393
72.720 290 -1723073393
72.747 287 -1723073393
72.773 278 -1723073393
72.800 261 -1723073393
72.827 246 -1723073393
72.853 236 -1723073393
72.880 226 -1723073393
72.907 217 -1723073393
72.933 214 -1723073393
72.960 211 -1723073393
72.987 206 -1723073393
73.013 203 -1723073393
73.040 197 -1723073393
73.067 188 -1723073393
73.093 183 -1723073393
73.120 182 -1723073393
73.147 179 -1723073393
73.173 176 -1723073393
73.200 177 -1723073393
73.227 177 -1723073393
73.253 178 -1723073393
73.280 180 -1723073393
73.307 181 -1723073393
73.333 181 -1723073393
73.360 183 -1723073393
73.387 187 -1723073393
73.413 189 -1723073393
73.440 196 -1723073393
73.467 210 -1723073393
73.493 225 -1723073393
73.520 239 -1723073393
73.547 254 -1723073393
73.573 266 -1723073393
73.600 275 -1723073393
73.627 286 -1723073393
73.653 301 -1723073393
73.680 311 -1723073393
73.707 320 -1723073393
73.733 328 -1723073393
73.760 331 -1723073393
73.787 329 -1723073393
73.813 325 -1723073393
73.840 315 -1723073393
73.867 299 -1723073393
73.893 281 -1723073393
73.920 263 -1723073393
73.947 245 -1723073393
73.973 226 -1723073393
74.000 210 -1723073393
74.027 193 -1723073393
74.053 173 -1723073393
74.080 154 -1723073393
74.107 136 -1723073393
74.133 121 -1723073393
74.160 114 -1723073393
74.187 109 -1723073393
74.213 103 -1723073393
74.240 102 -1723073393
74.267 102 -1723073393
74.293 102 -1723073393
74.320 107 -1723073393
74.347 118 -1723073393
74.373 127 -1723073393
74.400 136 -1723073393
74.427 150 -1723073393
74.453 160 -1723073393
74.480 163 -1723073393
74.507 169 -1723073393
74.533 177 -1723073393
74.560 180 -1723073393
74.587 187 -1723073393
74.613 197 -1723073393
74.640 201 -1723073393
74.667 201 -1723073393
74.693 207 -1723073393
74.720 215 -1723073393
74.747 222 -1723073393
74.773 232 -1723073393
74.800 242 -1723073393
74.827 247 -1723073393
74.853 250 -1723073393
74.880 254 -1723073393
74.907 255 -1723073393
74.933 254 -1723073393
74.960 251 -1723073393
74.987 248 -1723073393
75.013 247 -1723073393
75.040 249 -1723073393
75.067 252 -1723073393
75.093 256 -1723073393
75.120 260 -1723073393
75.147 263 -1723073393
75.173 265 -1723073393
75.200 269 -1723073393
75.227 276 -1723073393
75.253 281 -1723073393
75.280 283 -1723073393
75.307 286 -1723073393
75.333 289 -1723073393
75.360 289 -1723073393
75.387 289 -1723073393
75.413 288 -1723073393
75.440 288 -1723073393
75.467 289 -1723073393
75.493 292 -1723073393
75.520 292 -1723073393
75.547 290 -1723073393
75.573 293 -1723073393
75.600 295 -1723073393
75.627 293 -1723073393
75.653 289 -1723073393
75.680 283 -1723073393
75.707 268 -1723073393
75.733 252 -1723073393
75.760 244 -1723073393
75.787 230 -1723073393
75.813 210 -1723073393
75.840 196 -1723073393
75.867 179 -1723073393
75.893 156 -1723073393
75.920 134 -1723073393
75.947 116 -1723073393
75.973 95 -1723073393
76.000 79 -1723073393
76.027 76 -1723073393
76.053 75 -1723073393
76.080 76 -1723073393
76.107 89 -1723073393
76.133 105 -1723073393
76.160 119 -1723073393
76.187 140 -1723073393
76.213 166 -1723073393
76.240 186 -1723073393
76.267 210 -1723073393
76.293 234 -1723073393
76.320 250 -1723073393
76.347 265 -1723073393
76.373 287 -1723073393
76.400 306 -1723073393
76.427 315 -1723073393
76.453 324 -1723073393
76.480 335 -1723073393
76.507 343 -1723073393
76.533 348 -1723073393
76.560 356 -1723073393
76.587 362 -1723073393
76.613 359 -1723073393
76.640 355 -1723073393
76.667 350 -1723073393
76.693 344 -1723073393
76.720 339 -1723073393
76.747 337 -1723073393
76.773 336 -1723073393
76.800 331 -1723073393
76.827 325 -1723073393
76.853 319 -1723073393
76.880 312 -1723073393
76.907 308 -1723073393
76.933 304 -1723073393
76.960 301 -1723073393
76.987 302 -1723073393
77.013 304 -1723073393
77.040 304 -1723073393
77.067 310 -1723073393
77.093 316 -1723073393
77.120 318 -1723073393
77.147 320 -1723073393
77.173 328 -1723073393
77.200 336 -1723073393
77.227 342 -1723073393
77.253 352 -1723073393
77.280 363 -1723073393
77.307 372 -1723073393
77.333 380 -1723073393
77.360 382 -1723073393
77.387 378 -1723073393
77.413 372 -1723073393
77.440 371 -1723073393
77.467 364 -1723073393
77.493 351 -1723073393
77.520 339 -1723073393
77.547 327 -1723073393
77.573 315 -1723073393
77.600 305 -1723073393
77.627 292 -1723073393
77.653 275 -1723073393
77.680 261 -1723073393
77.707 252 -1723073393
77.733 240 -1723073393
77.760 232 -1723073393
77.787 233 -1723073393
77.813 229 -1723073393
77.840 225 -1723073393
77.867 229 -1723073393
77.893 232 -1723073393
77.920 234 -1723073393
77.947 245 -1723073393
77.973 254 -1723073393
78.000 254 -1723073393
78.027 260 -1723073393
78.053 272 -1723073393
78.080 277 -1723073393
78.107 280 -1723073393
78.133 283 -1723073393
78.160 280 -1723073393
78.187 274 -1723073393
78.213 277 -1723073393
78.240 279 -1723073393
78.267 275 -1723073393
78.293 273 -1723073393
78.320 272 -1723073393
78.347 265 -1723073393
78.373 258 -1723073393
78.400 254 -1723073393
78.427 244 -1723073393
78.453 236 -1723073393
78.480 234 -1723073393
78.507 232 -1723073393
78.533 225 -1723073393
78.560 221 -1723073393
78.587 210 -1723073393
78.613 191 -1723073393
78.640 178 -1723073393
78.667 171 -1723073393
78.693 162 -1723073393
78.720 154 -1723073393
78.747 154 -1723073393
78.773 150 -1723073393
78.800 145 -1723073393
78.827 144 -1723073393
78.853 142 -1723073393
78.880 136 -1723073393
78.907 137 -1723073393
78.933 139 -1723073393
78.960 139 -1723073393
78.987 147 -1723073393
79.013 157 -1723073393
79.040 158 -1723073393
79.067 167 -1723073393
79.093 181 -1723073393
79.120 186 -1723073393
79.147 189 -1723073393
79.173 201 -1723073393
79.200 212 -1723073393
79.227 215 -1723073393
79.253 214 -1723073393
79.280 210 -1723073393
79.307 198 -1723073393
79.333 186 -1723073393
79.360 179 -1723073393
79.387 166 -1723073393
79.413 154 -1723073393
79.440 144 -1723073393
79.467 129 -1723073393
79.493 114 -1723073393
79.520 105 -1723073393
79.547 93 -1723073393
79.573 79 -1723073393
79.600 68 -1723073393
79.627 56 -1723073393
79.653 44 -1723073393
79.680 42 -1723073393
79.707 46 -1723073393
79.733 48 -1723073393
79.760 55 -1723073393
79.787 69 -1723073393
79.813 76 -1723073393
79.840 88 -1723073393
79.867 113 -1723073393
79.893 134 -1723073393
79.920 152 -1723073393
79.947 176 -1723073393
79.973 199 -1723073393
80.000 218 -1723073393
80.027 242 -1723073393
80.053 266 -1723073393
80.080 278 -1723073393
80.107 286 -1723073393
80.133 292 -1723073393
80.160 289 -1723073393
80.187 284 -1723073393
80.213 283 -1723073393
80.240 275 -1723073393
80.267 263 -1723073393
80.293 256 -1723073393
80.320 247 -1723073393
80.347 237 -1723073393
80.373 234 -1723073393
80.400 231 -1723073393
80.427 225 -1723073393
80.453 222 -1723073393
80.480 224 -1723073393
80.507 225 -1723073393
80.533 230 -1723073393
80.560 242 -1723073393
80.587 248 -1723073393
80.613 251 -1723073393
80.640 258 -1723073393
80.667 265 -1723073393
80.693 271 -1723073393
80.720 283 -1723073393
80.747 295 -1723073393
80.773 301 -1723073393
80.800 302 -1723073393
80.827 301 -1723073393
80.853 295 -1723073393
80.880 285 -1723073393
80.907 278 -1723073393
80.933 266 -1723073393
80.960 251 -1723073393
80.987 242 -1723073393
81.013 232 -1723073393
81.040 222 -1723073393
81.067 212 -1723073393
81.093 198 -1723073393
81.120 179 -1723073393
81.147 164 -1723073393
81.173 150 -1723073393
81.200 133 -1723073393
81.227 121 -1723073393
81.253 114 -1723073393
81.280 110 -1723073393
81.307 109 -1723073393
81.333 112 -1723073393
81.360 114 -1723073393
81.387 116 -1723073393
81.413 124 -1723073393
81.440 130 -1723073393
81.467 134 -1723073393
81.493 145 -1723073393
81.520 158 -1723073393
81.547 166 -1723073393
81.573 179 -1723073393
81.600 197 -1723073393
81.627 212 -1723073393
81.653 226 -1723073393
81.680 243 -1723073393
81.707 253 -1723073393
81.733 262 -1723073393
81.760 274 -1723073393
81.787 281 -1723073393
81.813 283 -1723073393
81.840 291 -1723073393
81.867 298 -1723073393
81.893 300 -1723073393
81.920 307 -1723073393
81.947 310 -1723073393
81.973 306 -1723073393
82.000 308 -1723073393
82.027 313 -1723073393
82.053 317 -1723073393
82.080 321 -1723073393
82.107 323 -1723073393
82.133 319 -1723073393
82.160 317 -1723073393
82.187 314 -1723073393
82.213 308 -1723073393
82.240 300 -1723073393
82.267 293 -1723073393
82.293 283 -1723073393
82.320 269 -1723073393
82.347 259 -1723073393
82.373 252 -1723073393
82.400 246 -1723073393
82.427 247 -1723073393
82.453 248 -1723073393
82.480 245 -1723073393
82.507 250 -1723073393
82.533 258 -1723073393
82.560 263 -1723073393
82.587 268 -1723073393
82.613 272 -1723073393
82.640 271 -1723073393
82.667 275 -1723073393
82.693 284 -1723073393
82.720 288 -1723073393
82.747 287 -1723073393
82.773 287 -1723073393
82.800 283 -1723073393
82.827 278 -1723073393
82.853 273 -1723073393
82.880 266 -1723073393
82.907 259 -1723073393
82.933 255 -1723073393
82.960 249 -1723073393
82.987 236 -1723073393
83.013 224 -1723073393
83.040 218 -1723073393
83.067 212 -1723073393
83.093 207 -1723073393
83.120 204 -1723073393
83.147 197 -1723073393
83.173 189 -1723073393
83.200 183 -1723073393
83.227 176 -1723073393
83.253 171 -1723073393
83.280 176 -1723073393
83.307 180 -1723073393
83.333 186 -1723073393
83.360 200 -1723073393
83.387 212 -1723073393
83.413 220 -1723073393
83.440 228 -1723073393
83.467 229 -1723073393
83.493 228 -1723073393
83.520 236 -1723073393
83.547 246 -1723073393
83.573 248 -1723073393
83.600 254 -1723073393
83.627 257 -1723073393
83.653 258 -1723073393
83.680 261 -1723073393
83.707 263 -1723073393
83.733 257 -1723073393
83.760 248 -1723073393
83.787 240 -1723073393
83.813 229 -1723073393
83.840 220 -1723073393
83.867 219 -1723073393
83.893 214 -1723073393
83.920 209 -1723073393
83.947 213 -1723073393
83.973 213 -1723073393
84.000 210 -1723073393
84.027 215 -1723073393
84.053 216 -1723073393
84.080 210 -1723073393
84.107 217 -1723073393
84.133 225 -1723073393
84.160 227 -1723073393
84.187 234 -1723073393
84.213 241 -1723073393
84.240 242 -1723073393
84.267 244 -1723073393
84.293 248 -1723073393
84.320 249 -1723073393
84.347 252 -1723073393
84.373 256 -1723073393
84.400 254 -1723073393
84.427 254 -1723073393
84.453 255 -1723073393
84.480 250 -1723073393
84.507 242 -1723073393
84.533 238 -1723073393
84.560 234 -1723073393
84.587 227 -1723073393
84.613 223 -1723073393
84.640 217 -1723073393
84.667 209 -1723073393
84.693 205 -1723073393
84.720 197 -1723073393
84.747 189 -1723073393
84.773 180 -1723073393
84.800 167 -1723073393
84.827 153 -1723073393
84.853 147 -1723073393
84.880 147 -1723073393
84.907 150 -1723073393
84.933 159 -1723073393
84.960 166 -1723073393
84.987 168 -1723073393
85.013 172 -1723073393
85.040 176 -1723073393
85.067 174 -1723073393
85.093 179 -1723073393
85.120 188 -1723073393
85.147 192 -1723073393
85.173 195 -1723073393
85.200 200 -1723073393
85.227 199 -1723073393
85.253 195 -1723073393
85.280 194 -1723073393
85.307 191 -1723073393
85.333 189 -1723073393
85.360 194 -1723073393
85.387 199 -1723073393
85.413 202 -1723073393
85.440 208 -1723073393
85.467 210 -1723073393
85.493 209 -1723073393
85.520 220 -1723073393
85.547 228 -1723073393
85.573 234 -1723073393
85.600 241 -1723073393
85.627 246 -1723073393
85.653 251 -1723073393
85.680 263 -1723073393
85.707 269 -1723073393
85.733 268 -1723073393
85.760 273 -1723073393
85.787 276 -1723073393
85.813 278 -1723073393
85.840 285 -1723073393
85.867 287 -1723073393
85.893 280 -1723073393
85.920 275 -1723073393
85.947 271 -1723073393
85.973 259 -1723073393
86.000 248 -1723073393
86.027 239 -1723073393
86.053 225 -1723073393
86.080 217 -1723073393
86.107 213 -1723073393
86.133 203 -1723073393
86.160 195 -1723073393
86.187 195 -1723073393
86.213 194 -1723073393
86.240 193 -1723073393
86.267 195 -1723073393
86.293 193 -1723073393
86.320 195 -1723073393
86.347 203 -1723073393
86.373 200 -1723073393
86.400 194 -1723073393
86.427 196 -1723073393
86.453 192 -1723073393
86.480 188 -1723073393
86.507 194 -1723073393
86.533 192 -1723073393
86.560 180 -1723073393
86.587 170 -1723073393
86.613 158 -1723073393
86.640 152 -1723073393
86.667 153 -1723073393
86.693 150 -1723073393
86.720 147 -1723073393
86.747 152 -1723073393
86.773 151 -1723073393
86.800 152 -1723073393
86.827 157 -1723073393
86.853 156 -1723073393
86.880 154 -1723073393
86.907 161 -1723073393
86.933 165 -1723073393
86.960 166 -1723073393
86.987 180 -1723073393
87.013 191 -1723073393
87.040 199 -1723073393
87.067 214 -1723073393
87.093 221 -1723073393
87.120 224 -1723073393
87.147 237 -1723073393
87.173 242 -1723073393
87.200 242 -1723073393
87.227 248 -1723073393
87.253 251 -1723073393
87.280 253 -1723073393
87.307 256 -1723073393
87.333 254 -1723073393
87.360 253 -1723073393
87.387 256 -1723073393
87.413 253 -1723073393
87.440 245 -1723073393
87.467 241 -1723073393
87.493 237 -1723073393
87.520 232 -1723073393
87.547 234 -1723073393
87.573 234 -1723073393
87.600 232 -1723073393
87.627 237 -1723073393
87.653 236 -1723073393
87.680 230 -1723073393
87.707 231 -1723073393
87.733 227 -1723073393
87.760 217 -1723073393
87.787 213 -1723073393
87.813 209 -1723073393
87.840 204 -1723073393
87.867 202 -1723073393
87.893 200 -1723073393
87.920 195 -1723073393
87.947 196 -1723073393
87.973 198 -1723073393
88.000 199 -1723073393
88.027 207 -1723073393
88.053 214 -1723073393
88.080 218 -1723073393
88.107 225 -1723073393
88.133 227 -1723073393
88.160 222 -1723073393
88.187 224 -1723073393
88.213 222 -1723073393
88.240 216 -1723073393
88.267 220 -1723073393
88.293 219 -1723073393
88.320 213 -1723073393
88.347 207 -1723073393
88.373 200 -1723073393
88.400 195 -1723073393
88.427 197 -1723073393
88.453 196 -1723073393
88.480 193 -1723073393
88.507 193 -1723073393
88.533 188 -1723073393
88.560 179 -1723073393
88.587 177 -1723073393
88.613 169 -1723073393
88.640 158 -1723073393
88.667 151 -1723073393
88.693 142 -1723073393
88.720 135 -1723073393
88.747 137 -1723073393
88.773 135 -1723073393
88.800 134 -1723073393
88.827 140 -1723073393
88.853 140 -1723073393
88.880 138 -1723073393
88.907 142 -1723073393
88.933 142 -1723073393
88.960 142 -1723073393
88.987 145 -1723073393
89.013 142 -1723073393
89.040 144 -1723073393
89.067 154 -1723073393
89.093 157 -1723073393
89.120 167 -1723073393
89.147 180 -1723073393
89.173 184 -1723073393
89.200 195 -1723073393
89.227 204 -1723073393
89.253 203 -1723073393
89.280 208 -1723073393
89.307 212 -1723073393
89.333 211 -1723073393
89.360 217 -1723073393
89.387 216 -1723073393
89.413 209 -1723073393
89.440 207 -1723073393
89.467 203 -1723073393
89.493 195 -1723073393
89.520 190 -1723073393
89.547 183 -1723073393
89.573 171 -1723073393
89.600 162 -1723073393
89.627 152 -1723073393
89.653 143 -1723073393
89.680 140 -1723073393
89.707 137 -1723073393
89.733 132 -1723073393
89.760 130 -1723073393
89.787 125 -1723073393
89.813 121 -1723073393
89.840 126 -1723073393
89.867 130 -1723073393
89.893 139 -1723073393
89.920 156 -1723073393
89.947 163 -1723073393
89.973 167 -1723073393
90.000 172 -1723073393
90.027 167 -1723073393
90.053 171 -1723073393
90.080 180 -1723073393
90.107 186 -1723073393
90.133 197 -1723073393
90.160 200 -1723073393
90.187 191 -1723073393
90.213 181 -1723073393
90.240 167 -1723073393
90.267 151 -1723073393
90.293 140 -1723073393
90.320 133 -1723073393
90.347 125 -1723073393
90.373 121 -1723073393
90.400 115 -1723073393
90.427 108 -1723073393
90.453 109 -1723073393
90.480 106 -1723073393
90.507 104 -1723073393
90.533 107 -1723073393
90.560 105 -1723073393
90.587 108 -1723073393
90.613 118 -1723073393
90.640 121 -1723073393
90.667 127 -1723073393
90.693 137 -1723073393
90.720 144 -1723073393
90.747 157 -1723073393
90.773 174 -1723073393
90.800 190 -1723073393
90.827 215 -1723073393
90.853 240 -1723073393
90.880 253 -1723073393
90.907 265 -1723073393
90.933 270 -1723073393
90.960 269 -1723073393
90.987 272 -1723073393
91.013 277 -1723073393
91.040 286 -1723073393
91.067 298 -1723073393
91.093 310 -1723073393
91.120 322 -1723073393
91.147 336 -1723073393
91.173 341 -1723073393
91.200 345 -1723073393
91.227 347 -1723073393
91.253 343 -1723073393
91.280 344 -1723073393
91.307 349 -1723073393
91.333 347 -1723073393
91.360 345 -1723073393
91.387 337 -1723073393
91.413 330 -1723073393
91.440 330 -1723073393
91.467 325 -1723073393
91.493 321 -1723073393
91.520 318 -1723073393
91.547 309 -1723073393
91.573 302 -1723073393
91.600 294 -1723073393
91.627 287 -1723073393
91.653 290 -1723073393
91.680 292 -1723073393
91.707 292 -1723073393
91.733 298 -1723073393
91.760 301 -1723073393
91.787 303 -1723073393
91.813 315 -1723073393
91.840 324 -1723073393
91.867 329 -1723073393
91.893 334 -1723073393
91.920 339 -1723073393
91.947 350 -1723073393
91.973 362 -1723073393
92.000 367 -1723073393
92.027 370 -1723073393
92.053 364 -1723073393
92.080 358 -1723073393
92.107 355 -1723073393
92.133 344 -1723073393
92.160 335 -1723073393
92.187 334 -1723073393
92.213 326 -1723073393
92.240 321 -1723073393
92.267 317 -1723073393
92.293 312 -1723073393
92.320 309 -1723073393
92.347 304 -1723073393
92.373 299 -1723073393
92.400 302 -1723073393
92.427 302 -1723073393
92.453 300 -1723073393
92.480 307 -1723073393
92.507 310 -1723073393
92.533 315 -1723073393
92.560 320 -1723073393
92.587 323 -1723073393
92.613 333 -1723073393
92.640 343 -1723073393
92.667 350 -1723073393
92.693 366 -1723073393
92.720 375 -1723073393
92.747 378 -1723073393
92.773 389 -1723073393
92.800 395 -1723073393
92.827 401 -1723073393
92.853 408 -1723073393
92.880 409 -1723073393
92.907 412 -1723073393
92.933 404 -1723073393
92.960 398 -1723073393
92.987 399 -1723073393
93.013 390 -1723073393
93.040 384 -1723073393
93.067 382 -1723073393
93.093 375 -1723073393
93.120 375 -1723073393
93.147 371 -1723073393
93.173 357 -1723073393
93.200 348 -1723073393
93.227 336 -1723073393
93.253 324 -1723073393
93.280 322 -1723073393
93.307 315 -1723073393
93.333 307 -1723073393
93.360 307 -1723073393
93.387 310 -1723073393
93.413 321 -1723073393
93.440 330 -1723073393
93.467 331 -1723073393
93.493 337 -1723073393
93.520 340 -1723073393
93.547 342 -1723073393
93.573 346 -1723073393
93.600 349 -1723073393
93.627 359 -1723073393
93.653 370 -1723073393
93.680 375 -1723073393
93.707 384 -1723073393
93.733 382 -1723073393
93.760 376 -1723073393
93.787 373 -1723073393
93.813 364 -1723073393
93.840 362 -1723073393
93.867 360 -1723073393
93.893 351 -1723073393
93.920 344 -1723073393
93.947 330 -1723073393
93.973 318 -1723073393
94.000 315 -1723073393
94.027 306 -1723073393
94.053 297 -1723073393
94.080 292 -1723073393
94.107 287 -1723073393
94.133 287 -1723073393
94.160 283 -1723073393
94.187 278 -1723073393
94.213 281 -1723073393
94.240 285 -1723073393
94.267 294 -1723073393
94.293 304 -1723073393
94.320 308 -1723073393
94.347 316 -1723073393
94.373 318 -1723073393
94.400 320 -1723073393
94.427 329 -1723073393
94.453 332 -1723073393
94.480 335 -1723073393
94.507 335 -1723073393
94.533 337 -1723073393
94.560 345 -1723073393
94.587 344 -1723073393
94.613 345 -1723073393
94.640 350 -1723073393
94.667 354 -1723073393
94.693 363 -1723073393
94.720 367 -1723073393
94.747 363 -1723073393
94.773 363 -1723073393
94.800 357 -1723073393
94.827 351 -1723073393
94.853 343 -1723073393
94.880 334 -1723073393
94.907 334 -1723073393
94.933 324 -1723073393
94.960 315 -1723073393
94.987 313 -1723073393
95.013 311 -1723073393
95.040 317 -1723073393
95.067 319 -1723073393
95.093 317 -1723073393
95.120 313 -1723073393
95.147 306 -1723073393
95.173 302 -1723073393
95.200 295 -1723073393
95.227 286 -1723073393
95.253 283 -1723073393
95.280 281 -1723073393
95.307 284 -1723073393
95.333 284 -1723073393
95.360 276 -1723073393
95.387 276 -1723073393
95.413 273 -1723073393
95.440 274 -1723073393
95.467 274 -1723073393
95.493 263 -1723073393
95.520 259 -1723073393
95.547 255 -1723073393
95.573 251 -1723073393
95.600 247 -1723073393
95.627 237 -1723073393
95.653 233 -1723073393
95.680 220 -1723073393
95.707 217 -1723073393
95.733 209 -1723073393
95.760 192 -1723073393
95.787 188 -1723073393
95.813 174 -1723073393
95.840 159 -1723073393
95.867 147 -1723073393
95.893 135 -1723073393
95.920 138 -1723073393
95.947 134 -1723073393
95.973 132 -1723073393
96.000 137 -1723073393
96.027 132 -1723073393
96.053 141 -1723073393
96.080 147 -1723073393
96.107 152 -1723073393
96.133 158 -1723073393
96.160 156 -1723073393
96.187 163 -1723073393
96.213 168 -1723073393
96.240 177 -1723073393
96.267 186 -1723073393
96.293 187 -1723073393
96.320 195 -1723073393
96.347 201 -1723073393
96.373 209 -1723073393
96.400 206 -1723073393
96.427 203 -1723073393
96.453 206 -1723073393
96.480 206 -1723073393
96.507 205 -1723073393
96.533 196 -1723073393
96.560 184 -1723073393
96.587 182 -1723073393
96.613 167 -1723073393
96.640 157 -1723073393
96.667 139 -1723073393
96.693 125 -1723073393
96.720 110 -1723073393
96.747 94 -1723073393
96.773 90 -1723073393
96.800 79 -1723073393
96.827 78 -1723073393
96.853 78 -1723073393
96.880 73 -1723073393
96.907 74 -1723073393
96.933 62 -1723073393
96.960 59 -1723073393
96.987 56 -1723073393
97.013 58 -1723073393
97.040 71 -1723073393
97.067 75 -1723073393
97.093 87 -1723073393
97.120 86 -1723073393
97.147 88 -1723073393
97.173 90 -1723073393
97.200 85 -1723073393
97.227 90 -1723073393
97.253 84 -1723073393
97.280 83 -1723073393
97.307 74 -1723073393
97.333 74 -1723073393
97.360 68 -1723073393
97.387 58 -1723073393
97.413 57 -1723073393
97.440 44 -1723073393
97.467 41 -1723073393
97.493 38 -1723073393
97.520 34 -1723073393
97.547 31 -1723073393
97.573 24 -1723073393
97.600 23 -1723073393
97.627 19 -1723073393
97.653 21 -1723073393
97.680 19 -1723073393
97.707 21 -1723073393
97.733 27 -1723073393
97.760 27 -1723073393
97.787 37 -1723073393
97.813 39 -1723073393
97.840 51 -1723073393
97.867 53 -1723073393
97.893 61 -1723073393
97.920 75 -1723073393
97.947 75 -1723073393
97.973 78 -1723073393
98.000 78 -1723073393
98.027 87 -1723073393
98.053 88 -1723073393
98.080 98 -1723073393
98.107 99 -1723073393
98.133 101 -1723073393
98.160 106 -1723073393
98.187 107 -1723073393
98.213 114 -1723073393
98.240 110 -1723073393
98.267 105 -1723073393
98.293 99 -1723073393
98.320 102 -1723073393
98.347 97 -1723073393
98.373 101 -1723073393
98.400 100 -1723073393
98.427 94 -1723073393
98.453 95 -1723073393
98.480 84 -1723073393
98.507 80 -1723073393
98.533 68 -1723073393
98.560 70 -1723073393
98.587 65 -1723073393
98.613 56 -1723073393
98.640 48 -1723073393
98.667 39 -1723073393
98.693 39 -1723073393
98.720 31 -1723073393
98.747 31 -1723073393
98.773 25 -1723073393
98.800 34 -1723073393
98.827 25 -1723073393
98.853 26 -1723073393
98.880 20 -1723073393
98.907 21 -1723073393
98.933 20 -1723073393
98.960 19 -1723073393
98.987 21 -1723073393
99.013 24 -1723073393
99.040 30 -1723073393
99.067 23 -1723073393
99.093 26 -1723073393
99.120 14 -1723073393
99.147 11 -1723073393
99.173 8 -1723073393
99.200 16 -1723073393
99.227 10 -1723073393
99.253 11 -1723073393
99.280 1 -1723073393
99.307 -7 -1723073393
99.333 -18 -1723073393
99.360 -19 -1723073393
99.387 -20 -1723073393
99.413 -23 -1723073393
99.440 -27 -1723073393
99.467 -26 -1723073393
99.493 -26 -1723073393
99.520 -31 -1723073393
99.547 -36 -1723073393
99.573 -47 -1723073393
99.600 -48 -1723073393
99.627 -53 -1723073393
99.653 -54 -1723073393
99.680 -59 -1723073393
99.707 -50 -1723073393
99.733 -48 -1723073393
99.760 -40 -1723073393
99.787 -40 -1723073393
99.813 -27 -1723073393
99.840 -12 -1723073393
99.867 2 -1723073393
99.893 8 -1723073393
99.920 20 -1723073393
99.947 27 -1723073393
99.973 38 -1723073393
100.000 0 -1723073393
