0.000 28 -1723073393
0.027 22 -1723073393
0.053 20 -1723073393
0.080 22 -1723073393
0.107 15 -1723073393
0.133 13 -1723073393
0.160 11 -1723073393
0.187 6 -1723073393
0.213 7 -1723073393
0.240 10 -1723073393
0.267 13 -1723073393
0.293 15 -1723073393
0.320 11 -1723073393
0.347 12 -1723073393
0.373 12 -1723073393
0.400 8 -1723073393
0.427 8 -1723073393
0.453 12 -1723073393
0.480 16 -1723073393
0.507 16 -1723073393
0.533 17 -1723073393
0.560 21 -1723073393
0.587 22 -1723073393
0.613 24 -1723073393
0.640 27 -1723073393
0.667 24 -1723073393
0.693 22 -1723073393
0.720 18 -1723073393
0.747 13 -1723073393
0.773 15 -1723073393
0.800 20 -1723073393
0.827 25 -1723073393
0.853 27 -1723073393
0.880 20 -1723073393
0.907 13 -1723073393
0.933 9 -1723073393
0.960 5 -1723073393
0.987 8 -1723073393
1.013 2 -1723073393
1.040 -3 -1723073393
1.067 -1 -1723073393
1.093 -5 -1723073393
1.120 -5 -1723073393
1.147 -4 -1723073393
1.173 -3 -1723073393
1.200 7 -1723073393
1.227 7 -1723073393
1.253 5 -1723073393
1.280 2 -1723073393
1.307 -3 -1723073393
1.333 0 -1723073393
1.360 2 -1723073393
1.387 -1 -1723073393
1.413 2 -1723073393
1.440 0 -1723073393
1.467 -4 -1723073393
1.493 -3 -1723073393
1.520 -10 -1723073393
1.547 -7 -1723073393
1.573 -5 -1723073393
1.600 -10 -1723073393
1.627 -9 -1723073393
1.653 -11 -1723073393
1.680 -10 -1723073393
1.707 -7 -1723073393
1.733 -9 -1723073393
1.760 -9 -1723073393
1.787 -11 -1723073393
1.813 -11 -1723073393
1.840 -6 -1723073393
1.867 -11 -1723073393
1.893 -15 -1723073393
1.920 -17 -1723073393
1.947 -23 -1723073393
1.973 -22 -1723073393
2.000 -18 -1723073393
2.027 -14 -1723073393
2.053 -5 -1723073393
2.080 -2 -1723073393
2.107 -8 -1723073393
2.133 -7 -1723073393
2.160 -10 -1723073393
2.187 -12 -1723073393
2.213 -12 -1723073393
2.240 -18 -1723073393
2.267 -16 -1723073393
2.293 -22 -1723073393
2.320 -25 -1723073393
2.347 -22 -1723073393
2.373 -28 -1723073393
2.400 -32 -1723073393
2.427 -28 -1723073393
2.453 -26 -1723073393
2.480 -21 -1723073393
2.507 -21 -1723073393
2.533 -22 -1723073393
2.560 -18 -1723073393
2.587 -21 -1723073393
2.613 -21 -1723073393
2.640 -21 -1723073393
2.667 -25 -1723073393
2.693 -23 -1723073393
2.720 -22 -1723073393
2.747 -23 -1723073393
2.773 -15 -1723073393
2.800 -12 -1723073393
2.827 -9 -1723073393
2.853 -12 -1723073393
2.880 -22 -1723073393
2.907 -21 -1723073393
2.933 -18 -1723073393
2.960 -20 -1723073393
2.987 -16 -1723073393
3.013 -11 -1723073393
3.040 -4 -1723073393
3.067 0 -1723073393
3.093 -2 -1723073393
3.120 -3 -1723073393
3.147 -9 -1723073393
3.173 -15 -1723073393
3.200 -16 -1723073393
3.227 -21 -1723073393
3.253 -26 -1723073393
3.280 -29 -1723073393
3.307 -34 -1723073393
3.333 -31 -1723073393
3.360 -31 -1723073393
3.387 -33 -1723073393
3.413 -30 -1723073393
3.440 -26 -1723073393
3.467 -22 -1723073393
3.493 -18 -1723073393
3.520 -20 -1723073393
3.547 -14 -1723073393
3.573 -16 -1723073393
3.600 -28 -1723073393
3.627 -35 -1723073393
3.653 -43 -1723073393
3.680 -45 -1723073393
3.707 -36 -1723073393
3.733 -32 -1723073393
3.760 -25 -1723073393
3.787 -17 -1723073393
3.813 -15 -1723073393
3.840 -14 -1723073393
3.867 -13 -1723073393
3.893 -17 -1723073393
3.920 -18 -1723073393
3.947 -26 -1723073393
3.973 -27 -1723073393
4.000 -22 -1723073393
4.027 -24 -1723073393
4.053 -20 -1723073393
4.080 -14 -1723073393
4.107 -11 -1723073393
4.133 -7 -1723073393
4.160 -11 -1723073393
4.187 -11 -1723073393
4.213 -6 -1723073393
4.240 -8 -1723073393
4.267 -12 -1723073393
4.293 -20 -1723073393
4.320 -27 -1723073393
4.347 -24 -1723073393
4.373 -27 -1723073393
4.400 -35 -1723073393
4.427 -31 -1723073393
4.453 -30 -1723073393
4.480 -26 -1723073393
4.507 -20 -1723073393
4.533 -22 -1723073393
4.560 -15 -1723073393
4.587 -11 -1723073393
4.613 -12 -1723073393
4.640 -10 -1723073393
4.667 -15 -1723073393
4.693 -17 -1723073393
4.720 -13 -1723073393
4.747 -12 -1723073393
4.773 -11 -1723073393
4.800 -11 -1723073393
4.827 -15 -1723073393
4.853 -14 -1723073393
4.880 -17 -1723073393
4.907 -14 -1723073393
4.933 -10 -1723073393
4.960 -16 -1723073393
4.987 -17 -1723073393
5.013 -15 -1723073393
5.040 -14 -1723073393
5.067 -7 -1723073393
5.093 -7 -1723073393
5.120 -8 -1723073393
5.147 -3 -1723073393
5.173 -2 -1723073393
5.200 -2 -1723073393
5.227 -5 -1723073393
5.253 -10 -1723073393
5.280 -10 -1723073393
5.307 -9 -1723073393
5.333 -10 -1723073393
5.360 -11 -1723073393
5.387 -15 -1723073393
5.413 -13 -1723073393
5.440 -9 -1723073393
5.467 -11 -1723073393
5.493 -10 -1723073393
5.520 -12 -1723073393
5.547 -13 -1723073393
5.573 -12 -1723073393
5.600 -21 -1723073393
5.627 -21 -1723073393
5.653 -15 -1723073393
5.680 -15 -1723073393
5.707 -19 -1723073393
5.733 -19 -1723073393
5.760 -19 -1723073393
5.787 -20 -1723073393
5.813 -24 -1723073393
5.840 -24 -1723073393
5.867 -18 -1723073393
5.893 -16 -1723073393
5.920 -18 -1723073393
5.947 -19 -1723073393
5.973 -22 -1723073393
6.000 -21 -1723073393
6.027 -17 -1723073393
6.053 -18 -1723073393
6.080 -18 -1723073393
6.107 -14 -1723073393
6.133 -13 -1723073393
6.160 -13 -1723073393
6.187 -15 -1723073393
6.213 -16 -1723073393
6.240 -14 -1723073393
6.267 -13 -1723073393
6.293 -13 -1723073393
6.320 -20 -1723073393
6.347 -21 -1723073393
6.373 -16 -1723073393
6.400 -14 -1723073393
6.427 -13 -1723073393
6.453 -12 -1723073393
6.480 -17 -1723073393
6.507 -20 -1723073393
6.533 -17 -1723073393
6.560 -16 -1723073393
6.587 -12 -1723073393
6.613 -9 -1723073393
6.640 -9 -1723073393
6.667 -6 -1723073393
6.693 -2 -1723073393
6.720 0 -1723073393
6.747 0 -1723073393
6.773 -9 -1723073393
6.800 -14 -1723073393
6.827 -21 -1723073393
6.853 -22 -1723073393
6.880 -15 -1723073393
6.907 -14 -1723073393
6.933 -9 -1723073393
6.960 -10 -1723073393
6.987 -16 -1723073393
7.013 -12 -1723073393
7.040 -19 -1723073393
7.067 -27 -1723073393
7.093 -25 -1723073393
7.120 -29 -1723073393
7.147 -25 -1723073393
7.173 -21 -1723073393
7.200 -28 -1723073393
7.227 -28 -1723073393
7.253 -31 -1723073393
7.280 -33 -1723073393
7.307 -25 -1723073393
7.333 -25 -1723073393
7.360 -23 -1723073393
7.387 -18 -1723073393
7.413 -21 -1723073393
7.440 -17 -1723073393
7.467 -15 -1723073393
7.493 -14 -1723073393
7.520 -8 -1723073393
7.547 -13 -1723073393
7.573 -13 -1723073393
7.600 -8 -1723073393
7.627 -13 -1723073393
7.653 -14 -1723073393
7.680 -18 -1723073393
7.707 -27 -1723073393
7.733 -27 -1723073393
7.760 -31 -1723073393
7.787 -32 -1723073393
7.813 -25 -1723073393
7.840 -24 -1723073393
7.867 -24 -1723073393
7.893 -25 -1723073393
7.920 -32 -1723073393
7.947 -32 -1723073393
7.973 -37 -1723073393
8.000 -44 -1723073393
8.027 -39 -1723073393
8.053 -36 -1723073393
8.080 -35 -1723073393
8.107 -32 -1723073393
8.133 -32 -1723073393
8.160 -28 -1723073393
8.187 -28 -1723073393
8.213 -35 -1723073393
8.240 -36 -1723073393
8.267 -38 -1723073393
8.293 -41 -1723073393
8.320 -34 -1723073393
8.347 -29 -1723073393
8.373 -19 -1723073393
8.400 -11 -1723073393
8.427 -13 -1723073393
8.453 -14 -1723073393
8.480 -18 -1723073393
8.507 -20 -1723073393
8.533 -16 -1723073393
8.560 -17 -1723073393
8.587 -11 -1723073393
8.613 -4 -1723073393
8.640 -8 -1723073393
8.667 -3 -1723073393
8.693 0 -1723073393
8.720 -6 -1723073393
8.747 -8 -1723073393
8.773 -10 -1723073393
8.800 -13 -1723073393
8.827 -7 -1723073393
8.853 -7 -1723073393
8.880 -4 -1723073393
8.907 0 -1723073393
8.933 -5 -1723073393
8.960 -7 -1723073393
8.987 -14 -1723073393
9.013 -21 -1723073393
9.040 -21 -1723073393
9.067 -25 -1723073393
9.093 -24 -1723073393
9.120 -22 -1723073393
9.147 -30 -1723073393
9.173 -28 -1723073393
9.200 -23 -1723073393
9.227 -28 -1723073393
9.253 -26 -1723073393
9.280 -26 -1723073393
9.307 -23 -1723073393
9.333 -21 -1723073393
9.360 -27 -1723073393
9.387 -26 -1723073393
9.413 -28 -1723073393
9.440 -36 -1723073393
9.467 -34 -1723073393
9.493 -38 -1723073393
9.520 -41 -1723073393
9.547 -37 -1723073393
9.573 -43 -1723073393
9.600 -44 -1723073393
9.627 -39 -1723073393
9.653 -39 -1723073393
9.680 -33 -1723073393
9.707 -36 -1723073393
9.733 -43 -1723073393
9.760 -40 -1723073393
9.787 -41 -1723073393
9.813 -44 -1723073393
9.840 -45 -1723073393
9.867 -47 -1723073393
9.893 -49 -1723073393
9.920 -48 -1723073393
9.947 -45 -1723073393
9.973 -38 -1723073393
10.000 -38 -1723073393
10.027 -40 -1723073393
10.053 -36 -1723073393
10.080 -33 -1723073393
10.107 -26 -1723073393
10.133 -18 -1723073393
10.160 -17 -1723073393
10.187 -9 -1723073393
10.213 0 -1723073393
10.240 7 -1723073393
10.267 27 -1723073393
10.293 48 -1723073393
10.320 66 -1723073393
10.347 90 -1723073393
10.373 109 -1723073393
10.400 127 -1723073393
10.427 145 -1723073393
10.453 152 -1723073393
10.480 157 -1723073393
10.507 164 -1723073393
10.533 165 -1723073393
10.560 168 -1723073393
10.587 170 -1723073393
10.613 163 -1723073393
10.640 157 -1723073393
10.667 148 -1723073393
10.693 132 -1723073393
10.720 117 -1723073393
10.747 98 -1723073393
10.773 75 -1723073393
10.800 48 -1723073393
10.827 25 -1723073393
10.853 9 -1723073393
10.880 -11 -1723073393
10.907 -31 -1723073393
10.933 -42 -1723073393
10.960 -52 -1723073393
10.987 -54 -1723073393
11.013 -56 -1723073393
11.040 -62 -1723073393
11.067 -59 -1723073393
11.093 -58 -1723073393
11.120 -57 -1723073393
11.147 -54 -1723073393
11.173 -59 -1723073393
11.200 -61 -1723073393
11.227 -61 -1723073393
11.253 -67 -1723073393
11.280 -67 -1723073393
11.307 -72 -1723073393
11.333 -76 -1723073393
11.360 -77 -1723073393
11.387 -81 -1723073393
11.413 -86 -1723073393
11.440 -89 -1723073393
11.467 -98 -1723073393
11.493 -101 -1723073393
11.520 -105 -1723073393
11.547 -104 -1723073393
11.573 -95 -1723073393
11.600 -90 -1723073393
11.627 -81 -1723073393
11.653 -71 -1723073393
11.680 -65 -1723073393
11.707 -50 -1723073393
11.733 -35 -1723073393
11.760 -23 -1723073393
11.787 -6 -1723073393
11.813 1 -1723073393
11.840 6 -1723073393
11.867 23 -1723073393
11.893 37 -1723073393
11.920 50 -1723073393
11.947 61 -1723073393
11.973 63 -1723073393
12.000 68 -1723073393
12.027 72 -1723073393
12.053 72 -1723073393
12.080 75 -1723073393
12.107 79 -1723073393
12.133 84 -1723073393
12.160 93 -1723073393
12.187 95 -1723073393
12.213 102 -1723073393
12.240 119 -1723073393
12.267 136 -1723073393
12.293 160 -1723073393
12.320 188 -1723073393
12.347 208 -1723073393
12.373 228 -1723073393
12.400 246 -1723073393
12.427 259 -1723073393
12.453 275 -1723073393
12.480 287 -1723073393
12.507 294 -1723073393
12.533 299 -1723073393
12.560 294 -1723073393
12.587 278 -1723073393
12.613 261 -1723073393
12.640 232 -1723073393
12.667 200 -1723073393
12.693 169 -1723073393
12.720 128 -1723073393
12.747 95 -1723073393
12.773 61 -1723073393
12.800 24 -1723073393
12.827 -7 -1723073393
12.853 -42 -1723073393
12.880 -74 -1723073393
12.907 -103 -1723073393
12.933 -125 -1723073393
12.960 -140 -1723073393
12.987 -158 -1723073393
13.013 -170 -1723073393
13.040 -173 -1723073393
13.067 -177 -1723073393
13.093 -171 -1723073393
13.120 -163 -1723073393
13.147 -165 -1723073393
13.173 -161 -1723073393
13.200 -156 -1723073393
13.227 -155 -1723073393
13.253 -149 -1723073393
13.280 -150 -1723073393
13.307 -150 -1723073393
13.333 -134 -1723073393
13.360 -126 -1723073393
13.387 -119 -1723073393
13.413 -114 -1723073393
13.440 -114 -1723073393
13.467 -104 -1723073393
13.493 -94 -1723073393
13.520 -80 -1723073393
13.547 -65 -1723073393
13.573 -61 -1723073393
13.600 -53 -1723073393
13.627 -37 -1723073393
13.653 -25 -1723073393
13.680 -2 -1723073393
13.707 20 -1723073393
13.733 36 -1723073393
13.760 55 -1723073393
13.787 71 -1723073393
13.813 79 -1723073393
13.840 88 -1723073393
13.867 88 -1723073393
13.893 82 -1723073393
13.920 69 -1723073393
13.947 46 -1723073393
13.973 20 -1723073393
14.000 -8 -1723073393
14.027 -43 -1723073393
14.053 -77 -1723073393
14.080 -111 -1723073393
14.107 -145 -1723073393
14.133 -174 -1723073393
14.160 -209 -1723073393
14.187 -241 -1723073393
14.213 -274 -1723073393
14.240 -307 -1723073393
14.267 -328 -1723073393
14.293 -348 -1723073393
14.320 -362 -1723073393
14.347 -363 -1723073393
14.373 -370 -1723073393
14.400 -373 -1723073393
14.427 -373 -1723073393
14.453 -388 -1723073393
14.480 -392 -1723073393
14.507 -391 -1723073393
14.533 -392 -1723073393
14.560 -389 -1723073393
14.587 -400 -1723073393
14.613 -407 -1723073393
14.640 -405 -1723073393
14.667 -411 -1723073393
14.693 -410 -1723073393
14.720 -411 -1723073393
14.747 -424 -1723073393
14.773 -427 -1723073393
14.800 -437 -1723073393
14.827 -448 -1723073393
14.853 -444 -1723073393
14.880 -448 -1723073393
14.907 -444 -1723073393
14.933 -431 -1723073393
14.960 -429 -1723073393
14.987 -422 -1723073393
15.013 -421 -1723073393
15.040 -429 -1723073393
15.067 -422 -1723073393
15.093 -423 -1723073393
15.120 -425 -1723073393
15.147 -414 -1723073393
15.173 -413 -1723073393
15.200 -411 -1723073393
15.227 -404 -1723073393
15.253 -411 -1723073393
15.280 -414 -1723073393
15.307 -418 -1723073393
15.333 -431 -1723073393
15.360 -434 -1723073393
15.387 -450 -1723073393
15.413 -473 -1723073393
15.440 -486 -1723073393
15.467 -512 -1723073393
15.493 -538 -1723073393
15.520 -564 -1723073393
15.547 -602 -1723073393
15.573 -628 -1723073393
15.600 -660 -1723073393
15.627 -698 -1723073393
15.653 -717 -1723073393
15.680 -752 -1723073393
15.707 -787 -1723073393
15.733 -808 -1723073393
15.760 -846 -1723073393
15.787 -880 -1723073393
15.813 -907 -1723073393
15.840 -950 -1723073393
15.867 -979 -1723073393
15.893 -1012 -1723073393
15.920 -1047 -1723073393
15.947 -1064 -1723073393
15.973 -1097 -1723073393
16.000 -1123 -1723073393
16.027 -1127 -1723073393
16.053 -1150 -1723073393
16.080 -1153 -1723073393
16.107 -1144 -1723073393
16.133 -1142 -1723073393
16.160 -1099 -1723073393
16.187 -1039 -1723073393
16.213 -959 -1723073393
16.240 -821 -1723073393
16.267 -672 -1723073393
16.293 -483 -1723073393
16.320 -222 -1723073393
16.347 65 -1723073393
16.373 416 -1723073393
16.400 846 -1723073393
16.427 1325 -1723073393
16.453 1874 -1723073393
16.480 2487 -1723073393
16.507 3118 -1723073393
16.533 3762 -1723073393
16.560 4457 -1723073393
16.587 5103 -1723073393
16.613 5683 -1723073393
16.640 6266 -1723073393
16.667 6668 -1723073393
16.693 6958 -1723073393
16.720 7185 -1723073393
16.747 7118 -1723073393
16.773 6968 -1723073393
16.800 6698 -1723073393
16.827 6123 -1723073393
16.853 5544 -1723073393
16.880 4848 -1723073393
16.907 3975 -1723073393
16.933 3182 -1723073393
16.960 2323 -1723073393
16.987 1421 -1723073393
17.013 646 -1723073393
17.040 -88 -1723073393
17.067 -774 -1723073393
17.093 -1351 -1723073393
17.120 -1846 -1723073393
17.147 -2282 -1723073393
17.173 -2609 -1723073393
17.200 -2835 -1723073393
17.227 -3053 -1723073393
17.253 -3172 -1723073393
17.280 -3228 -1723073393
17.307 -3312 -1723073393
17.333 -3309 -1723073393
17.360 -3309 -1723073393
17.387 -3347 -1723073393
17.413 -3316 -1723073393
17.440 -3338 -1723073393
17.467 -3374 -1723073393
17.493 -3355 -1723073393
17.520 -3415 -1723073393
17.547 -3453 -1723073393
17.573 -3458 -1723073393
17.600 -3542 -1723073393
17.627 -3567 -1723073393
17.653 -3602 -1723073393
17.680 -3694 -1723073393
17.707 -3706 -1723073393
17.733 -3759 -1723073393
17.760 -3818 -1723073393
17.787 -3778 -1723073393
17.813 -3792 -1723073393
17.840 -3767 -1723073393
17.867 -3661 -1723073393
17.893 -3619 -1723073393
17.920 -3476 -1723073393
17.947 -3283 -1723073393
17.973 -3131 -1723073393
18.000 -2857 -1723073393
18.027 -2553 -1723073393
18.053 -2232 -1723073393
18.080 -1787 -1723073393
18.107 -1335 -1723073393
18.133 -832 -1723073393
18.160 -206 -1723073393
18.187 458 -1723073393
18.213 1184 -1723073393
18.240 2015 -1723073393
18.267 2906 -1723073393
18.293 3861 -1723073393
18.320 4945 -1723073393
18.347 6088 -1723073393
18.373 7245 -1723073393
18.400 8558 -1723073393
18.427 9893 -1723073393
18.453 11175 -1723073393
18.480 12600 -1723073393
18.507 13869 -1723073393
18.533 14985 -1723073393
18.560 16240 -1723073393
18.587 17086 -1723073393
18.613 17743 -1723073393
18.640 18436 -1723073393
18.667 18485 -1723073393
18.693 18456 -1723073393
18.720 18295 -1723073393
18.747 17434 -1723073393
18.773 16674 -1723073393
18.800 15667 -1723073393
18.827 14087 -1723073393
18.853 12752 -1723073393
18.880 11168 -1723073393
18.907 9315 -1723073393
18.933 7772 -1723073393
18.960 6046 -1723073393
18.987 4300 -1723073393
19.013 2856 -1723073393
19.040 1389 -1723073393
19.067 48 -1723073393
19.093 -1065 -1723073393
19.120 -2102 -1723073393
19.147 -3010 -1723073393
19.173 -3727 -1723073393
19.200 -4326 -1723073393
19.227 -4898 -1723073393
19.253 -5284 -1723073393
19.280 -5573 -1723073393
19.307 -5898 -1723073393
19.333 -6036 -1723073393
19.360 -6174 -1723073393
19.387 -6353 -1723073393
19.413 -6346 -1723073393
19.440 -6421 -1723073393
19.467 -6496 -1723073393
19.493 -6413 -1723073393
19.520 -6484 -1723073393
19.547 -6495 -1723073393
19.573 -6389 -1723073393
19.600 -6440 -1723073393
19.627 -6356 -1723073393
19.653 -6227 -1723073393
19.680 -6218 -1723073393
19.707 -6025 -1723073393
19.733 -5859 -1723073393
19.760 -5758 -1723073393
19.787 -5462 -1723073393
19.813 -5263 -1723073393
19.840 -5074 -1723073393
19.867 -4744 -1723073393
19.893 -4551 -1723073393
19.920 -4315 -1723073393
19.947 -4022 -1723073393
19.973 -3888 -1723073393
20.000 -3705 -1723073393
20.027 -3538 -1723073393
20.053 -3515 -1723073393
20.080 -3456 -1723073393
20.107 -3477 -1723073393
20.133 -3606 -1723073393
20.160 -3699 -1723073393
20.187 -3911 -1723073393
20.213 -4180 -1723073393
20.240 -4410 -1723073393
20.267 -4772 -1723073393
20.293 -5116 -1723073393
20.320 -5422 -1723073393
20.347 -5841 -1723073393
20.373 -6154 -1723073393
20.400 -6447 -1723073393
20.427 -6831 -1723073393
20.453 -7019 -1723073393
20.480 -7217 -1723073393
20.507 -7442 -1723073393
20.533 -7409 -1723073393
20.560 -7457 -1723073393
20.587 -7452 -1723073393
20.613 -7212 -1723073393
20.640 -7118 -1723073393
20.667 -6906 -1723073393
20.693 -6508 -1723073393
20.720 -6275 -1723073393
20.747 -5889 -1723073393
20.773 -5424 -1723073393
20.800 -5117 -1723073393
20.827 -4642 -1723073393
20.853 -4173 -1723073393
20.880 -3816 -1723073393
20.907 -3322 -1723073393
20.933 -2907 -1723073393
20.960 -2559 -1723073393
20.987 -2115 -1723073393
21.013 -1768 -1723073393
21.040 -1450 -1723073393
21.067 -1095 -1723073393
21.093 -831 -1723073393
21.120 -572 -1723073393
21.147 -309 -1723073393
21.173 -110 -1723073393
21.200 80 -1723073393
21.227 259 -1723073393
21.253 398 -1723073393
21.280 527 -1723073393
21.307 650 -1723073393
21.333 747 -1723073393
21.360 831 -1723073393
21.387 917 -1723073393
21.413 981 -1723073393
21.440 1033 -1723073393
21.467 1099 -1723073393
21.493 1150 -1723073393
21.520 1191 -1723073393
21.547 1244 -1723073393
21.573 1272 -1723073393
21.600 1301 -1723073393
21.627 1341 -1723073393
21.653 1356 -1723073393
21.680 1380 -1723073393
21.707 1408 -1723073393
21.733 1411 -1723073393
21.760 1439 -1723073393
21.787 1456 -1723073393
21.813 1435 -1723073393
21.840 1434 -1723073393
21.867 1411 -1723073393
21.893 1357 -1723073393
21.920 1325 -1723073393
21.947 1262 -1723073393
21.973 1191 -1723073393
22.000 1147 -1723073393
22.027 1074 -1723073393
22.053 1011 -1723073393
22.080 985 -1723073393
22.107 958 -1723073393
22.133 962 -1723073393
22.160 995 -1723073393
22.187 1037 -1723073393
22.213 1114 -1723073393
22.240 1205 -1723073393
22.267 1312 -1723073393
22.293 1458 -1723073393
22.320 1600 -1723073393
22.347 1744 -1723073393
22.373 1921 -1723073393
22.400 2070 -1723073393
22.427 2219 -1723073393
22.453 2386 -1723073393
22.480 2484 -1723073393
22.507 2579 -1723073393
22.533 2677 -1723073393
22.560 2680 -1723073393
22.587 2698 -1723073393
22.613 2701 -1723073393
22.640 2601 -1723073393
22.667 2535 -1723073393
22.693 2444 -1723073393
22.720 2276 -1723073393
22.747 2169 -1723073393
22.773 2033 -1723073393
22.800 1859 -1723073393
22.827 1749 -1723073393
22.853 1611 -1723073393
22.880 1477 -1723073393
22.907 1401 -1723073393
22.933 1298 -1723073393
22.960 1208 -1723073393
22.987 1154 -1723073393
23.013 1080 -1723073393
23.040 1038 -1723073393
23.067 1019 -1723073393
23.093 984 -1723073393
23.120 978 -1723073393
23.147 975 -1723073393
23.173 961 -1723073393
23.200 981 -1723073393
23.227 995 -1723073393
23.253 994 -1723073393
23.280 1012 -1723073393
23.307 1007 -1723073393
23.333 993 -1723073393
23.360 993 -1723073393
23.387 959 -1723073393
23.413 920 -1723073393
23.440 895 -1723073393
23.467 844 -1723073393
23.493 801 -1723073393
23.520 760 -1723073393
23.547 695 -1723073393
23.573 638 -1723073393
23.600 580 -1723073393
23.627 509 -1723073393
23.653 455 -1723073393
23.680 407 -1723073393
23.707 362 -1723073393
23.733 332 -1723073393
23.760 304 -1723073393
23.787 276 -1723073393
23.813 251 -1723073393
23.840 226 -1723073393
23.867 208 -1723073393
23.893 195 -1723073393
23.920 188 -1723073393
23.947 190 -1723073393
23.973 199 -1723073393
24.000 220 -1723073393
24.027 247 -1723073393
24.053 282 -1723073393
24.080 326 -1723073393
24.107 369 -1723073393
24.133 404 -1723073393
24.160 433 -1723073393
24.187 457 -1723073393
24.213 467 -1723073393
24.240 463 -1723073393
24.267 451 -1723073393
24.293 421 -1723073393
24.320 387 -1723073393
24.347 361 -1723073393
24.373 328 -1723073393
24.400 298 -1723073393
24.427 280 -1723073393
24.453 263 -1723073393
24.480 254 -1723073393
24.507 254 -1723073393
24.533 262 -1723073393
24.560 280 -1723073393
24.587 310 -1723073393
24.613 353 -1723073393
24.640 402 -1723073393
24.667 450 -1723073393
24.693 501 -1723073393
24.720 559 -1723073393
24.747 612 -1723073393
24.773 658 -1723073393
24.800 699 -1723073393
24.827 710 -1723073393
24.853 702 -1723073393
24.880 691 -1723073393
24.907 646 -1723073393
24.933 587 -1723073393
24.960 534 -1723073393
24.987 454 -1723073393
25.013 375 -1723073393
25.040 308 -1723073393
25.067 234 -1723073393
25.093 171 -1723073393
25.120 123 -1723073393
25.147 87 -1723073393
25.173 62 -1723073393
25.200 52 -1723073393
25.227 58 -1723073393
25.253 72 -1723073393
25.280 91 -1723073393
25.307 118 -1723073393
25.333 139 -1723073393
25.360 158 -1723073393
25.387 180 -1723073393
25.413 189 -1723073393
25.440 186 -1723073393
25.467 181 -1723073393
25.493 165 -1723073393
25.520 139 -1723073393
25.547 106 -1723073393
25.573 66 -1723073393
25.600 21 -1723073393
25.627 -27 -1723073393
25.653 -79 -1723073393
25.680 -122 -1723073393
25.707 -166 -1723073393
25.733 -209 -1723073393
25.760 -230 -1723073393
25.787 -247 -1723073393
25.813 -259 -1723073393
25.840 -247 -1723073393
25.867 -241 -1723073393
25.893 -229 -1723073393
25.920 -185 -1723073393
25.947 -146 -1723073393
25.973 -99 -1723073393
26.000 -31 -1723073393
26.027 22 -1723073393
26.053 79 -1723073393
26.080 145 -1723073393
26.107 199 -1723073393
26.133 247 -1723073393
26.160 293 -1723073393
26.187 321 -1723073393
26.213 338 -1723073393
26.240 355 -1723073393
26.267 369 -1723073393
26.293 372 -1723073393
26.320 366 -1723073393
26.347 347 -1723073393
26.373 317 -1723073393
26.400 286 -1723073393
26.427 252 -1723073393
26.453 217 -1723073393
26.480 190 -1723073393
26.507 159 -1723073393
26.533 124 -1723073393
26.560 86 -1723073393
26.587 46 -1723073393
26.613 18 -1723073393
26.640 -8 -1723073393
26.667 -30 -1723073393
26.693 -44 -1723073393
26.720 -71 -1723073393
26.747 -92 -1723073393
26.773 -109 -1723073393
26.800 -140 -1723073393
26.827 -165 -1723073393
26.853 -180 -1723073393
26.880 -201 -1723073393
26.907 -213 -1723073393
26.933 -222 -1723073393
26.960 -238 -1723073393
26.987 -234 -1723073393
27.013 -227 -1723073393
27.040 -226 -1723073393
27.067 -206 -1723073393
27.093 -190 -1723073393
27.120 -181 -1723073393
27.147 -159 -1723073393
27.173 -148 -1723073393
27.200 -147 -1723073393
27.227 -131 -1723073393
27.253 -124 -1723073393
27.280 -125 -1723073393
27.307 -115 -1723073393
27.333 -113 -1723073393
27.360 -115 -1723073393
27.387 -108 -1723073393
27.413 -111 -1723073393
27.440 -115 -1723073393
27.467 -111 -1723073393
27.493 -123 -1723073393
27.520 -128 -1723073393
27.547 -131 -1723073393
27.573 -149 -1723073393
27.600 -154 -1723073393
27.627 -157 -1723073393
27.653 -171 -1723073393
27.680 -170 -1723073393
27.707 -172 -1723073393
27.733 -181 -1723073393
27.760 -166 -1723073393
27.787 -149 -1723073393
27.813 -146 -1723073393
27.840 -130 -1723073393
27.867 -119 -1723073393
27.893 -107 -1723073393
27.920 -74 -1723073393
27.947 -45 -1723073393
27.973 -24 -1723073393
28.000 7 -1723073393
28.027 36 -1723073393
28.053 67 -1723073393
28.080 103 -1723073393
28.107 130 -1723073393
28.133 155 -1723073393
28.160 189 -1723073393
28.187 216 -1723073393
28.213 241 -1723073393
28.240 269 -1723073393
28.267 290 -1723073393
28.293 298 -1723073393
28.320 304 -1723073393
28.347 308 -1723073393
28.373 297 -1723073393
28.400 285 -1723073393
28.427 277 -1723073393
28.453 258 -1723073393
28.480 232 -1723073393
28.507 208 -1723073393
28.533 176 -1723073393
28.560 144 -1723073393
28.587 116 -1723073393
28.613 91 -1723073393
28.640 67 -1723073393
28.667 43 -1723073393
28.693 24 -1723073393
28.720 8 -1723073393
28.747 -4 -1723073393
28.773 -9 -1723073393
28.800 -15 -1723073393
28.827 -15 -1723073393
28.853 5 -1723073393
28.880 30 -1723073393
28.907 58 -1723073393
28.933 95 -1723073393
28.960 123 -1723073393
28.987 146 -1723073393
29.013 172 -1723073393
29.040 190 -1723073393
29.067 198 -1723073393
29.093 202 -1723073393
29.120 193 -1723073393
29.147 170 -1723073393
29.173 141 -1723073393
29.200 107 -1723073393
29.227 68 -1723073393
29.253 23 -1723073393
29.280 -22 -1723073393
29.307 -65 -1723073393
29.333 -111 -1723073393
29.360 -154 -1723073393
29.387 -175 -1723073393
29.413 -192 -1723073393
29.440 -215 -1723073393
29.467 -214 -1723073393
29.493 -208 -1723073393
29.520 -206 -1723073393
29.547 -183 -1723073393
29.573 -157 -1723073393
29.600 -139 -1723073393
29.627 -96 -1723073393
29.653 -51 -1723073393
29.680 -12 -1723073393
29.707 44 -1723073393
29.733 90 -1723073393
29.760 125 -1723073393
29.787 169 -1723073393
29.813 200 -1723073393
29.840 220 -1723073393
29.867 242 -1723073393
29.893 256 -1723073393
29.920 261 -1723073393
29.947 267 -1723073393
29.973 274 -1723073393
30.000 275 -1723073393
30.027 275 -1723073393
30.053 282 -1723073393
30.080 293 -1723073393
30.107 305 -1723073393
30.133 315 -1723073393
30.160 320 -1723073393
30.187 322 -1723073393
30.213 324 -1723073393
30.240 322 -1723073393
30.267 313 -1723073393
30.293 298 -1723073393
30.320 277 -1723073393
30.347 246 -1723073393
30.373 209 -1723073393
30.400 169 -1723073393
30.427 126 -1723073393
30.453 85 -1723073393
30.480 45 -1723073393
30.507 1 -1723073393
30.533 -47 -1723073393
30.560 -80 -1723073393
30.587 -107 -1723073393
30.613 -133 -1723073393
30.640 -139 -1723073393
30.667 -137 -1723073393
30.693 -134 -1723073393
30.720 -104 -1723073393
30.747 -76 -1723073393
30.773 -55 -1723073393
30.800 -9 -1723073393
30.827 31 -1723073393
30.853 63 -1723073393
30.880 105 -1723073393
30.907 137 -1723073393
30.933 152 -1723073393
30.960 166 -1723073393
30.987 175 -1723073393
31.013 172 -1723073393
31.040 165 -1723073393
31.067 149 -1723073393
31.093 116 -1723073393
31.120 75 -1723073393
31.147 32 -1723073393
31.173 -16 -1723073393
31.200 -60 -1723073393
31.227 -104 -1723073393
31.253 -142 -1723073393
31.280 -164 -1723073393
31.307 -188 -1723073393
31.333 -200 -1723073393
31.360 -191 -1723073393
31.387 -189 -1723073393
31.413 -180 -1723073393
31.440 -150 -1723073393
31.467 -129 -1723073393
31.493 -104 -1723073393
31.520 -61 -1723073393
31.547 -28 -1723073393
31.573 10 -1723073393
31.600 59 -1723073393
31.627 93 -1723073393
31.653 125 -1723073393
31.680 163 -1723073393
31.707 195 -1723073393
31.733 221 -1723073393
31.760 250 -1723073393
31.787 274 -1723073393
31.813 287 -1723073393
31.840 300 -1723073393
31.867 305 -1723073393
31.893 297 -1723073393
31.920 289 -1723073393
31.947 279 -1723073393
31.973 256 -1723073393
32.000 239 -1723073393
32.027 221 -1723073393
32.053 189 -1723073393
32.080 150 -1723073393
32.107 110 -1723073393
32.133 68 -1723073393
32.160 24 -1723073393
32.187 -23 -1723073393
32.213 -62 -1723073393
32.240 -91 -1723073393
32.267 -120 -1723073393
32.293 -134 -1723073393
32.320 -136 -1723073393
32.347 -143 -1723073393
32.373 -132 -1723073393
32.400 -112 -1723073393
32.427 -92 -1723073393
32.453 -45 -1723073393
32.480 7 -1723073393
32.507 50 -1723073393
32.533 103 -1723073393
32.560 159 -1723073393
32.587 206 -1723073393
32.613 249 -1723073393
32.640 279 -1723073393
32.667 293 -1723073393
32.693 296 -1723073393
32.720 292 -1723073393
32.747 275 -1723073393
32.773 246 -1723073393
32.800 206 -1723073393
32.827 153 -1723073393
32.853 86 -1723073393
32.880 9 -1723073393
32.907 -65 -1723073393
32.933 -132 -1723073393
32.960 -203 -1723073393
32.987 -271 -1723073393
33.013 -311 -1723073393
33.040 -343 -1723073393
33.067 -362 -1723073393
33.093 -349 -1723073393
33.120 -334 -1723073393
33.147 -318 -1723073393
33.173 -269 -1723073393
33.200 -218 -1723073393
33.227 -169 -1723073393
33.253 -92 -1723073393
33.280 -17 -1723073393
33.307 44 -1723073393
33.333 117 -1723073393
33.360 186 -1723073393
33.387 242 -1723073393
33.413 291 -1723073393
33.440 332 -1723073393
33.467 364 -1723073393
33.493 390 -1723073393
33.520 409 -1723073393
33.547 421 -1723073393
33.573 422 -1723073393
33.600 420 -1723073393
33.627 419 -1723073393
33.653 409 -1723073393
33.680 396 -1723073393
33.707 387 -1723073393
33.733 375 -1723073393
33.760 364 -1723073393
33.787 356 -1723073393
33.813 345 -1723073393
33.840 334 -1723073393
33.867 324 -1723073393
33.893 309 -1723073393
33.920 286 -1723073393
33.947 257 -1723073393
33.973 230 -1723073393
34.000 205 -1723073393
34.027 178 -1723073393
34.053 147 -1723073393
34.080 116 -1723073393
34.107 90 -1723073393
34.133 69 -1723073393
34.160 50 -1723073393
34.187 44 -1723073393
34.213 48 -1723073393
34.240 55 -1723073393
34.267 69 -1723073393
34.293 98 -1723073393
34.320 131 -1723073393
34.347 165 -1723073393
34.373 211 -1723073393
34.400 257 -1723073393
34.427 300 -1723073393
34.453 339 -1723073393
34.480 370 -1723073393
34.507 390 -1723073393
34.533 394 -1723073393
34.560 386 -1723073393
34.587 358 -1723073393
34.613 312 -1723073393
34.640 253 -1723073393
34.667 187 -1723073393
34.693 110 -1723073393
34.720 26 -1723073393
34.747 -54 -1723073393
34.773 -128 -1723073393
34.800 -196 -1723073393
34.827 -251 -1723073393
34.853 -283 -1723073393
34.880 -308 -1723073393
34.907 -314 -1723073393
34.933 -284 -1723073393
34.960 -246 -1723073393
34.987 -196 -1723073393
35.013 -114 -1723073393
35.040 -35 -1723073393
35.067 41 -1723073393
35.093 131 -1723073393
35.120 213 -1723073393
35.147 283 -1723073393
35.173 353 -1723073393
35.200 408 -1723073393
35.227 445 -1723073393
35.253 471 -1723073393
35.280 486 -1723073393
35.307 494 -1723073393
35.333 491 -1723073393
35.360 484 -1723073393
35.387 477 -1723073393
35.413 461 -1723073393
35.440 441 -1723073393
35.467 421 -1723073393
35.493 391 -1723073393
35.520 358 -1723073393
35.547 325 -1723073393
35.573 283 -1723073393
35.600 240 -1723073393
35.627 205 -1723073393
35.653 172 -1723073393
35.680 138 -1723073393
35.707 107 -1723073393
35.733 75 -1723073393
35.760 38 -1723073393
35.787 1 -1723073393
35.813 -23 -1723073393
35.840 -43 -1723073393
35.867 -56 -1723073393
35.893 -48 -1723073393
35.920 -35 -1723073393
35.947 -19 -1723073393
35.973 14 -1723073393
36.000 51 -1723073393
36.027 89 -1723073393
36.053 140 -1723073393
36.080 194 -1723073393
36.107 244 -1723073393
36.133 295 -1723073393
36.160 341 -1723073393
36.187 371 -1723073393
36.213 391 -1723073393
36.240 406 -1723073393
36.267 409 -1723073393
36.293 398 -1723073393
36.320 381 -1723073393
36.347 358 -1723073393
36.373 316 -1723073393
36.400 263 -1723073393
36.427 212 -1723073393
36.453 153 -1723073393
36.480 95 -1723073393
36.507 43 -1723073393
36.533 -3 -1723073393
36.560 -49 -1723073393
36.587 -88 -1723073393
36.613 -100 -1723073393
36.640 -99 -1723073393
36.667 -94 -1723073393
36.693 -64 -1723073393
36.720 -23 -1723073393
36.747 7 -1723073393
36.773 53 -1723073393
36.800 106 -1723073393
36.827 150 -1723073393
36.853 201 -1723073393
36.880 251 -1723073393
36.907 288 -1723073393
36.933 324 -1723073393
36.960 354 -1723073393
36.987 373 -1723073393
37.013 382 -1723073393
37.040 382 -1723073393
37.067 382 -1723073393
37.093 376 -1723073393
37.120 365 -1723073393
37.147 353 -1723073393
37.173 338 -1723073393
37.200 323 -1723073393
37.227 310 -1723073393
37.253 300 -1723073393
37.280 289 -1723073393
37.307 282 -1723073393
37.333 277 -1723073393
37.360 275 -1723073393
37.387 278 -1723073393
37.413 283 -1723073393
37.440 282 -1723073393
37.467 280 -1723073393
37.493 284 -1723073393
37.520 287 -1723073393
37.547 285 -1723073393
37.573 284 -1723073393
37.600 280 -1723073393
37.627 274 -1723073393
37.653 267 -1723073393
37.680 259 -1723073393
37.707 251 -1723073393
37.733 248 -1723073393
37.760 250 -1723073393
37.787 251 -1723073393
37.813 247 -1723073393
37.840 246 -1723073393
37.867 250 -1723073393
37.893 255 -1723073393
37.920 262 -1723073393
37.947 267 -1723073393
37.973 270 -1723073393
38.000 275 -1723073393
38.027 282 -1723073393
38.053 284 -1723073393
38.080 279 -1723073393
38.107 266 -1723073393
38.133 245 -1723073393
38.160 215 -1723073393
38.187 181 -1723073393
38.213 145 -1723073393
38.240 107 -1723073393
38.267 61 -1723073393
38.293 12 -1723073393
38.320 -30 -1723073393
38.347 -70 -1723073393
38.373 -104 -1723073393
38.400 -128 -1723073393
38.427 -151 -1723073393
38.453 -171 -1723073393
38.480 -169 -1723073393
38.507 -154 -1723073393
38.533 -133 -1723073393
38.560 -92 -1723073393
38.587 -46 -1723073393
38.613 -8 -1723073393
38.640 35 -1723073393
38.667 81 -1723073393
38.693 117 -1723073393
38.720 156 -1723073393
38.747 192 -1723073393
38.773 215 -1723073393
38.800 231 -1723073393
38.827 239 -1723073393
38.853 250 -1723073393
38.880 261 -1723073393
38.907 264 -1723073393
38.933 258 -1723073393
38.960 252 -1723073393
38.987 245 -1723073393
39.013 238 -1723073393
39.040 230 -1723073393
39.067 222 -1723073393
39.093 216 -1723073393
39.120 212 -1723073393
39.147 211 -1723073393
39.173 208 -1723073393
39.200 204 -1723073393
39.227 202 -1723073393
39.253 201 -1723073393
39.280 197 -1723073393
39.307 196 -1723073393
39.333 199 -1723073393
39.360 202 -1723073393
39.387 204 -1723073393
39.413 205 -1723073393
39.440 201 -1723073393
39.467 200 -1723073393
39.493 203 -1723073393
39.520 204 -1723073393
39.547 205 -1723073393
39.573 209 -1723073393
39.600 211 -1723073393
39.627 210 -1723073393
39.653 212 -1723073393
39.680 209 -1723073393
39.707 200 -1723073393
39.733 193 -1723073393
39.760 182 -1723073393
39.787 165 -1723073393
39.813 149 -1723073393
39.840 130 -1723073393
39.867 106 -1723073393
39.893 81 -1723073393
39.920 48 -1723073393
39.947 18 -1723073393
39.973 -3 -1723073393
40.000 -22 -1723073393
40.027 -37 -1723073393
40.053 -44 -1723073393
40.080 -49 -1723073393
40.107 -49 -1723073393
40.133 -39 -1723073393
40.160 -27 -1723073393
40.187 -9 -1723073393
40.213 24 -1723073393
40.240 58 -1723073393
40.267 89 -1723073393
40.293 126 -1723073393
40.320 163 -1723073393
40.347 198 -1723073393
40.373 233 -1723073393
40.400 267 -1723073393
40.427 291 -1723073393
40.453 305 -1723073393
40.480 313 -1723073393
40.507 312 -1723073393
40.533 297 -1723073393
40.560 278 -1723073393
40.587 261 -1723073393
40.613 240 -1723073393
40.640 217 -1723073393
40.667 196 -1723073393
40.693 182 -1723073393
40.720 175 -1723073393
40.747 172 -1723073393
40.773 170 -1723073393
40.800 172 -1723073393
40.827 176 -1723073393
40.853 184 -1723073393
40.880 198 -1723073393
40.907 209 -1723073393
40.933 220 -1723073393
40.960 232 -1723073393
40.987 237 -1723073393
41.013 236 -1723073393
41.040 234 -1723073393
41.067 230 -1723073393
41.093 224 -1723073393
41.120 215 -1723073393
41.147 203 -1723073393
41.173 188 -1723073393
41.200 168 -1723073393
41.227 148 -1723073393
41.253 128 -1723073393
41.280 112 -1723073393
41.307 99 -1723073393
41.333 89 -1723073393
41.360 86 -1723073393
41.387 85 -1723073393
41.413 82 -1723073393
41.440 85 -1723073393
41.467 87 -1723073393
41.493 81 -1723073393
41.520 76 -1723073393
41.547 72 -1723073393
41.573 63 -1723073393
41.600 56 -1723073393
41.627 45 -1723073393
41.653 28 -1723073393
41.680 15 -1723073393
41.707 9 -1723073393
41.733 -3 -1723073393
41.760 -14 -1723073393
41.787 -16 -1723073393
41.813 -20 -1723073393
41.840 -20 -1723073393
41.867 -16 -1723073393
41.893 -18 -1723073393
41.920 -20 -1723073393
41.947 -14 -1723073393
41.973 -12 -1723073393
42.000 -13 -1723073393
42.027 -2 -1723073393
42.053 7 -1723073393
42.080 9 -1723073393
42.107 14 -1723073393
42.133 20 -1723073393
42.160 18 -1723073393
42.187 20 -1723073393
42.213 20 -1723073393
42.240 15 -1723073393
42.267 15 -1723073393
42.293 16 -1723073393
42.320 14 -1723073393
42.347 15 -1723073393
42.373 21 -1723073393
42.400 24 -1723073393
42.427 30 -1723073393
42.453 37 -1723073393
42.480 36 -1723073393
42.507 39 -1723073393
42.533 46 -1723073393
42.560 46 -1723073393
42.587 52 -1723073393
42.613 67 -1723073393
42.640 72 -1723073393
42.667 70 -1723073393
42.693 77 -1723073393
42.720 83 -1723073393
42.747 90 -1723073393
42.773 104 -1723073393
42.800 111 -1723073393
42.827 114 -1723073393
42.853 127 -1723073393
42.880 138 -1723073393
42.907 144 -1723073393
42.933 152 -1723073393
42.960 155 -1723073393
42.987 152 -1723073393
43.013 150 -1723073393
43.040 145 -1723073393
43.067 132 -1723073393
43.093 120 -1723073393
43.120 109 -1723073393
43.147 97 -1723073393
43.173 89 -1723073393
43.200 84 -1723073393
43.227 72 -1723073393
43.253 64 -1723073393
43.280 59 -1723073393
43.307 47 -1723073393
43.333 31 -1723073393
43.360 17 -1723073393
43.387 -2 -1723073393
43.413 -23 -1723073393
43.440 -43 -1723073393
43.467 -69 -1723073393
43.493 -95 -1723073393
43.520 -108 -1723073393
43.547 -120 -1723073393
43.573 -134 -1723073393
43.600 -135 -1723073393
43.627 -134 -1723073393
43.653 -138 -1723073393
43.680 -125 -1723073393
43.707 -103 -1723073393
43.733 -91 -1723073393
43.760 -72 -1723073393
43.787 -49 -1723073393
43.813 -38 -1723073393
43.840 -25 -1723073393
43.867 -7 -1723073393
43.893 -4 -1723073393
43.920 -6 -1723073393
43.947 -4 -1723073393
43.973 -13 -1723073393
44.000 -31 -1723073393
44.027 -46 -1723073393
44.053 -68 -1723073393
44.080 -92 -1723073393
44.107 -104 -1723073393
44.133 -120 -1723073393
44.160 -138 -1723073393
44.187 -140 -1723073393
44.213 -134 -1723073393
44.240 -129 -1723073393
44.267 -103 -1723073393
44.293 -69 -1723073393
44.320 -41 -1723073393
44.347 0 -1723073393
44.373 48 -1723073393
44.400 86 -1723073393
44.427 127 -1723073393
44.453 174 -1723073393
44.480 211 -1723073393
44.507 246 -1723073393
44.533 281 -1723073393
44.560 303 -1723073393
44.587 313 -1723073393
44.613 318 -1723073393
44.640 321 -1723073393
44.667 318 -1723073393
44.693 302 -1723073393
44.720 274 -1723073393
44.747 244 -1723073393
44.773 211 -1723073393
44.800 176 -1723073393
44.827 139 -1723073393
44.853 103 -1723073393
44.880 63 -1723073393
44.907 23 -1723073393
44.933 -8 -1723073393
44.960 -40 -1723073393
44.987 -74 -1723073393
45.013 -92 -1723073393
45.040 -97 -1723073393
45.067 -105 -1723073393
45.093 -105 -1723073393
45.120 -93 -1723073393
45.147 -83 -1723073393
45.173 -70 -1723073393
45.200 -44 -1723073393
45.227 -23 -1723073393
45.253 -8 -1723073393
45.280 12 -1723073393
45.307 24 -1723073393
45.333 27 -1723073393
45.360 34 -1723073393
45.387 39 -1723073393
45.413 40 -1723073393
45.440 49 -1723073393
45.467 58 -1723073393
45.493 61 -1723073393
45.520 72 -1723073393
45.547 85 -1723073393
45.573 88 -1723073393
45.600 95 -1723073393
45.627 101 -1723073393
45.653 95 -1723073393
45.680 84 -1723073393
45.707 76 -1723073393
45.733 61 -1723073393
45.760 45 -1723073393
45.787 33 -1723073393
45.813 17 -1723073393
45.840 0 -1723073393
45.867 -8 -1723073393
45.893 -20 -1723073393
45.920 -33 -1723073393
45.947 -34 -1723073393
45.973 -32 -1723073393
46.000 -31 -1723073393
46.027 -16 -1723073393
46.053 1 -1723073393
46.080 11 -1723073393
46.107 34 -1723073393
46.133 65 -1723073393
46.160 85 -1723073393
46.187 108 -1723073393
46.213 139 -1723073393
46.240 166 -1723073393
46.267 191 -1723073393
46.293 216 -1723073393
46.320 232 -1723073393
46.347 242 -1723073393
46.373 251 -1723073393
46.400 259 -1723073393
46.427 266 -1723073393
46.453 274 -1723073393
46.480 276 -1723073393
46.507 270 -1723073393
46.533 259 -1723073393
46.560 244 -1723073393
46.587 227 -1723073393
46.613 209 -1723073393
46.640 189 -1723073393
46.667 167 -1723073393
46.693 148 -1723073393
46.720 127 -1723073393
46.747 105 -1723073393
46.773 85 -1723073393
46.800 69 -1723073393
46.827 55 -1723073393
46.853 46 -1723073393
46.880 46 -1723073393
46.907 42 -1723073393
46.933 40 -1723073393
46.960 49 -1723073393
46.987 60 -1723073393
47.013 67 -1723073393
47.040 83 -1723073393
47.067 99 -1723073393
47.093 111 -1723073393
47.120 130 -1723073393
47.147 152 -1723073393
47.173 169 -1723073393
47.200 192 -1723073393
47.227 219 -1723073393
47.253 243 -1723073393
47.280 264 -1723073393
47.307 279 -1723073393
47.333 284 -1723073393
47.360 283 -1723073393
47.387 280 -1723073393
47.413 272 -1723073393
47.440 259 -1723073393
47.467 247 -1723073393
47.493 230 -1723073393
47.520 209 -1723073393
47.547 187 -1723073393
47.573 162 -1723073393
47.600 136 -1723073393
47.627 116 -1723073393
47.653 99 -1723073393
47.680 85 -1723073393
47.707 79 -1723073393
47.733 78 -1723073393
47.760 80 -1723073393
47.787 93 -1723073393
47.813 116 -1723073393
47.840 137 -1723073393
47.867 162 -1723073393
47.893 199 -1723073393
47.920 238 -1723073393
47.947 272 -1723073393
47.973 310 -1723073393
48.000 350 -1723073393
48.027 386 -1723073393
48.053 424 -1723073393
48.080 462 -1723073393
48.107 497 -1723073393
48.133 523 -1723073393
48.160 541 -1723073393
48.187 558 -1723073393
48.213 566 -1723073393
48.240 564 -1723073393
48.267 559 -1723073393
48.293 546 -1723073393
48.320 521 -1723073393
48.347 500 -1723073393
48.373 481 -1723073393
48.400 458 -1723073393
48.427 436 -1723073393
48.453 416 -1723073393
48.480 392 -1723073393
48.507 368 -1723073393
48.533 351 -1723073393
48.560 337 -1723073393
48.587 321 -1723073393
48.613 308 -1723073393
48.640 298 -1723073393
48.667 295 -1723073393
48.693 295 -1723073393
48.720 301 -1723073393
48.747 313 -1723073393
48.773 322 -1723073393
48.800 333 -1723073393
48.827 344 -1723073393
48.853 355 -1723073393
48.880 370 -1723073393
48.907 377 -1723073393
48.933 375 -1723073393
48.960 372 -1723073393
48.987 365 -1723073393
49.013 351 -1723073393
49.040 335 -1723073393
49.067 316 -1723073393
49.093 295 -1723073393
49.120 274 -1723073393
49.147 254 -1723073393
49.173 235 -1723073393
49.200 216 -1723073393
49.227 200 -1723073393
49.253 191 -1723073393
49.280 184 -1723073393
49.307 175 -1723073393
49.333 170 -1723073393
49.360 167 -1723073393
49.387 166 -1723073393
49.413 168 -1723073393
49.440 173 -1723073393
49.467 178 -1723073393
49.493 189 -1723073393
49.520 204 -1723073393
49.547 218 -1723073393
49.573 236 -1723073393
49.600 254 -1723073393
49.627 269 -1723073393
49.653 285 -1723073393
49.680 301 -1723073393
49.707 313 -1723073393
49.733 319 -1723073393
49.760 323 -1723073393
49.787 322 -1723073393
49.813 314 -1723073393
49.840 302 -1723073393
49.867 290 -1723073393
49.893 278 -1723073393
49.920 268 -1723073393
49.947 255 -1723073393
49.973 239 -1723073393
50.000 228 -1723073393
50.027 218 -1723073393
50.053 207 -1723073393
50.080 198 -1723073393
50.107 188 -1723073393
50.133 174 -1723073393
50.160 157 -1723073393
50.187 137 -1723073393
50.213 111 -1723073393
50.240 84 -1723073393
50.267 56 -1723073393
50.293 22 -1723073393
50.320 -13 -1723073393
50.347 -44 -1723073393
50.373 -74 -1723073393
50.400 -108 -1723073393
50.427 -133 -1723073393
50.453 -152 -1723073393
50.480 -173 -1723073393
50.507 -184 -1723073393
50.533 -178 -1723073393
50.560 -175 -1723073393
50.587 -172 -1723073393
50.613 -152 -1723073393
50.640 -136 -1723073393
50.667 -129 -1723073393
50.693 -109 -1723073393
50.720 -86 -1723073393
50.747 -76 -1723073393
50.773 -60 -1723073393
50.800 -45 -1723073393
50.827 -46 -1723073393
50.853 -46 -1723073393
50.880 -42 -1723073393
50.907 -51 -1723073393
50.933 -63 -1723073393
50.960 -62 -1723073393
50.987 -67 -1723073393
51.013 -75 -1723073393
51.040 -73 -1723073393
51.067 -77 -1723073393
51.093 -85 -1723073393
51.120 -77 -1723073393
51.147 -64 -1723073393
51.173 -59 -1723073393
51.200 -44 -1723073393
51.227 -24 -1723073393
51.253 -18 -1723073393
51.280 -9 -1723073393
51.307 8 -1723073393
51.333 22 -1723073393
51.360 39 -1723073393
51.387 71 -1723073393
51.413 103 -1723073393
51.440 134 -1723073393
51.467 170 -1723073393
51.493 201 -1723073393
51.520 228 -1723073393
51.547 256 -1723073393
51.573 283 -1723073393
51.600 302 -1723073393
51.627 314 -1723073393
51.653 323 -1723073393
51.680 327 -1723073393
51.707 329 -1723073393
51.733 328 -1723073393
51.760 324 -1723073393
51.787 319 -1723073393
51.813 313 -1723073393
51.840 305 -1723073393
51.867 300 -1723073393
51.893 289 -1723073393
51.920 270 -1723073393
51.947 253 -1723073393
51.973 244 -1723073393
52.000 234 -1723073393
52.027 224 -1723073393
52.053 219 -1723073393
52.080 215 -1723073393
52.107 208 -1723073393
52.133 208 -1723073393
52.160 212 -1723073393
52.187 215 -1723073393
52.213 218 -1723073393
52.240 224 -1723073393
52.267 226 -1723073393
52.293 222 -1723073393
52.320 221 -1723073393
52.347 220 -1723073393
52.373 210 -1723073393
52.400 204 -1723073393
52.427 205 -1723073393
52.453 205 -1723073393
52.480 205 -1723073393
52.507 209 -1723073393
52.533 208 -1723073393
52.560 202 -1723073393
52.587 199 -1723073393
52.613 192 -1723073393
52.640 178 -1723073393
52.667 165 -1723073393
52.693 148 -1723073393
52.720 125 -1723073393
52.747 109 -1723073393
52.773 98 -1723073393
52.800 80 -1723073393
52.827 64 -1723073393
52.853 59 -1723073393
52.880 48 -1723073393
52.907 37 -1723073393
52.933 40 -1723073393
52.960 42 -1723073393
52.987 36 -1723073393
53.013 44 -1723073393
53.040 59 -1723073393
53.067 68 -1723073393
53.093 82 -1723073393
53.120 98 -1723073393
53.147 104 -1723073393
53.173 110 -1723073393
53.200 122 -1723073393
53.227 124 -1723073393
53.253 122 -1723073393
53.280 132 -1723073393
53.307 140 -1723073393
53.333 146 -1723073393
53.360 158 -1723073393
53.387 169 -1723073393
53.413 172 -1723073393
53.440 178 -1723073393
53.467 185 -1723073393
53.493 187 -1723073393
53.520 194 -1723073393
53.547 210 -1723073393
53.573 220 -1723073393
53.600 229 -1723073393
53.627 243 -1723073393
53.653 251 -1723073393
53.680 252 -1723073393
53.707 257 -1723073393
53.733 262 -1723073393
53.760 263 -1723073393
53.787 266 -1723073393
53.813 270 -1723073393
53.840 265 -1723073393
53.867 250 -1723073393
53.893 233 -1723073393
53.920 212 -1723073393
53.947 188 -1723073393
53.973 161 -1723073393
54.000 129 -1723073393
54.027 90 -1723073393
54.053 58 -1723073393
54.080 30 -1723073393
54.107 3 -1723073393
54.133 -14 -1723073393
54.160 -23 -1723073393
54.187 -37 -1723073393
54.213 -43 -1723073393
54.240 -37 -1723073393
54.267 -35 -1723073393
54.293 -33 -1723073393
54.320 -18 -1723073393
54.347 -8 -1723073393
54.373 -3 -1723073393
54.400 9 -1723073393
54.427 18 -1723073393
54.453 18 -1723073393
54.480 24 -1723073393
54.507 30 -1723073393
54.533 30 -1723073393
54.560 30 -1723073393
54.587 34 -1723073393
54.613 31 -1723073393
54.640 24 -1723073393
54.667 26 -1723073393
54.693 26 -1723073393
54.720 24 -1723073393
54.747 29 -1723073393
54.773 36 -1723073393
54.800 43 -1723073393
54.827 59 -1723073393
54.853 79 -1723073393
54.880 88 -1723073393
54.907 102 -1723073393
54.933 127 -1723073393
54.960 148 -1723073393
54.987 170 -1723073393
55.013 198 -1723073393
55.040 221 -1723073393
55.067 239 -1723073393
55.093 263 -1723073393
55.120 290 -1723073393
55.147 316 -1723073393
55.173 344 -1723073393
55.200 372 -1723073393
55.227 394 -1723073393
55.253 413 -1723073393
55.280 435 -1723073393
55.307 456 -1723073393
55.333 468 -1723073393
55.360 474 -1723073393
55.387 479 -1723073393
55.413 484 -1723073393
55.440 483 -1723073393
55.467 485 -1723073393
55.493 489 -1723073393
55.520 489 -1723073393
55.547 490 -1723073393
55.573 494 -1723073393
55.600 495 -1723073393
55.627 496 -1723073393
55.653 498 -1723073393
55.680 499 -1723073393
55.707 496 -1723073393
55.733 494 -1723073393
55.760 491 -1723073393
55.787 480 -1723073393
55.813 467 -1723073393
55.840 458 -1723073393
55.867 446 -1723073393
55.893 429 -1723073393
55.920 417 -1723073393
55.947 404 -1723073393
55.973 385 -1723073393
56.000 365 -1723073393
56.027 344 -1723073393
56.053 316 -1723073393
56.080 289 -1723073393
56.107 266 -1723073393
56.133 243 -1723073393
56.160 220 -1723073393
56.187 197 -1723073393
56.213 177 -1723073393
56.240 159 -1723073393
56.267 140 -1723073393
56.293 119 -1723073393
56.320 101 -1723073393
56.347 86 -1723073393
56.373 74 -1723073393
56.400 70 -1723073393
56.427 70 -1723073393
56.453 67 -1723073393
56.480 62 -1723073393
56.507 55 -1723073393
56.533 46 -1723073393
56.560 35 -1723073393
56.587 26 -1723073393
56.613 14 -1723073393
56.640 0 -1723073393
56.667 -10 -1723073393
56.693 -21 -1723073393
56.720 -33 -1723073393
56.747 -40 -1723073393
56.773 -51 -1723073393
56.800 -71 -1723073393
56.827 -82 -1723073393
56.853 -82 -1723073393
56.880 -85 -1723073393
56.907 -84 -1723073393
56.933 -73 -1723073393
56.960 -63 -1723073393
56.987 -56 -1723073393
57.013 -38 -1723073393
57.040 -19 -1723073393
57.067 -7 -1723073393
57.093 9 -1723073393
57.120 32 -1723073393
57.147 48 -1723073393
57.173 65 -1723073393
57.200 87 -1723073393
57.227 105 -1723073393
57.253 124 -1723073393
57.280 144 -1723073393
57.307 160 -1723073393
57.333 180 -1723073393
57.360 201 -1723073393
57.387 219 -1723073393
57.413 235 -1723073393
57.440 255 -1723073393
57.467 276 -1723073393
57.493 296 -1723073393
57.520 317 -1723073393
57.547 333 -1723073393
57.573 344 -1723073393
57.600 351 -1723073393
57.627 352 -1723073393
57.653 351 -1723073393
57.680 349 -1723073393
57.707 345 -1723073393
57.733 339 -1723073393
57.760 337 -1723073393
57.787 338 -1723073393
57.813 343 -1723073393
57.840 350 -1723073393
57.867 360 -1723073393
57.893 368 -1723073393
57.920 375 -1723073393
57.947 388 -1723073393
57.973 404 -1723073393
58.000 422 -1723073393
58.027 440 -1723073393
58.053 452 -1723073393
58.080 461 -1723073393
58.107 473 -1723073393
58.133 483 -1723073393
58.160 489 -1723073393
58.187 496 -1723073393
58.213 506 -1723073393
58.240 516 -1723073393
58.267 528 -1723073393
58.293 545 -1723073393
58.320 561 -1723073393
58.347 573 -1723073393
58.373 587 -1723073393
58.400 602 -1723073393
58.427 612 -1723073393
58.453 621 -1723073393
58.480 630 -1723073393
58.507 635 -1723073393
58.533 640 -1723073393
58.560 649 -1723073393
58.587 650 -1723073393
58.613 649 -1723073393
58.640 655 -1723073393
58.667 656 -1723073393
58.693 651 -1723073393
58.720 651 -1723073393
58.747 650 -1723073393
58.773 645 -1723073393
58.800 647 -1723073393
58.827 652 -1723073393
58.853 646 -1723073393
58.880 640 -1723073393
58.907 644 -1723073393
58.933 643 -1723073393
58.960 636 -1723073393
58.987 633 -1723073393
59.013 623 -1723073393
59.040 605 -1723073393
59.067 591 -1723073393
59.093 583 -1723073393
59.120 571 -1723073393
59.147 561 -1723073393
59.173 555 -1723073393
59.200 546 -1723073393
59.227 536 -1723073393
59.253 531 -1723073393
59.280 520 -1723073393
59.307 505 -1723073393
59.333 494 -1723073393
59.360 482 -1723073393
59.387 466 -1723073393
59.413 454 -1723073393
59.440 440 -1723073393
59.467 415 -1723073393
59.493 384 -1723073393
59.520 352 -1723073393
59.547 315 -1723073393
59.573 277 -1723073393
59.600 236 -1723073393
59.627 195 -1723073393
59.653 151 -1723073393
59.680 110 -1723073393
59.707 78 -1723073393
59.733 53 -1723073393
59.760 28 -1723073393
59.787 3 -1723073393
59.813 -8 -1723073393
59.840 -16 -1723073393
59.867 -24 -1723073393
59.893 -21 -1723073393
59.920 -5 -1723073393
59.947 3 -1723073393
59.973 14 -1723073393
60.000 31 -1723073393
60.027 46 -1723073393
60.053 58 -1723073393
60.080 75 -1723073393
60.107 87 -1723073393
60.133 88 -1723073393
60.160 88 -1723073393
60.187 86 -1723073393
60.213 76 -1723073393
60.240 63 -1723073393
60.267 49 -1723073393
60.293 28 -1723073393
60.320 4 -1723073393
60.347 -19 -1723073393
60.373 -51 -1723073393
60.400 -85 -1723073393
60.427 -109 -1723073393
60.453 -127 -1723073393
60.480 -148 -1723073393
60.507 -159 -1723073393
60.533 -163 -1723073393
60.560 -172 -1723073393
60.587 -177 -1723073393
60.613 -169 -1723073393
60.640 -163 -1723073393
60.667 -160 -1723073393
60.693 -142 -1723073393
60.720 -128 -1723073393
60.747 -128 -1723073393
60.773 -123 -1723073393
60.800 -116 -1723073393
60.827 -113 -1723073393
60.853 -106 -1723073393
60.880 -95 -1723073393
60.907 -96 -1723073393
60.933 -105 -1723073393
60.960 -105 -1723073393
60.987 -107 -1723073393
61.013 -111 -1723073393
61.040 -114 -1723073393
61.067 -126 -1723073393
61.093 -150 -1723073393
61.120 -168 -1723073393
61.147 -176 -1723073393
61.173 -190 -1723073393
61.200 -207 -1723073393
61.227 -219 -1723073393
61.253 -236 -1723073393
61.280 -259 -1723073393
61.307 -273 -1723073393
61.333 -284 -1723073393
61.360 -301 -1723073393
61.387 -310 -1723073393
61.413 -313 -1723073393
61.440 -326 -1723073393
61.467 -331 -1723073393
61.493 -313 -1723073393
61.520 -293 -1723073393
61.547 -282 -1723073393
61.573 -260 -1723073393
61.600 -234 -1723073393
61.627 -218 -1723073393
61.653 -196 -1723073393
61.680 -170 -1723073393
61.707 -149 -1723073393
61.733 -124 -1723073393
61.760 -93 -1723073393
61.787 -69 -1723073393
61.813 -53 -1723073393
61.840 -34 -1723073393
61.867 -24 -1723073393
61.893 -26 -1723073393
61.920 -25 -1723073393
61.947 -25 -1723073393
61.973 -32 -1723073393
62.000 -39 -1723073393
62.027 -43 -1723073393
62.053 -56 -1723073393
62.080 -74 -1723073393
62.107 -86 -1723073393
62.133 -98 -1723073393
62.160 -119 -1723073393
62.187 -138 -1723073393
62.213 -148 -1723073393
62.240 -164 -1723073393
62.267 -178 -1723073393
62.293 -181 -1723073393
62.320 -187 -1723073393
62.347 -196 -1723073393
62.373 -190 -1723073393
62.400 -178 -1723073393
62.427 -177 -1723073393
62.453 -171 -1723073393
62.480 -158 -1723073393
62.507 -149 -1723073393
62.533 -136 -1723073393
62.560 -112 -1723073393
62.587 -93 -1723073393
62.613 -77 -1723073393
62.640 -52 -1723073393
62.667 -32 -1723073393
62.693 -25 -1723073393
62.720 -17 -1723073393
62.747 -9 -1723073393
62.773 -10 -1723073393
62.800 -11 -1723073393
62.827 -11 -1723073393
62.853 -19 -1723073393
62.880 -26 -1723073393
62.907 -34 -1723073393
62.933 -52 -1723073393
62.960 -77 -1723073393
62.987 -101 -1723073393
63.013 -128 -1723073393
63.040 -162 -1723073393
63.067 -191 -1723073393
63.093 -219 -1723073393
63.120 -251 -1723073393
63.147 -278 -1723073393
63.173 -291 -1723073393
63.200 -302 -1723073393
63.227 -317 -1723073393
63.253 -322 -1723073393
63.280 -318 -1723073393
63.307 -318 -1723073393
63.333 -310 -1723073393
63.360 -291 -1723073393
63.387 -274 -1723073393
63.413 -257 -1723073393
63.440 -230 -1723073393
63.467 -202 -1723073393
63.493 -181 -1723073393
63.520 -157 -1723073393
63.547 -133 -1723073393
63.573 -111 -1723073393
63.600 -86 -1723073393
63.627 -63 -1723073393
63.653 -51 -1723073393
63.680 -45 -1723073393
63.707 -41 -1723073393
63.733 -43 -1723073393
63.760 -54 -1723073393
63.787 -67 -1723073393
63.813 -82 -1723073393
63.840 -102 -1723073393
63.867 -120 -1723073393
63.893 -138 -1723073393
63.920 -160 -1723073393
63.947 -176 -1723073393
63.973 -183 -1723073393
64.000 -192 -1723073393
64.027 -203 -1723073393
64.053 -202 -1723073393
64.080 -192 -1723073393
64.107 -190 -1723073393
64.133 -182 -1723073393
64.160 -159 -1723073393
64.187 -137 -1723073393
64.213 -114 -1723073393
64.240 -78 -1723073393
64.267 -43 -1723073393
64.293 -13 -1723073393
64.320 18 -1723073393
64.347 46 -1723073393
64.373 64 -1723073393
64.400 81 -1723073393
64.427 102 -1723073393
64.453 117 -1723073393
64.480 125 -1723073393
64.507 131 -1723073393
64.533 132 -1723073393
64.560 125 -1723073393
64.587 115 -1723073393
64.613 100 -1723073393
64.640 81 -1723073393
64.667 62 -1723073393
64.693 47 -1723073393
64.720 30 -1723073393
64.747 11 -1723073393
64.773 -2 -1723073393
64.800 -15 -1723073393
64.827 -28 -1723073393
64.853 -39 -1723073393
64.880 -45 -1723073393
64.907 -50 -1723073393
64.933 -49 -1723073393
64.960 -42 -1723073393
64.987 -33 -1723073393
65.013 -19 -1723073393
65.040 2 -1723073393
65.067 18 -1723073393
65.093 29 -1723073393
65.120 50 -1723073393
65.147 73 -1723073393
65.173 93 -1723073393
65.200 119 -1723073393
65.227 146 -1723073393
65.253 163 -1723073393
65.280 178 -1723073393
65.307 197 -1723073393
65.333 216 -1723073393
65.360 233 -1723073393
65.387 251 -1723073393
65.413 262 -1723073393
65.440 269 -1723073393
65.467 280 -1723073393
65.493 289 -1723073393
65.520 288 -1723073393
65.547 286 -1723073393
65.573 286 -1723073393
65.600 284 -1723073393
65.627 282 -1723073393
65.653 281 -1723073393
65.680 276 -1723073393
65.707 271 -1723073393
65.733 273 -1723073393
65.760 274 -1723073393
65.787 271 -1723073393
65.813 265 -1723073393
65.840 259 -1723073393
65.867 255 -1723073393
65.893 251 -1723073393
65.920 250 -1723073393
65.947 249 -1723073393
65.973 248 -1723073393
66.000 249 -1723073393
66.027 247 -1723073393
66.053 241 -1723073393
66.080 236 -1723073393
66.107 232 -1723073393
66.133 226 -1723073393
66.160 219 -1723073393
66.187 215 -1723073393
66.213 209 -1723073393
66.240 200 -1723073393
66.267 201 -1723073393
66.293 207 -1723073393
66.320 208 -1723073393
66.347 211 -1723073393
66.373 216 -1723073393
66.400 217 -1723073393
66.427 217 -1723073393
66.453 219 -1723073393
66.480 219 -1723073393
66.507 216 -1723073393
66.533 216 -1723073393
66.560 217 -1723073393
66.587 213 -1723073393
66.613 207 -1723073393
66.640 206 -1723073393
66.667 207 -1723073393
66.693 211 -1723073393
66.720 219 -1723073393
66.747 228 -1723073393
66.773 235 -1723073393
66.800 246 -1723073393
66.827 262 -1723073393
66.853 279 -1723073393
66.880 296 -1723073393
66.907 318 -1723073393
66.933 343 -1723073393
66.960 369 -1723073393
66.987 396 -1723073393
67.013 420 -1723073393
67.040 440 -1723073393
67.067 460 -1723073393
67.093 477 -1723073393
67.120 487 -1723073393
67.147 493 -1723073393
67.173 497 -1723073393
67.200 495 -1723073393
67.227 493 -1723073393
67.253 491 -1723073393
67.280 487 -1723073393
67.307 481 -1723073393
67.333 478 -1723073393
67.360 473 -1723073393
67.387 462 -1723073393
67.413 449 -1723073393
67.440 435 -1723073393
67.467 417 -1723073393
67.493 403 -1723073393
67.520 398 -1723073393
67.547 394 -1723073393
67.573 392 -1723073393
67.600 393 -1723073393
67.627 389 -1723073393
67.653 375 -1723073393
67.680 367 -1723073393
67.707 361 -1723073393
67.733 352 -1723073393
67.760 343 -1723073393
67.787 343 -1723073393
67.813 341 -1723073393
67.840 336 -1723073393
67.867 333 -1723073393
67.893 326 -1723073393
67.920 313 -1723073393
67.947 303 -1723073393
67.973 296 -1723073393
68.000 285 -1723073393
68.027 273 -1723073393
68.053 264 -1723073393
68.080 253 -1723073393
68.107 245 -1723073393
68.133 246 -1723073393
68.160 254 -1723073393
68.187 253 -1723073393
68.213 252 -1723073393
68.240 259 -1723073393
68.267 263 -1723073393
68.293 263 -1723073393
68.320 266 -1723073393
68.347 268 -1723073393
68.373 266 -1723073393
68.400 262 -1723073393
68.427 258 -1723073393
68.453 252 -1723073393
68.480 248 -1723073393
68.507 247 -1723073393
68.533 243 -1723073393
68.560 240 -1723073393
68.587 244 -1723073393
68.613 250 -1723073393
68.640 249 -1723073393
68.667 251 -1723073393
68.693 260 -1723073393
68.720 269 -1723073393
68.747 276 -1723073393
68.773 288 -1723073393
68.800 303 -1723073393
68.827 314 -1723073393
68.853 329 -1723073393
68.880 342 -1723073393
68.907 349 -1723073393
68.933 358 -1723073393
68.960 367 -1723073393
68.987 372 -1723073393
69.013 376 -1723073393
69.040 383 -1723073393
69.067 388 -1723073393
69.093 392 -1723073393
69.120 397 -1723073393
69.147 401 -1723073393
69.173 401 -1723073393
69.200 404 -1723073393
69.227 412 -1723073393
69.253 416 -1723073393
69.280 416 -1723073393
69.307 416 -1723073393
69.333 411 -1723073393
69.360 400 -1723073393
69.387 388 -1723073393
69.413 373 -1723073393
69.440 352 -1723073393
69.467 333 -1723073393
69.493 313 -1723073393
69.520 292 -1723073393
69.547 274 -1723073393
69.573 257 -1723073393
69.600 237 -1723073393
69.627 213 -1723073393
69.653 189 -1723073393
69.680 171 -1723073393
69.707 154 -1723073393
69.733 138 -1723073393
69.760 130 -1723073393
69.787 128 -1723073393
69.813 126 -1723073393
69.840 129 -1723073393
69.867 140 -1723073393
69.893 153 -1723073393
69.920 170 -1723073393
69.947 191 -1723073393
69.973 207 -1723073393
70.000 223 -1723073393
70.027 243 -1723073393
70.053 264 -1723073393
70.080 281 -1723073393
70.107 297 -1723073393
70.133 308 -1723073393
70.160 312 -1723073393
70.187 312 -1723073393
70.213 311 -1723073393
70.240 310 -1723073393
70.267 311 -1723073393
70.293 311 -1723073393
70.320 309 -1723073393
70.347 301 -1723073393
70.373 294 -1723073393
70.400 286 -1723073393
70.427 278 -1723073393
70.453 272 -1723073393
70.480 271 -1723073393
70.507 269 -1723073393
70.533 269 -1723073393
70.560 274 -1723073393
70.587 274 -1723073393
70.613 270 -1723073393
70.640 272 -1723073393
70.667 275 -1723073393
70.693 275 -1723073393
70.720 278 -1723073393
70.747 285 -1723073393
70.773 293 -1723073393
70.800 303 -1723073393
70.827 313 -1723073393
70.853 321 -1723073393
70.880 326 -1723073393
70.907 334 -1723073393
70.933 342 -1723073393
70.960 347 -1723073393
70.987 353 -1723073393
71.013 360 -1723073393
71.040 362 -1723073393
71.067 365 -1723073393
71.093 372 -1723073393
71.120 373 -1723073393
71.147 373 -1723073393
71.173 380 -1723073393
71.200 387 -1723073393
71.227 385 -1723073393
71.253 381 -1723073393
71.280 377 -1723073393
71.307 367 -1723073393
71.333 359 -1723073393
71.360 357 -1723073393
71.387 350 -1723073393
71.413 340 -1723073393
71.440 332 -1723073393
71.467 320 -1723073393
71.493 302 -1723073393
71.520 285 -1723073393
71.547 273 -1723073393
71.573 259 -1723073393
71.600 246 -1723073393
71.627 242 -1723073393
71.653 239 -1723073393
71.680 236 -1723073393
71.707 234 -1723073393
71.733 230 -1723073393
71.760 223 -1723073393
71.787 220 -1723073393
71.813 223 -1723073393
71.840 230 -1723073393
71.867 238 -1723073393
71.893 243 -1723073393
71.920 247 -1723073393
71.947 248 -1723073393
71.973 248 -1723073393
72.000 246 -1723073393
72.027 243 -1723073393
72.053 240 -1723073393
72.080 234 -1723073393
72.107 224 -1723073393
72.133 210 -1723073393
72.160 199 -1723073393
72.187 194 -1723073393
72.213 189 -1723073393
72.240 188 -1723073393
72.267 192 -1723073393
72.293 198 -1723073393
72.320 204 -1723073393
72.347 214 -1723073393
72.373 224 -1723073393
72.400 231 -1723073393
72.427 240 -1723073393
72.453 250 -1723073393
72.480 257 -1723073393
72.507 263 -1723073393
72.533 269 -1723073393
72.560 270 -1723073393
72.587 271 -1723073393
72.613 274 -1723073393
72.640 274 -1723073393
72.667 268 -1723073393
72.693 261 -1723073393
72.720 250 -1723073393
72.747 239 -1723073393
72.773 227 -1723073393
72.800 216 -1723073393
72.827 208 -1723073393
72.853 200 -1723073393
72.880 192 -1723073393
72.907 186 -1723073393
72.933 179 -1723073393
72.960 177 -1723073393
72.987 178 -1723073393
73.013 176 -1723073393
73.040 173 -1723073393
73.067 170 -1723073393
73.093 168 -1723073393
73.120 166 -1723073393
73.147 166 -1723073393
73.173 167 -1723073393
73.200 172 -1723073393
73.227 178 -1723073393
73.253 187 -1723073393
73.280 197 -1723073393
73.307 204 -1723073393
73.333 212 -1723073393
73.360 219 -1723073393
73.387 227 -1723073393
73.413 237 -1723073393
73.440 248 -1723073393
73.467 258 -1723073393
73.493 266 -1723073393
73.520 273 -1723073393
73.547 283 -1723073393
73.573 294 -1723073393
73.600 306 -1723073393
73.627 316 -1723073393
73.653 325 -1723073393
73.680 330 -1723073393
73.707 331 -1723073393
73.733 324 -1723073393
73.760 312 -1723073393
73.787 298 -1723073393
73.813 282 -1723073393
73.840 264 -1723073393
73.867 247 -1723073393
73.893 228 -1723073393
73.920 208 -1723073393
73.947 185 -1723073393
73.973 163 -1723073393
74.000 140 -1723073393
74.027 119 -1723073393
74.053 109 -1723073393
74.080 105 -1723073393
74.107 101 -1723073393
74.133 101 -1723073393
74.160 104 -1723073393
74.187 105 -1723073393
74.213 109 -1723073393
74.240 117 -1723073393
74.267 123 -1723073393
74.293 132 -1723073393
74.320 142 -1723073393
74.347 152 -1723073393
74.373 159 -1723073393
74.400 168 -1723073393
74.427 177 -1723073393
74.453 183 -1723073393
74.480 189 -1723073393
74.507 193 -1723073393
74.533 198 -1723073393
74.560 206 -1723073393
74.587 216 -1723073393
74.613 224 -1723073393
74.640 227 -1723073393
74.667 230 -1723073393
74.693 234 -1723073393
74.720 236 -1723073393
74.747 236 -1723073393
74.773 238 -1723073393
74.800 242 -1723073393
74.827 248 -1723073393
74.853 253 -1723073393
74.880 258 -1723073393
74.907 262 -1723073393
74.933 265 -1723073393
74.960 267 -1723073393
74.987 273 -1723073393
75.013 280 -1723073393
75.040 290 -1723073393
75.067 297 -1723073393
75.093 299 -1723073393
75.120 295 -1723073393
75.147 289 -1723073393
75.173 284 -1723073393
75.200 282 -1723073393
75.227 280 -1723073393
75.253 281 -1723073393
75.280 282 -1723073393
75.307 282 -1723073393
75.333 282 -1723073393
75.360 285 -1723073393
75.387 290 -1723073393
75.413 291 -1723073393
75.440 289 -1723073393
75.467 285 -1723073393
75.493 283 -1723073393
75.520 281 -1723073393
75.547 277 -1723073393
75.573 272 -1723073393
75.600 268 -1723073393
75.627 263 -1723073393
75.653 256 -1723073393
75.680 243 -1723073393
75.707 228 -1723073393
75.733 212 -1723073393
75.760 193 -1723073393
75.787 172 -1723073393
75.813 154 -1723073393
75.840 136 -1723073393
75.867 115 -1723073393
75.893 100 -1723073393
75.920 90 -1723073393
75.947 82 -1723073393
75.973 80 -1723073393
76.000 82 -1723073393
76.027 88 -1723073393
76.053 100 -1723073393
76.080 121 -1723073393
76.107 146 -1723073393
76.133 167 -1723073393
76.160 188 -1723073393
76.187 213 -1723073393
76.213 236 -1723073393
76.240 258 -1723073393
76.267 280 -1723073393
76.293 299 -1723073393
76.320 315 -1723073393
76.347 329 -1723073393
76.373 339 -1723073393
76.400 345 -1723073393
76.427 350 -1723073393
76.453 350 -1723073393
76.480 349 -1723073393
76.507 349 -1723073393
76.533 345 -1723073393
76.560 340 -1723073393
76.587 336 -1723073393
76.613 334 -1723073393
76.640 330 -1723073393
76.667 323 -1723073393
76.693 317 -1723073393
76.720 307 -1723073393
76.747 301 -1723073393
76.773 300 -1723073393
76.800 299 -1723073393
76.827 294 -1723073393
76.853 288 -1723073393
76.880 286 -1723073393
76.907 287 -1723073393
76.933 292 -1723073393
76.960 297 -1723073393
76.987 298 -1723073393
77.013 301 -1723073393
77.040 311 -1723073393
77.067 320 -1723073393
77.093 328 -1723073393
77.120 336 -1723073393
77.147 348 -1723073393
77.173 361 -1723073393
77.200 370 -1723073393
77.227 375 -1723073393
77.253 374 -1723073393
77.280 371 -1723073393
77.307 369 -1723073393
77.333 367 -1723073393
77.360 364 -1723073393
77.387 361 -1723073393
77.413 353 -1723073393
77.440 343 -1723073393
77.467 332 -1723073393
77.493 320 -1723073393
77.520 305 -1723073393
77.547 295 -1723073393
77.573 290 -1723073393
77.600 282 -1723073393
77.627 272 -1723073393
77.653 262 -1723073393
77.680 253 -1723073393
77.707 248 -1723073393
77.733 246 -1723073393
77.760 247 -1723073393
77.787 247 -1723073393
77.813 246 -1723073393
77.840 249 -1723073393
77.867 253 -1723073393
77.893 255 -1723073393
77.920 257 -1723073393
77.947 259 -1723073393
77.973 260 -1723073393
78.000 267 -1723073393
78.027 274 -1723073393
78.053 271 -1723073393
78.080 271 -1723073393
78.107 276 -1723073393
78.133 278 -1723073393
78.160 276 -1723073393
78.187 279 -1723073393
78.213 278 -1723073393
78.240 275 -1723073393
78.267 278 -1723073393
78.293 280 -1723073393
78.320 274 -1723073393
78.347 271 -1723073393
78.373 268 -1723073393
78.400 251 -1723073393
78.427 233 -1723073393
78.453 221 -1723073393
78.480 210 -1723073393
78.507 196 -1723073393
78.533 184 -1723073393
78.560 169 -1723073393
78.587 158 -1723073393
78.613 160 -1723073393
78.640 166 -1723073393
78.667 164 -1723073393
78.693 164 -1723073393
78.720 166 -1723073393
78.747 164 -1723073393
78.773 159 -1723073393
78.800 161 -1723073393
78.827 167 -1723073393
78.853 173 -1723073393
78.880 179 -1723073393
78.907 186 -1723073393
78.933 192 -1723073393
78.960 197 -1723073393
78.987 201 -1723073393
79.013 203 -1723073393
79.040 207 -1723073393
79.067 214 -1723073393
79.093 217 -1723073393
79.120 218 -1723073393
79.147 222 -1723073393
79.173 219 -1723073393
79.200 214 -1723073393
79.227 213 -1723073393
79.253 208 -1723073393
79.280 194 -1723073393
79.307 180 -1723073393
79.333 167 -1723073393
79.360 147 -1723073393
79.387 125 -1723073393
79.413 107 -1723073393
79.440 89 -1723073393
79.467 70 -1723073393
79.493 55 -1723073393
79.520 45 -1723073393
79.547 39 -1723073393
79.573 37 -1723073393
79.600 37 -1723073393
79.627 40 -1723073393
79.653 45 -1723073393
79.680 51 -1723073393
79.707 60 -1723073393
79.733 79 -1723073393
79.760 104 -1723073393
79.787 129 -1723073393
79.813 153 -1723073393
79.840 177 -1723073393
79.867 199 -1723073393
79.893 221 -1723073393
79.920 243 -1723073393
79.947 259 -1723073393
79.973 270 -1723073393
80.000 282 -1723073393
80.027 290 -1723073393
80.053 289 -1723073393
80.080 287 -1723073393
80.107 286 -1723073393
80.133 280 -1723073393
80.160 274 -1723073393
80.187 267 -1723073393
80.213 254 -1723073393
80.240 242 -1723073393
80.267 239 -1723073393
80.293 236 -1723073393
80.320 231 -1723073393
80.347 229 -1723073393
80.373 224 -1723073393
80.400 218 -1723073393
80.427 220 -1723073393
80.453 226 -1723073393
80.480 230 -1723073393
80.507 236 -1723073393
80.533 247 -1723073393
80.560 257 -1723073393
80.587 265 -1723073393
80.613 276 -1723073393
80.640 289 -1723073393
80.667 297 -1723073393
80.693 302 -1723073393
80.720 305 -1723073393
80.747 303 -1723073393
80.773 296 -1723073393
80.800 289 -1723073393
80.827 281 -1723073393
80.853 272 -1723073393
80.880 261 -1723073393
80.907 249 -1723073393
80.933 236 -1723073393
80.960 224 -1723073393
80.987 209 -1723073393
81.013 192 -1723073393
81.040 176 -1723073393
81.067 161 -1723073393
81.093 147 -1723073393
81.120 130 -1723073393
81.147 114 -1723073393
81.173 106 -1723073393
81.200 102 -1723073393
81.227 101 -1723073393
81.253 101 -1723073393
81.280 104 -1723073393
81.307 109 -1723073393
81.333 117 -1723073393
81.360 128 -1723073393
81.387 142 -1723073393
81.413 153 -1723073393
81.440 161 -1723073393
81.467 169 -1723073393
81.493 183 -1723073393
81.520 197 -1723073393
81.547 212 -1723073393
81.573 229 -1723073393
81.600 243 -1723073393
81.627 256 -1723073393
81.653 273 -1723073393
81.680 287 -1723073393
81.707 301 -1723073393
81.733 314 -1723073393
81.760 322 -1723073393
81.787 327 -1723073393
81.813 331 -1723073393
81.840 329 -1723073393
81.867 321 -1723073393
81.893 318 -1723073393
81.920 312 -1723073393
81.947 306 -1723073393
81.973 304 -1723073393
82.000 304 -1723073393
82.027 304 -1723073393
82.053 309 -1723073393
82.080 310 -1723073393
82.107 302 -1723073393
82.133 293 -1723073393
82.160 286 -1723073393
82.187 277 -1723073393
82.213 268 -1723073393
82.240 261 -1723073393
82.267 253 -1723073393
82.293 250 -1723073393
82.320 252 -1723073393
82.347 255 -1723073393
82.373 259 -1723073393
82.400 266 -1723073393
82.427 267 -1723073393
82.453 266 -1723073393
82.480 272 -1723073393
82.507 283 -1723073393
82.533 293 -1723073393
82.560 299 -1723073393
82.587 306 -1723073393
82.613 306 -1723073393
82.640 305 -1723073393
82.667 306 -1723073393
82.693 301 -1723073393
82.720 296 -1723073393
82.747 293 -1723073393
82.773 285 -1723073393
82.800 271 -1723073393
82.827 263 -1723073393
82.853 257 -1723073393
82.880 250 -1723073393
82.907 242 -1723073393
82.933 236 -1723073393
82.960 227 -1723073393
82.987 218 -1723073393
83.013 210 -1723073393
83.040 199 -1723073393
83.067 189 -1723073393
83.093 182 -1723073393
83.120 179 -1723073393
83.147 179 -1723073393
83.173 179 -1723073393
83.200 180 -1723073393
83.227 183 -1723073393
83.253 185 -1723073393
83.280 190 -1723073393
83.307 197 -1723073393
83.333 206 -1723073393
83.360 216 -1723073393
83.387 224 -1723073393
83.413 233 -1723073393
83.440 241 -1723073393
83.467 243 -1723073393
83.493 241 -1723073393
83.520 241 -1723073393
83.547 239 -1723073393
83.573 236 -1723073393
83.600 233 -1723073393
83.627 228 -1723073393
83.653 223 -1723073393
83.680 220 -1723073393
83.707 215 -1723073393
83.733 213 -1723073393
83.760 214 -1723073393
83.787 215 -1723073393
83.813 216 -1723073393
83.840 219 -1723073393
83.867 219 -1723073393
83.893 217 -1723073393
83.920 224 -1723073393
83.947 233 -1723073393
83.973 239 -1723073393
84.000 248 -1723073393
84.027 256 -1723073393
84.053 256 -1723073393
84.080 256 -1723073393
84.107 257 -1723073393
84.133 255 -1723073393
84.160 252 -1723073393
84.187 252 -1723073393
84.213 251 -1723073393
84.240 255 -1723073393
84.267 258 -1723073393
84.293 256 -1723073393
84.320 255 -1723073393
84.347 257 -1723073393
84.373 255 -1723073393
84.400 252 -1723073393
84.427 249 -1723073393
84.453 241 -1723073393
84.480 237 -1723073393
84.507 234 -1723073393
84.533 227 -1723073393
84.560 217 -1723073393
84.587 208 -1723073393
84.613 197 -1723073393
84.640 181 -1723073393
84.667 170 -1723073393
84.693 166 -1723073393
84.720 165 -1723073393
84.747 166 -1723073393
84.773 166 -1723073393
84.800 162 -1723073393
84.827 159 -1723073393
84.853 157 -1723073393
84.880 153 -1723073393
84.907 152 -1723073393
84.933 156 -1723073393
84.960 157 -1723073393
84.987 162 -1723073393
85.013 171 -1723073393
85.040 180 -1723073393
85.067 186 -1723073393
85.093 192 -1723073393
85.120 196 -1723073393
85.147 196 -1723073393
85.173 198 -1723073393
85.200 199 -1723073393
85.227 199 -1723073393
85.253 200 -1723073393
85.280 201 -1723073393
85.307 201 -1723073393
85.333 202 -1723073393
85.360 204 -1723073393
85.387 206 -1723073393
85.413 211 -1723073393
85.440 219 -1723073393
85.467 230 -1723073393
85.493 241 -1723073393
85.520 251 -1723073393
85.547 261 -1723073393
85.573 268 -1723073393
85.600 273 -1723073393
85.627 280 -1723073393
85.653 283 -1723073393
85.680 287 -1723073393
85.707 293 -1723073393
85.733 300 -1723073393
85.760 300 -1723073393
85.787 297 -1723073393
85.813 293 -1723073393
85.840 286 -1723073393
85.867 280 -1723073393
85.893 273 -1723073393
85.920 260 -1723073393
85.947 245 -1723073393
85.973 231 -1723073393
86.000 221 -1723073393
86.027 213 -1723073393
86.053 207 -1723073393
86.080 204 -1723073393
86.107 205 -1723073393
86.133 206 -1723073393
86.160 206 -1723073393
86.187 210 -1723073393
86.213 212 -1723073393
86.240 214 -1723073393
86.267 217 -1723073393
86.293 218 -1723073393
86.320 214 -1723073393
86.347 210 -1723073393
86.373 205 -1723073393
86.400 200 -1723073393
86.427 197 -1723073393
86.453 192 -1723073393
86.480 186 -1723073393
86.507 182 -1723073393
86.533 180 -1723073393
86.560 176 -1723073393
86.587 170 -1723073393
86.613 164 -1723073393
86.640 160 -1723073393
86.667 158 -1723073393
86.693 159 -1723073393
86.720 160 -1723073393
86.747 162 -1723073393
86.773 161 -1723073393
86.800 160 -1723073393
86.827 165 -1723073393
86.853 172 -1723073393
86.880 177 -1723073393
86.907 188 -1723073393
86.933 198 -1723073393
86.960 205 -1723073393
86.987 214 -1723073393
87.013 221 -1723073393
87.040 228 -1723073393
87.067 237 -1723073393
87.093 245 -1723073393
87.120 248 -1723073393
87.147 250 -1723073393
87.173 252 -1723073393
87.200 254 -1723073393
87.227 253 -1723073393
87.253 249 -1723073393
87.280 246 -1723073393
87.307 245 -1723073393
87.333 242 -1723073393
87.360 240 -1723073393
87.387 237 -1723073393
87.413 234 -1723073393
87.440 232 -1723073393
87.467 232 -1723073393
87.493 231 -1723073393
87.520 230 -1723073393
87.547 230 -1723073393
87.573 229 -1723073393
87.600 225 -1723073393
87.627 224 -1723073393
87.653 227 -1723073393
87.680 227 -1723073393
87.707 224 -1723073393
87.733 221 -1723073393
87.760 218 -1723073393
87.787 217 -1723073393
87.813 212 -1723073393
87.840 209 -1723073393
87.867 208 -1723073393
87.893 204 -1723073393
87.920 198 -1723073393
87.947 194 -1723073393
87.973 195 -1723073393
88.000 198 -1723073393
88.027 205 -1723073393
88.053 207 -1723073393
88.080 212 -1723073393
88.107 221 -1723073393
88.133 226 -1723073393
88.160 227 -1723073393
88.187 228 -1723073393
88.213 228 -1723073393
88.240 226 -1723073393
88.267 223 -1723073393
88.293 215 -1723073393
88.320 205 -1723073393
88.347 199 -1723073393
88.373 192 -1723073393
88.400 186 -1723073393
88.427 186 -1723073393
88.453 184 -1723073393
88.480 180 -1723073393
88.507 181 -1723073393
88.533 180 -1723073393
88.560 177 -1723073393
88.587 174 -1723073393
88.613 164 -1723073393
88.640 153 -1723073393
88.667 147 -1723073393
88.693 138 -1723073393
88.720 129 -1723073393
88.747 127 -1723073393
88.773 125 -1723073393
88.800 121 -1723073393
88.827 120 -1723073393
88.853 122 -1723073393
88.880 126 -1723073393
88.907 129 -1723073393
88.933 131 -1723073393
88.960 136 -1723073393
88.987 146 -1723073393
89.013 158 -1723073393
89.040 171 -1723073393
89.067 181 -1723073393
89.093 187 -1723073393
89.120 193 -1723073393
89.147 197 -1723073393
89.173 200 -1723073393
89.200 204 -1723073393
89.227 209 -1723073393
89.253 214 -1723073393
89.280 220 -1723073393
89.307 224 -1723073393
89.333 221 -1723073393
89.360 217 -1723073393
89.387 212 -1723073393
89.413 199 -1723073393
89.440 186 -1723073393
89.467 176 -1723073393
89.493 160 -1723073393
89.520 142 -1723073393
89.547 129 -1723073393
89.573 120 -1723073393
89.600 115 -1723073393
89.627 115 -1723073393
89.653 114 -1723073393
89.680 115 -1723073393
89.707 124 -1723073393
89.733 133 -1723073393
89.760 138 -1723073393
89.787 144 -1723073393
89.813 148 -1723073393
89.840 154 -1723073393
89.867 161 -1723073393
89.893 162 -1723073393
89.920 163 -1723073393
89.947 170 -1723073393
89.973 176 -1723073393
90.000 179 -1723073393
90.027 179 -1723073393
90.053 174 -1723073393
90.080 167 -1723073393
90.107 166 -1723073393
90.133 166 -1723073393
90.160 164 -1723073393
90.187 157 -1723073393
90.213 151 -1723073393
90.240 147 -1723073393
90.267 142 -1723073393
90.293 137 -1723073393
90.320 132 -1723073393
90.347 120 -1723073393
90.373 112 -1723073393
90.400 109 -1723073393
90.427 104 -1723073393
90.453 106 -1723073393
90.480 109 -1723073393
90.507 108 -1723073393
90.533 117 -1723073393
90.560 132 -1723073393
90.587 146 -1723073393
90.613 161 -1723073393
90.640 177 -1723073393
90.667 191 -1723073393
90.693 204 -1723073393
90.720 218 -1723073393
90.747 233 -1723073393
90.773 249 -1723073393
90.800 264 -1723073393
90.827 278 -1723073393
90.853 291 -1723073393
90.880 298 -1723073393
90.907 301 -1723073393
90.933 308 -1723073393
90.960 318 -1723073393
90.987 323 -1723073393
91.013 322 -1723073393
91.040 325 -1723073393
91.067 330 -1723073393
91.093 333 -1723073393
91.120 341 -1723073393
91.147 346 -1723073393
91.173 343 -1723073393
91.200 339 -1723073393
91.227 336 -1723073393
91.253 332 -1723073393
91.280 330 -1723073393
91.307 329 -1723073393
91.333 327 -1723073393
91.360 322 -1723073393
91.387 309 -1723073393
91.413 297 -1723073393
91.440 291 -1723073393
91.467 287 -1723073393
91.493 282 -1723073393
91.520 283 -1723073393
91.547 284 -1723073393
91.573 285 -1723073393
91.600 291 -1723073393
91.627 296 -1723073393
91.653 300 -1723073393
91.680 308 -1723073393
91.707 313 -1723073393
91.733 320 -1723073393
91.760 336 -1723073393
91.787 345 -1723073393
91.813 349 -1723073393
91.840 349 -1723073393
91.867 350 -1723073393
91.893 352 -1723073393
91.920 356 -1723073393
91.947 363 -1723073393
91.973 370 -1723073393
92.000 369 -1723073393
92.027 365 -1723073393
92.053 361 -1723073393
92.080 349 -1723073393
92.107 338 -1723073393
92.133 328 -1723073393
92.160 321 -1723073393
92.187 318 -1723073393
92.213 311 -1723073393
92.240 300 -1723073393
92.267 293 -1723073393
92.293 284 -1723073393
92.320 283 -1723073393
92.347 290 -1723073393
92.373 293 -1723073393
92.400 295 -1723073393
92.427 302 -1723073393
92.453 315 -1723073393
92.480 330 -1723073393
92.507 339 -1723073393
92.533 343 -1723073393
92.560 350 -1723073393
92.587 354 -1723073393
92.613 364 -1723073393
92.640 381 -1723073393
92.667 394 -1723073393
92.693 407 -1723073393
92.720 418 -1723073393
92.747 417 -1723073393
92.773 413 -1723073393
92.800 405 -1723073393
92.827 397 -1723073393
92.853 398 -1723073393
92.880 389 -1723073393
92.907 378 -1723073393
92.933 367 -1723073393
92.960 356 -1723073393
92.987 353 -1723073393
93.013 346 -1723073393
93.040 336 -1723073393
93.067 333 -1723073393
93.093 325 -1723073393
93.120 318 -1723073393
93.147 313 -1723073393
93.173 304 -1723073393
93.200 301 -1723073393
93.227 299 -1723073393
93.253 298 -1723073393
93.280 304 -1723073393
93.307 306 -1723073393
93.333 310 -1723073393
93.360 318 -1723073393
93.387 324 -1723073393
93.413 329 -1723073393
93.440 332 -1723073393
93.467 336 -1723073393
93.493 348 -1723073393
93.520 361 -1723073393
93.547 370 -1723073393
93.573 377 -1723073393
93.600 377 -1723073393
93.627 377 -1723073393
93.653 373 -1723073393
93.680 366 -1723073393
93.707 367 -1723073393
93.733 364 -1723073393
93.760 356 -1723073393
93.787 357 -1723073393
93.813 351 -1723073393
93.840 342 -1723073393
93.867 333 -1723073393
93.893 321 -1723073393
93.920 320 -1723073393
93.947 321 -1723073393
93.973 314 -1723073393
94.000 303 -1723073393
94.027 296 -1723073393
94.053 298 -1723073393
94.080 299 -1723073393
94.107 294 -1723073393
94.133 294 -1723073393
94.160 295 -1723073393
94.187 297 -1723073393
94.213 305 -1723073393
94.240 307 -1723073393
94.267 309 -1723073393
94.293 314 -1723073393
94.320 319 -1723073393
94.347 326 -1723073393
94.373 334 -1723073393
94.400 337 -1723073393
94.427 347 -1723073393
94.453 357 -1723073393
94.480 362 -1723073393
94.507 363 -1723073393
94.533 364 -1723073393
94.560 365 -1723073393
94.587 365 -1723073393
94.613 363 -1723073393
94.640 363 -1723073393
94.667 357 -1723073393
94.693 352 -1723073393
94.720 347 -1723073393
94.747 345 -1723073393
94.773 346 -1723073393
94.800 340 -1723073393
94.827 337 -1723073393
94.853 332 -1723073393
94.880 326 -1723073393
94.907 323 -1723073393
94.933 313 -1723073393
94.960 307 -1723073393
94.987 305 -1723073393
95.013 298 -1723073393
95.040 294 -1723073393
95.067 289 -1723073393
95.093 285 -1723073393
95.120 287 -1723073393
95.147 288 -1723073393
95.173 286 -1723073393
95.200 286 -1723073393
95.227 286 -1723073393
95.253 281 -1723073393
95.280 278 -1723073393
95.307 274 -1723073393
95.333 269 -1723073393
95.360 264 -1723073393
95.387 258 -1723073393
95.413 258 -1723073393
95.440 261 -1723073393
95.467 259 -1723073393
95.493 254 -1723073393
95.520 243 -1723073393
95.547 231 -1723073393
95.573 218 -1723073393
95.600 207 -1723073393
95.627 193 -1723073393
95.653 179 -1723073393
95.680 172 -1723073393
95.707 166 -1723073393
95.733 163 -1723073393
95.760 161 -1723073393
95.787 151 -1723073393
95.813 146 -1723073393
95.840 135 -1723073393
95.867 128 -1723073393
95.893 132 -1723073393
95.920 131 -1723073393
95.947 133 -1723073393
95.973 133 -1723073393
96.000 138 -1723073393
96.027 148 -1723073393
96.053 157 -1723073393
96.080 178 -1723073393
96.107 193 -1723073393
96.133 202 -1723073393
96.160 205 -1723073393
96.187 203 -1723073393
96.213 204 -1723073393
96.240 205 -1723073393
96.267 203 -1723073393
96.293 206 -1723073393
96.320 212 -1723073393
96.347 211 -1723073393
96.373 206 -1723073393
96.400 202 -1723073393
96.427 201 -1723073393
96.453 192 -1723073393
96.480 181 -1723073393
96.507 175 -1723073393
96.533 161 -1723073393
96.560 147 -1723073393
96.587 133 -1723073393
96.613 124 -1723073393
96.640 115 -1723073393
96.667 104 -1723073393
96.693 95 -1723073393
96.720 90 -1723073393
96.747 88 -1723073393
96.773 81 -1723073393
96.800 80 -1723073393
96.827 73 -1723073393
96.853 77 -1723073393
96.880 81 -1723073393
96.907 75 -1723073393
96.933 76 -1723073393
96.960 74 -1723073393
96.987 80 -1723073393
97.013 88 -1723073393
97.040 89 -1723073393
97.067 93 -1723073393
97.093 93 -1723073393
97.120 88 -1723073393
97.147 78 -1723073393
97.173 73 -1723073393
97.200 77 -1723073393
97.227 77 -1723073393
97.253 82 -1723073393
97.280 74 -1723073393
97.307 61 -1723073393
97.333 50 -1723073393
97.360 42 -1723073393
97.387 38 -1723073393
97.413 33 -1723073393
97.440 33 -1723073393
97.467 24 -1723073393
97.493 25 -1723073393
97.520 32 -1723073393
97.547 37 -1723073393
97.573 42 -1723073393
97.600 42 -1723073393
97.627 46 -1723073393
97.653 48 -1723073393
97.680 50 -1723073393
97.707 52 -1723073393
97.733 53 -1723073393
97.760 60 -1723073393
97.787 67 -1723073393
97.813 75 -1723073393
97.840 82 -1723073393
97.867 87 -1723073393
97.893 90 -1723073393
97.920 95 -1723073393
97.947 91 -1723073393
97.973 87 -1723073393
98.000 90 -1723073393
98.027 88 -1723073393
98.053 87 -1723073393
98.080 86 -1723073393
98.107 94 -1723073393
98.133 103 -1723073393
98.160 104 -1723073393
98.187 102 -1723073393
98.213 100 -1723073393
98.240 103 -1723073393
98.267 105 -1723073393
98.293 102 -1723073393
98.320 93 -1723073393
98.347 83 -1723073393
98.373 76 -1723073393
98.400 76 -1723073393
98.427 71 -1723073393
98.453 63 -1723073393
98.480 59 -1723073393
98.507 51 -1723073393
98.533 48 -1723073393
98.560 38 -1723073393
98.587 37 -1723073393
98.613 39 -1723073393
98.640 34 -1723073393
98.667 27 -1723073393
98.693 21 -1723073393
98.720 21 -1723073393
98.747 19 -1723073393
98.773 24 -1723073393
98.800 27 -1723073393
98.827 38 -1723073393
98.853 37 -1723073393
98.880 41 -1723073393
98.907 39 -1723073393
98.933 34 -1723073393
98.960 26 -1723073393
98.987 18 -1723073393
99.013 17 -1723073393
99.040 12 -1723073393
99.067 8 -1723073393
99.093 5 -1723073393
99.120 11 -1723073393
99.147 12 -1723073393
99.173 11 -1723073393
99.200 1 -1723073393
99.227 -2 -1723073393
99.253 -9 -1723073393
99.280 -11 -1723073393
99.307 -18 -1723073393
99.333 -24 -1723073393
99.360 -34 -1723073393
99.387 -38 -1723073393
99.413 -37 -1723073393
99.440 -37 -1723073393
99.467 -35 -1723073393
99.493 -36 -1723073393
99.520 -37 -1723073393
99.547 -41 -1723073393
99.573 -42 -1723073393
99.600 -42 -1723073393
99.627 -37 -1723073393
99.653 -40 -1723073393
99.680 -30 -1723073393
99.707 -32 -1723073393
99.733 -20 -1723073393
99.760 -22 -1723073393
99.787 -6 -1723073393
99.813 0 -1723073393
99.840 17 -1723073393
99.867 27 -1723073393
99.893 40 -1723073393
99.920 38 -1723073393
99.947 39 -1723073393
99.973 39 -1723073393
100.000 0 -1723073393
