0.000 24 -1723073393
0.027 18 -1723073393
0.053 27 -1723073393
0.080 27 -1723073393
0.107 25 -1723073393
0.133 36 -1723073393
0.160 28 -1723073393
0.187 22 -1723073393
0.213 22 -1723073393
0.240 12 -1723073393
0.267 22 -1723073393
0.293 25 -1723073393
0.320 17 -1723073393
0.347 29 -1723073393
0.373 20 -1723073393
0.400 14 -1723073393
0.427 22 -1723073393
0.453 12 -1723073393
0.480 21 -1723073393
0.507 26 -1723073393
0.533 16 -1723073393
0.560 21 -1723073393
0.587 10 -1723073393
0.613 6 -1723073393
0.640 17 -1723073393
0.667 9 -1723073393
0.693 12 -1723073393
0.720 18 -1723073393
0.747 13 -1723073393
0.773 24 -1723073393
0.800 18 -1723073393
0.827 7 -1723073393
0.853 10 -1723073393
0.880 2 -1723073393
0.907 5 -1723073393
0.933 10 -1723073393
0.960 0 -1723073393
0.987 10 -1723073393
1.013 16 -1723073393
1.040 11 -1723073393
1.067 19 -1723073393
1.093 8 -1723073393
1.120 1 -1723073393
1.147 5 -1723073393
1.173 -8 -1723073393
1.200 -5 -1723073393
1.227 1 -1723073393
1.253 -6 -1723073393
1.280 1 -1723073393
1.307 -3 -1723073393
1.333 -6 -1723073393
1.360 4 -1723073393
1.387 -3 -1723073393
1.413 -3 -1723073393
1.440 2 -1723073393
1.467 -4 -1723073393
1.493 2 -1723073393
1.520 0 -1723073393
1.547 -10 -1723073393
1.573 -3 -1723073393
1.600 -12 -1723073393
1.627 -15 -1723073393
1.653 -7 -1723073393
1.680 -13 -1723073393
1.707 -7 -1723073393
1.733 -4 -1723073393
1.760 -16 -1723073393
1.787 -12 -1723073393
1.813 -17 -1723073393
1.840 -18 -1723073393
1.867 -6 -1723073393
1.893 -13 -1723073393
1.920 -14 -1723073393
1.947 -10 -1723073393
1.973 -22 -1723073393
2.000 -19 -1723073393
2.027 -23 -1723073393
2.053 -34 -1723073393
2.080 -22 -1723073393
2.107 -25 -1723073393
2.133 -21 -1723073393
2.160 -6 -1723073393
2.187 -18 -1723073393
2.213 -10 -1723073393
2.240 -4 -1723073393
2.267 -16 -1723073393
2.293 -10 -1723073393
2.320 -15 -1723073393
2.347 -23 -1723073393
2.373 -16 -1723073393
2.400 -24 -1723073393
2.427 -23 -1723073393
2.453 -21 -1723073393
2.480 -37 -1723073393
2.507 -28 -1723073393
2.533 -24 -1723073393
2.560 -32 -1723073393
2.587 -21 -1723073393
2.613 -30 -1723073393
2.640 -34 -1723073393
2.667 -24 -1723073393
2.693 -34 -1723073393
2.720 -23 -1723073393
2.747 -16 -1723073393
2.773 -24 -1723073393
2.800 -12 -1723073393
2.827 -17 -1723073393
2.853 -20 -1723073393
2.880 -7 -1723073393
2.907 -18 -1723073393
2.933 -17 -1723073393
2.960 -13 -1723073393
2.987 -25 -1723073393
3.013 -11 -1723073393
3.040 -8 -1723073393
3.067 -17 -1723073393
3.093 -5 -1723073393
3.120 -14 -1723073393
3.147 -21 -1723073393
3.173 -16 -1723073393
3.200 -30 -1723073393
3.227 -25 -1723073393
3.253 -23 -1723073393
3.280 -34 -1723073393
3.307 -20 -1723073393
3.333 -24 -1723073393
3.360 -34 -1723073393
3.387 -23 -1723073393
3.413 -36 -1723073393
3.440 -37 -1723073393
3.467 -32 -1723073393
3.493 -46 -1723073393
3.520 -34 -1723073393
3.547 -31 -1723073393
3.573 -40 -1723073393
3.600 -25 -1723073393
3.627 -29 -1723073393
3.653 -33 -1723073393
3.680 -23 -1723073393
3.707 -35 -1723073393
3.733 -30 -1723073393
3.760 -23 -1723073393
3.787 -33 -1723073393
3.813 -20 -1723073393
3.840 -21 -1723073393
3.867 -26 -1723073393
3.893 -12 -1723073393
3.920 -21 -1723073393
3.947 -23 -1723073393
3.973 -15 -1723073393
4.000 -29 -1723073393
4.027 -31 -1723073393
4.053 -31 -1723073393
4.080 -35 -1723073393
4.107 -21 -1723073393
4.133 -22 -1723073393
4.160 -24 -1723073393
4.187 -14 -1723073393
4.213 -28 -1723073393
4.240 -32 -1723073393
4.267 -27 -1723073393
4.293 -36 -1723073393
4.320 -30 -1723073393
4.347 -32 -1723073393
4.373 -43 -1723073393
4.400 -33 -1723073393
4.427 -34 -1723073393
4.453 -31 -1723073393
4.480 -17 -1723073393
4.507 -24 -1723073393
4.533 -20 -1723073393
4.560 -14 -1723073393
4.587 -25 -1723073393
4.613 -15 -1723073393
4.640 -14 -1723073393
4.667 -23 -1723073393
4.693 -13 -1723073393
4.720 -21 -1723073393
4.747 -23 -1723073393
4.773 -15 -1723073393
4.800 -25 -1723073393
4.827 -20 -1723073393
4.853 -15 -1723073393
4.880 -24 -1723073393
4.907 -20 -1723073393
4.933 -24 -1723073393
4.960 -29 -1723073393
4.987 -18 -1723073393
5.013 -27 -1723073393
5.040 -31 -1723073393
5.067 -22 -1723073393
5.093 -32 -1723073393
5.120 -23 -1723073393
5.147 -11 -1723073393
5.173 -15 -1723073393
5.200 -3 -1723073393
5.227 -6 -1723073393
5.253 -18 -1723073393
5.280 -12 -1723073393
5.307 -24 -1723073393
5.333 -31 -1723073393
5.360 -23 -1723073393
5.387 -31 -1723073393
5.413 -22 -1723073393
5.440 -15 -1723073393
5.467 -23 -1723073393
5.493 -14 -1723073393
5.520 -12 -1723073393
5.547 -15 -1723073393
5.573 -10 -1723073393
5.600 -17 -1723073393
5.627 -14 -1723073393
5.653 -4 -1723073393
5.680 -13 -1723073393
5.707 -10 -1723073393
5.733 -4 -1723073393
5.760 -7 -1723073393
5.787 6 -1723073393
5.813 10 -1723073393
5.840 6 -1723073393
5.867 14 -1723073393
5.893 2 -1723073393
5.920 -5 -1723073393
5.947 -3 -1723073393
5.973 -13 -1723073393
6.000 -8 -1723073393
6.027 -3 -1723073393
6.053 -8 -1723073393
6.080 -2 -1723073393
6.107 -7 -1723073393
6.133 -15 -1723073393
6.160 -12 -1723073393
6.187 -19 -1723073393
6.213 -18 -1723073393
6.240 -7 -1723073393
6.267 -8 -1723073393
6.293 -2 -1723073393
6.320 -1 -1723073393
6.347 -12 -1723073393
6.373 -6 -1723073393
6.400 -5 -1723073393
6.427 -9 -1723073393
6.453 -4 -1723073393
6.480 -12 -1723073393
6.507 -15 -1723073393
6.533 -9 -1723073393
6.560 -13 -1723073393
6.587 -1 -1723073393
6.613 5 -1723073393
6.640 -3 -1723073393
6.667 -1 -1723073393
6.693 -4 -1723073393
6.720 -11 -1723073393
6.747 -5 -1723073393
6.773 -9 -1723073393
6.800 -8 -1723073393
6.827 -2 -1723073393
6.853 -16 -1723073393
6.880 -21 -1723073393
6.907 -24 -1723073393
6.933 -37 -1723073393
6.960 -27 -1723073393
6.987 -23 -1723073393
7.013 -26 -1723073393
7.040 -11 -1723073393
7.067 -8 -1723073393
7.093 -8 -1723073393
7.120 -1 -1723073393
7.147 -9 -1723073393
7.173 -8 -1723073393
7.200 -8 -1723073393
7.227 -16 -1723073393
7.253 -11 -1723073393
7.280 -14 -1723073393
7.307 -26 -1723073393
7.333 -23 -1723073393
7.360 -28 -1723073393
7.387 -32 -1723073393
7.413 -32 -1723073393
7.440 -42 -1723073393
7.467 -38 -1723073393
7.493 -25 -1723073393
7.520 -23 -1723073393
7.547 -16 -1723073393
7.573 -16 -1723073393
7.600 -22 -1723073393
7.627 -15 -1723073393
7.653 -19 -1723073393
7.680 -24 -1723073393
7.707 -20 -1723073393
7.733 -27 -1723073393
7.760 -28 -1723073393
7.787 -23 -1723073393
7.813 -31 -1723073393
7.840 -24 -1723073393
7.867 -24 -1723073393
7.893 -30 -1723073393
7.920 -23 -1723073393
7.947 -26 -1723073393
7.973 -28 -1723073393
8.000 -20 -1723073393
8.027 -28 -1723073393
8.053 -31 -1723073393
8.080 -27 -1723073393
8.107 -37 -1723073393
8.133 -39 -1723073393
8.160 -38 -1723073393
8.187 -43 -1723073393
8.213 -34 -1723073393
8.240 -30 -1723073393
8.267 -31 -1723073393
8.293 -21 -1723073393
8.320 -25 -1723073393
8.347 -28 -1723073393
8.373 -25 -1723073393
8.400 -29 -1723073393
8.427 -23 -1723073393
8.453 -21 -1723073393
8.480 -26 -1723073393
8.507 -15 -1723073393
8.533 -7 -1723073393
8.560 -6 -1723073393
8.587 4 -1723073393
8.613 4 -1723073393
8.640 0 -1723073393
8.667 5 -1723073393
8.693 0 -1723073393
8.720 -5 -1723073393
8.747 -5 -1723073393
8.773 -13 -1723073393
8.800 -11 -1723073393
8.827 -6 -1723073393
8.853 -11 -1723073393
8.880 -10 -1723073393
8.907 -13 -1723073393
8.933 -19 -1723073393
8.960 -19 -1723073393
8.987 -27 -1723073393
9.013 -28 -1723073393
9.040 -20 -1723073393
9.067 -27 -1723073393
9.093 -27 -1723073393
9.120 -24 -1723073393
9.147 -28 -1723073393
9.173 -26 -1723073393
9.200 -26 -1723073393
9.227 -31 -1723073393
9.253 -24 -1723073393
9.280 -23 -1723073393
9.307 -27 -1723073393
9.333 -23 -1723073393
9.360 -26 -1723073393
9.387 -28 -1723073393
9.413 -24 -1723073393
9.440 -28 -1723073393
9.467 -25 -1723073393
9.493 -19 -1723073393
9.520 -22 -1723073393
9.547 -18 -1723073393
9.573 -23 -1723073393
9.600 -33 -1723073393
9.627 -35 -1723073393
9.653 -43 -1723073393
9.680 -43 -1723073393
9.707 -33 -1723073393
9.733 -35 -1723073393
9.760 -36 -1723073393
9.787 -33 -1723073393
9.813 -40 -1723073393
9.840 -44 -1723073393
9.867 -44 -1723073393
9.893 -46 -1723073393
9.920 -39 -1723073393
9.947 -39 -1723073393
9.973 -41 -1723073393
10.000 -38 -1723073393
10.027 -44 -1723073393
10.053 -43 -1723073393
10.080 -37 -1723073393
10.107 -43 -1723073393
10.133 -39 -1723073393
10.160 -35 -1723073393
10.187 -36 -1723073393
10.213 -28 -1723073393
10.240 -23 -1723073393
10.267 -19 -1723073393
10.293 -7 -1723073393
10.320 0 -1723073393
10.347 9 -1723073393
10.373 25 -1723073393
10.400 36 -1723073393
10.427 55 -1723073393
10.453 80 -1723073393
10.480 99 -1723073393
10.507 122 -1723073393
10.533 145 -1723073393
10.560 164 -1723073393
10.587 183 -1723073393
10.613 196 -1723073393
10.640 201 -1723073393
10.667 206 -1723073393
10.693 206 -1723073393
10.720 201 -1723073393
10.747 196 -1723073393
10.773 188 -1723073393
10.800 174 -1723073393
10.827 154 -1723073393
10.853 127 -1723073393
10.880 105 -1723073393
10.907 84 -1723073393
10.933 57 -1723073393
10.960 32 -1723073393
10.987 8 -1723073393
11.013 -12 -1723073393
11.040 -21 -1723073393
11.067 -34 -1723073393
11.093 -47 -1723073393
11.120 -52 -1723073393
11.147 -65 -1723073393
11.173 -79 -1723073393
11.200 -86 -1723073393
11.227 -95 -1723073393
11.253 -98 -1723073393
11.280 -96 -1723073393
11.307 -99 -1723073393
11.333 -96 -1723073393
11.360 -96 -1723073393
11.387 -99 -1723073393
11.413 -95 -1723073393
11.440 -91 -1723073393
11.467 -90 -1723073393
11.493 -86 -1723073393
11.520 -94 -1723073393
11.547 -106 -1723073393
11.573 -109 -1723073393
11.600 -119 -1723073393
11.627 -119 -1723073393
11.653 -110 -1723073393
11.680 -106 -1723073393
11.707 -95 -1723073393
11.733 -90 -1723073393
11.760 -91 -1723073393
11.787 -80 -1723073393
11.813 -69 -1723073393
11.840 -52 -1723073393
11.867 -30 -1723073393
11.893 -15 -1723073393
11.920 6 -1723073393
11.947 29 -1723073393
11.973 41 -1723073393
12.000 57 -1723073393
12.027 72 -1723073393
12.053 79 -1723073393
12.080 85 -1723073393
12.107 87 -1723073393
12.133 89 -1723073393
12.160 95 -1723073393
12.187 94 -1723073393
12.213 96 -1723073393
12.240 108 -1723073393
12.267 110 -1723073393
12.293 116 -1723073393
12.320 133 -1723073393
12.347 143 -1723073393
12.373 153 -1723073393
12.400 169 -1723073393
12.427 183 -1723073393
12.453 204 -1723073393
12.480 228 -1723073393
12.507 247 -1723073393
12.533 266 -1723073393
12.560 279 -1723073393
12.587 288 -1723073393
12.613 296 -1723073393
12.640 294 -1723073393
12.667 286 -1723073393
12.693 271 -1723073393
12.720 243 -1723073393
12.747 210 -1723073393
12.773 180 -1723073393
12.800 142 -1723073393
12.827 106 -1723073393
12.853 68 -1723073393
12.880 22 -1723073393
12.907 -14 -1723073393
12.933 -51 -1723073393
12.960 -88 -1723073393
12.987 -108 -1723073393
13.013 -131 -1723073393
13.040 -151 -1723073393
13.067 -159 -1723073393
13.093 -172 -1723073393
13.120 -177 -1723073393
13.147 -173 -1723073393
13.173 -182 -1723073393
13.200 -179 -1723073393
13.227 -171 -1723073393
13.253 -174 -1723073393
13.280 -162 -1723073393
13.307 -152 -1723073393
13.333 -148 -1723073393
13.360 -135 -1723073393
13.387 -134 -1723073393
13.413 -134 -1723073393
13.440 -121 -1723073393
13.467 -116 -1723073393
13.493 -102 -1723073393
13.520 -80 -1723073393
13.547 -77 -1723073393
13.573 -68 -1723073393
13.600 -54 -1723073393
13.627 -53 -1723073393
13.653 -36 -1723073393
13.680 -19 -1723073393
13.707 -14 -1723073393
13.733 8 -1723073393
13.760 26 -1723073393
13.787 31 -1723073393
13.813 50 -1723073393
13.840 63 -1723073393
13.867 72 -1723073393
13.893 84 -1723073393
13.920 83 -1723073393
13.947 85 -1723073393
13.973 89 -1723073393
14.000 73 -1723073393
14.027 59 -1723073393
14.053 40 -1723073393
14.080 5 -1723073393
14.107 -27 -1723073393
14.133 -68 -1723073393
14.160 -110 -1723073393
14.187 -135 -1723073393
14.213 -166 -1723073393
14.240 -202 -1723073393
14.267 -229 -1723073393
14.293 -269 -1723073393
14.320 -305 -1723073393
14.347 -324 -1723073393
14.373 -351 -1723073393
14.400 -368 -1723073393
14.427 -368 -1723073393
14.453 -385 -1723073393
14.480 -385 -1723073393
14.507 -379 -1723073393
14.533 -389 -1723073393
14.560 -380 -1723073393
14.587 -373 -1723073393
14.613 -379 -1723073393
14.640 -368 -1723073393
14.667 -371 -1723073393
14.693 -381 -1723073393
14.720 -372 -1723073393
14.747 -381 -1723073393
14.773 -393 -1723073393
14.800 -388 -1723073393
14.827 -400 -1723073393
14.853 -403 -1723073393
14.880 -401 -1723073393
14.907 -420 -1723073393
14.933 -423 -1723073393
14.960 -420 -1723073393
14.987 -439 -1723073393
15.013 -438 -1723073393
15.040 -436 -1723073393
15.067 -444 -1723073393
15.093 -426 -1723073393
15.120 -422 -1723073393
15.147 -428 -1723073393
15.173 -412 -1723073393
15.200 -412 -1723073393
15.227 -414 -1723073393
15.253 -401 -1723073393
15.280 -412 -1723073393
15.307 -411 -1723073393
15.333 -399 -1723073393
15.360 -410 -1723073393
15.387 -407 -1723073393
15.413 -406 -1723073393
15.440 -430 -1723073393
15.467 -437 -1723073393
15.493 -453 -1723073393
15.520 -487 -1723073393
15.547 -504 -1723073393
15.573 -532 -1723073393
15.600 -572 -1723073393
15.627 -597 -1723073393
15.653 -640 -1723073393
15.680 -680 -1723073393
15.707 -699 -1723073393
15.733 -744 -1723073393
15.760 -781 -1723073393
15.787 -798 -1723073393
15.813 -841 -1723073393
15.840 -867 -1723073393
15.867 -883 -1723073393
15.893 -928 -1723073393
15.920 -948 -1723073393
15.947 -970 -1723073393
15.973 -1012 -1723073393
16.000 -1023 -1723073393
16.027 -1049 -1723073393
16.053 -1092 -1723073393
16.080 -1098 -1723073393
16.107 -1122 -1723073393
16.133 -1153 -1723073393
16.160 -1157 -1723073393
16.187 -1184 -1723073393
16.213 -1194 -1723073393
16.240 -1165 -1723073393
16.267 -1153 -1723073393
16.293 -1104 -1723073393
16.320 -1013 -1723073393
16.347 -938 -1723073393
16.373 -800 -1723073393
16.400 -607 -1723073393
16.427 -394 -1723073393
16.453 -85 -1723073393
16.480 274 -1723073393
16.507 671 -1723073393
16.533 1166 -1723073393
16.560 1715 -1723073393
16.587 2318 -1723073393
16.613 2970 -1723073393
16.640 3654 -1723073393
16.667 4366 -1723073393
16.693 5055 -1723073393
16.720 5754 -1723073393
16.747 6368 -1723073393
16.773 6844 -1723073393
16.800 7292 -1723073393
16.827 7551 -1723073393
16.853 7598 -1723073393
16.880 7609 -1723073393
16.907 7346 -1723073393
16.933 6883 -1723073393
16.960 6426 -1723073393
16.987 5682 -1723073393
17.013 4846 -1723073393
17.040 4069 -1723073393
17.067 3101 -1723073393
17.093 2158 -1723073393
17.120 1289 -1723073393
17.147 370 -1723073393
17.173 -440 -1723073393
17.200 -1155 -1723073393
17.227 -1821 -1723073393
17.253 -2402 -1723073393
17.280 -2860 -1723073393
17.307 -3214 -1723073393
17.333 -3535 -1723073393
17.360 -3740 -1723073393
17.387 -3852 -1723073393
17.413 -3983 -1723073393
17.440 -4000 -1723073393
17.467 -3972 -1723073393
17.493 -4014 -1723073393
17.520 -3952 -1723073393
17.547 -3903 -1723073393
17.573 -3936 -1723073393
17.600 -3879 -1723073393
17.627 -3863 -1723073393
17.653 -3906 -1723073393
17.680 -3864 -1723073393
17.707 -3895 -1723073393
17.733 -3953 -1723073393
17.760 -3932 -1723073393
17.787 -3997 -1723073393
17.813 -4044 -1723073393
17.840 -4010 -1723073393
17.867 -4061 -1723073393
17.893 -4056 -1723073393
17.920 -3974 -1723073393
17.947 -3969 -1723073393
17.973 -3863 -1723073393
18.000 -3685 -1723073393
18.027 -3570 -1723073393
18.053 -3318 -1723073393
18.080 -3017 -1723073393
18.107 -2755 -1723073393
18.133 -2349 -1723073393
18.160 -1903 -1723073393
18.187 -1445 -1723073393
18.213 -848 -1723073393
18.240 -230 -1723073393
18.267 429 -1723073393
18.293 1210 -1723073393
18.320 2044 -1723073393
18.347 2933 -1723073393
18.373 3902 -1723073393
18.400 4950 -1723073393
18.427 6060 -1723073393
18.453 7229 -1723073393
18.480 8486 -1723073393
18.507 9734 -1723073393
18.533 10963 -1723073393
18.560 12316 -1723073393
18.587 13553 -1723073393
18.613 14650 -1723073393
18.640 15813 -1723073393
18.667 16642 -1723073393
18.693 17273 -1723073393
18.720 17942 -1723073393
18.747 18040 -1723073393
18.773 17962 -1723073393
18.800 17852 -1723073393
18.827 17092 -1723073393
18.853 16270 -1723073393
18.880 15375 -1723073393
18.907 13910 -1723073393
18.933 12575 -1723073393
18.960 11180 -1723073393
18.987 9349 -1723073393
19.013 7825 -1723073393
19.040 6287 -1723073393
19.067 4569 -1723073393
19.093 3169 -1723073393
19.120 1787 -1723073393
19.147 434 -1723073393
19.173 -653 -1723073393
19.200 -1655 -1723073393
19.227 -2550 -1723073393
19.253 -3304 -1723073393
19.280 -3908 -1723073393
19.307 -4401 -1723073393
19.333 -4848 -1723073393
19.360 -5143 -1723073393
19.387 -5397 -1723073393
19.413 -5652 -1723073393
19.440 -5736 -1723073393
19.467 -5837 -1723073393
19.493 -5969 -1723073393
19.520 -5941 -1723073393
19.547 -5989 -1723073393
19.573 -6048 -1723073393
19.600 -5957 -1723073393
19.627 -5979 -1723073393
19.653 -5988 -1723073393
19.680 -5857 -1723073393
19.707 -5854 -1723073393
19.733 -5791 -1723073393
19.760 -5606 -1723073393
19.787 -5552 -1723073393
19.813 -5408 -1723073393
19.840 -5175 -1723073393
19.867 -5064 -1723073393
19.893 -4850 -1723073393
19.920 -4584 -1723073393
19.947 -4441 -1723073393
19.973 -4200 -1723073393
20.000 -3958 -1723073393
20.027 -3828 -1723073393
20.053 -3624 -1723073393
20.080 -3490 -1723073393
20.107 -3462 -1723073393
20.133 -3390 -1723073393
20.160 -3420 -1723073393
20.187 -3552 -1723073393
20.213 -3662 -1723073393
20.240 -3891 -1723073393
20.267 -4193 -1723073393
20.293 -4465 -1723073393
20.320 -4862 -1723073393
20.347 -5279 -1723073393
20.373 -5636 -1723073393
20.400 -6105 -1723073393
20.427 -6536 -1723073393
20.453 -6866 -1723073393
20.480 -7289 -1723073393
20.507 -7587 -1723073393
20.533 -7747 -1723073393
20.560 -7995 -1723073393
20.587 -8041 -1723073393
20.613 -7957 -1723073393
20.640 -7965 -1723073393
20.667 -7743 -1723073393
20.693 -7445 -1723073393
20.720 -7252 -1723073393
20.747 -6818 -1723073393
20.773 -6381 -1723073393
20.800 -6040 -1723073393
20.827 -5502 -1723073393
20.853 -5028 -1723073393
20.880 -4648 -1723073393
20.907 -4131 -1723073393
20.933 -3716 -1723073393
20.960 -3361 -1723073393
20.987 -2896 -1723073393
21.013 -2557 -1723073393
21.040 -2255 -1723073393
21.067 -1889 -1723073393
21.093 -1619 -1723073393
21.120 -1356 -1723073393
21.147 -1065 -1723073393
21.173 -859 -1723073393
21.200 -650 -1723073393
21.227 -431 -1723073393
21.253 -268 -1723073393
21.280 -99 -1723073393
21.307 61 -1723073393
21.333 183 -1723073393
21.360 309 -1723073393
21.387 431 -1723073393
21.413 530 -1723073393
21.440 623 -1723073393
21.467 707 -1723073393
21.493 779 -1723073393
21.520 843 -1723073393
21.547 892 -1723073393
21.573 935 -1723073393
21.600 963 -1723073393
21.627 984 -1723073393
21.653 1012 -1723073393
21.680 1028 -1723073393
21.707 1043 -1723073393
21.733 1060 -1723073393
21.760 1058 -1723073393
21.787 1059 -1723073393
21.813 1066 -1723073393
21.840 1067 -1723073393
21.867 1080 -1723073393
21.893 1092 -1723073393
21.920 1084 -1723073393
21.947 1087 -1723073393
21.973 1085 -1723073393
22.000 1066 -1723073393
22.027 1060 -1723073393
22.053 1055 -1723073393
22.080 1041 -1723073393
22.107 1046 -1723073393
22.133 1056 -1723073393
22.160 1068 -1723073393
22.187 1107 -1723073393
22.213 1155 -1723073393
22.240 1218 -1723073393
22.267 1314 -1723073393
22.293 1423 -1723073393
22.320 1547 -1723073393
22.347 1697 -1723073393
22.373 1836 -1723073393
22.400 1982 -1723073393
22.427 2145 -1723073393
22.453 2273 -1723073393
22.480 2399 -1723073393
22.507 2531 -1723073393
22.533 2605 -1723073393
22.560 2679 -1723073393
22.587 2745 -1723073393
22.613 2726 -1723073393
22.640 2720 -1723073393
22.667 2698 -1723073393
22.693 2587 -1723073393
22.720 2502 -1723073393
22.747 2397 -1723073393
22.773 2227 -1723073393
22.800 2101 -1723073393
22.827 1965 -1723073393
22.853 1791 -1723073393
22.880 1676 -1723073393
22.907 1559 -1723073393
22.933 1427 -1723073393
22.960 1349 -1723073393
22.987 1277 -1723073393
23.013 1207 -1723073393
23.040 1179 -1723073393
23.067 1150 -1723073393
23.093 1118 -1723073393
23.120 1117 -1723073393
23.147 1109 -1723073393
23.173 1093 -1723073393
23.200 1096 -1723073393
23.227 1090 -1723073393
23.253 1077 -1723073393
23.280 1086 -1723073393
23.307 1081 -1723073393
23.333 1073 -1723073393
23.360 1079 -1723073393
23.387 1068 -1723073393
23.413 1062 -1723073393
23.440 1066 -1723073393
23.467 1045 -1723073393
23.493 1020 -1723073393
23.520 1001 -1723073393
23.547 962 -1723073393
23.573 929 -1723073393
23.600 904 -1723073393
23.627 855 -1723073393
23.653 809 -1723073393
23.680 773 -1723073393
23.707 719 -1723073393
23.733 670 -1723073393
23.760 634 -1723073393
23.787 586 -1723073393
23.813 547 -1723073393
23.840 516 -1723073393
23.867 475 -1723073393
23.893 437 -1723073393
23.920 402 -1723073393
23.947 361 -1723073393
23.973 324 -1723073393
24.000 294 -1723073393
24.027 261 -1723073393
24.053 234 -1723073393
24.080 226 -1723073393
24.107 222 -1723073393
24.133 221 -1723073393
24.160 230 -1723073393
24.187 244 -1723073393
24.213 257 -1723073393
24.240 279 -1723073393
24.267 294 -1723073393
24.293 301 -1723073393
24.320 304 -1723073393
24.347 292 -1723073393
24.373 278 -1723073393
24.400 274 -1723073393
24.427 266 -1723073393
24.453 260 -1723073393
24.480 261 -1723073393
24.507 263 -1723073393
24.533 272 -1723073393
24.560 290 -1723073393
24.587 305 -1723073393
24.613 328 -1723073393
24.640 362 -1723073393
24.667 400 -1723073393
24.693 448 -1723073393
24.720 496 -1723073393
24.747 542 -1723073393
24.773 595 -1723073393
24.800 646 -1723073393
24.827 689 -1723073393
24.853 729 -1723073393
24.880 747 -1723073393
24.907 754 -1723073393
24.933 749 -1723073393
24.960 712 -1723073393
24.987 665 -1723073393
25.013 614 -1723073393
25.040 542 -1723073393
25.067 467 -1723073393
25.093 393 -1723073393
25.120 307 -1723073393
25.147 232 -1723073393
25.173 174 -1723073393
25.200 124 -1723073393
25.227 84 -1723073393
25.253 64 -1723073393
25.280 51 -1723073393
25.307 42 -1723073393
25.333 54 -1723073393
25.360 68 -1723073393
25.387 81 -1723073393
25.413 111 -1723073393
25.440 135 -1723073393
25.467 147 -1723073393
25.493 162 -1723073393
25.520 162 -1723073393
25.547 148 -1723073393
25.573 134 -1723073393
25.600 109 -1723073393
25.627 81 -1723073393
25.653 56 -1723073393
25.680 22 -1723073393
25.707 -19 -1723073393
25.733 -62 -1723073393
25.760 -116 -1723073393
25.787 -169 -1723073393
25.813 -203 -1723073393
25.840 -239 -1723073393
25.867 -266 -1723073393
25.893 -270 -1723073393
25.920 -272 -1723073393
25.947 -266 -1723073393
25.973 -226 -1723073393
26.000 -190 -1723073393
26.027 -152 -1723073393
26.053 -85 -1723073393
26.080 -30 -1723073393
26.107 22 -1723073393
26.133 91 -1723073393
26.160 147 -1723073393
26.187 205 -1723073393
26.213 270 -1723073393
26.240 320 -1723073393
26.267 360 -1723073393
26.293 390 -1723073393
26.320 406 -1723073393
26.347 412 -1723073393
26.373 409 -1723073393
26.400 398 -1723073393
26.427 381 -1723073393
26.453 352 -1723073393
26.480 311 -1723073393
26.507 270 -1723073393
26.533 225 -1723073393
26.560 175 -1723073393
26.587 127 -1723073393
26.613 77 -1723073393
26.640 28 -1723073393
26.667 -5 -1723073393
26.693 -31 -1723073393
26.720 -58 -1723073393
26.747 -71 -1723073393
26.773 -78 -1723073393
26.800 -94 -1723073393
26.827 -100 -1723073393
26.853 -101 -1723073393
26.880 -120 -1723073393
26.907 -134 -1723073393
26.933 -143 -1723073393
26.960 -164 -1723073393
26.987 -178 -1723073393
27.013 -189 -1723073393
27.040 -208 -1723073393
27.067 -210 -1723073393
27.093 -202 -1723073393
27.120 -205 -1723073393
27.147 -195 -1723073393
27.173 -178 -1723073393
27.200 -174 -1723073393
27.227 -161 -1723073393
27.253 -149 -1723073393
27.280 -142 -1723073393
27.307 -120 -1723073393
27.333 -100 -1723073393
27.360 -93 -1723073393
27.387 -78 -1723073393
27.413 -69 -1723073393
27.440 -74 -1723073393
27.467 -73 -1723073393
27.493 -78 -1723073393
27.520 -88 -1723073393
27.547 -84 -1723073393
27.573 -85 -1723073393
27.600 -93 -1723073393
27.627 -97 -1723073393
27.653 -108 -1723073393
27.680 -122 -1723073393
27.707 -125 -1723073393
27.733 -135 -1723073393
27.760 -144 -1723073393
27.787 -143 -1723073393
27.813 -149 -1723073393
27.840 -154 -1723073393
27.867 -148 -1723073393
27.893 -146 -1723073393
27.920 -143 -1723073393
27.947 -130 -1723073393
27.973 -122 -1723073393
28.000 -108 -1723073393
28.027 -82 -1723073393
28.053 -62 -1723073393
28.080 -35 -1723073393
28.107 1 -1723073393
28.133 32 -1723073393
28.160 66 -1723073393
28.187 104 -1723073393
28.213 132 -1723073393
28.240 168 -1723073393
28.267 207 -1723073393
28.293 234 -1723073393
28.320 260 -1723073393
28.347 283 -1723073393
28.373 296 -1723073393
28.400 312 -1723073393
28.427 326 -1723073393
28.453 330 -1723073393
28.480 331 -1723073393
28.507 324 -1723073393
28.533 302 -1723073393
28.560 279 -1723073393
28.587 259 -1723073393
28.613 233 -1723073393
28.640 211 -1723073393
28.667 187 -1723073393
28.693 154 -1723073393
28.720 118 -1723073393
28.747 80 -1723073393
28.773 42 -1723073393
28.800 14 -1723073393
28.827 -5 -1723073393
28.853 -22 -1723073393
28.880 -26 -1723073393
28.907 -22 -1723073393
28.933 -22 -1723073393
28.960 -18 -1723073393
28.987 -1 -1723073393
29.013 17 -1723073393
29.040 42 -1723073393
29.067 75 -1723073393
29.093 102 -1723073393
29.120 132 -1723073393
29.147 159 -1723073393
29.173 172 -1723073393
29.200 184 -1723073393
29.227 184 -1723073393
29.253 172 -1723073393
29.280 157 -1723073393
29.307 129 -1723073393
29.333 87 -1723073393
29.360 46 -1723073393
29.387 4 -1723073393
29.413 -39 -1723073393
29.440 -76 -1723073393
29.467 -109 -1723073393
29.493 -146 -1723073393
29.520 -169 -1723073393
29.547 -183 -1723073393
29.573 -198 -1723073393
29.600 -197 -1723073393
29.627 -187 -1723073393
29.653 -175 -1723073393
29.680 -150 -1723073393
29.707 -121 -1723073393
29.733 -96 -1723073393
29.760 -58 -1723073393
29.787 -10 -1723073393
29.813 30 -1723073393
29.840 80 -1723073393
29.867 132 -1723073393
29.893 172 -1723073393
29.920 213 -1723073393
29.947 245 -1723073393
29.973 264 -1723073393
30.000 282 -1723073393
30.027 295 -1723073393
30.053 300 -1723073393
30.080 306 -1723073393
30.107 307 -1723073393
30.133 303 -1723073393
30.160 300 -1723073393
30.187 295 -1723073393
30.213 289 -1723073393
30.240 292 -1723073393
30.267 297 -1723073393
30.293 299 -1723073393
30.320 301 -1723073393
30.347 298 -1723073393
30.373 284 -1723073393
30.400 271 -1723073393
30.427 254 -1723073393
30.453 228 -1723073393
30.480 199 -1723073393
30.507 164 -1723073393
30.533 120 -1723073393
30.560 72 -1723073393
30.587 23 -1723073393
30.613 -25 -1723073393
30.640 -66 -1723073393
30.667 -101 -1723073393
30.693 -129 -1723073393
30.720 -138 -1723073393
30.747 -139 -1723073393
30.773 -140 -1723073393
30.800 -128 -1723073393
30.827 -102 -1723073393
30.853 -73 -1723073393
30.880 -29 -1723073393
30.907 18 -1723073393
30.933 61 -1723073393
30.960 107 -1723073393
30.987 150 -1723073393
31.013 182 -1723073393
31.040 213 -1723073393
31.067 236 -1723073393
31.093 248 -1723073393
31.120 248 -1723073393
31.147 230 -1723073393
31.173 199 -1723073393
31.200 155 -1723073393
31.227 104 -1723073393
31.253 48 -1723073393
31.280 -6 -1723073393
31.307 -60 -1723073393
31.333 -113 -1723073393
31.360 -156 -1723073393
31.387 -187 -1723073393
31.413 -209 -1723073393
31.440 -217 -1723073393
31.467 -218 -1723073393
31.493 -214 -1723073393
31.520 -195 -1723073393
31.547 -165 -1723073393
31.573 -131 -1723073393
31.600 -87 -1723073393
31.627 -39 -1723073393
31.653 4 -1723073393
31.680 50 -1723073393
31.707 94 -1723073393
31.733 128 -1723073393
31.760 161 -1723073393
31.787 194 -1723073393
31.813 219 -1723073393
31.840 244 -1723073393
31.867 263 -1723073393
31.893 275 -1723073393
31.920 287 -1723073393
31.947 298 -1723073393
31.973 302 -1723073393
32.000 303 -1723073393
32.027 298 -1723073393
32.053 288 -1723073393
32.080 279 -1723073393
32.107 263 -1723073393
32.133 238 -1723073393
32.160 209 -1723073393
32.187 173 -1723073393
32.213 138 -1723073393
32.240 106 -1723073393
32.267 71 -1723073393
32.293 31 -1723073393
32.320 -8 -1723073393
32.347 -41 -1723073393
32.373 -71 -1723073393
32.400 -92 -1723073393
32.427 -103 -1723073393
32.453 -108 -1723073393
32.480 -104 -1723073393
32.507 -86 -1723073393
32.533 -64 -1723073393
32.560 -30 -1723073393
32.587 16 -1723073393
32.613 57 -1723073393
32.640 102 -1723073393
32.667 154 -1723073393
32.693 199 -1723073393
32.720 243 -1723073393
32.747 282 -1723073393
32.773 305 -1723073393
32.800 317 -1723073393
32.827 314 -1723073393
32.853 292 -1723073393
32.880 260 -1723073393
32.907 217 -1723073393
32.933 159 -1723073393
32.960 88 -1723073393
32.987 9 -1723073393
33.013 -73 -1723073393
33.040 -156 -1723073393
33.067 -233 -1723073393
33.093 -298 -1723073393
33.120 -354 -1723073393
33.147 -389 -1723073393
33.173 -403 -1723073393
33.200 -400 -1723073393
33.227 -371 -1723073393
33.253 -328 -1723073393
33.280 -278 -1723073393
33.307 -204 -1723073393
33.333 -124 -1723073393
33.360 -48 -1723073393
33.387 38 -1723073393
33.413 113 -1723073393
33.440 181 -1723073393
33.467 251 -1723073393
33.493 307 -1723073393
33.520 353 -1723073393
33.547 395 -1723073393
33.573 423 -1723073393
33.600 441 -1723073393
33.627 452 -1723073393
33.653 457 -1723073393
33.680 460 -1723073393
33.707 455 -1723073393
33.733 442 -1723073393
33.760 431 -1723073393
33.787 418 -1723073393
33.813 403 -1723073393
33.840 394 -1723073393
33.867 382 -1723073393
33.893 364 -1723073393
33.920 349 -1723073393
33.947 338 -1723073393
33.973 320 -1723073393
34.000 300 -1723073393
34.027 277 -1723073393
34.053 245 -1723073393
34.080 217 -1723073393
34.107 191 -1723073393
34.133 159 -1723073393
34.160 124 -1723073393
34.187 92 -1723073393
34.213 63 -1723073393
34.240 43 -1723073393
34.267 34 -1723073393
34.293 32 -1723073393
34.320 41 -1723073393
34.347 63 -1723073393
34.373 91 -1723073393
34.400 124 -1723073393
34.427 167 -1723073393
34.453 214 -1723073393
34.480 260 -1723073393
34.507 305 -1723073393
34.533 344 -1723073393
34.560 376 -1723073393
34.587 403 -1723073393
34.613 417 -1723073393
34.640 415 -1723073393
34.667 402 -1723073393
34.693 367 -1723073393
34.720 314 -1723073393
34.747 255 -1723073393
34.773 186 -1723073393
34.800 111 -1723073393
34.827 33 -1723073393
34.853 -48 -1723073393
34.880 -122 -1723073393
34.907 -183 -1723073393
34.933 -232 -1723073393
34.960 -263 -1723073393
34.987 -274 -1723073393
35.013 -261 -1723073393
35.040 -233 -1723073393
35.067 -187 -1723073393
35.093 -121 -1723073393
35.120 -48 -1723073393
35.147 27 -1723073393
35.173 108 -1723073393
35.200 188 -1723073393
35.227 259 -1723073393
35.253 324 -1723073393
35.280 376 -1723073393
35.307 419 -1723073393
35.333 456 -1723073393
35.360 479 -1723073393
35.387 497 -1723073393
35.413 507 -1723073393
35.440 502 -1723073393
35.467 489 -1723073393
35.493 472 -1723073393
35.520 446 -1723073393
35.547 425 -1723073393
35.573 404 -1723073393
35.600 370 -1723073393
35.627 336 -1723073393
35.653 307 -1723073393
35.680 274 -1723073393
35.707 239 -1723073393
35.733 203 -1723073393
35.760 161 -1723073393
35.787 117 -1723073393
35.813 84 -1723073393
35.840 50 -1723073393
35.867 22 -1723073393
35.893 3 -1723073393
35.920 -11 -1723073393
35.947 -21 -1723073393
35.973 -23 -1723073393
36.000 -17 -1723073393
36.027 -2 -1723073393
36.053 22 -1723073393
36.080 51 -1723073393
36.107 87 -1723073393
36.133 127 -1723073393
36.160 171 -1723073393
36.187 216 -1723073393
36.213 263 -1723073393
36.240 309 -1723073393
36.267 349 -1723073393
36.293 381 -1723073393
36.320 407 -1723073393
36.347 419 -1723073393
36.373 416 -1723073393
36.400 404 -1723073393
36.427 382 -1723073393
36.453 351 -1723073393
36.480 311 -1723073393
36.507 262 -1723073393
36.533 205 -1723073393
36.560 149 -1723073393
36.587 90 -1723073393
36.613 37 -1723073393
36.640 -8 -1723073393
36.667 -48 -1723073393
36.693 -71 -1723073393
36.720 -83 -1723073393
36.747 -88 -1723073393
36.773 -79 -1723073393
36.800 -58 -1723073393
36.827 -27 -1723073393
36.853 13 -1723073393
36.880 58 -1723073393
36.907 109 -1723073393
36.933 164 -1723073393
36.960 217 -1723073393
36.987 266 -1723073393
37.013 305 -1723073393
37.040 338 -1723073393
37.067 365 -1723073393
37.093 380 -1723073393
37.120 389 -1723073393
37.147 393 -1723073393
37.173 390 -1723073393
37.200 382 -1723073393
37.227 370 -1723073393
37.253 353 -1723073393
37.280 335 -1723073393
37.307 319 -1723073393
37.333 305 -1723073393
37.360 297 -1723073393
37.387 290 -1723073393
37.413 285 -1723073393
37.440 288 -1723073393
37.467 296 -1723073393
37.493 303 -1723073393
37.520 310 -1723073393
37.547 316 -1723073393
37.573 321 -1723073393
37.600 327 -1723073393
37.627 327 -1723073393
37.653 326 -1723073393
37.680 324 -1723073393
37.707 316 -1723073393
37.733 306 -1723073393
37.760 300 -1723073393
37.787 296 -1723073393
37.813 292 -1723073393
37.840 293 -1723073393
37.867 292 -1723073393
37.893 284 -1723073393
37.920 276 -1723073393
37.947 275 -1723073393
37.973 273 -1723073393
38.000 274 -1723073393
38.027 282 -1723073393
38.053 291 -1723073393
38.080 296 -1723073393
38.107 296 -1723073393
38.133 294 -1723073393
38.160 291 -1723073393
38.187 283 -1723073393
38.213 266 -1723073393
38.240 242 -1723073393
38.267 210 -1723073393
38.293 169 -1723073393
38.320 123 -1723073393
38.347 78 -1723073393
38.373 28 -1723073393
38.400 -21 -1723073393
38.427 -64 -1723073393
38.453 -103 -1723073393
38.480 -137 -1723073393
38.507 -159 -1723073393
38.533 -169 -1723073393
38.560 -171 -1723073393
38.587 -157 -1723073393
38.613 -130 -1723073393
38.640 -97 -1723073393
38.667 -56 -1723073393
38.693 -7 -1723073393
38.720 39 -1723073393
38.747 85 -1723073393
38.773 133 -1723073393
38.800 173 -1723073393
38.827 201 -1723073393
38.853 223 -1723073393
38.880 246 -1723073393
38.907 264 -1723073393
38.933 276 -1723073393
38.960 282 -1723073393
38.987 278 -1723073393
39.013 268 -1723073393
39.040 258 -1723073393
39.067 246 -1723073393
39.093 232 -1723073393
39.120 224 -1723073393
39.147 217 -1723073393
39.173 211 -1723073393
39.200 209 -1723073393
39.227 212 -1723073393
39.253 214 -1723073393
39.280 218 -1723073393
39.307 224 -1723073393
39.333 229 -1723073393
39.360 231 -1723073393
39.387 230 -1723073393
39.413 226 -1723073393
39.440 220 -1723073393
39.467 216 -1723073393
39.493 211 -1723073393
39.520 205 -1723073393
39.547 200 -1723073393
39.573 196 -1723073393
39.600 192 -1723073393
39.627 193 -1723073393
39.653 196 -1723073393
39.680 196 -1723073393
39.707 197 -1723073393
39.733 196 -1723073393
39.760 195 -1723073393
39.787 197 -1723073393
39.813 196 -1723073393
39.840 186 -1723073393
39.867 170 -1723073393
39.893 151 -1723073393
39.920 129 -1723073393
39.947 109 -1723073393
39.973 86 -1723073393
40.000 62 -1723073393
40.027 41 -1723073393
40.053 18 -1723073393
40.080 -2 -1723073393
40.107 -20 -1723073393
40.133 -37 -1723073393
40.160 -47 -1723073393
40.187 -47 -1723073393
40.213 -41 -1723073393
40.240 -29 -1723073393
40.267 -9 -1723073393
40.293 14 -1723073393
40.320 41 -1723073393
40.347 78 -1723073393
40.373 120 -1723073393
40.400 159 -1723073393
40.427 195 -1723073393
40.453 230 -1723073393
40.480 260 -1723073393
40.507 285 -1723073393
40.533 304 -1723073393
40.560 313 -1723073393
40.587 310 -1723073393
40.613 301 -1723073393
40.640 290 -1723073393
40.667 266 -1723073393
40.693 238 -1723073393
40.720 214 -1723073393
40.747 194 -1723073393
40.773 172 -1723073393
40.800 154 -1723073393
40.827 143 -1723073393
40.853 138 -1723073393
40.880 140 -1723073393
40.907 147 -1723073393
40.933 156 -1723073393
40.960 171 -1723073393
40.987 192 -1723073393
41.013 211 -1723073393
41.040 227 -1723073393
41.067 238 -1723073393
41.093 242 -1723073393
41.120 247 -1723073393
41.147 251 -1723073393
41.173 247 -1723073393
41.200 239 -1723073393
41.227 227 -1723073393
41.253 211 -1723073393
41.280 190 -1723073393
41.307 170 -1723073393
41.333 151 -1723073393
41.360 134 -1723073393
41.387 115 -1723073393
41.413 102 -1723073393
41.440 96 -1723073393
41.467 90 -1723073393
41.493 86 -1723073393
41.520 89 -1723073393
41.547 94 -1723073393
41.573 95 -1723073393
41.600 93 -1723073393
41.627 91 -1723073393
41.653 87 -1723073393
41.680 82 -1723073393
41.707 77 -1723073393
41.733 67 -1723073393
41.760 53 -1723073393
41.787 41 -1723073393
41.813 26 -1723073393
41.840 12 -1723073393
41.867 -2 -1723073393
41.893 -16 -1723073393
41.920 -26 -1723073393
41.947 -32 -1723073393
41.973 -38 -1723073393
42.000 -43 -1723073393
42.027 -39 -1723073393
42.053 -33 -1723073393
42.080 -25 -1723073393
42.107 -10 -1723073393
42.133 1 -1723073393
42.160 8 -1723073393
42.187 21 -1723073393
42.213 30 -1723073393
42.240 33 -1723073393
42.267 35 -1723073393
42.293 35 -1723073393
42.320 30 -1723073393
42.347 20 -1723073393
42.373 15 -1723073393
42.400 13 -1723073393
42.427 12 -1723073393
42.453 16 -1723073393
42.480 18 -1723073393
42.507 18 -1723073393
42.533 20 -1723073393
42.560 23 -1723073393
42.587 19 -1723073393
42.613 23 -1723073393
42.640 32 -1723073393
42.667 39 -1723073393
42.693 47 -1723073393
42.720 63 -1723073393
42.747 76 -1723073393
42.773 88 -1723073393
42.800 105 -1723073393
42.827 117 -1723073393
42.853 126 -1723073393
42.880 136 -1723073393
42.907 147 -1723073393
42.933 157 -1723073393
42.960 166 -1723073393
42.987 167 -1723073393
43.013 162 -1723073393
43.040 156 -1723073393
43.067 148 -1723073393
43.093 140 -1723073393
43.120 133 -1723073393
43.147 126 -1723073393
43.173 114 -1723073393
43.200 104 -1723073393
43.227 101 -1723073393
43.253 92 -1723073393
43.280 79 -1723073393
43.307 67 -1723073393
43.333 49 -1723073393
43.360 30 -1723073393
43.387 16 -1723073393
43.413 6 -1723073393
43.440 -5 -1723073393
43.467 -17 -1723073393
43.493 -28 -1723073393
43.520 -50 -1723073393
43.547 -69 -1723073393
43.573 -84 -1723073393
43.600 -103 -1723073393
43.627 -119 -1723073393
43.653 -127 -1723073393
43.680 -136 -1723073393
43.707 -144 -1723073393
43.733 -139 -1723073393
43.760 -131 -1723073393
43.787 -123 -1723073393
43.813 -103 -1723073393
43.840 -82 -1723073393
43.867 -68 -1723073393
43.893 -48 -1723073393
43.920 -25 -1723073393
43.947 -12 -1723073393
43.973 1 -1723073393
44.000 13 -1723073393
44.027 10 -1723073393
44.053 0 -1723073393
44.080 -14 -1723073393
44.107 -36 -1723073393
44.133 -61 -1723073393
44.160 -80 -1723073393
44.187 -99 -1723073393
44.213 -119 -1723073393
44.240 -132 -1723073393
44.267 -145 -1723073393
44.293 -154 -1723073393
44.320 -145 -1723073393
44.347 -129 -1723073393
44.373 -109 -1723073393
44.400 -71 -1723073393
44.427 -21 -1723073393
44.453 27 -1723073393
44.480 78 -1723073393
44.507 130 -1723073393
44.533 171 -1723073393
44.560 207 -1723073393
44.587 239 -1723073393
44.613 263 -1723073393
44.640 283 -1723073393
44.667 300 -1723073393
44.693 309 -1723073393
44.720 311 -1723073393
44.747 307 -1723073393
44.773 298 -1723073393
44.800 283 -1723073393
44.827 261 -1723073393
44.853 230 -1723073393
44.880 194 -1723073393
44.907 160 -1723073393
44.933 125 -1723073393
44.960 86 -1723073393
44.987 46 -1723073393
45.013 8 -1723073393
45.040 -27 -1723073393
45.067 -55 -1723073393
45.093 -70 -1723073393
45.120 -86 -1723073393
45.147 -104 -1723073393
45.173 -113 -1723073393
45.200 -112 -1723073393
45.227 -110 -1723073393
45.253 -94 -1723073393
45.280 -69 -1723073393
45.307 -51 -1723073393
45.333 -33 -1723073393
45.360 -9 -1723073393
45.387 6 -1723073393
45.413 19 -1723073393
45.440 37 -1723073393
45.467 52 -1723073393
45.493 63 -1723073393
45.520 78 -1723073393
45.547 92 -1723073393
45.573 100 -1723073393
45.600 110 -1723073393
45.627 117 -1723073393
45.653 116 -1723073393
45.680 116 -1723073393
45.707 117 -1723073393
45.733 111 -1723073393
45.760 103 -1723073393
45.787 96 -1723073393
45.813 81 -1723073393
45.840 61 -1723073393
45.867 45 -1723073393
45.893 29 -1723073393
45.920 12 -1723073393
45.947 1 -1723073393
45.973 -14 -1723073393
46.000 -35 -1723073393
46.027 -43 -1723073393
46.053 -44 -1723073393
46.080 -44 -1723073393
46.107 -30 -1723073393
46.133 -12 -1723073393
46.160 -1 -1723073393
46.187 17 -1723073393
46.213 47 -1723073393
46.240 71 -1723073393
46.267 96 -1723073393
46.293 125 -1723073393
46.320 146 -1723073393
46.347 161 -1723073393
46.373 185 -1723073393
46.400 206 -1723073393
46.427 218 -1723073393
46.453 232 -1723073393
46.480 250 -1723073393
46.507 260 -1723073393
46.533 268 -1723073393
46.560 277 -1723073393
46.587 279 -1723073393
46.613 271 -1723073393
46.640 264 -1723073393
46.667 254 -1723073393
46.693 234 -1723073393
46.720 213 -1723073393
46.747 192 -1723073393
46.773 164 -1723073393
46.800 140 -1723073393
46.827 121 -1723073393
46.853 100 -1723073393
46.880 83 -1723073393
46.907 70 -1723073393
46.933 53 -1723073393
46.960 39 -1723073393
46.987 35 -1723073393
47.013 31 -1723073393
47.040 29 -1723073393
47.067 37 -1723073393
47.093 45 -1723073393
47.120 52 -1723073393
47.147 73 -1723073393
47.173 95 -1723073393
47.200 113 -1723073393
47.227 136 -1723073393
47.253 160 -1723073393
47.280 173 -1723073393
47.307 183 -1723073393
47.333 198 -1723073393
47.360 207 -1723073393
47.387 216 -1723073393
47.413 229 -1723073393
47.440 236 -1723073393
47.467 234 -1723073393
47.493 228 -1723073393
47.520 220 -1723073393
47.547 213 -1723073393
47.573 202 -1723073393
47.600 190 -1723073393
47.627 170 -1723073393
47.653 148 -1723073393
47.680 129 -1723073393
47.707 106 -1723073393
47.733 87 -1723073393
47.760 79 -1723073393
47.787 72 -1723073393
47.813 70 -1723073393
47.840 85 -1723073393
47.867 105 -1723073393
47.893 117 -1723073393
47.920 138 -1723073393
47.947 166 -1723073393
47.973 190 -1723073393
48.000 222 -1723073393
48.027 261 -1723073393
48.053 294 -1723073393
48.080 327 -1723073393
48.107 369 -1723073393
48.133 408 -1723073393
48.160 441 -1723073393
48.187 477 -1723073393
48.213 510 -1723073393
48.240 529 -1723073393
48.267 543 -1723073393
48.293 555 -1723073393
48.320 555 -1723073393
48.347 549 -1723073393
48.373 544 -1723073393
48.400 537 -1723073393
48.427 521 -1723073393
48.453 503 -1723073393
48.480 488 -1723073393
48.507 466 -1723073393
48.533 440 -1723073393
48.560 415 -1723073393
48.587 387 -1723073393
48.613 359 -1723073393
48.640 333 -1723073393
48.667 307 -1723073393
48.693 286 -1723073393
48.720 276 -1723073393
48.747 268 -1723073393
48.773 268 -1723073393
48.800 281 -1723073393
48.827 293 -1723073393
48.853 303 -1723073393
48.880 321 -1723073393
48.907 338 -1723073393
48.933 350 -1723073393
48.960 366 -1723073393
48.987 378 -1723073393
49.013 379 -1723073393
49.040 377 -1723073393
49.067 373 -1723073393
49.093 361 -1723073393
49.120 342 -1723073393
49.147 323 -1723073393
49.173 302 -1723073393
49.200 279 -1723073393
49.227 257 -1723073393
49.253 234 -1723073393
49.280 218 -1723073393
49.307 211 -1723073393
49.333 204 -1723073393
49.360 194 -1723073393
49.387 192 -1723073393
49.413 188 -1723073393
49.440 178 -1723073393
49.467 180 -1723073393
49.493 188 -1723073393
49.520 185 -1723073393
49.547 184 -1723073393
49.573 192 -1723073393
49.600 199 -1723073393
49.627 210 -1723073393
49.653 234 -1723073393
49.680 255 -1723073393
49.707 272 -1723073393
49.733 293 -1723073393
49.760 309 -1723073393
49.787 321 -1723073393
49.813 330 -1723073393
49.840 338 -1723073393
49.867 341 -1723073393
49.893 342 -1723073393
49.920 339 -1723073393
49.947 330 -1723073393
49.973 319 -1723073393
50.000 304 -1723073393
50.027 280 -1723073393
50.053 256 -1723073393
50.080 241 -1723073393
50.107 228 -1723073393
50.133 213 -1723073393
50.160 200 -1723073393
50.187 183 -1723073393
50.213 165 -1723073393
50.240 151 -1723073393
50.267 137 -1723073393
50.293 113 -1723073393
50.320 86 -1723073393
50.347 63 -1723073393
50.373 32 -1723073393
50.400 -4 -1723073393
50.427 -35 -1723073393
50.453 -66 -1723073393
50.480 -100 -1723073393
50.507 -121 -1723073393
50.533 -138 -1723073393
50.560 -159 -1723073393
50.587 -169 -1723073393
50.613 -164 -1723073393
50.640 -163 -1723073393
50.667 -160 -1723073393
50.693 -145 -1723073393
50.720 -133 -1723073393
50.747 -124 -1723073393
50.773 -103 -1723073393
50.800 -84 -1723073393
50.827 -80 -1723073393
50.853 -68 -1723073393
50.880 -52 -1723073393
50.907 -47 -1723073393
50.933 -43 -1723073393
50.960 -36 -1723073393
50.987 -42 -1723073393
51.013 -52 -1723073393
51.040 -52 -1723073393
51.067 -56 -1723073393
51.093 -65 -1723073393
51.120 -65 -1723073393
51.147 -66 -1723073393
51.173 -74 -1723073393
51.200 -70 -1723073393
51.227 -60 -1723073393
51.253 -61 -1723073393
51.280 -60 -1723073393
51.307 -51 -1723073393
51.333 -43 -1723073393
51.360 -33 -1723073393
51.387 -11 -1723073393
51.413 6 -1723073393
51.440 20 -1723073393
51.467 43 -1723073393
51.493 66 -1723073393
51.520 83 -1723073393
51.547 107 -1723073393
51.573 140 -1723073393
51.600 168 -1723073393
51.627 194 -1723073393
51.653 225 -1723073393
51.680 252 -1723073393
51.707 275 -1723073393
51.733 300 -1723073393
51.760 322 -1723073393
51.787 331 -1723073393
51.813 334 -1723073393
51.840 334 -1723073393
51.867 330 -1723073393
51.893 322 -1723073393
51.920 312 -1723073393
51.947 301 -1723073393
51.973 293 -1723073393
52.000 289 -1723073393
52.027 283 -1723073393
52.053 271 -1723073393
52.080 263 -1723073393
52.107 257 -1723073393
52.133 249 -1723073393
52.160 245 -1723073393
52.187 243 -1723073393
52.213 241 -1723073393
52.240 239 -1723073393
52.267 234 -1723073393
52.293 228 -1723073393
52.320 223 -1723073393
52.347 222 -1723073393
52.373 218 -1723073393
52.400 209 -1723073393
52.427 203 -1723073393
52.453 201 -1723073393
52.480 194 -1723073393
52.507 192 -1723073393
52.533 197 -1723073393
52.560 195 -1723073393
52.587 190 -1723073393
52.613 192 -1723073393
52.640 191 -1723073393
52.667 184 -1723073393
52.693 179 -1723073393
52.720 173 -1723073393
52.747 164 -1723073393
52.773 155 -1723073393
52.800 144 -1723073393
52.827 124 -1723073393
52.853 104 -1723073393
52.880 85 -1723073393
52.907 65 -1723073393
52.933 50 -1723073393
52.960 44 -1723073393
52.987 37 -1723073393
53.013 31 -1723073393
53.040 31 -1723073393
53.067 33 -1723073393
53.093 36 -1723073393
53.120 48 -1723073393
53.147 59 -1723073393
53.173 66 -1723073393
53.200 76 -1723073393
53.227 89 -1723073393
53.253 98 -1723073393
53.280 109 -1723073393
53.307 124 -1723073393
53.333 136 -1723073393
53.360 144 -1723073393
53.387 152 -1723073393
53.413 161 -1723073393
53.440 166 -1723073393
53.467 170 -1723073393
53.493 175 -1723073393
53.520 180 -1723073393
53.547 184 -1723073393
53.573 191 -1723073393
53.600 199 -1723073393
53.627 210 -1723073393
53.653 221 -1723073393
53.680 229 -1723073393
53.707 239 -1723073393
53.733 248 -1723073393
53.760 260 -1723073393
53.787 272 -1723073393
53.813 283 -1723073393
53.840 290 -1723073393
53.867 292 -1723073393
53.893 289 -1723073393
53.920 282 -1723073393
53.947 268 -1723073393
53.973 249 -1723073393
54.000 227 -1723073393
54.027 201 -1723073393
54.053 171 -1723073393
54.080 141 -1723073393
54.107 113 -1723073393
54.133 84 -1723073393
54.160 57 -1723073393
54.187 31 -1723073393
54.213 5 -1723073393
54.240 -19 -1723073393
54.267 -32 -1723073393
54.293 -41 -1723073393
54.320 -49 -1723073393
54.347 -45 -1723073393
54.373 -35 -1723073393
54.400 -29 -1723073393
54.427 -21 -1723073393
54.453 -10 -1723073393
54.480 -4 -1723073393
54.507 0 -1723073393
54.533 8 -1723073393
54.560 18 -1723073393
54.587 25 -1723073393
54.613 33 -1723073393
54.640 37 -1723073393
54.667 34 -1723073393
54.693 29 -1723073393
54.720 25 -1723073393
54.747 20 -1723073393
54.773 20 -1723073393
54.800 24 -1723073393
54.827 23 -1723073393
54.853 22 -1723073393
54.880 33 -1723073393
54.907 44 -1723073393
54.933 50 -1723073393
54.960 60 -1723073393
54.987 81 -1723073393
55.013 100 -1723073393
55.040 116 -1723073393
55.067 134 -1723073393
55.093 155 -1723073393
55.120 176 -1723073393
55.147 200 -1723073393
55.173 227 -1723073393
55.200 251 -1723073393
55.227 276 -1723073393
55.253 305 -1723073393
55.280 329 -1723073393
55.307 347 -1723073393
55.333 366 -1723073393
55.360 387 -1723073393
55.387 403 -1723073393
55.413 415 -1723073393
55.440 431 -1723073393
55.467 445 -1723073393
55.493 449 -1723073393
55.520 453 -1723073393
55.547 463 -1723073393
55.573 468 -1723073393
55.600 470 -1723073393
55.627 475 -1723073393
55.653 478 -1723073393
55.680 478 -1723073393
55.707 485 -1723073393
55.733 496 -1723073393
55.760 502 -1723073393
55.787 506 -1723073393
55.813 514 -1723073393
55.840 517 -1723073393
55.867 511 -1723073393
55.893 507 -1723073393
55.920 498 -1723073393
55.947 480 -1723073393
55.973 464 -1723073393
56.000 448 -1723073393
56.027 425 -1723073393
56.053 401 -1723073393
56.080 385 -1723073393
56.107 368 -1723073393
56.133 346 -1723073393
56.160 327 -1723073393
56.187 304 -1723073393
56.213 276 -1723073393
56.240 248 -1723073393
56.267 222 -1723073393
56.293 199 -1723073393
56.320 180 -1723073393
56.347 163 -1723073393
56.373 148 -1723073393
56.400 135 -1723073393
56.427 120 -1723073393
56.453 106 -1723073393
56.480 97 -1723073393
56.507 89 -1723073393
56.533 84 -1723073393
56.560 83 -1723073393
56.587 82 -1723073393
56.613 77 -1723073393
56.640 70 -1723073393
56.667 59 -1723073393
56.693 45 -1723073393
56.720 32 -1723073393
56.747 25 -1723073393
56.773 15 -1723073393
56.800 2 -1723073393
56.827 -6 -1723073393
56.853 -16 -1723073393
56.880 -29 -1723073393
56.907 -37 -1723073393
56.933 -45 -1723073393
56.960 -56 -1723073393
56.987 -61 -1723073393
57.013 -61 -1723073393
57.040 -63 -1723073393
57.067 -57 -1723073393
57.093 -40 -1723073393
57.120 -28 -1723073393
57.147 -17 -1723073393
57.173 0 -1723073393
57.200 19 -1723073393
57.227 36 -1723073393
57.253 59 -1723073393
57.280 82 -1723073393
57.307 99 -1723073393
57.333 115 -1723073393
57.360 134 -1723073393
57.387 155 -1723073393
57.413 179 -1723073393
57.440 204 -1723073393
57.467 223 -1723073393
57.493 239 -1723073393
57.520 255 -1723073393
57.547 270 -1723073393
57.573 285 -1723073393
57.600 301 -1723073393
57.627 314 -1723073393
57.653 320 -1723073393
57.680 324 -1723073393
57.707 329 -1723073393
57.733 333 -1723073393
57.760 340 -1723073393
57.787 348 -1723073393
57.813 353 -1723073393
57.840 359 -1723073393
57.867 363 -1723073393
57.893 362 -1723073393
57.920 364 -1723073393
57.947 366 -1723073393
57.973 371 -1723073393
58.000 374 -1723073393
58.027 379 -1723073393
58.053 388 -1723073393
58.080 399 -1723073393
58.107 414 -1723073393
58.133 429 -1723073393
58.160 443 -1723073393
58.187 456 -1723073393
58.213 468 -1723073393
58.240 476 -1723073393
58.267 485 -1723073393
58.293 496 -1723073393
58.320 507 -1723073393
58.347 519 -1723073393
58.373 539 -1723073393
58.400 559 -1723073393
58.427 578 -1723073393
58.453 597 -1723073393
58.480 613 -1723073393
58.507 622 -1723073393
58.533 632 -1723073393
58.560 644 -1723073393
58.587 650 -1723073393
58.613 653 -1723073393
58.640 662 -1723073393
58.667 665 -1723073393
58.693 661 -1723073393
58.720 664 -1723073393
58.747 666 -1723073393
58.773 660 -1723073393
58.800 653 -1723073393
58.827 651 -1723073393
58.853 645 -1723073393
58.880 637 -1723073393
58.907 631 -1723073393
58.933 623 -1723073393
58.960 616 -1723073393
58.987 618 -1723073393
59.013 620 -1723073393
59.040 611 -1723073393
59.067 601 -1723073393
59.093 592 -1723073393
59.120 580 -1723073393
59.147 569 -1723073393
59.173 563 -1723073393
59.200 552 -1723073393
59.227 537 -1723073393
59.253 529 -1723073393
59.280 523 -1723073393
59.307 514 -1723073393
59.333 507 -1723073393
59.360 503 -1723073393
59.387 496 -1723073393
59.413 484 -1723073393
59.440 475 -1723073393
59.467 464 -1723073393
59.493 447 -1723073393
59.520 431 -1723073393
59.547 411 -1723073393
59.573 380 -1723073393
59.600 346 -1723073393
59.627 312 -1723073393
59.653 270 -1723073393
59.680 226 -1723073393
59.707 185 -1723073393
59.733 146 -1723073393
59.760 110 -1723073393
59.787 77 -1723073393
59.813 46 -1723073393
59.840 19 -1723073393
59.867 -2 -1723073393
59.893 -18 -1723073393
59.920 -25 -1723073393
59.947 -31 -1723073393
59.973 -33 -1723073393
60.000 -26 -1723073393
60.027 -12 -1723073393
60.053 2 -1723073393
60.080 16 -1723073393
60.107 32 -1723073393
60.133 49 -1723073393
60.160 67 -1723073393
60.187 88 -1723073393
60.213 107 -1723073393
60.240 118 -1723073393
60.267 122 -1723073393
60.293 120 -1723073393
60.320 108 -1723073393
60.347 84 -1723073393
60.373 56 -1723073393
60.400 29 -1723073393
60.427 2 -1723073393
60.453 -25 -1723073393
60.480 -51 -1723073393
60.507 -75 -1723073393
60.533 -99 -1723073393
60.560 -120 -1723073393
60.587 -137 -1723073393
60.613 -146 -1723073393
60.640 -148 -1723073393
60.667 -152 -1723073393
60.693 -155 -1723073393
60.720 -149 -1723073393
60.747 -143 -1723073393
60.773 -144 -1723073393
60.800 -135 -1723073393
60.827 -121 -1723073393
60.853 -116 -1723073393
60.880 -112 -1723073393
60.907 -102 -1723073393
60.933 -97 -1723073393
60.960 -96 -1723073393
60.987 -91 -1723073393
61.013 -91 -1723073393
61.040 -98 -1723073393
61.067 -97 -1723073393
61.093 -94 -1723073393
61.120 -98 -1723073393
61.147 -102 -1723073393
61.173 -104 -1723073393
61.200 -112 -1723073393
61.227 -126 -1723073393
61.253 -141 -1723073393
61.280 -163 -1723073393
61.307 -188 -1723073393
61.333 -205 -1723073393
61.360 -219 -1723073393
61.387 -241 -1723073393
61.413 -262 -1723073393
61.440 -275 -1723073393
61.467 -291 -1723073393
61.493 -305 -1723073393
61.520 -302 -1723073393
61.547 -293 -1723073393
61.573 -292 -1723073393
61.600 -282 -1723073393
61.627 -266 -1723073393
61.653 -259 -1723073393
61.680 -248 -1723073393
61.707 -225 -1723073393
61.733 -203 -1723073393
61.760 -182 -1723073393
61.787 -147 -1723073393
61.813 -111 -1723073393
61.840 -87 -1723073393
61.867 -63 -1723073393
61.893 -37 -1723073393
61.920 -21 -1723073393
61.947 -8 -1723073393
61.973 7 -1723073393
62.000 13 -1723073393
62.027 12 -1723073393
62.053 10 -1723073393
62.080 2 -1723073393
62.107 -13 -1723073393
62.133 -28 -1723073393
62.160 -43 -1723073393
62.187 -66 -1723073393
62.213 -89 -1723073393
62.240 -107 -1723073393
62.267 -129 -1723073393
62.293 -153 -1723073393
62.320 -169 -1723073393
62.347 -181 -1723073393
62.373 -193 -1723073393
62.400 -198 -1723073393
62.427 -198 -1723073393
62.453 -204 -1723073393
62.480 -206 -1723073393
62.507 -195 -1723073393
62.533 -183 -1723073393
62.560 -171 -1723073393
62.587 -145 -1723073393
62.613 -115 -1723073393
62.640 -97 -1723073393
62.667 -77 -1723073393
62.693 -56 -1723073393
62.720 -45 -1723073393
62.747 -34 -1723073393
62.773 -17 -1723073393
62.800 -5 -1723073393
62.827 1 -1723073393
62.853 10 -1723073393
62.880 14 -1723073393
62.907 9 -1723073393
62.933 3 -1723073393
62.960 -3 -1723073393
62.987 -18 -1723073393
63.013 -38 -1723073393
63.040 -57 -1723073393
63.067 -81 -1723073393
63.093 -111 -1723073393
63.120 -138 -1723073393
63.147 -164 -1723073393
63.173 -198 -1723073393
63.200 -230 -1723073393
63.227 -254 -1723073393
63.253 -280 -1723073393
63.280 -304 -1723073393
63.307 -314 -1723073393
63.333 -319 -1723073393
63.360 -329 -1723073393
63.387 -329 -1723073393
63.413 -321 -1723073393
63.440 -317 -1723073393
63.467 -307 -1723073393
63.493 -282 -1723073393
63.520 -259 -1723073393
63.547 -239 -1723073393
63.573 -209 -1723073393
63.600 -178 -1723073393
63.627 -160 -1723073393
63.653 -139 -1723073393
63.680 -107 -1723073393
63.707 -85 -1723073393
63.733 -70 -1723073393
63.760 -48 -1723073393
63.787 -30 -1723073393
63.813 -29 -1723073393
63.840 -33 -1723073393
63.867 -39 -1723073393
63.893 -55 -1723073393
63.920 -74 -1723073393
63.947 -90 -1723073393
63.973 -116 -1723073393
64.000 -146 -1723073393
64.027 -167 -1723073393
64.053 -184 -1723073393
64.080 -204 -1723073393
64.107 -213 -1723073393
64.133 -212 -1723073393
64.160 -215 -1723073393
64.187 -208 -1723073393
64.213 -188 -1723073393
64.240 -170 -1723073393
64.267 -149 -1723073393
64.293 -116 -1723073393
64.320 -82 -1723073393
64.347 -57 -1723073393
64.373 -24 -1723073393
64.400 15 -1723073393
64.427 43 -1723073393
64.453 64 -1723073393
64.480 86 -1723073393
64.507 100 -1723073393
64.533 105 -1723073393
64.560 113 -1723073393
64.587 120 -1723073393
64.613 115 -1723073393
64.640 105 -1723073393
64.667 93 -1723073393
64.693 84 -1723073393
64.720 76 -1723073393
64.747 69 -1723073393
64.773 59 -1723073393
64.800 43 -1723073393
64.827 28 -1723073393
64.853 10 -1723073393
64.880 -12 -1723073393
64.907 -27 -1723073393
64.933 -36 -1723073393
64.960 -49 -1723073393
64.987 -64 -1723073393
65.013 -66 -1723073393
65.040 -64 -1723073393
65.067 -59 -1723073393
65.093 -43 -1723073393
65.120 -19 -1723073393
65.147 -2 -1723073393
65.173 18 -1723073393
65.200 47 -1723073393
65.227 71 -1723073393
65.253 92 -1723073393
65.280 121 -1723073393
65.307 149 -1723073393
65.333 167 -1723073393
65.360 186 -1723073393
65.387 207 -1723073393
65.413 222 -1723073393
65.440 236 -1723073393
65.467 254 -1723073393
65.493 270 -1723073393
65.520 279 -1723073393
65.547 287 -1723073393
65.573 291 -1723073393
65.600 291 -1723073393
65.627 293 -1723073393
65.653 294 -1723073393
65.680 292 -1723073393
65.707 291 -1723073393
65.733 288 -1723073393
65.760 283 -1723073393
65.787 277 -1723073393
65.813 274 -1723073393
65.840 270 -1723073393
65.867 266 -1723073393
65.893 264 -1723073393
65.920 260 -1723073393
65.947 255 -1723073393
65.973 252 -1723073393
66.000 253 -1723073393
66.027 251 -1723073393
66.053 250 -1723073393
66.080 254 -1723073393
66.107 256 -1723073393
66.133 252 -1723073393
66.160 246 -1723073393
66.187 242 -1723073393
66.213 239 -1723073393
66.240 236 -1723073393
66.267 231 -1723073393
66.293 220 -1723073393
66.320 206 -1723073393
66.347 199 -1723073393
66.373 199 -1723073393
66.400 200 -1723073393
66.427 204 -1723073393
66.453 209 -1723073393
66.480 212 -1723073393
66.507 212 -1723073393
66.533 216 -1723073393
66.560 220 -1723073393
66.587 220 -1723073393
66.613 221 -1723073393
66.640 224 -1723073393
66.667 227 -1723073393
66.693 230 -1723073393
66.720 232 -1723073393
66.747 232 -1723073393
66.773 232 -1723073393
66.800 238 -1723073393
66.827 244 -1723073393
66.853 249 -1723073393
66.880 258 -1723073393
66.907 268 -1723073393
66.933 278 -1723073393
66.960 292 -1723073393
66.987 314 -1723073393
67.013 336 -1723073393
67.040 358 -1723073393
67.067 383 -1723073393
67.093 406 -1723073393
67.120 423 -1723073393
67.147 444 -1723073393
67.173 464 -1723073393
67.200 479 -1723073393
67.227 490 -1723073393
67.253 499 -1723073393
67.280 502 -1723073393
67.307 503 -1723073393
67.333 506 -1723073393
67.360 502 -1723073393
67.387 497 -1723073393
67.413 492 -1723073393
67.440 481 -1723073393
67.467 465 -1723073393
67.493 454 -1723073393
67.520 444 -1723073393
67.547 431 -1723073393
67.573 423 -1723073393
67.600 418 -1723073393
67.627 408 -1723073393
67.653 395 -1723073393
67.680 386 -1723073393
67.707 379 -1723073393
67.733 370 -1723073393
67.760 364 -1723073393
67.787 359 -1723073393
67.813 351 -1723073393
67.840 341 -1723073393
67.867 334 -1723073393
67.893 329 -1723073393
67.920 326 -1723073393
67.947 324 -1723073393
67.973 318 -1723073393
68.000 306 -1723073393
68.027 296 -1723073393
68.053 288 -1723073393
68.080 276 -1723073393
68.107 266 -1723073393
68.133 260 -1723073393
68.160 256 -1723073393
68.187 250 -1723073393
68.213 245 -1723073393
68.240 245 -1723073393
68.267 244 -1723073393
68.293 245 -1723073393
68.320 251 -1723073393
68.347 256 -1723073393
68.373 255 -1723073393
68.400 251 -1723073393
68.427 253 -1723073393
68.453 256 -1723073393
68.480 256 -1723073393
68.507 257 -1723073393
68.533 254 -1723073393
68.560 248 -1723073393
68.587 246 -1723073393
68.613 248 -1723073393
68.640 250 -1723073393
68.667 252 -1723073393
68.693 259 -1723073393
68.720 263 -1723073393
68.747 262 -1723073393
68.773 266 -1723073393
68.800 276 -1723073393
68.827 280 -1723073393
68.853 285 -1723073393
68.880 295 -1723073393
68.907 305 -1723073393
68.933 315 -1723073393
68.960 328 -1723073393
68.987 343 -1723073393
69.013 354 -1723073393
69.040 363 -1723073393
69.067 368 -1723073393
69.093 376 -1723073393
69.120 385 -1723073393
69.147 391 -1723073393
69.173 394 -1723073393
69.200 400 -1723073393
69.227 405 -1723073393
69.253 406 -1723073393
69.280 407 -1723073393
69.307 411 -1723073393
69.333 415 -1723073393
69.360 415 -1723073393
69.387 416 -1723073393
69.413 412 -1723073393
69.440 402 -1723073393
69.467 392 -1723073393
69.493 381 -1723073393
69.520 363 -1723073393
69.547 342 -1723073393
69.573 323 -1723073393
69.600 301 -1723073393
69.627 276 -1723073393
69.653 251 -1723073393
69.680 230 -1723073393
69.707 207 -1723073393
69.733 181 -1723073393
69.760 160 -1723073393
69.787 144 -1723073393
69.813 128 -1723073393
69.840 118 -1723073393
69.867 119 -1723073393
69.893 122 -1723073393
69.920 126 -1723073393
69.947 136 -1723073393
69.973 150 -1723073393
70.000 164 -1723073393
70.027 185 -1723073393
70.053 213 -1723073393
70.080 234 -1723073393
70.107 252 -1723073393
70.133 274 -1723073393
70.160 293 -1723073393
70.187 303 -1723073393
70.213 312 -1723073393
70.240 322 -1723073393
70.267 327 -1723073393
70.293 332 -1723073393
70.320 335 -1723073393
70.347 331 -1723073393
70.373 321 -1723073393
70.400 312 -1723073393
70.427 304 -1723073393
70.453 291 -1723073393
70.480 282 -1723073393
70.507 281 -1723073393
70.533 276 -1723073393
70.560 266 -1723073393
70.587 260 -1723073393
70.613 256 -1723073393
70.640 254 -1723073393
70.667 260 -1723073393
70.693 267 -1723073393
70.720 271 -1723073393
70.747 279 -1723073393
70.773 291 -1723073393
70.800 296 -1723073393
70.827 298 -1723073393
70.853 308 -1723073393
70.880 315 -1723073393
70.907 316 -1723073393
70.933 322 -1723073393
70.960 329 -1723073393
70.987 334 -1723073393
71.013 341 -1723073393
71.040 349 -1723073393
71.067 355 -1723073393
71.093 360 -1723073393
71.120 363 -1723073393
71.147 361 -1723073393
71.173 360 -1723073393
71.200 365 -1723073393
71.227 371 -1723073393
71.253 377 -1723073393
71.280 381 -1723073393
71.307 385 -1723073393
71.333 384 -1723073393
71.360 379 -1723073393
71.387 374 -1723073393
71.413 367 -1723073393
71.440 357 -1723073393
71.467 351 -1723073393
71.493 344 -1723073393
71.520 333 -1723073393
71.547 322 -1723073393
71.573 313 -1723073393
71.600 304 -1723073393
71.627 295 -1723073393
71.653 286 -1723073393
71.680 277 -1723073393
71.707 267 -1723073393
71.733 261 -1723073393
71.760 257 -1723073393
71.787 250 -1723073393
71.813 246 -1723073393
71.840 251 -1723073393
71.867 254 -1723073393
71.893 252 -1723073393
71.920 256 -1723073393
71.947 264 -1723073393
71.973 268 -1723073393
72.000 270 -1723073393
72.027 275 -1723073393
72.053 275 -1723073393
72.080 270 -1723073393
72.107 267 -1723073393
72.133 262 -1723073393
72.160 254 -1723073393
72.187 250 -1723073393
72.213 247 -1723073393
72.240 242 -1723073393
72.267 242 -1723073393
72.293 243 -1723073393
72.320 242 -1723073393
72.347 237 -1723073393
72.373 240 -1723073393
72.400 248 -1723073393
72.427 256 -1723073393
72.453 265 -1723073393
72.480 273 -1723073393
72.507 276 -1723073393
72.533 278 -1723073393
72.560 282 -1723073393
72.587 283 -1723073393
72.613 283 -1723073393
72.640 285 -1723073393
72.667 287 -1723073393
72.693 284 -1723073393
72.720 282 -1723073393
72.747 285 -1723073393
72.773 283 -1723073393
72.800 277 -1723073393
72.827 268 -1723073393
72.853 255 -1723073393
72.880 242 -1723073393
72.907 234 -1723073393
72.933 226 -1723073393
72.960 213 -1723073393
72.987 200 -1723073393
73.013 194 -1723073393
73.040 185 -1723073393
73.067 181 -1723073393
73.093 185 -1723073393
73.120 184 -1723073393
73.147 177 -1723073393
73.173 178 -1723073393
73.200 184 -1723073393
73.227 188 -1723073393
73.253 194 -1723073393
73.280 206 -1723073393
73.307 214 -1723073393
73.333 218 -1723073393
73.360 225 -1723073393
73.387 231 -1723073393
73.413 231 -1723073393
73.440 237 -1723073393
73.467 246 -1723073393
73.493 250 -1723073393
73.520 256 -1723073393
73.547 272 -1723073393
73.573 287 -1723073393
73.600 295 -1723073393
73.627 302 -1723073393
73.653 311 -1723073393
73.680 321 -1723073393
73.707 331 -1723073393
73.733 341 -1723073393
73.760 347 -1723073393
73.787 351 -1723073393
73.813 351 -1723073393
73.840 347 -1723073393
73.867 338 -1723073393
73.893 326 -1723073393
73.920 308 -1723073393
73.947 286 -1723073393
73.973 264 -1723073393
74.000 244 -1723073393
74.027 219 -1723073393
74.053 190 -1723073393
74.080 170 -1723073393
74.107 155 -1723073393
74.133 136 -1723073393
74.160 120 -1723073393
74.187 112 -1723073393
74.213 101 -1723073393
74.240 93 -1723073393
74.267 97 -1723073393
74.293 104 -1723073393
74.320 104 -1723073393
74.347 109 -1723073393
74.373 121 -1723073393
74.400 129 -1723073393
74.427 141 -1723073393
74.453 161 -1723073393
74.480 178 -1723073393
74.507 193 -1723073393
74.533 210 -1723073393
74.560 220 -1723073393
74.587 223 -1723073393
74.613 231 -1723073393
74.640 240 -1723073393
74.667 245 -1723073393
74.693 253 -1723073393
74.720 265 -1723073393
74.747 269 -1723073393
74.773 269 -1723073393
74.800 273 -1723073393
74.827 273 -1723073393
74.853 268 -1723073393
74.880 267 -1723073393
74.907 272 -1723073393
74.933 274 -1723073393
74.960 275 -1723073393
74.987 278 -1723073393
75.013 278 -1723073393
75.040 275 -1723073393
75.067 278 -1723073393
75.093 281 -1723073393
75.120 279 -1723073393
75.147 277 -1723073393
75.173 277 -1723073393
75.200 274 -1723073393
75.227 274 -1723073393
75.253 280 -1723073393
75.280 283 -1723073393
75.307 283 -1723073393
75.333 289 -1723073393
75.360 294 -1723073393
75.387 289 -1723073393
75.413 282 -1723073393
75.440 277 -1723073393
75.467 267 -1723073393
75.493 259 -1723073393
75.520 263 -1723073393
75.547 267 -1723073393
75.573 270 -1723073393
75.600 280 -1723073393
75.627 291 -1723073393
75.653 295 -1723073393
75.680 293 -1723073393
75.707 288 -1723073393
75.733 277 -1723073393
75.760 263 -1723073393
75.787 253 -1723073393
75.813 236 -1723073393
75.840 213 -1723073393
75.867 193 -1723073393
75.893 175 -1723073393
75.920 154 -1723073393
75.947 139 -1723073393
75.973 128 -1723073393
76.000 118 -1723073393
76.027 115 -1723073393
76.053 117 -1723073393
76.080 117 -1723073393
76.107 119 -1723073393
76.133 130 -1723073393
76.160 142 -1723073393
76.187 158 -1723073393
76.213 181 -1723073393
76.240 207 -1723073393
76.267 225 -1723073393
76.293 244 -1723073393
76.320 270 -1723073393
76.347 292 -1723073393
76.373 311 -1723073393
76.400 329 -1723073393
76.427 341 -1723073393
76.453 351 -1723073393
76.480 362 -1723073393
76.507 370 -1723073393
76.533 373 -1723073393
76.560 373 -1723073393
76.587 368 -1723073393
76.613 360 -1723073393
76.640 354 -1723073393
76.667 350 -1723073393
76.693 345 -1723073393
76.720 343 -1723073393
76.747 343 -1723073393
76.773 337 -1723073393
76.800 327 -1723073393
76.827 319 -1723073393
76.853 311 -1723073393
76.880 303 -1723073393
76.907 299 -1723073393
76.933 296 -1723073393
76.960 289 -1723073393
76.987 283 -1723073393
77.013 288 -1723073393
77.040 293 -1723073393
77.067 297 -1723073393
77.093 309 -1723073393
77.120 323 -1723073393
77.147 332 -1723073393
77.173 343 -1723073393
77.200 355 -1723073393
77.227 361 -1723073393
77.253 366 -1723073393
77.280 375 -1723073393
77.307 380 -1723073393
77.333 382 -1723073393
77.360 385 -1723073393
77.387 389 -1723073393
77.413 391 -1723073393
77.440 388 -1723073393
77.467 388 -1723073393
77.493 387 -1723073393
77.520 382 -1723073393
77.547 376 -1723073393
77.573 367 -1723073393
77.600 354 -1723073393
77.627 341 -1723073393
77.653 328 -1723073393
77.680 316 -1723073393
77.707 308 -1723073393
77.733 303 -1723073393
77.760 291 -1723073393
77.787 279 -1723073393
77.813 271 -1723073393
77.840 258 -1723073393
77.867 248 -1723073393
77.893 247 -1723073393
77.920 246 -1723073393
77.947 242 -1723073393
77.973 248 -1723073393
78.000 258 -1723073393
78.027 261 -1723073393
78.053 266 -1723073393
78.080 275 -1723073393
78.107 282 -1723073393
78.133 287 -1723073393
78.160 298 -1723073393
78.187 308 -1723073393
78.213 308 -1723073393
78.240 307 -1723073393
78.267 309 -1723073393
78.293 310 -1723073393
78.320 312 -1723073393
78.347 314 -1723073393
78.373 308 -1723073393
78.400 297 -1723073393
78.427 290 -1723073393
78.453 281 -1723073393
78.480 270 -1723073393
78.507 262 -1723073393
78.533 254 -1723073393
78.560 242 -1723073393
78.587 229 -1723073393
78.613 217 -1723073393
78.640 206 -1723073393
78.667 198 -1723073393
78.693 192 -1723073393
78.720 182 -1723073393
78.747 173 -1723073393
78.773 168 -1723073393
78.800 163 -1723073393
78.827 158 -1723073393
78.853 162 -1723073393
78.880 168 -1723073393
78.907 170 -1723073393
78.933 175 -1723073393
78.960 184 -1723073393
78.987 188 -1723073393
79.013 192 -1723073393
79.040 203 -1723073393
79.067 210 -1723073393
79.093 215 -1723073393
79.120 223 -1723073393
79.147 229 -1723073393
79.173 231 -1723073393
79.200 236 -1723073393
79.227 242 -1723073393
79.253 239 -1723073393
79.280 232 -1723073393
79.307 228 -1723073393
79.333 216 -1723073393
79.360 197 -1723073393
79.387 179 -1723073393
79.413 158 -1723073393
79.440 134 -1723073393
79.467 118 -1723073393
79.493 105 -1723073393
79.520 90 -1723073393
79.547 76 -1723073393
79.573 62 -1723073393
79.600 44 -1723073393
79.627 32 -1723073393
79.653 31 -1723073393
79.680 33 -1723073393
79.707 36 -1723073393
79.733 46 -1723073393
79.760 54 -1723073393
79.787 60 -1723073393
79.813 75 -1723073393
79.840 95 -1723073393
79.867 112 -1723073393
79.893 133 -1723073393
79.920 160 -1723073393
79.947 183 -1723073393
79.973 208 -1723073393
80.000 238 -1723073393
80.027 262 -1723073393
80.053 276 -1723073393
80.080 291 -1723073393
80.107 300 -1723073393
80.133 301 -1723073393
80.160 304 -1723073393
80.187 304 -1723073393
80.213 298 -1723073393
80.240 294 -1723073393
80.267 289 -1723073393
80.293 281 -1723073393
80.320 269 -1723073393
80.347 256 -1723073393
80.373 249 -1723073393
80.400 243 -1723073393
80.427 236 -1723073393
80.453 229 -1723073393
80.480 231 -1723073393
80.507 239 -1723073393
80.533 245 -1723073393
80.560 247 -1723073393
80.587 250 -1723073393
80.613 258 -1723073393
80.640 262 -1723073393
80.667 268 -1723073393
80.693 276 -1723073393
80.720 283 -1723073393
80.747 287 -1723073393
80.773 291 -1723073393
80.800 293 -1723073393
80.827 293 -1723073393
80.853 294 -1723073393
80.880 294 -1723073393
80.907 290 -1723073393
80.933 288 -1723073393
80.960 283 -1723073393
80.987 270 -1723073393
81.013 253 -1723073393
81.040 238 -1723073393
81.067 226 -1723073393
81.093 216 -1723073393
81.120 204 -1723073393
81.147 187 -1723073393
81.173 167 -1723073393
81.200 149 -1723073393
81.227 133 -1723073393
81.253 123 -1723073393
81.280 116 -1723073393
81.307 112 -1723073393
81.333 110 -1723073393
81.360 115 -1723073393
81.387 123 -1723073393
81.413 126 -1723073393
81.440 131 -1723073393
81.467 143 -1723073393
81.493 150 -1723073393
81.520 157 -1723073393
81.547 176 -1723073393
81.573 196 -1723073393
81.600 211 -1723073393
81.627 229 -1723073393
81.653 249 -1723073393
81.680 264 -1723073393
81.707 276 -1723073393
81.733 286 -1723073393
81.760 291 -1723073393
81.787 299 -1723073393
81.813 306 -1723073393
81.840 312 -1723073393
81.867 320 -1723073393
81.893 321 -1723073393
81.920 318 -1723073393
81.947 315 -1723073393
81.973 317 -1723073393
82.000 318 -1723073393
82.027 316 -1723073393
82.053 309 -1723073393
82.080 301 -1723073393
82.107 294 -1723073393
82.133 290 -1723073393
82.160 288 -1723073393
82.187 286 -1723073393
82.213 285 -1723073393
82.240 284 -1723073393
82.267 281 -1723073393
82.293 275 -1723073393
82.320 270 -1723073393
82.347 264 -1723073393
82.373 259 -1723073393
82.400 258 -1723073393
82.427 260 -1723073393
82.453 262 -1723073393
82.480 268 -1723073393
82.507 271 -1723073393
82.533 272 -1723073393
82.560 277 -1723073393
82.587 286 -1723073393
82.613 291 -1723073393
82.640 300 -1723073393
82.667 310 -1723073393
82.693 313 -1723073393
82.720 316 -1723073393
82.747 323 -1723073393
82.773 328 -1723073393
82.800 326 -1723073393
82.827 321 -1723073393
82.853 313 -1723073393
82.880 305 -1723073393
82.907 301 -1723073393
82.933 293 -1723073393
82.960 279 -1723073393
82.987 269 -1723073393
83.013 256 -1723073393
83.040 238 -1723073393
83.067 224 -1723073393
83.093 216 -1723073393
83.120 207 -1723073393
83.147 203 -1723073393
83.173 202 -1723073393
83.200 196 -1723073393
83.227 195 -1723073393
83.253 198 -1723073393
83.280 197 -1723073393
83.307 195 -1723073393
83.333 200 -1723073393
83.360 205 -1723073393
83.387 206 -1723073393
83.413 212 -1723073393
83.440 222 -1723073393
83.467 229 -1723073393
83.493 236 -1723073393
83.520 245 -1723073393
83.547 246 -1723073393
83.573 246 -1723073393
83.600 247 -1723073393
83.627 244 -1723073393
83.653 241 -1723073393
83.680 240 -1723073393
83.707 234 -1723073393
83.733 229 -1723073393
83.760 228 -1723073393
83.787 223 -1723073393
83.813 219 -1723073393
83.840 222 -1723073393
83.867 223 -1723073393
83.893 220 -1723073393
83.920 224 -1723073393
83.947 226 -1723073393
83.973 224 -1723073393
84.000 226 -1723073393
84.027 228 -1723073393
84.053 229 -1723073393
84.080 235 -1723073393
84.107 241 -1723073393
84.133 244 -1723073393
84.160 249 -1723073393
84.187 253 -1723073393
84.213 253 -1723073393
84.240 255 -1723073393
84.267 258 -1723073393
84.293 257 -1723073393
84.320 255 -1723073393
84.347 256 -1723073393
84.373 256 -1723073393
84.400 252 -1723073393
84.427 252 -1723073393
84.453 246 -1723073393
84.480 240 -1723073393
84.507 238 -1723073393
84.533 234 -1723073393
84.560 229 -1723073393
84.587 229 -1723073393
84.613 223 -1723073393
84.640 215 -1723073393
84.667 215 -1723073393
84.693 213 -1723073393
84.720 204 -1723073393
84.747 201 -1723073393
84.773 197 -1723073393
84.800 183 -1723073393
84.827 176 -1723073393
84.853 173 -1723073393
84.880 164 -1723073393
84.907 161 -1723073393
84.933 162 -1723073393
84.960 157 -1723073393
84.987 154 -1723073393
85.013 161 -1723073393
85.040 168 -1723073393
85.067 177 -1723073393
85.093 188 -1723073393
85.120 190 -1723073393
85.147 187 -1723073393
85.173 187 -1723073393
85.200 188 -1723073393
85.227 187 -1723073393
85.253 192 -1723073393
85.280 199 -1723073393
85.307 204 -1723073393
85.333 214 -1723073393
85.360 221 -1723073393
85.387 221 -1723073393
85.413 225 -1723073393
85.440 226 -1723073393
85.467 226 -1723073393
85.493 233 -1723073393
85.520 236 -1723073393
85.547 242 -1723073393
85.573 254 -1723073393
85.600 261 -1723073393
85.627 262 -1723073393
85.653 270 -1723073393
85.680 283 -1723073393
85.707 293 -1723073393
85.733 301 -1723073393
85.760 310 -1723073393
85.787 315 -1723073393
85.813 317 -1723073393
85.840 315 -1723073393
85.867 307 -1723073393
85.893 303 -1723073393
85.920 299 -1723073393
85.947 290 -1723073393
85.973 284 -1723073393
86.000 281 -1723073393
86.027 268 -1723073393
86.053 252 -1723073393
86.080 238 -1723073393
86.107 221 -1723073393
86.133 202 -1723073393
86.160 188 -1723073393
86.187 176 -1723073393
86.213 173 -1723073393
86.240 177 -1723073393
86.267 178 -1723073393
86.293 180 -1723073393
86.320 186 -1723073393
86.347 188 -1723073393
86.373 191 -1723073393
86.400 200 -1723073393
86.427 208 -1723073393
86.453 211 -1723073393
86.480 214 -1723073393
86.507 213 -1723073393
86.533 212 -1723073393
86.560 212 -1723073393
86.587 206 -1723073393
86.613 200 -1723073393
86.640 196 -1723073393
86.667 193 -1723073393
86.693 186 -1723073393
86.720 179 -1723073393
86.747 175 -1723073393
86.773 172 -1723073393
86.800 174 -1723073393
86.827 175 -1723073393
86.853 173 -1723073393
86.880 178 -1723073393
86.907 182 -1723073393
86.933 183 -1723073393
86.960 184 -1723073393
86.987 190 -1723073393
87.013 196 -1723073393
87.040 206 -1723073393
87.067 215 -1723073393
87.093 221 -1723073393
87.120 226 -1723073393
87.147 227 -1723073393
87.173 229 -1723073393
87.200 232 -1723073393
87.227 231 -1723073393
87.253 225 -1723073393
87.280 224 -1723073393
87.307 223 -1723073393
87.333 221 -1723073393
87.360 226 -1723073393
87.387 230 -1723073393
87.413 230 -1723073393
87.440 227 -1723073393
87.467 221 -1723073393
87.493 216 -1723073393
87.520 219 -1723073393
87.547 223 -1723073393
87.573 225 -1723073393
87.600 229 -1723073393
87.627 231 -1723073393
87.653 228 -1723073393
87.680 229 -1723073393
87.707 232 -1723073393
87.733 232 -1723073393
87.760 238 -1723073393
87.787 246 -1723073393
87.813 247 -1723073393
87.840 245 -1723073393
87.867 242 -1723073393
87.893 236 -1723073393
87.920 232 -1723073393
87.947 229 -1723073393
87.973 222 -1723073393
88.000 219 -1723073393
88.027 219 -1723073393
88.053 215 -1723073393
88.080 215 -1723073393
88.107 220 -1723073393
88.133 224 -1723073393
88.160 232 -1723073393
88.187 240 -1723073393
88.213 239 -1723073393
88.240 237 -1723073393
88.267 235 -1723073393
88.293 225 -1723073393
88.320 218 -1723073393
88.347 216 -1723073393
88.373 211 -1723073393
88.400 214 -1723073393
88.427 218 -1723073393
88.453 215 -1723073393
88.480 214 -1723073393
88.507 211 -1723073393
88.533 203 -1723073393
88.560 198 -1723073393
88.587 190 -1723073393
88.613 180 -1723073393
88.640 173 -1723073393
88.667 164 -1723073393
88.693 150 -1723073393
88.720 139 -1723073393
88.747 131 -1723073393
88.773 124 -1723073393
88.800 124 -1723073393
88.827 123 -1723073393
88.853 119 -1723073393
88.880 120 -1723073393
88.907 125 -1723073393
88.933 128 -1723073393
88.960 136 -1723073393
88.987 144 -1723073393
89.013 149 -1723073393
89.040 160 -1723073393
89.067 170 -1723073393
89.093 176 -1723073393
89.120 188 -1723073393
89.147 194 -1723073393
89.173 192 -1723073393
89.200 199 -1723073393
89.227 206 -1723073393
89.253 209 -1723073393
89.280 219 -1723073393
89.307 224 -1723073393
89.333 224 -1723073393
89.360 229 -1723073393
89.387 228 -1723073393
89.413 219 -1723073393
89.440 213 -1723073393
89.467 207 -1723073393
89.493 200 -1723073393
89.520 194 -1723073393
89.547 188 -1723073393
89.573 184 -1723073393
89.600 179 -1723073393
89.627 168 -1723073393
89.653 157 -1723073393
89.680 151 -1723073393
89.707 142 -1723073393
89.733 138 -1723073393
89.760 136 -1723073393
89.787 129 -1723073393
89.813 128 -1723073393
89.840 131 -1723073393
89.867 133 -1723073393
89.893 143 -1723073393
89.920 154 -1723073393
89.947 155 -1723073393
89.973 162 -1723073393
90.000 171 -1723073393
90.027 176 -1723073393
90.053 186 -1723073393
90.080 190 -1723073393
90.107 190 -1723073393
90.133 197 -1723073393
90.160 196 -1723073393
90.187 191 -1723073393
90.213 190 -1723073393
90.240 179 -1723073393
90.267 167 -1723073393
90.293 163 -1723073393
90.320 152 -1723073393
90.347 142 -1723073393
90.373 140 -1723073393
90.400 132 -1723073393
90.427 127 -1723073393
90.453 128 -1723073393
90.480 119 -1723073393
90.507 113 -1723073393
90.533 119 -1723073393
90.560 112 -1723073393
90.587 112 -1723073393
90.613 116 -1723073393
90.640 116 -1723073393
90.667 130 -1723073393
90.693 145 -1723073393
90.720 149 -1723073393
90.747 168 -1723073393
90.773 189 -1723073393
90.800 204 -1723073393
90.827 228 -1723073393
90.853 247 -1723073393
90.880 259 -1723073393
90.907 277 -1723073393
90.933 287 -1723073393
90.960 294 -1723073393
90.987 303 -1723073393
91.013 305 -1723073393
91.040 309 -1723073393
91.067 316 -1723073393
91.093 316 -1723073393
91.120 327 -1723073393
91.147 337 -1723073393
91.173 336 -1723073393
91.200 340 -1723073393
91.227 339 -1723073393
91.253 332 -1723073393
91.280 334 -1723073393
91.307 334 -1723073393
91.333 335 -1723073393
91.360 343 -1723073393
91.387 345 -1723073393
91.413 344 -1723073393
91.440 339 -1723073393
91.467 325 -1723073393
91.493 315 -1723073393
91.520 300 -1723073393
91.547 279 -1723073393
91.573 267 -1723073393
91.600 265 -1723073393
91.627 263 -1723073393
91.653 271 -1723073393
91.680 276 -1723073393
91.707 275 -1723073393
91.733 283 -1723073393
91.760 286 -1723073393
91.787 289 -1723073393
91.813 301 -1723073393
91.840 311 -1723073393
91.867 326 -1723073393
91.893 339 -1723073393
91.920 349 -1723073393
91.947 368 -1723073393
91.973 384 -1723073393
92.000 391 -1723073393
92.027 399 -1723073393
92.053 397 -1723073393
92.080 389 -1723073393
92.107 384 -1723073393
92.133 375 -1723073393
92.160 368 -1723073393
92.187 359 -1723073393
92.213 345 -1723073393
92.240 341 -1723073393
92.267 336 -1723073393
92.293 323 -1723073393
92.320 312 -1723073393
92.347 303 -1723073393
92.373 302 -1723073393
92.400 312 -1723073393
92.427 317 -1723073393
92.453 319 -1723073393
92.480 322 -1723073393
92.507 320 -1723073393
92.533 322 -1723073393
92.560 324 -1723073393
92.587 326 -1723073393
92.613 345 -1723073393
92.640 355 -1723073393
92.667 356 -1723073393
92.693 366 -1723073393
92.720 369 -1723073393
92.747 370 -1723073393
92.773 378 -1723073393
92.800 383 -1723073393
92.827 393 -1723073393
92.853 403 -1723073393
92.880 409 -1723073393
92.907 421 -1723073393
92.933 424 -1723073393
92.960 417 -1723073393
92.987 411 -1723073393
93.013 399 -1723073393
93.040 390 -1723073393
93.067 386 -1723073393
93.093 377 -1723073393
93.120 370 -1723073393
93.147 361 -1723073393
93.173 348 -1723073393
93.200 341 -1723073393
93.227 330 -1723073393
93.253 319 -1723073393
93.280 317 -1723073393
93.307 315 -1723073393
93.333 319 -1723073393
93.360 320 -1723073393
93.387 313 -1723073393
93.413 321 -1723073393
93.440 330 -1723073393
93.467 334 -1723073393
93.493 345 -1723073393
93.520 352 -1723073393
93.547 356 -1723073393
93.573 368 -1723073393
93.600 372 -1723073393
93.627 380 -1723073393
93.653 383 -1723073393
93.680 381 -1723073393
93.707 388 -1723073393
93.733 386 -1723073393
93.760 383 -1723073393
93.787 384 -1723073393
93.813 381 -1723073393
93.840 380 -1723073393
93.867 375 -1723073393
93.893 362 -1723073393
93.920 355 -1723073393
93.947 344 -1723073393
93.973 330 -1723073393
94.000 319 -1723073393
94.027 306 -1723073393
94.053 299 -1723073393
94.080 292 -1723073393
94.107 279 -1723073393
94.133 276 -1723073393
94.160 273 -1723073393
94.187 275 -1723073393
94.213 280 -1723073393
94.240 283 -1723073393
94.267 297 -1723073393
94.293 303 -1723073393
94.320 307 -1723073393
94.347 317 -1723073393
94.373 317 -1723073393
94.400 325 -1723073393
94.427 335 -1723073393
94.453 334 -1723073393
94.480 340 -1723073393
94.507 345 -1723073393
94.533 349 -1723073393
94.560 361 -1723073393
94.587 363 -1723073393
94.613 368 -1723073393
94.640 367 -1723073393
94.667 366 -1723073393
94.693 369 -1723073393
94.720 365 -1723073393
94.747 368 -1723073393
94.773 373 -1723073393
94.800 369 -1723073393
94.827 370 -1723073393
94.853 366 -1723073393
94.880 362 -1723073393
94.907 363 -1723073393
94.933 358 -1723073393
94.960 356 -1723073393
94.987 343 -1723073393
95.013 331 -1723073393
95.040 330 -1723073393
95.067 323 -1723073393
95.093 321 -1723073393
95.120 320 -1723073393
95.147 316 -1723073393
95.173 322 -1723073393
95.200 313 -1723073393
95.227 306 -1723073393
95.253 303 -1723073393
95.280 295 -1723073393
95.307 291 -1723073393
95.333 288 -1723073393
95.360 288 -1723073393
95.387 286 -1723073393
95.413 277 -1723073393
95.440 281 -1723073393
95.467 278 -1723073393
95.493 271 -1723073393
95.520 273 -1723073393
95.547 270 -1723073393
95.573 272 -1723073393
95.600 265 -1723073393
95.627 253 -1723073393
95.653 243 -1723073393
95.680 225 -1723073393
95.707 215 -1723073393
95.733 200 -1723073393
95.760 186 -1723073393
95.787 183 -1723073393
95.813 171 -1723073393
95.840 166 -1723073393
95.867 156 -1723073393
95.893 144 -1723073393
95.920 145 -1723073393
95.947 133 -1723073393
95.973 131 -1723073393
96.000 133 -1723073393
96.027 131 -1723073393
96.053 144 -1723073393
96.080 142 -1723073393
96.107 150 -1723073393
96.133 158 -1723073393
96.160 156 -1723073393
96.187 170 -1723073393
96.213 175 -1723073393
96.240 188 -1723073393
96.267 202 -1723073393
96.293 208 -1723073393
96.320 221 -1723073393
96.347 217 -1723073393
96.373 217 -1723073393
96.400 210 -1723073393
96.427 207 -1723073393
96.453 212 -1723073393
96.480 204 -1723073393
96.507 202 -1723073393
96.533 191 -1723073393
96.560 187 -1723073393
96.587 180 -1723073393
96.613 162 -1723073393
96.640 157 -1723073393
96.667 142 -1723073393
96.693 134 -1723073393
96.720 126 -1723073393
96.747 114 -1723073393
96.773 112 -1723073393
96.800 90 -1723073393
96.827 86 -1723073393
96.853 77 -1723073393
96.880 65 -1723073393
96.907 59 -1723073393
96.933 42 -1723073393
96.960 49 -1723073393
96.987 51 -1723073393
97.013 58 -1723073393
97.040 68 -1723073393
97.067 70 -1723073393
97.093 88 -1723073393
97.120 88 -1723073393
97.147 95 -1723073393
97.173 89 -1723073393
97.200 86 -1723073393
97.227 95 -1723073393
97.253 81 -1723073393
97.280 82 -1723073393
97.307 72 -1723073393
97.333 75 -1723073393
97.360 70 -1723073393
97.387 59 -1723073393
97.413 59 -1723073393
97.440 49 -1723073393
97.467 50 -1723073393
97.493 33 -1723073393
97.520 30 -1723073393
97.547 24 -1723073393
97.573 16 -1723073393
97.600 25 -1723073393
97.627 18 -1723073393
97.653 27 -1723073393
97.680 23 -1723073393
97.707 37 -1723073393
97.733 43 -1723073393
97.760 43 -1723073393
97.787 54 -1723073393
97.813 55 -1723073393
97.840 75 -1723073393
97.867 67 -1723073393
97.893 74 -1723073393
97.920 75 -1723073393
97.947 81 -1723073393
97.973 91 -1723073393
98.000 90 -1723073393
98.027 97 -1723073393
98.053 87 -1723073393
98.080 99 -1723073393
98.107 94 -1723073393
98.133 102 -1723073393
98.160 107 -1723073393
98.187 107 -1723073393
98.213 107 -1723073393
98.240 96 -1723073393
98.267 109 -1723073393
98.293 103 -1723073393
98.320 107 -1723073393
98.347 94 -1723073393
98.373 93 -1723073393
98.400 84 -1723073393
98.427 84 -1723073393
98.453 87 -1723073393
98.480 82 -1723073393
98.507 91 -1723073393
98.533 85 -1723073393
98.560 95 -1723073393
98.587 73 -1723073393
98.613 75 -1723073393
98.640 67 -1723073393
98.667 65 -1723073393
98.693 53 -1723073393
98.720 46 -1723073393
98.747 44 -1723073393
98.773 36 -1723073393
98.800 39 -1723073393
98.827 24 -1723073393
98.853 37 -1723073393
98.880 31 -1723073393
98.907 42 -1723073393
98.933 28 -1723073393
98.960 32 -1723073393
98.987 16 -1723073393
99.013 13 -1723073393
99.040 10 -1723073393
99.067 16 -1723073393
99.093 25 -1723073393
99.120 27 -1723073393
99.147 29 -1723073393
99.173 15 -1723073393
99.200 10 -1723073393
99.227 -7 -1723073393
99.253 2 -1723073393
99.280 -9 -1723073393
99.307 -3 -1723073393
99.333 -16 -1723073393
99.360 -4 -1723073393
99.387 -18 -1723073393
99.413 -18 -1723073393
99.440 -33 -1723073393
99.467 -31 -1723073393
99.493 -48 -1723073393
99.520 -44 -1723073393
99.547 -49 -1723073393
99.573 -40 -1723073393
99.600 -45 -1723073393
99.627 -38 -1723073393
99.653 -42 -1723073393
99.680 -33 -1723073393
99.707 -39 -1723073393
99.733 -36 -1723073393
99.760 -31 -1723073393
99.787 -24 -1723073393
99.813 -16 -1723073393
99.840 -8 -1723073393
99.867 5 -1723073393
99.893 11 -1723073393
99.920 21 -1723073393
99.947 32 -1723073393
99.973 43 -1723073393
100.000 0 -1723073393
