0.000 28 -1723073393
0.027 33 -1723073393
0.053 30 -1723073393
0.080 33 -1723073393
0.107 32 -1723073393
0.133 17 -1723073393
0.160 15 -1723073393
0.187 13 -1723073393
0.213 14 -1723073393
0.240 24 -1723073393
0.267 21 -1723073393
0.293 18 -1723073393
0.320 21 -1723073393
0.347 15 -1723073393
0.373 14 -1723073393
0.400 10 -1723073393
0.427 6 -1723073393
0.453 13 -1723073393
0.480 13 -1723073393
0.507 11 -1723073393
0.533 13 -1723073393
0.560 10 -1723073393
0.587 11 -1723073393
0.613 12 -1723073393
0.640 7 -1723073393
0.667 11 -1723073393
0.693 10 -1723073393
0.720 4 -1723073393
0.747 9 -1723073393
0.773 13 -1723073393
0.800 16 -1723073393
0.827 19 -1723073393
0.853 15 -1723073393
0.880 17 -1723073393
0.907 22 -1723073393
0.933 20 -1723073393
0.960 24 -1723073393
0.987 23 -1723073393
1.013 15 -1723073393
1.040 15 -1723073393
1.067 11 -1723073393
1.093 7 -1723073393
1.120 8 -1723073393
1.147 -1 -1723073393
1.173 -3 -1723073393
1.200 1 -1723073393
1.227 -2 -1723073393
1.253 -3 -1723073393
1.280 -1 -1723073393
1.307 -1 -1723073393
1.333 2 -1723073393
1.360 0 -1723073393
1.387 0 -1723073393
1.413 1 -1723073393
1.440 -3 -1723073393
1.467 -3 -1723073393
1.493 0 -1723073393
1.520 -3 -1723073393
1.547 -2 -1723073393
1.573 -1 -1723073393
1.600 -10 -1723073393
1.627 -16 -1723073393
1.653 -23 -1723073393
1.680 -28 -1723073393
1.707 -21 -1723073393
1.733 -18 -1723073393
1.760 -17 -1723073393
1.787 -14 -1723073393
1.813 -16 -1723073393
1.840 -16 -1723073393
1.867 -13 -1723073393
1.893 -16 -1723073393
1.920 -16 -1723073393
1.947 -16 -1723073393
1.973 -18 -1723073393
2.000 -13 -1723073393
2.027 -10 -1723073393
2.053 -13 -1723073393
2.080 -14 -1723073393
2.107 -14 -1723073393
2.133 -16 -1723073393
2.160 -16 -1723073393
2.187 -14 -1723073393
2.213 -12 -1723073393
2.240 -10 -1723073393
2.267 -10 -1723073393
2.293 -14 -1723073393
2.320 -17 -1723073393
2.347 -22 -1723073393
2.373 -24 -1723073393
2.400 -23 -1723073393
2.427 -24 -1723073393
2.453 -25 -1723073393
2.480 -27 -1723073393
2.507 -26 -1723073393
2.533 -26 -1723073393
2.560 -27 -1723073393
2.587 -24 -1723073393
2.613 -20 -1723073393
2.640 -21 -1723073393
2.667 -23 -1723073393
2.693 -24 -1723073393
2.720 -23 -1723073393
2.747 -20 -1723073393
2.773 -21 -1723073393
2.800 -20 -1723073393
2.827 -17 -1723073393
2.853 -19 -1723073393
2.880 -20 -1723073393
2.907 -22 -1723073393
2.933 -25 -1723073393
2.960 -29 -1723073393
2.987 -31 -1723073393
3.013 -25 -1723073393
3.040 -19 -1723073393
3.067 -21 -1723073393
3.093 -24 -1723073393
3.120 -23 -1723073393
3.147 -21 -1723073393
3.173 -20 -1723073393
3.200 -24 -1723073393
3.227 -29 -1723073393
3.253 -31 -1723073393
3.280 -30 -1723073393
3.307 -25 -1723073393
3.333 -19 -1723073393
3.360 -22 -1723073393
3.387 -24 -1723073393
3.413 -28 -1723073393
3.440 -33 -1723073393
3.467 -34 -1723073393
3.493 -31 -1723073393
3.520 -30 -1723073393
3.547 -28 -1723073393
3.573 -34 -1723073393
3.600 -38 -1723073393
3.627 -36 -1723073393
3.653 -31 -1723073393
3.680 -27 -1723073393
3.707 -28 -1723073393
3.733 -28 -1723073393
3.760 -26 -1723073393
3.787 -28 -1723073393
3.813 -28 -1723073393
3.840 -25 -1723073393
3.867 -22 -1723073393
3.893 -20 -1723073393
3.920 -16 -1723073393
3.947 -17 -1723073393
3.973 -22 -1723073393
4.000 -25 -1723073393
4.027 -27 -1723073393
4.053 -27 -1723073393
4.080 -29 -1723073393
4.107 -27 -1723073393
4.133 -23 -1723073393
4.160 -19 -1723073393
4.187 -15 -1723073393
4.213 -17 -1723073393
4.240 -20 -1723073393
4.267 -24 -1723073393
4.293 -28 -1723073393
4.320 -31 -1723073393
4.347 -34 -1723073393
4.373 -34 -1723073393
4.400 -30 -1723073393
4.427 -31 -1723073393
4.453 -28 -1723073393
4.480 -23 -1723073393
4.507 -19 -1723073393
4.533 -14 -1723073393
4.560 -14 -1723073393
4.587 -17 -1723073393
4.613 -15 -1723073393
4.640 -19 -1723073393
4.667 -26 -1723073393
4.693 -26 -1723073393
4.720 -26 -1723073393
4.747 -25 -1723073393
4.773 -25 -1723073393
4.800 -27 -1723073393
4.827 -22 -1723073393
4.853 -18 -1723073393
4.880 -22 -1723073393
4.907 -21 -1723073393
4.933 -18 -1723073393
4.960 -18 -1723073393
4.987 -14 -1723073393
5.013 -17 -1723073393
5.040 -21 -1723073393
5.067 -17 -1723073393
5.093 -16 -1723073393
5.120 -11 -1723073393
5.147 -6 -1723073393
5.173 -9 -1723073393
5.200 -8 -1723073393
5.227 -4 -1723073393
5.253 -4 -1723073393
5.280 -1 -1723073393
5.307 -4 -1723073393
5.333 -12 -1723073393
5.360 -12 -1723073393
5.387 -12 -1723073393
5.413 -13 -1723073393
5.440 -9 -1723073393
5.467 -9 -1723073393
5.493 -9 -1723073393
5.520 -11 -1723073393
5.547 -15 -1723073393
5.573 -9 -1723073393
5.600 -6 -1723073393
5.627 -7 -1723073393
5.653 -3 -1723073393
5.680 -3 -1723073393
5.707 -4 -1723073393
5.733 -1 -1723073393
5.760 -5 -1723073393
5.787 -9 -1723073393
5.813 -9 -1723073393
5.840 -7 -1723073393
5.867 -2 -1723073393
5.893 0 -1723073393
5.920 -4 -1723073393
5.947 -10 -1723073393
5.973 -9 -1723073393
6.000 -11 -1723073393
6.027 -13 -1723073393
6.053 -15 -1723073393
6.080 -15 -1723073393
6.107 -12 -1723073393
6.133 -12 -1723073393
6.160 -13 -1723073393
6.187 -10 -1723073393
6.213 -13 -1723073393
6.240 -20 -1723073393
6.267 -16 -1723073393
6.293 -11 -1723073393
6.320 -6 -1723073393
6.347 -2 -1723073393
6.373 -4 -1723073393
6.400 -6 -1723073393
6.427 -10 -1723073393
6.453 -17 -1723073393
6.480 -16 -1723073393
6.507 -14 -1723073393
6.533 -11 -1723073393
6.560 -7 -1723073393
6.587 -7 -1723073393
6.613 -6 -1723073393
6.640 -5 -1723073393
6.667 -10 -1723073393
6.693 -15 -1723073393
6.720 -17 -1723073393
6.747 -19 -1723073393
6.773 -18 -1723073393
6.800 -21 -1723073393
6.827 -33 -1723073393
6.853 -35 -1723073393
6.880 -32 -1723073393
6.907 -29 -1723073393
6.933 -22 -1723073393
6.960 -21 -1723073393
6.987 -24 -1723073393
7.013 -26 -1723073393
7.040 -32 -1723073393
7.067 -32 -1723073393
7.093 -26 -1723073393
7.120 -24 -1723073393
7.147 -17 -1723073393
7.173 -21 -1723073393
7.200 -29 -1723073393
7.227 -33 -1723073393
7.253 -38 -1723073393
7.280 -37 -1723073393
7.307 -29 -1723073393
7.333 -31 -1723073393
7.360 -31 -1723073393
7.387 -29 -1723073393
7.413 -31 -1723073393
7.440 -26 -1723073393
7.467 -27 -1723073393
7.493 -33 -1723073393
7.520 -32 -1723073393
7.547 -34 -1723073393
7.573 -33 -1723073393
7.600 -27 -1723073393
7.627 -29 -1723073393
7.653 -30 -1723073393
7.680 -27 -1723073393
7.707 -26 -1723073393
7.733 -19 -1723073393
7.760 -15 -1723073393
7.787 -21 -1723073393
7.813 -19 -1723073393
7.840 -22 -1723073393
7.867 -31 -1723073393
7.893 -30 -1723073393
7.920 -33 -1723073393
7.947 -31 -1723073393
7.973 -25 -1723073393
8.000 -26 -1723073393
8.027 -23 -1723073393
8.053 -17 -1723073393
8.080 -21 -1723073393
8.107 -23 -1723073393
8.133 -24 -1723073393
8.160 -30 -1723073393
8.187 -28 -1723073393
8.213 -28 -1723073393
8.240 -27 -1723073393
8.267 -11 -1723073393
8.293 -1 -1723073393
8.320 3 -1723073393
8.347 10 -1723073393
8.373 6 -1723073393
8.400 4 -1723073393
8.427 8 -1723073393
8.453 7 -1723073393
8.480 8 -1723073393
8.507 3 -1723073393
8.533 -4 -1723073393
8.560 -7 -1723073393
8.587 -11 -1723073393
8.613 -14 -1723073393
8.640 -6 -1723073393
8.667 -3 -1723073393
8.693 -4 -1723073393
8.720 5 -1723073393
8.747 6 -1723073393
8.773 3 -1723073393
8.800 2 -1723073393
8.827 -4 -1723073393
8.853 -10 -1723073393
8.880 -18 -1723073393
8.907 -23 -1723073393
8.933 -19 -1723073393
8.960 -20 -1723073393
8.987 -25 -1723073393
9.013 -24 -1723073393
9.040 -32 -1723073393
9.067 -35 -1723073393
9.093 -29 -1723073393
9.120 -29 -1723073393
9.147 -24 -1723073393
9.173 -20 -1723073393
9.200 -24 -1723073393
9.227 -26 -1723073393
9.253 -29 -1723073393
9.280 -33 -1723073393
9.307 -29 -1723073393
9.333 -32 -1723073393
9.360 -38 -1723073393
9.387 -31 -1723073393
9.413 -29 -1723073393
9.440 -27 -1723073393
9.467 -22 -1723073393
9.493 -23 -1723073393
9.520 -23 -1723073393
9.547 -27 -1723073393
9.573 -34 -1723073393
9.600 -33 -1723073393
9.627 -34 -1723073393
9.653 -40 -1723073393
9.680 -35 -1723073393
9.707 -36 -1723073393
9.733 -44 -1723073393
9.760 -43 -1723073393
9.787 -40 -1723073393
9.813 -37 -1723073393
9.840 -33 -1723073393
9.867 -36 -1723073393
9.893 -41 -1723073393
9.920 -44 -1723073393
9.947 -51 -1723073393
9.973 -50 -1723073393
10.000 -46 -1723073393
10.027 -43 -1723073393
10.053 -30 -1723073393
10.080 -18 -1723073393
10.107 -11 -1723073393
10.133 6 -1723073393
10.160 21 -1723073393
10.187 34 -1723073393
10.213 54 -1723073393
10.240 71 -1723073393
10.267 87 -1723073393
10.293 109 -1723073393
10.320 121 -1723073393
10.347 130 -1723073393
10.373 145 -1723073393
10.400 153 -1723073393
10.427 160 -1723073393
10.453 168 -1723073393
10.480 167 -1723073393
10.507 165 -1723073393
10.533 163 -1723073393
10.560 148 -1723073393
10.587 135 -1723073393
10.613 118 -1723073393
10.640 99 -1723073393
10.667 81 -1723073393
10.693 60 -1723073393
10.720 39 -1723073393
10.747 20 -1723073393
10.773 0 -1723073393
10.800 -17 -1723073393
10.827 -28 -1723073393
10.853 -43 -1723073393
10.880 -49 -1723073393
10.907 -55 -1723073393
10.933 -70 -1723073393
10.960 -74 -1723073393
10.987 -77 -1723073393
11.013 -80 -1723073393
11.040 -77 -1723073393
11.067 -83 -1723073393
11.093 -91 -1723073393
11.120 -93 -1723073393
11.147 -103 -1723073393
11.173 -108 -1723073393
11.200 -110 -1723073393
11.227 -116 -1723073393
11.253 -111 -1723073393
11.280 -104 -1723073393
11.307 -104 -1723073393
11.333 -104 -1723073393
11.360 -109 -1723073393
11.387 -112 -1723073393
11.413 -104 -1723073393
11.440 -99 -1723073393
11.467 -91 -1723073393
11.493 -75 -1723073393
11.520 -65 -1723073393
11.547 -55 -1723073393
11.573 -40 -1723073393
11.600 -27 -1723073393
11.627 -8 -1723073393
11.653 12 -1723073393
11.680 31 -1723073393
11.707 52 -1723073393
11.733 66 -1723073393
11.760 75 -1723073393
11.787 86 -1723073393
11.813 89 -1723073393
11.840 88 -1723073393
11.867 83 -1723073393
11.893 70 -1723073393
11.920 56 -1723073393
11.947 42 -1723073393
11.973 29 -1723073393
12.000 22 -1723073393
12.027 10 -1723073393
12.053 -8 -1723073393
12.080 -24 -1723073393
12.107 -38 -1723073393
12.133 -49 -1723073393
12.160 -49 -1723073393
12.187 -45 -1723073393
12.213 -33 -1723073393
12.240 -11 -1723073393
12.267 10 -1723073393
12.293 35 -1723073393
12.320 65 -1723073393
12.347 92 -1723073393
12.373 121 -1723073393
12.400 152 -1723073393
12.427 181 -1723073393
12.453 210 -1723073393
12.480 237 -1723073393
12.507 257 -1723073393
12.533 272 -1723073393
12.560 281 -1723073393
12.587 282 -1723073393
12.613 274 -1723073393
12.640 255 -1723073393
12.667 225 -1723073393
12.693 195 -1723073393
12.720 164 -1723073393
12.747 129 -1723073393
12.773 104 -1723073393
12.800 76 -1723073393
12.827 41 -1723073393
12.853 13 -1723073393
12.880 -19 -1723073393
12.907 -45 -1723073393
12.933 -65 -1723073393
12.960 -92 -1723073393
12.987 -112 -1723073393
13.013 -126 -1723073393
13.040 -140 -1723073393
13.067 -146 -1723073393
13.093 -143 -1723073393
13.120 -139 -1723073393
13.147 -132 -1723073393
13.173 -129 -1723073393
13.200 -129 -1723073393
13.227 -124 -1723073393
13.253 -122 -1723073393
13.280 -120 -1723073393
13.307 -119 -1723073393
13.333 -126 -1723073393
13.360 -131 -1723073393
13.387 -132 -1723073393
13.413 -141 -1723073393
13.440 -147 -1723073393
13.467 -153 -1723073393
13.493 -161 -1723073393
13.520 -162 -1723073393
13.547 -158 -1723073393
13.573 -151 -1723073393
13.600 -140 -1723073393
13.627 -131 -1723073393
13.653 -119 -1723073393
13.680 -95 -1723073393
13.707 -70 -1723073393
13.733 -46 -1723073393
13.760 -21 -1723073393
13.787 -4 -1723073393
13.813 8 -1723073393
13.840 21 -1723073393
13.867 27 -1723073393
13.893 36 -1723073393
13.920 49 -1723073393
13.947 54 -1723073393
13.973 53 -1723073393
14.000 44 -1723073393
14.027 23 -1723073393
14.053 1 -1723073393
14.080 -18 -1723073393
14.107 -45 -1723073393
14.133 -70 -1723073393
14.160 -97 -1723073393
14.187 -126 -1723073393
14.213 -150 -1723073393
14.240 -176 -1723073393
14.267 -204 -1723073393
14.293 -226 -1723073393
14.320 -247 -1723073393
14.347 -265 -1723073393
14.373 -278 -1723073393
14.400 -297 -1723073393
14.427 -313 -1723073393
14.453 -323 -1723073393
14.480 -341 -1723073393
14.507 -353 -1723073393
14.533 -363 -1723073393
14.560 -375 -1723073393
14.587 -383 -1723073393
14.613 -394 -1723073393
14.640 -406 -1723073393
14.667 -411 -1723073393
14.693 -425 -1723073393
14.720 -443 -1723073393
14.747 -451 -1723073393
14.773 -461 -1723073393
14.800 -473 -1723073393
14.827 -483 -1723073393
14.853 -497 -1723073393
14.880 -512 -1723073393
14.907 -526 -1723073393
14.933 -540 -1723073393
14.960 -544 -1723073393
14.987 -543 -1723073393
15.013 -545 -1723073393
15.040 -543 -1723073393
15.067 -539 -1723073393
15.093 -541 -1723073393
15.120 -538 -1723073393
15.147 -531 -1723073393
15.173 -530 -1723073393
15.200 -524 -1723073393
15.227 -524 -1723073393
15.253 -528 -1723073393
15.280 -524 -1723073393
15.307 -524 -1723073393
15.333 -530 -1723073393
15.360 -536 -1723073393
15.387 -545 -1723073393
15.413 -553 -1723073393
15.440 -565 -1723073393
15.467 -586 -1723073393
15.493 -606 -1723073393
15.520 -626 -1723073393
15.547 -654 -1723073393
15.573 -682 -1723073393
15.600 -712 -1723073393
15.627 -751 -1723073393
15.653 -791 -1723073393
15.680 -832 -1723073393
15.707 -879 -1723073393
15.733 -922 -1723073393
15.760 -964 -1723073393
15.787 -1009 -1723073393
15.813 -1045 -1723073393
15.840 -1087 -1723073393
15.867 -1127 -1723073393
15.893 -1151 -1723073393
15.920 -1173 -1723073393
15.947 -1190 -1723073393
15.973 -1196 -1723073393
16.000 -1190 -1723073393
16.027 -1161 -1723073393
16.053 -1098 -1723073393
16.080 -1007 -1723073393
16.107 -871 -1723073393
16.133 -682 -1723073393
16.160 -444 -1723073393
16.187 -138 -1723073393
16.213 222 -1723073393
16.240 649 -1723073393
16.267 1152 -1723073393
16.293 1716 -1723073393
16.320 2346 -1723073393
16.347 3016 -1723073393
16.373 3711 -1723073393
16.400 4429 -1723073393
16.427 5140 -1723073393
16.453 5824 -1723073393
16.480 6448 -1723073393
16.507 6973 -1723073393
16.533 7380 -1723073393
16.560 7668 -1723073393
16.587 7794 -1723073393
16.613 7759 -1723073393
16.640 7581 -1723073393
16.667 7233 -1723073393
16.693 6749 -1723073393
16.720 6142 -1723073393
16.747 5430 -1723073393
16.773 4651 -1723073393
16.800 3823 -1723073393
16.827 2957 -1723073393
16.853 2083 -1723073393
16.880 1233 -1723073393
16.907 409 -1723073393
16.933 -370 -1723073393
16.960 -1094 -1723073393
16.987 -1767 -1723073393
17.013 -2363 -1723073393
17.040 -2877 -1723073393
17.067 -3319 -1723073393
17.093 -3688 -1723073393
17.120 -3967 -1723073393
17.147 -4175 -1723073393
17.173 -4326 -1723073393
17.200 -4403 -1723073393
17.227 -4441 -1723073393
17.253 -4446 -1723073393
17.280 -4404 -1723073393
17.307 -4356 -1723073393
17.333 -4293 -1723073393
17.360 -4202 -1723073393
17.387 -4130 -1723073393
17.413 -4054 -1723073393
17.440 -3969 -1723073393
17.467 -3910 -1723073393
17.493 -3840 -1723073393
17.520 -3757 -1723073393
17.547 -3696 -1723073393
17.573 -3620 -1723073393
17.600 -3531 -1723073393
17.627 -3449 -1723073393
17.653 -3324 -1723073393
17.680 -3181 -1723073393
17.707 -3028 -1723073393
17.733 -2827 -1723073393
17.760 -2602 -1723073393
17.787 -2365 -1723073393
17.813 -2096 -1723073393
17.840 -1820 -1723073393
17.867 -1544 -1723073393
17.893 -1251 -1723073393
17.920 -963 -1723073393
17.947 -688 -1723073393
17.973 -429 -1723073393
18.000 -209 -1723073393
18.027 -17 -1723073393
18.053 142 -1723073393
18.080 260 -1723073393
18.107 361 -1723073393
18.133 438 -1723073393
18.160 495 -1723073393
18.187 572 -1723073393
18.213 674 -1723073393
18.240 817 -1723073393
18.267 1040 -1723073393
18.293 1355 -1723073393
18.320 1786 -1723073393
18.347 2344 -1723073393
18.373 3038 -1723073393
18.400 3875 -1723073393
18.427 4852 -1723073393
18.453 5969 -1723073393
18.480 7184 -1723073393
18.507 8468 -1723073393
18.533 9809 -1723073393
18.560 11185 -1723073393
18.587 12514 -1723073393
18.613 13755 -1723073393
18.640 14887 -1723073393
18.667 15795 -1723073393
18.693 16527 -1723073393
18.720 17043 -1723073393
18.747 17224 -1723073393
18.773 17190 -1723073393
18.800 16887 -1723073393
18.827 16247 -1723073393
18.853 15440 -1723073393
18.880 14406 -1723073393
18.907 13147 -1723073393
18.933 11829 -1723073393
18.960 10369 -1723073393
18.987 8801 -1723073393
19.013 7298 -1723073393
19.040 5762 -1723073393
19.067 4255 -1723073393
19.093 2848 -1723073393
19.120 1477 -1723073393
19.147 231 -1723073393
19.173 -903 -1723073393
19.200 -1940 -1723073393
19.227 -2871 -1723073393
19.253 -3716 -1723073393
19.280 -4422 -1723073393
19.307 -5038 -1723073393
19.333 -5582 -1723073393
19.360 -6006 -1723073393
19.387 -6374 -1723073393
19.413 -6679 -1723073393
19.440 -6874 -1723073393
19.467 -7042 -1723073393
19.493 -7166 -1723073393
19.520 -7197 -1723073393
19.547 -7223 -1723073393
19.573 -7207 -1723073393
19.600 -7123 -1723073393
19.627 -7054 -1723073393
19.653 -6940 -1723073393
19.680 -6785 -1723073393
19.707 -6663 -1723073393
19.733 -6505 -1723073393
19.760 -6326 -1723073393
19.787 -6187 -1723073393
19.813 -6002 -1723073393
19.840 -5802 -1723073393
19.867 -5640 -1723073393
19.893 -5428 -1723073393
19.920 -5206 -1723073393
19.947 -5024 -1723073393
19.973 -4799 -1723073393
20.000 -4579 -1723073393
20.027 -4389 -1723073393
20.053 -4154 -1723073393
20.080 -3946 -1723073393
20.107 -3775 -1723073393
20.133 -3578 -1723073393
20.160 -3417 -1723073393
20.187 -3286 -1723073393
20.213 -3145 -1723073393
20.240 -3045 -1723073393
20.267 -2971 -1723073393
20.293 -2893 -1723073393
20.320 -2860 -1723073393
20.347 -2843 -1723073393
20.373 -2832 -1723073393
20.400 -2872 -1723073393
20.427 -2931 -1723073393
20.453 -3000 -1723073393
20.480 -3122 -1723073393
20.507 -3256 -1723073393
20.533 -3410 -1723073393
20.560 -3616 -1723073393
20.587 -3835 -1723073393
20.613 -4071 -1723073393
20.640 -4345 -1723073393
20.667 -4602 -1723073393
20.693 -4862 -1723073393
20.720 -5152 -1723073393
20.747 -5392 -1723073393
20.773 -5621 -1723073393
20.800 -5854 -1723073393
20.827 -6011 -1723073393
20.853 -6148 -1723073393
20.880 -6265 -1723073393
20.907 -6284 -1723073393
20.933 -6270 -1723073393
20.960 -6220 -1723073393
20.987 -6053 -1723073393
21.013 -5863 -1723073393
21.040 -5630 -1723073393
21.067 -5298 -1723073393
21.093 -4954 -1723073393
21.120 -4572 -1723073393
21.147 -4127 -1723073393
21.173 -3694 -1723073393
21.200 -3247 -1723073393
21.227 -2769 -1723073393
21.253 -2323 -1723073393
21.280 -1884 -1723073393
21.307 -1449 -1723073393
21.333 -1057 -1723073393
21.360 -681 -1723073393
21.387 -321 -1723073393
21.413 -11 -1723073393
21.440 280 -1723073393
21.467 552 -1723073393
21.493 790 -1723073393
21.520 1014 -1723073393
21.547 1213 -1723073393
21.573 1391 -1723073393
21.600 1550 -1723073393
21.627 1698 -1723073393
21.653 1835 -1723073393
21.680 1951 -1723073393
21.707 2053 -1723073393
21.733 2141 -1723073393
21.760 2206 -1723073393
21.787 2268 -1723073393
21.813 2315 -1723073393
21.840 2338 -1723073393
21.867 2353 -1723073393
21.893 2354 -1723073393
21.920 2326 -1723073393
21.947 2294 -1723073393
21.973 2248 -1723073393
22.000 2175 -1723073393
22.027 2093 -1723073393
22.053 1992 -1723073393
22.080 1868 -1723073393
22.107 1737 -1723073393
22.133 1593 -1723073393
22.160 1440 -1723073393
22.187 1292 -1723073393
22.213 1146 -1723073393
22.240 1016 -1723073393
22.267 908 -1723073393
22.293 820 -1723073393
22.320 757 -1723073393
22.347 720 -1723073393
22.373 710 -1723073393
22.400 731 -1723073393
22.427 780 -1723073393
22.453 853 -1723073393
22.480 946 -1723073393
22.507 1047 -1723073393
22.533 1153 -1723073393
22.560 1263 -1723073393
22.587 1372 -1723073393
22.613 1472 -1723073393
22.640 1569 -1723073393
22.667 1657 -1723073393
22.693 1730 -1723073393
22.720 1798 -1723073393
22.747 1852 -1723073393
22.773 1888 -1723073393
22.800 1923 -1723073393
22.827 1958 -1723073393
22.853 1987 -1723073393
22.880 2023 -1723073393
22.907 2058 -1723073393
22.933 2091 -1723073393
22.960 2145 -1723073393
22.987 2210 -1723073393
23.013 2273 -1723073393
23.040 2351 -1723073393
23.067 2427 -1723073393
23.093 2487 -1723073393
23.120 2557 -1723073393
23.147 2612 -1723073393
23.173 2633 -1723073393
23.200 2648 -1723073393
23.227 2639 -1723073393
23.253 2602 -1723073393
23.280 2566 -1723073393
23.307 2507 -1723073393
23.333 2421 -1723073393
23.360 2332 -1723073393
23.387 2219 -1723073393
23.413 2088 -1723073393
23.440 1960 -1723073393
23.467 1818 -1723073393
23.493 1671 -1723073393
23.520 1527 -1723073393
23.547 1373 -1723073393
23.573 1217 -1723073393
23.600 1065 -1723073393
23.627 912 -1723073393
23.653 763 -1723073393
23.680 627 -1723073393
23.707 499 -1723073393
23.733 387 -1723073393
23.760 288 -1723073393
23.787 199 -1723073393
23.813 127 -1723073393
23.840 68 -1723073393
23.867 22 -1723073393
23.893 -10 -1723073393
23.920 -37 -1723073393
23.947 -52 -1723073393
23.973 -58 -1723073393
24.000 -66 -1723073393
24.027 -66 -1723073393
24.053 -54 -1723073393
24.080 -34 -1723073393
24.107 -3 -1723073393
24.133 36 -1723073393
24.160 79 -1723073393
24.187 125 -1723073393
24.213 171 -1723073393
24.240 223 -1723073393
24.267 277 -1723073393
24.293 329 -1723073393
24.320 386 -1723073393
24.347 436 -1723073393
24.373 476 -1723073393
24.400 510 -1723073393
24.427 542 -1723073393
24.453 572 -1723073393
24.480 599 -1723073393
24.507 626 -1723073393
24.533 652 -1723073393
24.560 677 -1723073393
24.587 704 -1723073393
24.613 732 -1723073393
24.640 761 -1723073393
24.667 787 -1723073393
24.693 807 -1723073393
24.720 817 -1723073393
24.747 818 -1723073393
24.773 805 -1723073393
24.800 779 -1723073393
24.827 746 -1723073393
24.853 700 -1723073393
24.880 645 -1723073393
24.907 583 -1723073393
24.933 515 -1723073393
24.960 443 -1723073393
24.987 365 -1723073393
25.013 281 -1723073393
25.040 198 -1723073393
25.067 118 -1723073393
25.093 38 -1723073393
25.120 -37 -1723073393
25.147 -108 -1723073393
25.173 -174 -1723073393
25.200 -228 -1723073393
25.227 -266 -1723073393
25.253 -299 -1723073393
25.280 -323 -1723073393
25.307 -338 -1723073393
25.333 -353 -1723073393
25.360 -359 -1723073393
25.387 -358 -1723073393
25.413 -362 -1723073393
25.440 -360 -1723073393
25.467 -357 -1723073393
25.493 -364 -1723073393
25.520 -365 -1723073393
25.547 -371 -1723073393
25.573 -389 -1723073393
25.600 -399 -1723073393
25.627 -407 -1723073393
25.653 -420 -1723073393
25.680 -425 -1723073393
25.707 -429 -1723073393
25.733 -436 -1723073393
25.760 -434 -1723073393
25.787 -427 -1723073393
25.813 -421 -1723073393
25.840 -398 -1723073393
25.867 -366 -1723073393
25.893 -327 -1723073393
25.920 -267 -1723073393
25.947 -200 -1723073393
25.973 -132 -1723073393
26.000 -50 -1723073393
26.027 37 -1723073393
26.053 123 -1723073393
26.080 207 -1723073393
26.107 283 -1723073393
26.133 350 -1723073393
26.160 409 -1723073393
26.187 452 -1723073393
26.213 480 -1723073393
26.240 501 -1723073393
26.267 511 -1723073393
26.293 510 -1723073393
26.320 501 -1723073393
26.347 476 -1723073393
26.373 438 -1723073393
26.400 397 -1723073393
26.427 351 -1723073393
26.453 301 -1723073393
26.480 256 -1723073393
26.507 205 -1723073393
26.533 156 -1723073393
26.560 117 -1723073393
26.587 74 -1723073393
26.613 32 -1723073393
26.640 0 -1723073393
26.667 -31 -1723073393
26.693 -58 -1723073393
26.720 -74 -1723073393
26.747 -93 -1723073393
26.773 -111 -1723073393
26.800 -126 -1723073393
26.827 -151 -1723073393
26.853 -180 -1723073393
26.880 -202 -1723073393
26.907 -228 -1723073393
26.933 -256 -1723073393
26.960 -279 -1723073393
26.987 -307 -1723073393
27.013 -335 -1723073393
27.040 -363 -1723073393
27.067 -388 -1723073393
27.093 -403 -1723073393
27.120 -393 -1723073393
27.147 -369 -1723073393
27.173 -341 -1723073393
27.200 -306 -1723073393
27.227 -268 -1723073393
27.253 -227 -1723073393
27.280 -184 -1723073393
27.307 -143 -1723073393
27.333 -106 -1723073393
27.360 -73 -1723073393
27.387 -46 -1723073393
27.413 -22 -1723073393
27.440 1 -1723073393
27.467 19 -1723073393
27.493 37 -1723073393
27.520 49 -1723073393
27.547 53 -1723073393
27.573 54 -1723073393
27.600 55 -1723073393
27.627 47 -1723073393
27.653 38 -1723073393
27.680 32 -1723073393
27.707 25 -1723073393
27.733 16 -1723073393
27.760 12 -1723073393
27.787 10 -1723073393
27.813 9 -1723073393
27.840 14 -1723073393
27.867 18 -1723073393
27.893 21 -1723073393
27.920 35 -1723073393
27.947 50 -1723073393
27.973 68 -1723073393
28.000 92 -1723073393
28.027 117 -1723073393
28.053 141 -1723073393
28.080 166 -1723073393
28.107 190 -1723073393
28.133 214 -1723073393
28.160 238 -1723073393
28.187 259 -1723073393
28.213 272 -1723073393
28.240 274 -1723073393
28.267 266 -1723073393
28.293 256 -1723073393
28.320 243 -1723073393
28.347 223 -1723073393
28.373 200 -1723073393
28.400 177 -1723073393
28.427 148 -1723073393
28.453 121 -1723073393
28.480 98 -1723073393
28.507 72 -1723073393
28.533 43 -1723073393
28.560 18 -1723073393
28.587 -8 -1723073393
28.613 -30 -1723073393
28.640 -44 -1723073393
28.667 -56 -1723073393
28.693 -63 -1723073393
28.720 -60 -1723073393
28.747 -51 -1723073393
28.773 -35 -1723073393
28.800 -8 -1723073393
28.827 18 -1723073393
28.853 48 -1723073393
28.880 79 -1723073393
28.907 108 -1723073393
28.933 136 -1723073393
28.960 165 -1723073393
28.987 188 -1723073393
29.013 205 -1723073393
29.040 218 -1723073393
29.067 225 -1723073393
29.093 222 -1723073393
29.120 212 -1723073393
29.147 191 -1723073393
29.173 162 -1723073393
29.200 131 -1723073393
29.227 95 -1723073393
29.253 55 -1723073393
29.280 14 -1723073393
29.307 -24 -1723073393
29.333 -62 -1723073393
29.360 -92 -1723073393
29.387 -115 -1723073393
29.413 -134 -1723073393
29.440 -144 -1723073393
29.467 -148 -1723073393
29.493 -148 -1723073393
29.520 -138 -1723073393
29.547 -122 -1723073393
29.573 -104 -1723073393
29.600 -78 -1723073393
29.627 -50 -1723073393
29.653 -23 -1723073393
29.680 1 -1723073393
29.707 24 -1723073393
29.733 46 -1723073393
29.760 63 -1723073393
29.787 78 -1723073393
29.813 93 -1723073393
29.840 110 -1723073393
29.867 124 -1723073393
29.893 137 -1723073393
29.920 152 -1723073393
29.947 165 -1723073393
29.973 175 -1723073393
30.000 186 -1723073393
30.027 201 -1723073393
30.053 215 -1723073393
30.080 227 -1723073393
30.107 237 -1723073393
30.133 248 -1723073393
30.160 259 -1723073393
30.187 267 -1723073393
30.213 273 -1723073393
30.240 281 -1723073393
30.267 291 -1723073393
30.293 296 -1723073393
30.320 296 -1723073393
30.347 293 -1723073393
30.373 283 -1723073393
30.400 274 -1723073393
30.427 260 -1723073393
30.453 240 -1723073393
30.480 219 -1723073393
30.507 193 -1723073393
30.533 160 -1723073393
30.560 126 -1723073393
30.587 97 -1723073393
30.613 66 -1723073393
30.640 36 -1723073393
30.667 11 -1723073393
30.693 -13 -1723073393
30.720 -39 -1723073393
30.747 -59 -1723073393
30.773 -73 -1723073393
30.800 -86 -1723073393
30.827 -94 -1723073393
30.853 -99 -1723073393
30.880 -101 -1723073393
30.907 -94 -1723073393
30.933 -83 -1723073393
30.960 -75 -1723073393
30.987 -64 -1723073393
31.013 -47 -1723073393
31.040 -28 -1723073393
31.067 -6 -1723073393
31.093 14 -1723073393
31.120 29 -1723073393
31.147 41 -1723073393
31.173 47 -1723073393
31.200 49 -1723073393
31.227 52 -1723073393
31.253 47 -1723073393
31.280 34 -1723073393
31.307 25 -1723073393
31.333 9 -1723073393
31.360 -9 -1723073393
31.387 -26 -1723073393
31.413 -43 -1723073393
31.440 -57 -1723073393
31.467 -57 -1723073393
31.493 -50 -1723073393
31.520 -36 -1723073393
31.547 -14 -1723073393
31.573 10 -1723073393
31.600 39 -1723073393
31.627 75 -1723073393
31.653 114 -1723073393
31.680 152 -1723073393
31.707 192 -1723073393
31.733 229 -1723073393
31.760 261 -1723073393
31.787 289 -1723073393
31.813 303 -1723073393
31.840 307 -1723073393
31.867 308 -1723073393
31.893 301 -1723073393
31.920 284 -1723073393
31.947 264 -1723073393
31.973 243 -1723073393
32.000 217 -1723073393
32.027 189 -1723073393
32.053 164 -1723073393
32.080 142 -1723073393
32.107 124 -1723073393
32.133 108 -1723073393
32.160 91 -1723073393
32.187 82 -1723073393
32.213 80 -1723073393
32.240 76 -1723073393
32.267 68 -1723073393
32.293 67 -1723073393
32.320 63 -1723073393
32.347 55 -1723073393
32.373 48 -1723073393
32.400 35 -1723073393
32.427 15 -1723073393
32.453 2 -1723073393
32.480 -11 -1723073393
32.507 -27 -1723073393
32.533 -37 -1723073393
32.560 -46 -1723073393
32.587 -58 -1723073393
32.613 -65 -1723073393
32.640 -64 -1723073393
32.667 -65 -1723073393
32.693 -63 -1723073393
32.720 -52 -1723073393
32.747 -40 -1723073393
32.773 -21 -1723073393
32.800 2 -1723073393
32.827 17 -1723073393
32.853 31 -1723073393
32.880 45 -1723073393
32.907 51 -1723073393
32.933 57 -1723073393
32.960 64 -1723073393
32.987 63 -1723073393
33.013 57 -1723073393
33.040 45 -1723073393
33.067 28 -1723073393
33.093 12 -1723073393
33.120 0 -1723073393
33.147 -13 -1723073393
33.173 -23 -1723073393
33.200 -24 -1723073393
33.227 -23 -1723073393
33.253 -13 -1723073393
33.280 6 -1723073393
33.307 31 -1723073393
33.333 58 -1723073393
33.360 90 -1723073393
33.387 120 -1723073393
33.413 146 -1723073393
33.440 169 -1723073393
33.467 187 -1723073393
33.493 200 -1723073393
33.520 211 -1723073393
33.547 220 -1723073393
33.573 226 -1723073393
33.600 235 -1723073393
33.627 244 -1723073393
33.653 253 -1723073393
33.680 265 -1723073393
33.707 281 -1723073393
33.733 297 -1723073393
33.760 320 -1723073393
33.787 348 -1723073393
33.813 375 -1723073393
33.840 399 -1723073393
33.867 420 -1723073393
33.893 438 -1723073393
33.920 452 -1723073393
33.947 459 -1723073393
33.973 457 -1723073393
34.000 444 -1723073393
34.027 418 -1723073393
34.053 383 -1723073393
34.080 342 -1723073393
34.107 293 -1723073393
34.133 240 -1723073393
34.160 187 -1723073393
34.187 132 -1723073393
34.213 83 -1723073393
34.240 47 -1723073393
34.267 22 -1723073393
34.293 5 -1723073393
34.320 0 -1723073393
34.347 5 -1723073393
34.373 18 -1723073393
34.400 38 -1723073393
34.427 66 -1723073393
34.453 101 -1723073393
34.480 136 -1723073393
34.507 170 -1723073393
34.533 204 -1723073393
34.560 234 -1723073393
34.587 258 -1723073393
34.613 278 -1723073393
34.640 288 -1723073393
34.667 286 -1723073393
34.693 273 -1723073393
34.720 251 -1723073393
34.747 221 -1723073393
34.773 181 -1723073393
34.800 135 -1723073393
34.827 86 -1723073393
34.853 33 -1723073393
34.880 -16 -1723073393
34.907 -63 -1723073393
34.933 -104 -1723073393
34.960 -138 -1723073393
34.987 -158 -1723073393
35.013 -161 -1723073393
35.040 -154 -1723073393
35.067 -134 -1723073393
35.093 -100 -1723073393
35.120 -54 -1723073393
35.147 -3 -1723073393
35.173 55 -1723073393
35.200 118 -1723073393
35.227 182 -1723073393
35.253 245 -1723073393
35.280 306 -1723073393
35.307 359 -1723073393
35.333 402 -1723073393
35.360 438 -1723073393
35.387 474 -1723073393
35.413 501 -1723073393
35.440 519 -1723073393
35.467 532 -1723073393
35.493 534 -1723073393
35.520 525 -1723073393
35.547 513 -1723073393
35.573 498 -1723073393
35.600 477 -1723073393
35.627 447 -1723073393
35.653 415 -1723073393
35.680 377 -1723073393
35.707 332 -1723073393
35.733 288 -1723073393
35.760 244 -1723073393
35.787 200 -1723073393
35.813 165 -1723073393
35.840 132 -1723073393
35.867 96 -1723073393
35.893 64 -1723073393
35.920 36 -1723073393
35.947 11 -1723073393
35.973 -6 -1723073393
36.000 -18 -1723073393
36.027 -26 -1723073393
36.053 -27 -1723073393
36.080 -21 -1723073393
36.107 -19 -1723073393
36.133 -13 -1723073393
36.160 0 -1723073393
36.187 16 -1723073393
36.213 31 -1723073393
36.240 51 -1723073393
36.267 74 -1723073393
36.293 95 -1723073393
36.320 119 -1723073393
36.347 146 -1723073393
36.373 170 -1723073393
36.400 195 -1723073393
36.427 220 -1723073393
36.453 237 -1723073393
36.480 246 -1723073393
36.507 252 -1723073393
36.533 250 -1723073393
36.560 240 -1723073393
36.587 225 -1723073393
36.613 205 -1723073393
36.640 181 -1723073393
36.667 158 -1723073393
36.693 132 -1723073393
36.720 103 -1723073393
36.747 79 -1723073393
36.773 58 -1723073393
36.800 41 -1723073393
36.827 39 -1723073393
36.853 44 -1723073393
36.880 53 -1723073393
36.907 73 -1723073393
36.933 101 -1723073393
36.960 134 -1723073393
36.987 175 -1723073393
37.013 220 -1723073393
37.040 263 -1723073393
37.067 310 -1723073393
37.093 356 -1723073393
37.120 390 -1723073393
37.147 416 -1723073393
37.173 439 -1723073393
37.200 455 -1723073393
37.227 464 -1723073393
37.253 470 -1723073393
37.280 469 -1723073393
37.307 464 -1723073393
37.333 458 -1723073393
37.360 451 -1723073393
37.387 444 -1723073393
37.413 434 -1723073393
37.440 422 -1723073393
37.467 406 -1723073393
37.493 387 -1723073393
37.520 366 -1723073393
37.547 341 -1723073393
37.573 313 -1723073393
37.600 286 -1723073393
37.627 257 -1723073393
37.653 225 -1723073393
37.680 190 -1723073393
37.707 152 -1723073393
37.733 116 -1723073393
37.760 82 -1723073393
37.787 52 -1723073393
37.813 27 -1723073393
37.840 8 -1723073393
37.867 0 -1723073393
37.893 2 -1723073393
37.920 17 -1723073393
37.947 38 -1723073393
37.973 69 -1723073393
38.000 107 -1723073393
38.027 142 -1723073393
38.053 182 -1723073393
38.080 227 -1723073393
38.107 270 -1723073393
38.133 307 -1723073393
38.160 337 -1723073393
38.187 359 -1723073393
38.213 371 -1723073393
38.240 370 -1723073393
38.267 356 -1723073393
38.293 329 -1723073393
38.320 289 -1723073393
38.347 239 -1723073393
38.373 183 -1723073393
38.400 124 -1723073393
38.427 62 -1723073393
38.453 0 -1723073393
38.480 -59 -1723073393
38.507 -109 -1723073393
38.533 -147 -1723073393
38.560 -172 -1723073393
38.587 -182 -1723073393
38.613 -175 -1723073393
38.640 -157 -1723073393
38.667 -127 -1723073393
38.693 -88 -1723073393
38.720 -40 -1723073393
38.747 12 -1723073393
38.773 64 -1723073393
38.800 113 -1723073393
38.827 164 -1723073393
38.853 210 -1723073393
38.880 244 -1723073393
38.907 273 -1723073393
38.933 299 -1723073393
38.960 311 -1723073393
38.987 311 -1723073393
39.013 307 -1723073393
39.040 301 -1723073393
39.067 295 -1723073393
39.093 287 -1723073393
39.120 278 -1723073393
39.147 268 -1723073393
39.173 259 -1723073393
39.200 248 -1723073393
39.227 235 -1723073393
39.253 227 -1723073393
39.280 224 -1723073393
39.307 220 -1723073393
39.333 214 -1723073393
39.360 207 -1723073393
39.387 199 -1723073393
39.413 188 -1723073393
39.440 174 -1723073393
39.467 162 -1723073393
39.493 153 -1723073393
39.520 151 -1723073393
39.547 155 -1723073393
39.573 160 -1723073393
39.600 163 -1723073393
39.627 162 -1723073393
39.653 159 -1723073393
39.680 156 -1723073393
39.707 150 -1723073393
39.733 143 -1723073393
39.760 138 -1723073393
39.787 134 -1723073393
39.813 127 -1723073393
39.840 120 -1723073393
39.867 113 -1723073393
39.893 107 -1723073393
39.920 101 -1723073393
39.947 93 -1723073393
39.973 84 -1723073393
40.000 78 -1723073393
40.027 73 -1723073393
40.053 65 -1723073393
40.080 56 -1723073393
40.107 46 -1723073393
40.133 37 -1723073393
40.160 30 -1723073393
40.187 19 -1723073393
40.213 5 -1723073393
40.240 -5 -1723073393
40.267 -13 -1723073393
40.293 -15 -1723073393
40.320 -9 -1723073393
40.347 2 -1723073393
40.373 16 -1723073393
40.400 30 -1723073393
40.427 48 -1723073393
40.453 66 -1723073393
40.480 86 -1723073393
40.507 111 -1723073393
40.533 135 -1723073393
40.560 159 -1723073393
40.587 187 -1723073393
40.613 213 -1723073393
40.640 234 -1723073393
40.667 254 -1723073393
40.693 268 -1723073393
40.720 276 -1723073393
40.747 285 -1723073393
40.773 293 -1723073393
40.800 297 -1723073393
40.827 304 -1723073393
40.853 312 -1723073393
40.880 314 -1723073393
40.907 319 -1723073393
40.933 321 -1723073393
40.960 315 -1723073393
40.987 306 -1723073393
41.013 297 -1723073393
41.040 284 -1723073393
41.067 268 -1723073393
41.093 247 -1723073393
41.120 222 -1723073393
41.147 199 -1723073393
41.173 176 -1723073393
41.200 149 -1723073393
41.227 119 -1723073393
41.253 96 -1723073393
41.280 75 -1723073393
41.307 52 -1723073393
41.333 32 -1723073393
41.360 14 -1723073393
41.387 -6 -1723073393
41.413 -21 -1723073393
41.440 -26 -1723073393
41.467 -34 -1723073393
41.493 -38 -1723073393
41.520 -31 -1723073393
41.547 -22 -1723073393
41.573 -14 -1723073393
41.600 -1 -1723073393
41.627 11 -1723073393
41.653 15 -1723073393
41.680 26 -1723073393
41.707 42 -1723073393
41.733 50 -1723073393
41.760 56 -1723073393
41.787 59 -1723073393
41.813 52 -1723073393
41.840 37 -1723073393
41.867 18 -1723073393
41.893 -7 -1723073393
41.920 -34 -1723073393
41.947 -55 -1723073393
41.973 -74 -1723073393
42.000 -93 -1723073393
42.027 -106 -1723073393
42.053 -118 -1723073393
42.080 -124 -1723073393
42.107 -120 -1723073393
42.133 -113 -1723073393
42.160 -102 -1723073393
42.187 -75 -1723073393
42.213 -41 -1723073393
42.240 -10 -1723073393
42.267 25 -1723073393
42.293 64 -1723073393
42.320 97 -1723073393
42.347 128 -1723073393
42.373 162 -1723073393
42.400 184 -1723073393
42.427 200 -1723073393
42.453 214 -1723073393
42.480 219 -1723073393
42.507 212 -1723073393
42.533 198 -1723073393
42.560 181 -1723073393
42.587 162 -1723073393
42.613 143 -1723073393
42.640 125 -1723073393
42.667 103 -1723073393
42.693 80 -1723073393
42.720 60 -1723073393
42.747 43 -1723073393
42.773 32 -1723073393
42.800 27 -1723073393
42.827 22 -1723073393
42.853 15 -1723073393
42.880 12 -1723073393
42.907 7 -1723073393
42.933 4 -1723073393
42.960 11 -1723073393
42.987 18 -1723073393
43.013 20 -1723073393
43.040 26 -1723073393
43.067 31 -1723073393
43.093 28 -1723073393
43.120 25 -1723073393
43.147 27 -1723073393
43.173 24 -1723073393
43.200 20 -1723073393
43.227 20 -1723073393
43.253 20 -1723073393
43.280 23 -1723073393
43.307 28 -1723073393
43.333 26 -1723073393
43.360 21 -1723073393
43.387 25 -1723073393
43.413 27 -1723073393
43.440 18 -1723073393
43.467 9 -1723073393
43.493 0 -1723073393
43.520 -19 -1723073393
43.547 -41 -1723073393
43.573 -58 -1723073393
43.600 -78 -1723073393
43.627 -97 -1723073393
43.653 -112 -1723073393
43.680 -130 -1723073393
43.707 -146 -1723073393
43.733 -154 -1723073393
43.760 -158 -1723073393
43.787 -157 -1723073393
43.813 -143 -1723073393
43.840 -130 -1723073393
43.867 -128 -1723073393
43.893 -121 -1723073393
43.920 -108 -1723073393
43.947 -97 -1723073393
43.973 -82 -1723073393
44.000 -64 -1723073393
44.027 -55 -1723073393
44.053 -50 -1723073393
44.080 -41 -1723073393
44.107 -43 -1723073393
44.133 -52 -1723073393
44.160 -52 -1723073393
44.187 -55 -1723073393
44.213 -62 -1723073393
44.240 -58 -1723073393
44.267 -52 -1723073393
44.293 -45 -1723073393
44.320 -28 -1723073393
44.347 -5 -1723073393
44.373 15 -1723073393
44.400 42 -1723073393
44.427 76 -1723073393
44.453 104 -1723073393
44.480 127 -1723073393
44.507 152 -1723073393
44.533 173 -1723073393
44.560 188 -1723073393
44.587 202 -1723073393
44.613 211 -1723073393
44.640 207 -1723073393
44.667 200 -1723073393
44.693 192 -1723073393
44.720 176 -1723073393
44.747 160 -1723073393
44.773 146 -1723073393
44.800 128 -1723073393
44.827 111 -1723073393
44.853 97 -1723073393
44.880 83 -1723073393
44.907 69 -1723073393
44.933 59 -1723073393
44.960 49 -1723073393
44.987 43 -1723073393
45.013 45 -1723073393
45.040 50 -1723073393
45.067 52 -1723073393
45.093 58 -1723073393
45.120 64 -1723073393
45.147 62 -1723073393
45.173 59 -1723073393
45.200 61 -1723073393
45.227 54 -1723073393
45.253 45 -1723073393
45.280 39 -1723073393
45.307 29 -1723073393
45.333 13 -1723073393
45.360 2 -1723073393
45.387 -9 -1723073393
45.413 -30 -1723073393
45.440 -47 -1723073393
45.467 -62 -1723073393
45.493 -80 -1723073393
45.520 -85 -1723073393
45.547 -79 -1723073393
45.573 -78 -1723073393
45.600 -70 -1723073393
45.627 -51 -1723073393
45.653 -36 -1723073393
45.680 -17 -1723073393
45.707 9 -1723073393
45.733 31 -1723073393
45.760 46 -1723073393
45.787 68 -1723073393
45.813 87 -1723073393
45.840 98 -1723073393
45.867 114 -1723073393
45.893 128 -1723073393
45.920 132 -1723073393
45.947 130 -1723073393
45.973 130 -1723073393
46.000 125 -1723073393
46.027 121 -1723073393
46.053 122 -1723073393
46.080 121 -1723073393
46.107 118 -1723073393
46.133 121 -1723073393
46.160 121 -1723073393
46.187 120 -1723073393
46.213 127 -1723073393
46.240 138 -1723073393
46.267 146 -1723073393
46.293 162 -1723073393
46.320 188 -1723073393
46.347 205 -1723073393
46.373 219 -1723073393
46.400 232 -1723073393
46.427 235 -1723073393
46.453 236 -1723073393
46.480 239 -1723073393
46.507 240 -1723073393
46.533 241 -1723073393
46.560 247 -1723073393
46.587 250 -1723073393
46.613 249 -1723073393
46.640 251 -1723073393
46.667 251 -1723073393
46.693 242 -1723073393
46.720 230 -1723073393
46.747 213 -1723073393
46.773 188 -1723073393
46.800 163 -1723073393
46.827 138 -1723073393
46.853 107 -1723073393
46.880 73 -1723073393
46.907 45 -1723073393
46.933 14 -1723073393
46.960 -14 -1723073393
46.987 -33 -1723073393
47.013 -44 -1723073393
47.040 -54 -1723073393
47.067 -53 -1723073393
47.093 -48 -1723073393
47.120 -45 -1723073393
47.147 -32 -1723073393
47.173 -5 -1723073393
47.200 15 -1723073393
47.227 37 -1723073393
47.253 72 -1723073393
47.280 102 -1723073393
47.307 124 -1723073393
47.333 151 -1723073393
47.360 177 -1723073393
47.387 194 -1723073393
47.413 215 -1723073393
47.440 240 -1723073393
47.467 258 -1723073393
47.493 274 -1723073393
47.520 291 -1723073393
47.547 296 -1723073393
47.573 292 -1723073393
47.600 288 -1723073393
47.627 281 -1723073393
47.653 265 -1723073393
47.680 249 -1723073393
47.707 234 -1723073393
47.733 215 -1723073393
47.760 201 -1723073393
47.787 194 -1723073393
47.813 186 -1723073393
47.840 183 -1723073393
47.867 188 -1723073393
47.893 195 -1723073393
47.920 204 -1723073393
47.947 220 -1723073393
47.973 236 -1723073393
48.000 247 -1723073393
48.027 267 -1723073393
48.053 289 -1723073393
48.080 313 -1723073393
48.107 341 -1723073393
48.133 368 -1723073393
48.160 388 -1723073393
48.187 408 -1723073393
48.213 421 -1723073393
48.240 426 -1723073393
48.267 428 -1723073393
48.293 431 -1723073393
48.320 434 -1723073393
48.347 437 -1723073393
48.373 438 -1723073393
48.400 437 -1723073393
48.427 432 -1723073393
48.453 423 -1723073393
48.480 415 -1723073393
48.507 407 -1723073393
48.533 400 -1723073393
48.560 389 -1723073393
48.587 374 -1723073393
48.613 359 -1723073393
48.640 344 -1723073393
48.667 330 -1723073393
48.693 320 -1723073393
48.720 314 -1723073393
48.747 310 -1723073393
48.773 305 -1723073393
48.800 302 -1723073393
48.827 302 -1723073393
48.853 300 -1723073393
48.880 299 -1723073393
48.907 300 -1723073393
48.933 299 -1723073393
48.960 300 -1723073393
48.987 306 -1723073393
49.013 308 -1723073393
49.040 304 -1723073393
49.067 305 -1723073393
49.093 305 -1723073393
49.120 298 -1723073393
49.147 292 -1723073393
49.173 291 -1723073393
49.200 286 -1723073393
49.227 284 -1723073393
49.253 288 -1723073393
49.280 291 -1723073393
49.307 295 -1723073393
49.333 304 -1723073393
49.360 313 -1723073393
49.387 318 -1723073393
49.413 318 -1723073393
49.440 314 -1723073393
49.467 306 -1723073393
49.493 298 -1723073393
49.520 289 -1723073393
49.547 278 -1723073393
49.573 267 -1723073393
49.600 255 -1723073393
49.627 240 -1723073393
49.653 228 -1723073393
49.680 216 -1723073393
49.707 203 -1723073393
49.733 191 -1723073393
49.760 187 -1723073393
49.787 188 -1723073393
49.813 192 -1723073393
49.840 200 -1723073393
49.867 209 -1723073393
49.893 219 -1723073393
49.920 234 -1723073393
49.947 253 -1723073393
49.973 268 -1723073393
50.000 281 -1723073393
50.027 298 -1723073393
50.053 309 -1723073393
50.080 308 -1723073393
50.107 307 -1723073393
50.133 299 -1723073393
50.160 282 -1723073393
50.187 260 -1723073393
50.213 236 -1723073393
50.240 209 -1723073393
50.267 178 -1723073393
50.293 146 -1723073393
50.320 108 -1723073393
50.347 68 -1723073393
50.373 29 -1723073393
50.400 -15 -1723073393
50.427 -61 -1723073393
50.453 -99 -1723073393
50.480 -135 -1723073393
50.507 -174 -1723073393
50.533 -202 -1723073393
50.560 -223 -1723073393
50.587 -245 -1723073393
50.613 -252 -1723073393
50.640 -245 -1723073393
50.667 -247 -1723073393
50.693 -244 -1723073393
50.720 -226 -1723073393
50.747 -213 -1723073393
50.773 -203 -1723073393
50.800 -178 -1723073393
50.827 -156 -1723073393
50.853 -141 -1723073393
50.880 -118 -1723073393
50.907 -95 -1723073393
50.933 -81 -1723073393
50.960 -65 -1723073393
50.987 -50 -1723073393
51.013 -49 -1723073393
51.040 -50 -1723073393
51.067 -43 -1723073393
51.093 -41 -1723073393
51.120 -44 -1723073393
51.147 -43 -1723073393
51.173 -43 -1723073393
51.200 -46 -1723073393
51.227 -38 -1723073393
51.253 -28 -1723073393
51.280 -24 -1723073393
51.307 -15 -1723073393
51.333 1 -1723073393
51.360 16 -1723073393
51.387 32 -1723073393
51.413 58 -1723073393
51.440 79 -1723073393
51.467 100 -1723073393
51.493 132 -1723073393
51.520 166 -1723073393
51.547 194 -1723073393
51.573 227 -1723073393
51.600 260 -1723073393
51.627 286 -1723073393
51.653 315 -1723073393
51.680 343 -1723073393
51.707 359 -1723073393
51.733 367 -1723073393
51.760 371 -1723073393
51.787 364 -1723073393
51.813 350 -1723073393
51.840 332 -1723073393
51.867 315 -1723073393
51.893 294 -1723073393
51.920 269 -1723073393
51.947 247 -1723073393
51.973 227 -1723073393
52.000 208 -1723073393
52.027 198 -1723073393
52.053 188 -1723073393
52.080 176 -1723073393
52.107 166 -1723073393
52.133 159 -1723073393
52.160 150 -1723073393
52.187 146 -1723073393
52.213 147 -1723073393
52.240 144 -1723073393
52.267 139 -1723073393
52.293 137 -1723073393
52.320 131 -1723073393
52.347 124 -1723073393
52.373 120 -1723073393
52.400 113 -1723073393
52.427 106 -1723073393
52.453 108 -1723073393
52.480 113 -1723073393
52.507 114 -1723073393
52.533 117 -1723073393
52.560 123 -1723073393
52.587 126 -1723073393
52.613 131 -1723073393
52.640 141 -1723073393
52.667 148 -1723073393
52.693 150 -1723073393
52.720 155 -1723073393
52.747 160 -1723073393
52.773 159 -1723073393
52.800 159 -1723073393
52.827 155 -1723073393
52.853 146 -1723073393
52.880 142 -1723073393
52.907 141 -1723073393
52.933 135 -1723073393
52.960 131 -1723073393
52.987 136 -1723073393
53.013 139 -1723073393
53.040 141 -1723073393
53.067 149 -1723073393
53.093 157 -1723073393
53.120 155 -1723073393
53.147 154 -1723073393
53.173 155 -1723073393
53.200 152 -1723073393
53.227 154 -1723073393
53.253 163 -1723073393
53.280 168 -1723073393
53.307 167 -1723073393
53.333 169 -1723073393
53.360 177 -1723073393
53.387 177 -1723073393
53.413 180 -1723073393
53.440 189 -1723073393
53.467 198 -1723073393
53.493 211 -1723073393
53.520 230 -1723073393
53.547 245 -1723073393
53.573 256 -1723073393
53.600 272 -1723073393
53.627 287 -1723073393
53.653 293 -1723073393
53.680 296 -1723073393
53.707 298 -1723073393
53.733 295 -1723073393
53.760 288 -1723073393
53.787 281 -1723073393
53.813 269 -1723073393
53.840 248 -1723073393
53.867 229 -1723073393
53.893 215 -1723073393
53.920 193 -1723073393
53.947 166 -1723073393
53.973 138 -1723073393
54.000 107 -1723073393
54.027 77 -1723073393
54.053 52 -1723073393
54.080 27 -1723073393
54.107 1 -1723073393
54.133 -20 -1723073393
54.160 -44 -1723073393
54.187 -64 -1723073393
54.213 -70 -1723073393
54.240 -70 -1723073393
54.267 -72 -1723073393
54.293 -68 -1723073393
54.320 -57 -1723073393
54.347 -51 -1723073393
54.373 -44 -1723073393
54.400 -32 -1723073393
54.427 -30 -1723073393
54.453 -30 -1723073393
54.480 -16 -1723073393
54.507 -4 -1723073393
54.533 -2 -1723073393
54.560 3 -1723073393
54.587 11 -1723073393
54.613 8 -1723073393
54.640 7 -1723073393
54.667 12 -1723073393
54.693 8 -1723073393
54.720 2 -1723073393
54.747 6 -1723073393
54.773 10 -1723073393
54.800 10 -1723073393
54.827 18 -1723073393
54.853 32 -1723073393
54.880 40 -1723073393
54.907 50 -1723073393
54.933 69 -1723073393
54.960 89 -1723073393
54.987 111 -1723073393
55.013 144 -1723073393
55.040 179 -1723073393
55.067 210 -1723073393
55.093 244 -1723073393
55.120 278 -1723073393
55.147 307 -1723073393
55.173 336 -1723073393
55.200 369 -1723073393
55.227 396 -1723073393
55.253 418 -1723073393
55.280 439 -1723073393
55.307 455 -1723073393
55.333 465 -1723073393
55.360 473 -1723073393
55.387 483 -1723073393
55.413 491 -1723073393
55.440 495 -1723073393
55.467 505 -1723073393
55.493 513 -1723073393
55.520 515 -1723073393
55.547 518 -1723073393
55.573 526 -1723073393
55.600 531 -1723073393
55.627 532 -1723073393
55.653 536 -1723073393
55.680 542 -1723073393
55.707 542 -1723073393
55.733 542 -1723073393
55.760 539 -1723073393
55.787 530 -1723073393
55.813 518 -1723073393
55.840 506 -1723073393
55.867 487 -1723073393
55.893 461 -1723073393
55.920 435 -1723073393
55.947 406 -1723073393
55.973 374 -1723073393
56.000 348 -1723073393
56.027 321 -1723073393
56.053 288 -1723073393
56.080 259 -1723073393
56.107 234 -1723073393
56.133 212 -1723073393
56.160 196 -1723073393
56.187 182 -1723073393
56.213 166 -1723073393
56.240 158 -1723073393
56.267 155 -1723073393
56.293 149 -1723073393
56.320 146 -1723073393
56.347 147 -1723073393
56.373 139 -1723073393
56.400 129 -1723073393
56.427 128 -1723073393
56.453 126 -1723073393
56.480 117 -1723073393
56.507 112 -1723073393
56.533 108 -1723073393
56.560 94 -1723073393
56.587 78 -1723073393
56.613 66 -1723073393
56.640 47 -1723073393
56.667 30 -1723073393
56.693 22 -1723073393
56.720 15 -1723073393
56.747 5 -1723073393
56.773 0 -1723073393
56.800 -6 -1723073393
56.827 -20 -1723073393
56.853 -28 -1723073393
56.880 -26 -1723073393
56.907 -29 -1723073393
56.933 -29 -1723073393
56.960 -23 -1723073393
56.987 -19 -1723073393
57.013 -19 -1723073393
57.040 -10 -1723073393
57.067 2 -1723073393
57.093 12 -1723073393
57.120 31 -1723073393
57.147 56 -1723073393
57.173 72 -1723073393
57.200 88 -1723073393
57.227 114 -1723073393
57.253 135 -1723073393
57.280 150 -1723073393
57.307 171 -1723073393
57.333 189 -1723073393
57.360 198 -1723073393
57.387 209 -1723073393
57.413 220 -1723073393
57.440 222 -1723073393
57.467 225 -1723073393
57.493 231 -1723073393
57.520 233 -1723073393
57.547 230 -1723073393
57.573 231 -1723073393
57.600 233 -1723073393
57.627 235 -1723073393
57.653 236 -1723073393
57.680 238 -1723073393
57.707 240 -1723073393
57.733 248 -1723073393
57.760 264 -1723073393
57.787 282 -1723073393
57.813 294 -1723073393
57.840 308 -1723073393
57.867 325 -1723073393
57.893 340 -1723073393
57.920 355 -1723073393
57.947 376 -1723073393
57.973 399 -1723073393
58.000 420 -1723073393
58.027 441 -1723073393
58.053 462 -1723073393
58.080 476 -1723073393
58.107 482 -1723073393
58.133 485 -1723073393
58.160 487 -1723073393
58.187 483 -1723073393
58.213 481 -1723073393
58.240 485 -1723073393
58.267 487 -1723073393
58.293 486 -1723073393
58.320 492 -1723073393
58.347 495 -1723073393
58.373 495 -1723073393
58.400 504 -1723073393
58.427 516 -1723073393
58.453 525 -1723073393
58.480 534 -1723073393
58.507 547 -1723073393
58.533 559 -1723073393
58.560 570 -1723073393
58.587 583 -1723073393
58.613 590 -1723073393
58.640 592 -1723073393
58.667 596 -1723073393
58.693 600 -1723073393
58.720 596 -1723073393
58.747 593 -1723073393
58.773 593 -1723073393
58.800 592 -1723073393
58.827 590 -1723073393
58.853 596 -1723073393
58.880 600 -1723073393
58.907 598 -1723073393
58.933 599 -1723073393
58.960 602 -1723073393
58.987 598 -1723073393
59.013 596 -1723073393
59.040 595 -1723073393
59.067 587 -1723073393
59.093 572 -1723073393
59.120 560 -1723073393
59.147 547 -1723073393
59.173 533 -1723073393
59.200 523 -1723073393
59.227 513 -1723073393
59.253 495 -1723073393
59.280 481 -1723073393
59.307 474 -1723073393
59.333 465 -1723073393
59.360 453 -1723073393
59.387 444 -1723073393
59.413 433 -1723073393
59.440 417 -1723073393
59.467 404 -1723073393
59.493 390 -1723073393
59.520 365 -1723073393
59.547 342 -1723073393
59.573 325 -1723073393
59.600 304 -1723073393
59.627 279 -1723073393
59.653 252 -1723073393
59.680 224 -1723073393
59.707 196 -1723073393
59.733 170 -1723073393
59.760 144 -1723073393
59.787 118 -1723073393
59.813 96 -1723073393
59.840 74 -1723073393
59.867 53 -1723073393
59.893 42 -1723073393
59.920 32 -1723073393
59.947 23 -1723073393
59.973 18 -1723073393
60.000 15 -1723073393
60.027 11 -1723073393
60.053 9 -1723073393
60.080 6 -1723073393
60.107 -1 -1723073393
60.133 -9 -1723073393
60.160 -11 -1723073393
60.187 -18 -1723073393
60.213 -31 -1723073393
60.240 -38 -1723073393
60.267 -41 -1723073393
60.293 -50 -1723073393
60.320 -60 -1723073393
60.347 -65 -1723073393
60.373 -70 -1723073393
60.400 -76 -1723073393
60.427 -75 -1723073393
60.453 -74 -1723073393
60.480 -79 -1723073393
60.507 -77 -1723073393
60.533 -68 -1723073393
60.560 -63 -1723073393
60.587 -57 -1723073393
60.613 -50 -1723073393
60.640 -49 -1723073393
60.667 -52 -1723073393
60.693 -50 -1723073393
60.720 -48 -1723073393
60.747 -54 -1723073393
60.773 -56 -1723073393
60.800 -57 -1723073393
60.827 -67 -1723073393
60.853 -80 -1723073393
60.880 -92 -1723073393
60.907 -112 -1723073393
60.933 -139 -1723073393
60.960 -163 -1723073393
60.987 -186 -1723073393
61.013 -214 -1723073393
61.040 -232 -1723073393
61.067 -241 -1723073393
61.093 -257 -1723073393
61.120 -269 -1723073393
61.147 -271 -1723073393
61.173 -279 -1723073393
61.200 -287 -1723073393
61.227 -281 -1723073393
61.253 -277 -1723073393
61.280 -281 -1723073393
61.307 -276 -1723073393
61.333 -267 -1723073393
61.360 -269 -1723073393
61.387 -269 -1723073393
61.413 -259 -1723073393
61.440 -257 -1723073393
61.467 -263 -1723073393
61.493 -258 -1723073393
61.520 -252 -1723073393
61.547 -257 -1723073393
61.573 -256 -1723073393
61.600 -244 -1723073393
61.627 -243 -1723073393
61.653 -247 -1723073393
61.680 -237 -1723073393
61.707 -228 -1723073393
61.733 -227 -1723073393
61.760 -217 -1723073393
61.787 -205 -1723073393
61.813 -200 -1723073393
61.840 -190 -1723073393
61.867 -172 -1723073393
61.893 -161 -1723073393
61.920 -151 -1723073393
61.947 -125 -1723073393
61.973 -100 -1723073393
62.000 -86 -1723073393
62.027 -67 -1723073393
62.053 -48 -1723073393
62.080 -40 -1723073393
62.107 -29 -1723073393
62.133 -10 -1723073393
62.160 3 -1723073393
62.187 6 -1723073393
62.213 14 -1723073393
62.240 18 -1723073393
62.267 8 -1723073393
62.293 -4 -1723073393
62.320 -14 -1723073393
62.347 -33 -1723073393
62.373 -56 -1723073393
62.400 -75 -1723073393
62.427 -94 -1723073393
62.453 -117 -1723073393
62.480 -128 -1723073393
62.507 -135 -1723073393
62.533 -149 -1723073393
62.560 -157 -1723073393
62.587 -155 -1723073393
62.613 -161 -1723073393
62.640 -169 -1723073393
62.667 -164 -1723073393
62.693 -158 -1723073393
62.720 -155 -1723073393
62.747 -144 -1723073393
62.773 -132 -1723073393
62.800 -129 -1723073393
62.827 -124 -1723073393
62.853 -113 -1723073393
62.880 -110 -1723073393
62.907 -110 -1723073393
62.933 -102 -1723073393
62.960 -94 -1723073393
62.987 -91 -1723073393
63.013 -86 -1723073393
63.040 -85 -1723073393
63.067 -95 -1723073393
63.093 -104 -1723073393
63.120 -109 -1723073393
63.147 -125 -1723073393
63.173 -150 -1723073393
63.200 -166 -1723073393
63.227 -183 -1723073393
63.253 -207 -1723073393
63.280 -223 -1723073393
63.307 -233 -1723073393
63.333 -250 -1723073393
63.360 -260 -1723073393
63.387 -256 -1723073393
63.413 -258 -1723073393
63.440 -261 -1723073393
63.467 -246 -1723073393
63.493 -229 -1723073393
63.520 -219 -1723073393
63.547 -201 -1723073393
63.573 -172 -1723073393
63.600 -149 -1723073393
63.627 -127 -1723073393
63.653 -98 -1723073393
63.680 -75 -1723073393
63.707 -59 -1723073393
63.733 -38 -1723073393
63.760 -20 -1723073393
63.787 -13 -1723073393
63.813 -7 -1723073393
63.840 -1 -1723073393
63.867 -6 -1723073393
63.893 -17 -1723073393
63.920 -23 -1723073393
63.947 -31 -1723073393
63.973 -44 -1723073393
64.000 -54 -1723073393
64.027 -63 -1723073393
64.053 -82 -1723073393
64.080 -107 -1723073393
64.107 -126 -1723073393
64.133 -147 -1723073393
64.160 -166 -1723073393
64.187 -172 -1723073393
64.213 -169 -1723073393
64.240 -170 -1723073393
64.267 -161 -1723073393
64.293 -139 -1723073393
64.320 -124 -1723073393
64.347 -106 -1723073393
64.373 -79 -1723073393
64.400 -58 -1723073393
64.427 -42 -1723073393
64.453 -17 -1723073393
64.480 7 -1723073393
64.507 25 -1723073393
64.533 45 -1723073393
64.560 69 -1723073393
64.587 82 -1723073393
64.613 85 -1723073393
64.640 93 -1723073393
64.667 99 -1723073393
64.693 98 -1723073393
64.720 101 -1723073393
64.747 108 -1723073393
64.773 110 -1723073393
64.800 108 -1723073393
64.827 108 -1723073393
64.853 111 -1723073393
64.880 112 -1723073393
64.907 110 -1723073393
64.933 102 -1723073393
64.960 90 -1723073393
64.987 82 -1723073393
65.013 76 -1723073393
65.040 67 -1723073393
65.067 57 -1723073393
65.093 51 -1723073393
65.120 47 -1723073393
65.147 42 -1723073393
65.173 42 -1723073393
65.200 45 -1723073393
65.227 47 -1723073393
65.253 57 -1723073393
65.280 75 -1723073393
65.307 89 -1723073393
65.333 104 -1723073393
65.360 129 -1723073393
65.387 153 -1723073393
65.413 169 -1723073393
65.440 191 -1723073393
65.467 218 -1723073393
65.493 241 -1723073393
65.520 266 -1723073393
65.547 292 -1723073393
65.573 311 -1723073393
65.600 325 -1723073393
65.627 343 -1723073393
65.653 357 -1723073393
65.680 361 -1723073393
65.707 360 -1723073393
65.733 364 -1723073393
65.760 361 -1723073393
65.787 346 -1723073393
65.813 333 -1723073393
65.840 317 -1723073393
65.867 292 -1723073393
65.893 268 -1723073393
65.920 247 -1723073393
65.947 224 -1723073393
65.973 203 -1723073393
66.000 191 -1723073393
66.027 182 -1723073393
66.053 176 -1723073393
66.080 182 -1723073393
66.107 188 -1723073393
66.133 189 -1723073393
66.160 193 -1723073393
66.187 201 -1723073393
66.213 206 -1723073393
66.240 214 -1723073393
66.267 227 -1723073393
66.293 238 -1723073393
66.320 249 -1723073393
66.347 268 -1723073393
66.373 285 -1723073393
66.400 294 -1723073393
66.427 304 -1723073393
66.453 315 -1723073393
66.480 317 -1723073393
66.507 317 -1723073393
66.533 322 -1723073393
66.560 326 -1723073393
66.587 323 -1723073393
66.613 321 -1723073393
66.640 317 -1723073393
66.667 306 -1723073393
66.693 294 -1723073393
66.720 283 -1723073393
66.747 271 -1723073393
66.773 263 -1723073393
66.800 262 -1723073393
66.827 260 -1723073393
66.853 255 -1723073393
66.880 263 -1723073393
66.907 274 -1723073393
66.933 282 -1723073393
66.960 296 -1723073393
66.987 321 -1723073393
67.013 340 -1723073393
67.040 360 -1723073393
67.067 388 -1723073393
67.093 413 -1723073393
67.120 434 -1723073393
67.147 460 -1723073393
67.173 490 -1723073393
67.200 510 -1723073393
67.227 524 -1723073393
67.253 541 -1723073393
67.280 551 -1723073393
67.307 552 -1723073393
67.333 551 -1723073393
67.360 552 -1723073393
67.387 547 -1723073393
67.413 534 -1723073393
67.440 518 -1723073393
67.467 497 -1723073393
67.493 472 -1723073393
67.520 450 -1723073393
67.547 432 -1723073393
67.573 410 -1723073393
67.600 388 -1723073393
67.627 371 -1723073393
67.653 356 -1723073393
67.680 340 -1723073393
67.707 331 -1723073393
67.733 321 -1723073393
67.760 315 -1723073393
67.787 316 -1723073393
67.813 319 -1723073393
67.840 319 -1723073393
67.867 318 -1723073393
67.893 323 -1723073393
67.920 327 -1723073393
67.947 332 -1723073393
67.973 339 -1723073393
68.000 338 -1723073393
68.027 330 -1723073393
68.053 322 -1723073393
68.080 314 -1723073393
68.107 305 -1723073393
68.133 298 -1723073393
68.160 293 -1723073393
68.187 282 -1723073393
68.213 273 -1723073393
68.240 266 -1723073393
68.267 257 -1723073393
68.293 246 -1723073393
68.320 238 -1723073393
68.347 227 -1723073393
68.373 213 -1723073393
68.400 208 -1723073393
68.427 211 -1723073393
68.453 213 -1723073393
68.480 216 -1723073393
68.507 220 -1723073393
68.533 217 -1723073393
68.560 215 -1723073393
68.587 220 -1723073393
68.613 224 -1723073393
68.640 227 -1723073393
68.667 240 -1723073393
68.693 258 -1723073393
68.720 267 -1723073393
68.747 277 -1723073393
68.773 293 -1723073393
68.800 308 -1723073393
68.827 322 -1723073393
68.853 339 -1723073393
68.880 354 -1723073393
68.907 364 -1723073393
68.933 376 -1723073393
68.960 392 -1723073393
68.987 409 -1723073393
69.013 423 -1723073393
69.040 437 -1723073393
69.067 450 -1723073393
69.093 454 -1723073393
69.120 457 -1723073393
69.147 461 -1723073393
69.173 454 -1723073393
69.200 442 -1723073393
69.227 436 -1723073393
69.253 428 -1723073393
69.280 414 -1723073393
69.307 401 -1723073393
69.333 389 -1723073393
69.360 370 -1723073393
69.387 350 -1723073393
69.413 334 -1723073393
69.440 313 -1723073393
69.467 291 -1723073393
69.493 275 -1723073393
69.520 259 -1723073393
69.547 238 -1723073393
69.573 220 -1723073393
69.600 203 -1723073393
69.627 186 -1723073393
69.653 173 -1723073393
69.680 165 -1723073393
69.707 155 -1723073393
69.733 149 -1723073393
69.760 150 -1723073393
69.787 147 -1723073393
69.813 141 -1723073393
69.840 145 -1723073393
69.867 147 -1723073393
69.893 143 -1723073393
69.920 149 -1723073393
69.947 165 -1723073393
69.973 172 -1723073393
70.000 180 -1723073393
70.027 197 -1723073393
70.053 211 -1723073393
70.080 222 -1723073393
70.107 240 -1723073393
70.133 260 -1723073393
70.160 274 -1723073393
70.187 288 -1723073393
70.213 302 -1723073393
70.240 305 -1723073393
70.267 305 -1723073393
70.293 312 -1723073393
70.320 319 -1723073393
70.347 322 -1723073393
70.373 326 -1723073393
70.400 328 -1723073393
70.427 328 -1723073393
70.453 328 -1723073393
70.480 329 -1723073393
70.507 324 -1723073393
70.533 318 -1723073393
70.560 314 -1723073393
70.587 306 -1723073393
70.613 297 -1723073393
70.640 296 -1723073393
70.667 300 -1723073393
70.693 295 -1723073393
70.720 288 -1723073393
70.747 283 -1723073393
70.773 276 -1723073393
70.800 271 -1723073393
70.827 272 -1723073393
70.853 275 -1723073393
70.880 277 -1723073393
70.907 285 -1723073393
70.933 295 -1723073393
70.960 295 -1723073393
70.987 297 -1723073393
71.013 305 -1723073393
71.040 310 -1723073393
71.067 315 -1723073393
71.093 326 -1723073393
71.120 338 -1723073393
71.147 347 -1723073393
71.173 359 -1723073393
71.200 372 -1723073393
71.227 378 -1723073393
71.253 383 -1723073393
71.280 396 -1723073393
71.307 405 -1723073393
71.333 407 -1723073393
71.360 408 -1723073393
71.387 409 -1723073393
71.413 403 -1723073393
71.440 391 -1723073393
71.467 380 -1723073393
71.493 366 -1723073393
71.520 346 -1723073393
71.547 328 -1723073393
71.573 315 -1723073393
71.600 301 -1723073393
71.627 287 -1723073393
71.653 274 -1723073393
71.680 258 -1723073393
71.707 247 -1723073393
71.733 243 -1723073393
71.760 239 -1723073393
71.787 235 -1723073393
71.813 234 -1723073393
71.840 234 -1723073393
71.867 229 -1723073393
71.893 229 -1723073393
71.920 230 -1723073393
71.947 226 -1723073393
71.973 226 -1723073393
72.000 230 -1723073393
72.027 228 -1723073393
72.053 219 -1723073393
72.080 216 -1723073393
72.107 214 -1723073393
72.133 209 -1723073393
72.160 211 -1723073393
72.187 219 -1723073393
72.213 220 -1723073393
72.240 217 -1723073393
72.267 220 -1723073393
72.293 222 -1723073393
72.320 224 -1723073393
72.347 235 -1723073393
72.373 245 -1723073393
72.400 250 -1723073393
72.427 256 -1723073393
72.453 267 -1723073393
72.480 276 -1723073393
72.507 286 -1723073393
72.533 294 -1723073393
72.560 298 -1723073393
72.587 296 -1723073393
72.613 294 -1723073393
72.640 293 -1723073393
72.667 288 -1723073393
72.693 291 -1723073393
72.720 293 -1723073393
72.747 288 -1723073393
72.773 284 -1723073393
72.800 283 -1723073393
72.827 281 -1723073393
72.853 275 -1723073393
72.880 270 -1723073393
72.907 263 -1723073393
72.933 254 -1723073393
72.960 250 -1723073393
72.987 251 -1723073393
73.013 249 -1723073393
73.040 246 -1723073393
73.067 246 -1723073393
73.093 242 -1723073393
73.120 233 -1723073393
73.147 230 -1723073393
73.173 226 -1723073393
73.200 217 -1723073393
73.227 210 -1723073393
73.253 209 -1723073393
73.280 207 -1723073393
73.307 204 -1723073393
73.333 205 -1723073393
73.360 208 -1723073393
73.387 211 -1723073393
73.413 216 -1723073393
73.440 221 -1723073393
73.467 223 -1723073393
73.493 229 -1723073393
73.520 240 -1723073393
73.547 244 -1723073393
73.573 242 -1723073393
73.600 246 -1723073393
73.627 249 -1723073393
73.653 247 -1723073393
73.680 248 -1723073393
73.707 251 -1723073393
73.733 249 -1723073393
73.760 249 -1723073393
73.787 253 -1723073393
73.813 252 -1723073393
73.840 248 -1723073393
73.867 252 -1723073393
73.893 256 -1723073393
73.920 256 -1723073393
73.947 258 -1723073393
73.973 257 -1723073393
74.000 248 -1723073393
74.027 239 -1723073393
74.053 233 -1723073393
74.080 224 -1723073393
74.107 214 -1723073393
74.133 210 -1723073393
74.160 202 -1723073393
74.187 189 -1723073393
74.213 181 -1723073393
74.240 177 -1723073393
74.267 170 -1723073393
74.293 167 -1723073393
74.320 169 -1723073393
74.347 170 -1723073393
74.373 173 -1723073393
74.400 186 -1723073393
74.427 198 -1723073393
74.453 207 -1723073393
74.480 217 -1723073393
74.507 225 -1723073393
74.533 228 -1723073393
74.560 233 -1723073393
74.587 242 -1723073393
74.613 246 -1723073393
74.640 247 -1723073393
74.667 251 -1723073393
74.693 251 -1723073393
74.720 246 -1723073393
74.747 242 -1723073393
74.773 242 -1723073393
74.800 239 -1723073393
74.827 240 -1723073393
74.853 244 -1723073393
74.880 247 -1723073393
74.907 251 -1723073393
74.933 257 -1723073393
74.960 258 -1723073393
74.987 256 -1723073393
75.013 260 -1723073393
75.040 265 -1723073393
75.067 267 -1723073393
75.093 271 -1723073393
75.120 275 -1723073393
75.147 274 -1723073393
75.173 272 -1723073393
75.200 273 -1723073393
75.227 273 -1723073393
75.253 270 -1723073393
75.280 272 -1723073393
75.307 277 -1723073393
75.333 275 -1723073393
75.360 273 -1723073393
75.387 276 -1723073393
75.413 279 -1723073393
75.440 282 -1723073393
75.467 292 -1723073393
75.493 302 -1723073393
75.520 306 -1723073393
75.547 313 -1723073393
75.573 320 -1723073393
75.600 322 -1723073393
75.627 321 -1723073393
75.653 317 -1723073393
75.680 303 -1723073393
75.707 287 -1723073393
75.733 272 -1723073393
75.760 251 -1723073393
75.787 224 -1723073393
75.813 200 -1723073393
75.840 176 -1723073393
75.867 151 -1723073393
75.893 132 -1723073393
75.920 116 -1723073393
75.947 98 -1723073393
75.973 84 -1723073393
76.000 79 -1723073393
76.027 73 -1723073393
76.053 64 -1723073393
76.080 69 -1723073393
76.107 83 -1723073393
76.133 94 -1723073393
76.160 116 -1723073393
76.187 146 -1723073393
76.213 168 -1723073393
76.240 192 -1723073393
76.267 223 -1723073393
76.293 247 -1723073393
76.320 260 -1723073393
76.347 275 -1723073393
76.373 290 -1723073393
76.400 301 -1723073393
76.427 314 -1723073393
76.453 328 -1723073393
76.480 333 -1723073393
76.507 333 -1723073393
76.533 334 -1723073393
76.560 335 -1723073393
76.587 337 -1723073393
76.613 341 -1723073393
76.640 347 -1723073393
76.667 351 -1723073393
76.693 355 -1723073393
76.720 359 -1723073393
76.747 358 -1723073393
76.773 358 -1723073393
76.800 364 -1723073393
76.827 369 -1723073393
76.853 373 -1723073393
76.880 378 -1723073393
76.907 382 -1723073393
76.933 382 -1723073393
76.960 381 -1723073393
76.987 382 -1723073393
77.013 383 -1723073393
77.040 386 -1723073393
77.067 387 -1723073393
77.093 385 -1723073393
77.120 383 -1723073393
77.147 381 -1723073393
77.173 377 -1723073393
77.200 371 -1723073393
77.227 364 -1723073393
77.253 354 -1723073393
77.280 341 -1723073393
77.307 327 -1723073393
77.333 317 -1723073393
77.360 310 -1723073393
77.387 307 -1723073393
77.413 303 -1723073393
77.440 300 -1723073393
77.467 295 -1723073393
77.493 288 -1723073393
77.520 279 -1723073393
77.547 267 -1723073393
77.573 259 -1723073393
77.600 256 -1723073393
77.627 255 -1723073393
77.653 256 -1723073393
77.680 257 -1723073393
77.707 254 -1723073393
77.733 254 -1723073393
77.760 260 -1723073393
77.787 264 -1723073393
77.813 265 -1723073393
77.840 269 -1723073393
77.867 271 -1723073393
77.893 269 -1723073393
77.920 268 -1723073393
77.947 269 -1723073393
77.973 269 -1723073393
78.000 274 -1723073393
78.027 280 -1723073393
78.053 283 -1723073393
78.080 285 -1723073393
78.107 290 -1723073393
78.133 293 -1723073393
78.160 297 -1723073393
78.187 306 -1723073393
78.213 312 -1723073393
78.240 314 -1723073393
78.267 315 -1723073393
78.293 315 -1723073393
78.320 311 -1723073393
78.347 311 -1723073393
78.373 312 -1723073393
78.400 314 -1723073393
78.427 317 -1723073393
78.453 317 -1723073393
78.480 313 -1723073393
78.507 306 -1723073393
78.533 295 -1723073393
78.560 280 -1723073393
78.587 268 -1723073393
78.613 255 -1723073393
78.640 237 -1723073393
78.667 221 -1723073393
78.693 209 -1723073393
78.720 197 -1723073393
78.747 184 -1723073393
78.773 171 -1723073393
78.800 160 -1723073393
78.827 148 -1723073393
78.853 139 -1723073393
78.880 136 -1723073393
78.907 133 -1723073393
78.933 128 -1723073393
78.960 123 -1723073393
78.987 120 -1723073393
79.013 116 -1723073393
79.040 118 -1723073393
79.067 127 -1723073393
79.093 135 -1723073393
79.120 142 -1723073393
79.147 151 -1723073393
79.173 158 -1723073393
79.200 165 -1723073393
79.227 174 -1723073393
79.253 182 -1723073393
79.280 185 -1723073393
79.307 188 -1723073393
79.333 190 -1723073393
79.360 184 -1723073393
79.387 177 -1723073393
79.413 173 -1723073393
79.440 169 -1723073393
79.467 165 -1723073393
79.493 160 -1723073393
79.520 151 -1723073393
79.547 137 -1723073393
79.573 126 -1723073393
79.600 116 -1723073393
79.627 106 -1723073393
79.653 101 -1723073393
79.680 101 -1723073393
79.707 96 -1723073393
79.733 95 -1723073393
79.760 103 -1723073393
79.787 110 -1723073393
79.813 113 -1723073393
79.840 126 -1723073393
79.867 145 -1723073393
79.893 158 -1723073393
79.920 171 -1723073393
79.947 189 -1723073393
79.973 204 -1723073393
80.000 218 -1723073393
80.027 234 -1723073393
80.053 243 -1723073393
80.080 249 -1723073393
80.107 259 -1723073393
80.133 264 -1723073393
80.160 266 -1723073393
80.187 270 -1723073393
80.213 270 -1723073393
80.240 267 -1723073393
80.267 267 -1723073393
80.293 266 -1723073393
80.320 264 -1723073393
80.347 261 -1723073393
80.373 257 -1723073393
80.400 248 -1723073393
80.427 239 -1723073393
80.453 235 -1723073393
80.480 234 -1723073393
80.507 237 -1723073393
80.533 242 -1723073393
80.560 247 -1723073393
80.587 250 -1723073393
80.613 255 -1723073393
80.640 260 -1723073393
80.667 259 -1723073393
80.693 258 -1723073393
80.720 259 -1723073393
80.747 256 -1723073393
80.773 257 -1723073393
80.800 262 -1723073393
80.827 261 -1723073393
80.853 257 -1723073393
80.880 259 -1723073393
80.907 257 -1723073393
80.933 247 -1723073393
80.960 241 -1723073393
80.987 234 -1723073393
81.013 220 -1723073393
81.040 211 -1723073393
81.067 209 -1723073393
81.093 200 -1723073393
81.120 188 -1723073393
81.147 185 -1723073393
81.173 177 -1723073393
81.200 166 -1723073393
81.227 163 -1723073393
81.253 161 -1723073393
81.280 154 -1723073393
81.307 152 -1723073393
81.333 151 -1723073393
81.360 146 -1723073393
81.387 143 -1723073393
81.413 142 -1723073393
81.440 134 -1723073393
81.467 129 -1723073393
81.493 132 -1723073393
81.520 128 -1723073393
81.547 125 -1723073393
81.573 136 -1723073393
81.600 147 -1723073393
81.627 160 -1723073393
81.653 184 -1723073393
81.680 202 -1723073393
81.707 210 -1723073393
81.733 224 -1723073393
81.760 243 -1723073393
81.787 258 -1723073393
81.813 274 -1723073393
81.840 294 -1723073393
81.867 312 -1723073393
81.893 331 -1723073393
81.920 351 -1723073393
81.947 365 -1723073393
81.973 381 -1723073393
82.000 395 -1723073393
82.027 402 -1723073393
82.053 405 -1723073393
82.080 399 -1723073393
82.107 384 -1723073393
82.133 370 -1723073393
82.160 355 -1723073393
82.187 335 -1723073393
82.213 319 -1723073393
82.240 304 -1723073393
82.267 285 -1723073393
82.293 270 -1723073393
82.320 261 -1723073393
82.347 250 -1723073393
82.373 244 -1723073393
82.400 245 -1723073393
82.427 240 -1723073393
82.453 232 -1723073393
82.480 235 -1723073393
82.507 244 -1723073393
82.533 247 -1723073393
82.560 246 -1723073393
82.587 249 -1723073393
82.613 250 -1723073393
82.640 251 -1723073393
82.667 261 -1723073393
82.693 271 -1723073393
82.720 277 -1723073393
82.747 277 -1723073393
82.773 272 -1723073393
82.800 270 -1723073393
82.827 272 -1723073393
82.853 273 -1723073393
82.880 274 -1723073393
82.907 272 -1723073393
82.933 265 -1723073393
82.960 251 -1723073393
82.987 236 -1723073393
83.013 221 -1723073393
83.040 204 -1723073393
83.067 193 -1723073393
83.093 189 -1723073393
83.120 184 -1723073393
83.147 182 -1723073393
83.173 182 -1723073393
83.200 179 -1723073393
83.227 175 -1723073393
83.253 178 -1723073393
83.280 182 -1723073393
83.307 184 -1723073393
83.333 191 -1723073393
83.360 202 -1723073393
83.387 209 -1723073393
83.413 218 -1723073393
83.440 233 -1723073393
83.467 245 -1723073393
83.493 255 -1723073393
83.520 270 -1723073393
83.547 281 -1723073393
83.573 287 -1723073393
83.600 293 -1723073393
83.627 293 -1723073393
83.653 290 -1723073393
83.680 291 -1723073393
83.707 287 -1723073393
83.733 279 -1723073393
83.760 277 -1723073393
83.787 274 -1723073393
83.813 269 -1723073393
83.840 269 -1723073393
83.867 265 -1723073393
83.893 252 -1723073393
83.920 243 -1723073393
83.947 232 -1723073393
83.973 218 -1723073393
84.000 212 -1723073393
84.027 211 -1723073393
84.053 206 -1723073393
84.080 201 -1723073393
84.107 202 -1723073393
84.133 205 -1723073393
84.160 206 -1723073393
84.187 213 -1723073393
84.213 214 -1723073393
84.240 213 -1723073393
84.267 218 -1723073393
84.293 220 -1723073393
84.320 220 -1723073393
84.347 222 -1723073393
84.373 221 -1723073393
84.400 216 -1723073393
84.427 216 -1723073393
84.453 219 -1723073393
84.480 220 -1723073393
84.507 227 -1723073393
84.533 235 -1723073393
84.560 233 -1723073393
84.587 229 -1723073393
84.613 225 -1723073393
84.640 213 -1723073393
84.667 207 -1723073393
84.693 209 -1723073393
84.720 205 -1723073393
84.747 198 -1723073393
84.773 195 -1723073393
84.800 191 -1723073393
84.827 185 -1723073393
84.853 183 -1723073393
84.880 180 -1723073393
84.907 179 -1723073393
84.933 182 -1723073393
84.960 182 -1723073393
84.987 176 -1723073393
85.013 172 -1723073393
85.040 168 -1723073393
85.067 166 -1723073393
85.093 171 -1723073393
85.120 181 -1723073393
85.147 187 -1723073393
85.173 192 -1723073393
85.200 197 -1723073393
85.227 196 -1723073393
85.253 199 -1723073393
85.280 208 -1723073393
85.307 212 -1723073393
85.333 213 -1723073393
85.360 216 -1723073393
85.387 223 -1723073393
85.413 236 -1723073393
85.440 246 -1723073393
85.467 252 -1723073393
85.493 258 -1723073393
85.520 264 -1723073393
85.547 266 -1723073393
85.573 268 -1723073393
85.600 272 -1723073393
85.627 268 -1723073393
85.653 265 -1723073393
85.680 266 -1723073393
85.707 268 -1723073393
85.733 275 -1723073393
85.760 280 -1723073393
85.787 277 -1723073393
85.813 271 -1723073393
85.840 268 -1723073393
85.867 260 -1723073393
85.893 251 -1723073393
85.920 243 -1723073393
85.947 231 -1723073393
85.973 222 -1723073393
86.000 221 -1723073393
86.027 220 -1723073393
86.053 225 -1723073393
86.080 230 -1723073393
86.107 231 -1723073393
86.133 230 -1723073393
86.160 231 -1723073393
86.187 227 -1723073393
86.213 222 -1723073393
86.240 221 -1723073393
86.267 221 -1723073393
86.293 220 -1723073393
86.320 220 -1723073393
86.347 218 -1723073393
86.373 212 -1723073393
86.400 209 -1723073393
86.427 207 -1723073393
86.453 202 -1723073393
86.480 195 -1723073393
86.507 189 -1723073393
86.533 178 -1723073393
86.560 167 -1723073393
86.587 156 -1723073393
86.613 143 -1723073393
86.640 132 -1723073393
86.667 130 -1723073393
86.693 130 -1723073393
86.720 127 -1723073393
86.747 129 -1723073393
86.773 132 -1723073393
86.800 131 -1723073393
86.827 139 -1723073393
86.853 148 -1723073393
86.880 155 -1723073393
86.907 166 -1723073393
86.933 181 -1723073393
86.960 197 -1723073393
86.987 213 -1723073393
87.013 223 -1723073393
87.040 234 -1723073393
87.067 248 -1723073393
87.093 255 -1723073393
87.120 259 -1723073393
87.147 261 -1723073393
87.173 263 -1723073393
87.200 263 -1723073393
87.227 262 -1723073393
87.253 261 -1723073393
87.280 260 -1723073393
87.307 256 -1723073393
87.333 253 -1723073393
87.360 252 -1723073393
87.387 254 -1723073393
87.413 258 -1723073393
87.440 261 -1723073393
87.467 261 -1723073393
87.493 257 -1723073393
87.520 252 -1723073393
87.547 248 -1723073393
87.573 246 -1723073393
87.600 243 -1723073393
87.627 243 -1723073393
87.653 245 -1723073393
87.680 246 -1723073393
87.707 249 -1723073393
87.733 252 -1723073393
87.760 253 -1723073393
87.787 251 -1723073393
87.813 243 -1723073393
87.840 232 -1723073393
87.867 222 -1723073393
87.893 218 -1723073393
87.920 217 -1723073393
87.947 217 -1723073393
87.973 215 -1723073393
88.000 209 -1723073393
88.027 204 -1723073393
88.053 198 -1723073393
88.080 194 -1723073393
88.107 192 -1723073393
88.133 191 -1723073393
88.160 188 -1723073393
88.187 189 -1723073393
88.213 195 -1723073393
88.240 197 -1723073393
88.267 199 -1723073393
88.293 200 -1723073393
88.320 196 -1723073393
88.347 194 -1723073393
88.373 193 -1723073393
88.400 186 -1723073393
88.427 187 -1723073393
88.453 194 -1723073393
88.480 194 -1723073393
88.507 196 -1723073393
88.533 203 -1723073393
88.560 200 -1723073393
88.587 198 -1723073393
88.613 198 -1723073393
88.640 191 -1723073393
88.667 189 -1723073393
88.693 188 -1723073393
88.720 178 -1723073393
88.747 175 -1723073393
88.773 174 -1723073393
88.800 170 -1723073393
88.827 172 -1723073393
88.853 177 -1723073393
88.880 179 -1723073393
88.907 186 -1723073393
88.933 193 -1723073393
88.960 194 -1723073393
88.987 203 -1723073393
89.013 214 -1723073393
89.040 217 -1723073393
89.067 222 -1723073393
89.093 224 -1723073393
89.120 218 -1723073393
89.147 214 -1723073393
89.173 207 -1723073393
89.200 198 -1723073393
89.227 198 -1723073393
89.253 198 -1723073393
89.280 193 -1723073393
89.307 194 -1723073393
89.333 194 -1723073393
89.360 190 -1723073393
89.387 191 -1723073393
89.413 187 -1723073393
89.440 177 -1723073393
89.467 171 -1723073393
89.493 163 -1723073393
89.520 155 -1723073393
89.547 154 -1723073393
89.573 156 -1723073393
89.600 156 -1723073393
89.627 156 -1723073393
89.653 155 -1723073393
89.680 152 -1723073393
89.707 150 -1723073393
89.733 153 -1723073393
89.760 155 -1723073393
89.787 162 -1723073393
89.813 165 -1723073393
89.840 167 -1723073393
89.867 173 -1723073393
89.893 176 -1723073393
89.920 175 -1723073393
89.947 178 -1723073393
89.973 180 -1723073393
90.000 177 -1723073393
90.027 176 -1723073393
90.053 174 -1723073393
90.080 177 -1723073393
90.107 183 -1723073393
90.133 186 -1723073393
90.160 185 -1723073393
90.187 176 -1723073393
90.213 165 -1723073393
90.240 160 -1723073393
90.267 152 -1723073393
90.293 140 -1723073393
90.320 135 -1723073393
90.347 127 -1723073393
90.373 122 -1723073393
90.400 128 -1723073393
90.427 129 -1723073393
90.453 124 -1723073393
90.480 131 -1723073393
90.507 134 -1723073393
90.533 137 -1723073393
90.560 149 -1723073393
90.587 156 -1723073393
90.613 162 -1723073393
90.640 174 -1723073393
90.667 185 -1723073393
90.693 198 -1723073393
90.720 214 -1723073393
90.747 222 -1723073393
90.773 227 -1723073393
90.800 238 -1723073393
90.827 248 -1723073393
90.853 258 -1723073393
90.880 264 -1723073393
90.907 263 -1723073393
90.933 266 -1723073393
90.960 272 -1723073393
90.987 281 -1723073393
91.013 293 -1723073393
91.040 302 -1723073393
91.067 312 -1723073393
91.093 324 -1723073393
91.120 331 -1723073393
91.147 337 -1723073393
91.173 344 -1723073393
91.200 347 -1723073393
91.227 354 -1723073393
91.253 364 -1723073393
91.280 366 -1723073393
91.307 370 -1723073393
91.333 379 -1723073393
91.360 382 -1723073393
91.387 379 -1723073393
91.413 369 -1723073393
91.440 358 -1723073393
91.467 351 -1723073393
91.493 342 -1723073393
91.520 330 -1723073393
91.547 324 -1723073393
91.573 315 -1723073393
91.600 306 -1723073393
91.627 304 -1723073393
91.653 304 -1723073393
91.680 306 -1723073393
91.707 310 -1723073393
91.733 307 -1723073393
91.760 306 -1723073393
91.787 311 -1723073393
91.813 312 -1723073393
91.840 316 -1723073393
91.867 322 -1723073393
91.893 325 -1723073393
91.920 329 -1723073393
91.947 332 -1723073393
91.973 333 -1723073393
92.000 340 -1723073393
92.027 345 -1723073393
92.053 353 -1723073393
92.080 355 -1723073393
92.107 347 -1723073393
92.133 346 -1723073393
92.160 349 -1723073393
92.187 351 -1723073393
92.213 350 -1723073393
92.240 341 -1723073393
92.267 333 -1723073393
92.293 328 -1723073393
92.320 323 -1723073393
92.347 322 -1723073393
92.373 327 -1723073393
92.400 330 -1723073393
92.427 332 -1723073393
92.453 333 -1723073393
92.480 333 -1723073393
92.507 340 -1723073393
92.533 346 -1723073393
92.560 348 -1723073393
92.587 356 -1723073393
92.613 365 -1723073393
92.640 376 -1723073393
92.667 393 -1723073393
92.693 404 -1723073393
92.720 412 -1723073393
92.747 419 -1723073393
92.773 418 -1723073393
92.800 420 -1723073393
92.827 420 -1723073393
92.853 416 -1723073393
92.880 418 -1723073393
92.907 420 -1723073393
92.933 420 -1723073393
92.960 420 -1723073393
92.987 408 -1723073393
93.013 393 -1723073393
93.040 385 -1723073393
93.067 379 -1723073393
93.093 377 -1723073393
93.120 379 -1723073393
93.147 376 -1723073393
93.173 376 -1723073393
93.200 370 -1723073393
93.227 366 -1723073393
93.253 363 -1723073393
93.280 347 -1723073393
93.307 341 -1723073393
93.333 338 -1723073393
93.360 328 -1723073393
93.387 321 -1723073393
93.413 313 -1723073393
93.440 306 -1723073393
93.467 302 -1723073393
93.493 295 -1723073393
93.520 291 -1723073393
93.547 289 -1723073393
93.573 287 -1723073393
93.600 287 -1723073393
93.627 287 -1723073393
93.653 293 -1723073393
93.680 299 -1723073393
93.707 305 -1723073393
93.733 312 -1723073393
93.760 316 -1723073393
93.787 316 -1723073393
93.813 323 -1723073393
93.840 333 -1723073393
93.867 337 -1723073393
93.893 343 -1723073393
93.920 349 -1723073393
93.947 353 -1723073393
93.973 352 -1723073393
94.000 347 -1723073393
94.027 341 -1723073393
94.053 339 -1723073393
94.080 340 -1723073393
94.107 342 -1723073393
94.133 344 -1723073393
94.160 346 -1723073393
94.187 341 -1723073393
94.213 329 -1723073393
94.240 323 -1723073393
94.267 317 -1723073393
94.293 311 -1723073393
94.320 307 -1723073393
94.347 298 -1723073393
94.373 292 -1723073393
94.400 294 -1723073393
94.427 298 -1723073393
94.453 305 -1723073393
94.480 307 -1723073393
94.507 306 -1723073393
94.533 308 -1723073393
94.560 305 -1723073393
94.587 308 -1723073393
94.613 308 -1723073393
94.640 310 -1723073393
94.667 319 -1723073393
94.693 322 -1723073393
94.720 330 -1723073393
94.747 340 -1723073393
94.773 343 -1723073393
94.800 346 -1723073393
94.827 339 -1723073393
94.853 335 -1723073393
94.880 336 -1723073393
94.907 336 -1723073393
94.933 339 -1723073393
94.960 334 -1723073393
94.987 325 -1723073393
95.013 317 -1723073393
95.040 306 -1723073393
95.067 300 -1723073393
95.093 289 -1723073393
95.120 273 -1723073393
95.147 266 -1723073393
95.173 260 -1723073393
95.200 255 -1723073393
95.227 248 -1723073393
95.253 245 -1723073393
95.280 240 -1723073393
95.307 234 -1723073393
95.333 234 -1723073393
95.360 240 -1723073393
95.387 243 -1723073393
95.413 250 -1723073393
95.440 250 -1723073393
95.467 247 -1723073393
95.493 248 -1723073393
95.520 247 -1723073393
95.547 253 -1723073393
95.573 250 -1723073393
95.600 241 -1723073393
95.627 241 -1723073393
95.653 235 -1723073393
95.680 232 -1723073393
95.707 225 -1723073393
95.733 214 -1723073393
95.760 212 -1723073393
95.787 199 -1723073393
95.813 189 -1723073393
95.840 174 -1723073393
95.867 160 -1723073393
95.893 153 -1723073393
95.920 138 -1723073393
95.947 137 -1723073393
95.973 134 -1723073393
96.000 131 -1723073393
96.027 131 -1723073393
96.053 124 -1723073393
96.080 127 -1723073393
96.107 127 -1723073393
96.133 131 -1723073393
96.160 138 -1723073393
96.187 138 -1723073393
96.213 146 -1723073393
96.240 154 -1723073393
96.267 160 -1723073393
96.293 174 -1723073393
96.320 177 -1723073393
96.347 188 -1723073393
96.373 188 -1723073393
96.400 186 -1723073393
96.427 188 -1723073393
96.453 178 -1723073393
96.480 180 -1723073393
96.507 177 -1723073393
96.533 174 -1723073393
96.560 159 -1723073393
96.587 141 -1723073393
96.613 140 -1723073393
96.640 127 -1723073393
96.667 126 -1723073393
96.693 120 -1723073393
96.720 110 -1723073393
96.747 104 -1723073393
96.773 90 -1723073393
96.800 87 -1723073393
96.827 79 -1723073393
96.853 81 -1723073393
96.880 86 -1723073393
96.907 84 -1723073393
96.933 93 -1723073393
96.960 83 -1723073393
96.987 77 -1723073393
97.013 74 -1723073393
97.040 70 -1723073393
97.067 69 -1723073393
97.093 64 -1723073393
97.120 72 -1723073393
97.147 71 -1723073393
97.173 68 -1723073393
97.200 63 -1723073393
97.227 52 -1723073393
97.253 55 -1723073393
97.280 50 -1723073393
97.307 53 -1723073393
97.333 48 -1723073393
97.360 41 -1723073393
97.387 38 -1723073393
97.413 27 -1723073393
97.440 22 -1723073393
97.467 10 -1723073393
97.493 11 -1723073393
97.520 11 -1723073393
97.547 11 -1723073393
97.573 16 -1723073393
97.600 15 -1723073393
97.627 26 -1723073393
97.653 20 -1723073393
97.680 23 -1723073393
97.707 24 -1723073393
97.733 27 -1723073393
97.760 32 -1723073393
97.787 32 -1723073393
97.813 43 -1723073393
97.840 44 -1723073393
97.867 55 -1723073393
97.893 60 -1723073393
97.920 67 -1723073393
97.947 75 -1723073393
97.973 86 -1723073393
98.000 98 -1723073393
98.027 98 -1723073393
98.053 108 -1723073393
98.080 106 -1723073393
98.107 113 -1723073393
98.133 115 -1723073393
98.160 122 -1723073393
98.187 124 -1723073393
98.213 119 -1723073393
98.240 111 -1723073393
98.267 110 -1723073393
98.293 122 -1723073393
98.320 121 -1723073393
98.347 126 -1723073393
98.373 117 -1723073393
98.400 105 -1723073393
98.427 90 -1723073393
98.453 78 -1723073393
98.480 68 -1723073393
98.507 57 -1723073393
98.533 56 -1723073393
98.560 45 -1723073393
98.587 36 -1723073393
98.613 22 -1723073393
98.640 24 -1723073393
98.667 22 -1723073393
98.693 17 -1723073393
98.720 7 -1723073393
98.747 2 -1723073393
98.773 -3 -1723073393
98.800 -6 -1723073393
98.827 -5 -1723073393
98.853 -6 -1723073393
98.880 -2 -1723073393
98.907 -5 -1723073393
98.933 3 -1723073393
98.960 -2 -1723073393
98.987 4 -1723073393
99.013 6 -1723073393
99.040 18 -1723073393
99.067 19 -1723073393
99.093 20 -1723073393
99.120 14 -1723073393
99.147 10 -1723073393
99.173 12 -1723073393
99.200 3 -1723073393
99.227 1 -1723073393
99.253 -4 -1723073393
99.280 -6 -1723073393
99.307 -12 -1723073393
99.333 -5 -1723073393
99.360 -15 -1723073393
99.387 -16 -1723073393
99.413 -29 -1723073393
99.440 -29 -1723073393
99.467 -32 -1723073393
99.493 -19 -1723073393
99.520 -23 -1723073393
99.547 -22 -1723073393
99.573 -21 -1723073393
99.600 -11 -1723073393
99.627 -12 -1723073393
99.653 -7 -1723073393
99.680 -7 -1723073393
99.707 -2 -1723073393
99.733 -7 -1723073393
99.760 -1 -1723073393
99.787 1 -1723073393
99.813 12 -1723073393
99.840 18 -1723073393
99.867 25 -1723073393
99.893 37 -1723073393
99.920 47 -1723073393
99.947 53 -1723073393
99.973 63 -1723073393
100.000 0 -1723073393
