0.000 21 -1723073393
0.027 16 -1723073393
0.053 14 -1723073393
0.080 12 -1723073393
0.107 8 -1723073393
0.133 20 -1723073393
0.160 24 -1723073393
0.187 28 -1723073393
0.213 38 -1723073393
0.240 30 -1723073393
0.267 33 -1723073393
0.293 34 -1723073393
0.320 25 -1723073393
0.347 29 -1723073393
0.373 23 -1723073393
0.400 21 -1723073393
0.427 18 -1723073393
0.453 9 -1723073393
0.480 15 -1723073393
0.507 10 -1723073393
0.533 4 -1723073393
0.560 9 -1723073393
0.587 5 -1723073393
0.613 10 -1723073393
0.640 12 -1723073393
0.667 10 -1723073393
0.693 19 -1723073393
0.720 13 -1723073393
0.747 16 -1723073393
0.773 20 -1723073393
0.800 11 -1723073393
0.827 16 -1723073393
0.853 13 -1723073393
0.880 12 -1723073393
0.907 18 -1723073393
0.933 8 -1723073393
0.960 6 -1723073393
0.987 0 -1723073393
1.013 -11 -1723073393
1.040 -9 -1723073393
1.067 -17 -1723073393
1.093 -10 -1723073393
1.120 -5 -1723073393
1.147 -9 -1723073393
1.173 -1 -1723073393
1.200 -4 -1723073393
1.227 -6 -1723073393
1.253 2 -1723073393
1.280 -1 -1723073393
1.307 0 -1723073393
1.333 -5 -1723073393
1.360 -10 -1723073393
1.387 -3 -1723073393
1.413 -7 -1723073393
1.440 -1 -1723073393
1.467 2 -1723073393
1.493 -7 -1723073393
1.520 -3 -1723073393
1.547 -6 -1723073393
1.573 -7 -1723073393
1.600 -1 -1723073393
1.627 -15 -1723073393
1.653 -22 -1723073393
1.680 -25 -1723073393
1.707 -23 -1723073393
1.733 -10 -1723073393
1.760 -9 -1723073393
1.787 -2 -1723073393
1.813 -2 -1723073393
1.840 -12 -1723073393
1.867 -8 -1723073393
1.893 -8 -1723073393
1.920 -7 -1723073393
1.947 -5 -1723073393
1.973 -16 -1723073393
2.000 -17 -1723073393
2.027 -19 -1723073393
2.053 -20 -1723073393
2.080 -11 -1723073393
2.107 -19 -1723073393
2.133 -13 -1723073393
2.160 -1 -1723073393
2.187 -8 -1723073393
2.213 -6 -1723073393
2.240 -14 -1723073393
2.267 -22 -1723073393
2.293 -22 -1723073393
2.320 -31 -1723073393
2.347 -23 -1723073393
2.373 -20 -1723073393
2.400 -23 -1723073393
2.427 -19 -1723073393
2.453 -20 -1723073393
2.480 -15 -1723073393
2.507 -7 -1723073393
2.533 -10 -1723073393
2.560 -8 -1723073393
2.587 -12 -1723073393
2.613 -18 -1723073393
2.640 -15 -1723073393
2.667 -18 -1723073393
2.693 -10 -1723073393
2.720 -6 -1723073393
2.747 -11 -1723073393
2.773 -13 -1723073393
2.800 -22 -1723073393
2.827 -28 -1723073393
2.853 -27 -1723073393
2.880 -34 -1723073393
2.907 -34 -1723073393
2.933 -41 -1723073393
2.960 -49 -1723073393
2.987 -38 -1723073393
3.013 -33 -1723073393
3.040 -28 -1723073393
3.067 -23 -1723073393
3.093 -25 -1723073393
3.120 -22 -1723073393
3.147 -19 -1723073393
3.173 -18 -1723073393
3.200 -15 -1723073393
3.227 -16 -1723073393
3.253 -16 -1723073393
3.280 -17 -1723073393
3.307 -24 -1723073393
3.333 -22 -1723073393
3.360 -27 -1723073393
3.387 -30 -1723073393
3.413 -29 -1723073393
3.440 -32 -1723073393
3.467 -29 -1723073393
3.493 -29 -1723073393
3.520 -29 -1723073393
3.547 -23 -1723073393
3.573 -21 -1723073393
3.600 -21 -1723073393
3.627 -20 -1723073393
3.653 -19 -1723073393
3.680 -10 -1723073393
3.707 -6 -1723073393
3.733 -8 -1723073393
3.760 -9 -1723073393
3.787 -15 -1723073393
3.813 -20 -1723073393
3.840 -25 -1723073393
3.867 -28 -1723073393
3.893 -24 -1723073393
3.920 -30 -1723073393
3.947 -30 -1723073393
3.973 -24 -1723073393
4.000 -29 -1723073393
4.027 -26 -1723073393
4.053 -23 -1723073393
4.080 -21 -1723073393
4.107 -17 -1723073393
4.133 -22 -1723073393
4.160 -22 -1723073393
4.187 -26 -1723073393
4.213 -30 -1723073393
4.240 -22 -1723073393
4.267 -27 -1723073393
4.293 -33 -1723073393
4.320 -29 -1723073393
4.347 -29 -1723073393
4.373 -24 -1723073393
4.400 -26 -1723073393
4.427 -31 -1723073393
4.453 -30 -1723073393
4.480 -30 -1723073393
4.507 -25 -1723073393
4.533 -21 -1723073393
4.560 -25 -1723073393
4.587 -22 -1723073393
4.613 -15 -1723073393
4.640 -17 -1723073393
4.667 -18 -1723073393
4.693 -27 -1723073393
4.720 -28 -1723073393
4.747 -24 -1723073393
4.773 -25 -1723073393
4.800 -21 -1723073393
4.827 -23 -1723073393
4.853 -31 -1723073393
4.880 -31 -1723073393
4.907 -34 -1723073393
4.933 -32 -1723073393
4.960 -26 -1723073393
4.987 -28 -1723073393
5.013 -22 -1723073393
5.040 -23 -1723073393
5.067 -26 -1723073393
5.093 -24 -1723073393
5.120 -23 -1723073393
5.147 -17 -1723073393
5.173 -16 -1723073393
5.200 -20 -1723073393
5.227 -17 -1723073393
5.253 -17 -1723073393
5.280 -12 -1723073393
5.307 -6 -1723073393
5.333 -11 -1723073393
5.360 -13 -1723073393
5.387 -16 -1723073393
5.413 -17 -1723073393
5.440 -17 -1723073393
5.467 -21 -1723073393
5.493 -17 -1723073393
5.520 -16 -1723073393
5.547 -15 -1723073393
5.573 -7 -1723073393
5.600 -8 -1723073393
5.627 -10 -1723073393
5.653 -8 -1723073393
5.680 -13 -1723073393
5.707 -15 -1723073393
5.733 -20 -1723073393
5.760 -19 -1723073393
5.787 -11 -1723073393
5.813 -13 -1723073393
5.840 -11 -1723073393
5.867 -6 -1723073393
5.893 -8 -1723073393
5.920 -10 -1723073393
5.947 -17 -1723073393
5.973 -18 -1723073393
6.000 -10 -1723073393
6.027 -10 -1723073393
6.053 -6 -1723073393
6.080 -4 -1723073393
6.107 -7 -1723073393
6.133 -4 -1723073393
6.160 -10 -1723073393
6.187 -18 -1723073393
6.213 -19 -1723073393
6.240 -23 -1723073393
6.267 -23 -1723073393
6.293 -22 -1723073393
6.320 -22 -1723073393
6.347 -16 -1723073393
6.373 -17 -1723073393
6.400 -14 -1723073393
6.427 -13 -1723073393
6.453 -16 -1723073393
6.480 -15 -1723073393
6.507 -18 -1723073393
6.533 -18 -1723073393
6.560 -18 -1723073393
6.587 -24 -1723073393
6.613 -23 -1723073393
6.640 -28 -1723073393
6.667 -32 -1723073393
6.693 -26 -1723073393
6.720 -34 -1723073393
6.747 -37 -1723073393
6.773 -36 -1723073393
6.800 -41 -1723073393
6.827 -35 -1723073393
6.853 -30 -1723073393
6.880 -29 -1723073393
6.907 -23 -1723073393
6.933 -28 -1723073393
6.960 -33 -1723073393
6.987 -32 -1723073393
7.013 -33 -1723073393
7.040 -29 -1723073393
7.067 -28 -1723073393
7.093 -30 -1723073393
7.120 -29 -1723073393
7.147 -32 -1723073393
7.173 -30 -1723073393
7.200 -34 -1723073393
7.227 -41 -1723073393
7.253 -36 -1723073393
7.280 -38 -1723073393
7.307 -39 -1723073393
7.333 -37 -1723073393
7.360 -41 -1723073393
7.387 -42 -1723073393
7.413 -40 -1723073393
7.440 -39 -1723073393
7.467 -31 -1723073393
7.493 -30 -1723073393
7.520 -28 -1723073393
7.547 -22 -1723073393
7.573 -27 -1723073393
7.600 -25 -1723073393
7.627 -25 -1723073393
7.653 -31 -1723073393
7.680 -30 -1723073393
7.707 -35 -1723073393
7.733 -36 -1723073393
7.760 -37 -1723073393
7.787 -47 -1723073393
7.813 -44 -1723073393
7.840 -42 -1723073393
7.867 -42 -1723073393
7.893 -34 -1723073393
7.920 -35 -1723073393
7.947 -28 -1723073393
7.973 -26 -1723073393
8.000 -32 -1723073393
8.027 -26 -1723073393
8.053 -28 -1723073393
8.080 -21 -1723073393
8.107 -9 -1723073393
8.133 -10 -1723073393
8.160 -5 -1723073393
8.187 -3 -1723073393
8.213 -3 -1723073393
8.240 5 -1723073393
8.267 4 -1723073393
8.293 8 -1723073393
8.320 19 -1723073393
8.347 15 -1723073393
8.373 21 -1723073393
8.400 19 -1723073393
8.427 12 -1723073393
8.453 13 -1723073393
8.480 5 -1723073393
8.507 5 -1723073393
8.533 9 -1723073393
8.560 6 -1723073393
8.587 7 -1723073393
8.613 2 -1723073393
8.640 -2 -1723073393
8.667 0 -1723073393
8.693 -6 -1723073393
8.720 -6 -1723073393
8.747 -8 -1723073393
8.773 -13 -1723073393
8.800 -6 -1723073393
8.827 -6 -1723073393
8.853 -8 -1723073393
8.880 -11 -1723073393
8.907 -17 -1723073393
8.933 -15 -1723073393
8.960 -20 -1723073393
8.987 -30 -1723073393
9.013 -28 -1723073393
9.040 -31 -1723073393
9.067 -28 -1723073393
9.093 -24 -1723073393
9.120 -28 -1723073393
9.147 -25 -1723073393
9.173 -28 -1723073393
9.200 -28 -1723073393
9.227 -23 -1723073393
9.253 -29 -1723073393
9.280 -29 -1723073393
9.307 -28 -1723073393
9.333 -27 -1723073393
9.360 -19 -1723073393
9.387 -21 -1723073393
9.413 -23 -1723073393
9.440 -19 -1723073393
9.467 -25 -1723073393
9.493 -28 -1723073393
9.520 -29 -1723073393
9.547 -30 -1723073393
9.573 -23 -1723073393
9.600 -25 -1723073393
9.627 -28 -1723073393
9.653 -30 -1723073393
9.680 -35 -1723073393
9.707 -35 -1723073393
9.733 -38 -1723073393
9.760 -36 -1723073393
9.787 -30 -1723073393
9.813 -35 -1723073393
9.840 -35 -1723073393
9.867 -36 -1723073393
9.893 -40 -1723073393
9.920 -34 -1723073393
9.947 -32 -1723073393
9.973 -29 -1723073393
10.000 -13 -1723073393
10.027 -2 -1723073393
10.053 13 -1723073393
10.080 33 -1723073393
10.107 50 -1723073393
10.133 71 -1723073393
10.160 85 -1723073393
10.187 97 -1723073393
10.213 110 -1723073393
10.240 118 -1723073393
10.267 129 -1723073393
10.293 138 -1723073393
10.320 141 -1723073393
10.347 147 -1723073393
10.373 143 -1723073393
10.400 132 -1723073393
10.427 120 -1723073393
10.453 103 -1723073393
10.480 96 -1723073393
10.507 85 -1723073393
10.533 66 -1723073393
10.560 50 -1723073393
10.587 29 -1723073393
10.613 17 -1723073393
10.640 13 -1723073393
10.667 -4 -1723073393
10.693 -15 -1723073393
10.720 -28 -1723073393
10.747 -45 -1723073393
10.773 -47 -1723073393
10.800 -54 -1723073393
10.827 -59 -1723073393
10.853 -52 -1723073393
10.880 -59 -1723073393
10.907 -56 -1723073393
10.933 -52 -1723073393
10.960 -62 -1723073393
10.987 -57 -1723073393
11.013 -57 -1723073393
11.040 -63 -1723073393
11.067 -66 -1723073393
11.093 -80 -1723073393
11.120 -78 -1723073393
11.147 -75 -1723073393
11.173 -83 -1723073393
11.200 -78 -1723073393
11.227 -80 -1723073393
11.253 -78 -1723073393
11.280 -67 -1723073393
11.307 -71 -1723073393
11.333 -65 -1723073393
11.360 -56 -1723073393
11.387 -58 -1723073393
11.413 -41 -1723073393
11.440 -25 -1723073393
11.467 -12 -1723073393
11.493 8 -1723073393
11.520 14 -1723073393
11.547 26 -1723073393
11.573 42 -1723073393
11.600 50 -1723073393
11.627 63 -1723073393
11.653 62 -1723073393
11.680 57 -1723073393
11.707 57 -1723073393
11.733 46 -1723073393
11.760 37 -1723073393
11.787 32 -1723073393
11.813 21 -1723073393
11.840 16 -1723073393
11.867 0 -1723073393
11.893 -14 -1723073393
11.920 -18 -1723073393
11.947 -28 -1723073393
11.973 -31 -1723073393
12.000 -39 -1723073393
12.027 -58 -1723073393
12.053 -62 -1723073393
12.080 -70 -1723073393
12.107 -79 -1723073393
12.133 -74 -1723073393
12.160 -78 -1723073393
12.187 -75 -1723073393
12.213 -64 -1723073393
12.240 -64 -1723073393
12.267 -54 -1723073393
12.293 -52 -1723073393
12.320 -54 -1723073393
12.347 -44 -1723073393
12.373 -49 -1723073393
12.400 -45 -1723073393
12.427 -35 -1723073393
12.453 -30 -1723073393
12.480 -7 -1723073393
12.507 13 -1723073393
12.533 30 -1723073393
12.560 59 -1723073393
12.587 81 -1723073393
12.613 110 -1723073393
12.640 137 -1723073393
12.667 161 -1723073393
12.693 189 -1723073393
12.720 206 -1723073393
12.747 222 -1723073393
12.773 238 -1723073393
12.800 245 -1723073393
12.827 252 -1723073393
12.853 246 -1723073393
12.880 235 -1723073393
12.907 231 -1723073393
12.933 222 -1723073393
12.960 206 -1723073393
12.987 190 -1723073393
13.013 169 -1723073393
13.040 150 -1723073393
13.067 128 -1723073393
13.093 99 -1723073393
13.120 73 -1723073393
13.147 42 -1723073393
13.173 12 -1723073393
13.200 -3 -1723073393
13.227 -20 -1723073393
13.253 -33 -1723073393
13.280 -47 -1723073393
13.307 -71 -1723073393
13.333 -83 -1723073393
13.360 -94 -1723073393
13.387 -111 -1723073393
13.413 -115 -1723073393
13.440 -130 -1723073393
13.467 -144 -1723073393
13.493 -145 -1723073393
13.520 -163 -1723073393
13.547 -168 -1723073393
13.573 -168 -1723073393
13.600 -178 -1723073393
13.627 -174 -1723073393
13.653 -183 -1723073393
13.680 -195 -1723073393
13.707 -190 -1723073393
13.733 -200 -1723073393
13.760 -196 -1723073393
13.787 -179 -1723073393
13.813 -178 -1723073393
13.840 -158 -1723073393
13.867 -139 -1723073393
13.893 -129 -1723073393
13.920 -96 -1723073393
13.947 -74 -1723073393
13.973 -50 -1723073393
14.000 -17 -1723073393
14.027 -3 -1723073393
14.053 17 -1723073393
14.080 37 -1723073393
14.107 41 -1723073393
14.133 58 -1723073393
14.160 64 -1723073393
14.187 60 -1723073393
14.213 56 -1723073393
14.240 39 -1723073393
14.267 24 -1723073393
14.293 3 -1723073393
14.320 -32 -1723073393
14.347 -57 -1723073393
14.373 -87 -1723073393
14.400 -119 -1723073393
14.427 -140 -1723073393
14.453 -175 -1723073393
14.480 -202 -1723073393
14.507 -217 -1723073393
14.533 -242 -1723073393
14.560 -254 -1723073393
14.587 -270 -1723073393
14.613 -296 -1723073393
14.640 -305 -1723073393
14.667 -327 -1723073393
14.693 -342 -1723073393
14.720 -336 -1723073393
14.747 -352 -1723073393
14.773 -355 -1723073393
14.800 -361 -1723073393
14.827 -387 -1723073393
14.853 -389 -1723073393
14.880 -408 -1723073393
14.907 -432 -1723073393
14.933 -437 -1723073393
14.960 -469 -1723073393
14.987 -490 -1723073393
15.013 -507 -1723073393
15.040 -547 -1723073393
15.067 -564 -1723073393
15.093 -598 -1723073393
15.120 -647 -1723073393
15.147 -668 -1723073393
15.173 -720 -1723073393
15.200 -757 -1723073393
15.227 -768 -1723073393
15.253 -810 -1723073393
15.280 -822 -1723073393
15.307 -838 -1723073393
15.333 -871 -1723073393
15.360 -869 -1723073393
15.387 -895 -1723073393
15.413 -915 -1723073393
15.440 -905 -1723073393
15.467 -938 -1723073393
15.493 -943 -1723073393
15.520 -941 -1723073393
15.547 -977 -1723073393
15.573 -975 -1723073393
15.600 -997 -1723073393
15.627 -1033 -1723073393
15.653 -1036 -1723073393
15.680 -1082 -1723073393
15.707 -1111 -1723073393
15.733 -1125 -1723073393
15.760 -1179 -1723073393
15.787 -1185 -1723073393
15.813 -1192 -1723073393
15.840 -1222 -1723073393
15.867 -1196 -1723073393
15.893 -1193 -1723073393
15.920 -1165 -1723073393
15.947 -1072 -1723073393
15.973 -999 -1723073393
16.000 -853 -1723073393
16.027 -656 -1723073393
16.053 -450 -1723073393
16.080 -143 -1723073393
16.107 198 -1723073393
16.133 594 -1723073393
16.160 1104 -1723073393
16.187 1665 -1723073393
16.213 2280 -1723073393
16.240 2955 -1723073393
16.267 3676 -1723073393
16.293 4397 -1723073393
16.320 5148 -1723073393
16.347 5885 -1723073393
16.373 6489 -1723073393
16.400 7105 -1723073393
16.427 7597 -1723073393
16.453 7872 -1723073393
16.480 8172 -1723073393
16.507 8184 -1723073393
16.533 8006 -1723073393
16.560 7864 -1723073393
16.587 7334 -1723073393
16.613 6775 -1723073393
16.640 6206 -1723073393
16.667 5318 -1723073393
16.693 4566 -1723073393
16.720 3720 -1723073393
16.747 2739 -1723073393
16.773 1951 -1723073393
16.800 1065 -1723073393
16.827 196 -1723073393
16.853 -548 -1723073393
16.880 -1296 -1723073393
16.907 -1959 -1723073393
16.933 -2528 -1723073393
16.960 -3023 -1723073393
16.987 -3485 -1723073393
17.013 -3812 -1723073393
17.040 -4052 -1723073393
17.067 -4295 -1723073393
17.093 -4364 -1723073393
17.120 -4425 -1723073393
17.147 -4482 -1723073393
17.173 -4376 -1723073393
17.200 -4363 -1723073393
17.227 -4301 -1723073393
17.253 -4137 -1723073393
17.280 -4111 -1723073393
17.307 -3975 -1723073393
17.333 -3835 -1723073393
17.360 -3809 -1723073393
17.387 -3664 -1723073393
17.413 -3601 -1723073393
17.440 -3572 -1723073393
17.467 -3448 -1723073393
17.493 -3441 -1723073393
17.520 -3394 -1723073393
17.547 -3300 -1723073393
17.573 -3307 -1723073393
17.600 -3212 -1723073393
17.627 -3123 -1723073393
17.653 -3084 -1723073393
17.680 -2936 -1723073393
17.707 -2861 -1723073393
17.733 -2776 -1723073393
17.760 -2618 -1723073393
17.787 -2550 -1723073393
17.813 -2420 -1723073393
17.840 -2270 -1723073393
17.867 -2194 -1723073393
17.893 -2038 -1723073393
17.920 -1914 -1723073393
17.947 -1827 -1723073393
17.973 -1674 -1723073393
18.000 -1579 -1723073393
18.027 -1475 -1723073393
18.053 -1331 -1723073393
18.080 -1242 -1723073393
18.107 -1109 -1723073393
18.133 -969 -1723073393
18.160 -871 -1723073393
18.187 -730 -1723073393
18.213 -613 -1723073393
18.240 -510 -1723073393
18.267 -375 -1723073393
18.293 -274 -1723073393
18.320 -165 -1723073393
18.347 -38 -1723073393
18.373 75 -1723073393
18.400 218 -1723073393
18.427 386 -1723073393
18.453 590 -1723073393
18.480 861 -1723073393
18.507 1193 -1723073393
18.533 1610 -1723073393
18.560 2127 -1723073393
18.587 2759 -1723073393
18.613 3490 -1723073393
18.640 4327 -1723073393
18.667 5306 -1723073393
18.693 6348 -1723073393
18.720 7521 -1723073393
18.747 8771 -1723073393
18.773 9963 -1723073393
18.800 11275 -1723073393
18.827 12512 -1723073393
18.853 13592 -1723073393
18.880 14753 -1723073393
18.907 15570 -1723073393
18.933 16175 -1723073393
18.960 16809 -1723073393
18.987 16886 -1723073393
19.013 16866 -1723073393
19.040 16741 -1723073393
19.067 16014 -1723073393
19.093 15396 -1723073393
19.120 14504 -1723073393
19.147 13191 -1723073393
19.173 12161 -1723073393
19.200 10778 -1723073393
19.227 9271 -1723073393
19.253 8002 -1723073393
19.280 6455 -1723073393
19.307 5050 -1723073393
19.333 3794 -1723073393
19.360 2413 -1723073393
19.387 1219 -1723073393
19.413 131 -1723073393
19.440 -929 -1723073393
19.467 -1836 -1723073393
19.493 -2648 -1723073393
19.520 -3397 -1723073393
19.547 -4045 -1723073393
19.573 -4565 -1723073393
19.600 -5055 -1723073393
19.627 -5486 -1723073393
19.653 -5781 -1723073393
19.680 -6104 -1723073393
19.707 -6339 -1723073393
19.733 -6472 -1723073393
19.760 -6694 -1723073393
19.787 -6789 -1723073393
19.813 -6847 -1723073393
19.840 -6988 -1723073393
19.867 -6961 -1723073393
19.893 -6980 -1723073393
19.920 -7029 -1723073393
19.947 -6908 -1723073393
19.973 -6890 -1723073393
20.000 -6805 -1723073393
20.027 -6591 -1723073393
20.053 -6497 -1723073393
20.080 -6263 -1723073393
20.107 -5987 -1723073393
20.133 -5795 -1723073393
20.160 -5444 -1723073393
20.187 -5136 -1723073393
20.213 -4870 -1723073393
20.240 -4480 -1723073393
20.267 -4195 -1723073393
20.293 -3906 -1723073393
20.320 -3564 -1723073393
20.347 -3365 -1723073393
20.373 -3146 -1723073393
20.400 -2946 -1723073393
20.427 -2860 -1723073393
20.453 -2752 -1723073393
20.480 -2715 -1723073393
20.507 -2737 -1723073393
20.533 -2724 -1723073393
20.560 -2780 -1723073393
20.587 -2842 -1723073393
20.613 -2862 -1723073393
20.640 -2927 -1723073393
20.667 -2936 -1723073393
20.693 -2912 -1723073393
20.720 -2918 -1723073393
20.747 -2838 -1723073393
20.773 -2753 -1723073393
20.800 -2672 -1723073393
20.827 -2506 -1723073393
20.853 -2372 -1723073393
20.880 -2232 -1723073393
20.907 -2050 -1723073393
20.933 -1933 -1723073393
20.960 -1816 -1723073393
20.987 -1715 -1723073393
21.013 -1702 -1723073393
21.040 -1696 -1723073393
21.067 -1742 -1723073393
21.093 -1862 -1723073393
21.120 -2004 -1723073393
21.147 -2218 -1723073393
21.173 -2471 -1723073393
21.200 -2737 -1723073393
21.227 -3067 -1723073393
21.253 -3402 -1723073393
21.280 -3730 -1723073393
21.307 -4105 -1723073393
21.333 -4420 -1723073393
21.360 -4718 -1723073393
21.387 -5035 -1723073393
21.413 -5236 -1723073393
21.440 -5424 -1723073393
21.467 -5584 -1723073393
21.493 -5606 -1723073393
21.520 -5647 -1723073393
21.547 -5610 -1723073393
21.573 -5464 -1723073393
21.600 -5354 -1723073393
21.627 -5127 -1723073393
21.653 -4844 -1723073393
21.680 -4612 -1723073393
21.707 -4257 -1723073393
21.733 -3901 -1723073393
21.760 -3566 -1723073393
21.787 -3123 -1723073393
21.813 -2731 -1723073393
21.840 -2334 -1723073393
21.867 -1868 -1723073393
21.893 -1465 -1723073393
21.920 -1035 -1723073393
21.947 -592 -1723073393
21.973 -207 -1723073393
22.000 193 -1723073393
22.027 573 -1723073393
22.053 916 -1723073393
22.080 1239 -1723073393
22.107 1527 -1723073393
22.133 1783 -1723073393
22.160 1998 -1723073393
22.187 2197 -1723073393
22.213 2347 -1723073393
22.240 2456 -1723073393
22.267 2555 -1723073393
22.293 2593 -1723073393
22.320 2604 -1723073393
22.347 2610 -1723073393
22.373 2552 -1723073393
22.400 2494 -1723073393
22.427 2436 -1723073393
22.453 2333 -1723073393
22.480 2259 -1723073393
22.507 2183 -1723073393
22.533 2086 -1723073393
22.560 2033 -1723073393
22.587 1971 -1723073393
22.613 1901 -1723073393
22.640 1866 -1723073393
22.667 1810 -1723073393
22.693 1759 -1723073393
22.720 1734 -1723073393
22.747 1688 -1723073393
22.773 1655 -1723073393
22.800 1627 -1723073393
22.827 1569 -1723073393
22.853 1527 -1723073393
22.880 1489 -1723073393
22.907 1432 -1723073393
22.933 1394 -1723073393
22.960 1352 -1723073393
22.987 1304 -1723073393
23.013 1280 -1723073393
23.040 1236 -1723073393
23.067 1192 -1723073393
23.093 1166 -1723073393
23.120 1130 -1723073393
23.147 1111 -1723073393
23.173 1104 -1723073393
23.200 1090 -1723073393
23.227 1093 -1723073393
23.253 1099 -1723073393
23.280 1102 -1723073393
23.307 1121 -1723073393
23.333 1136 -1723073393
23.360 1152 -1723073393
23.387 1178 -1723073393
23.413 1187 -1723073393
23.440 1202 -1723073393
23.467 1231 -1723073393
23.493 1245 -1723073393
23.520 1272 -1723073393
23.547 1304 -1723073393
23.573 1322 -1723073393
23.600 1362 -1723073393
23.627 1413 -1723073393
23.653 1472 -1723073393
23.680 1560 -1723073393
23.707 1641 -1723073393
23.733 1727 -1723073393
23.760 1836 -1723073393
23.787 1926 -1723073393
23.813 2026 -1723073393
23.840 2138 -1723073393
23.867 2218 -1723073393
23.893 2309 -1723073393
23.920 2390 -1723073393
23.947 2429 -1723073393
23.973 2486 -1723073393
24.000 2514 -1723073393
24.027 2500 -1723073393
24.053 2501 -1723073393
24.080 2454 -1723073393
24.107 2391 -1723073393
24.133 2351 -1723073393
24.160 2254 -1723073393
24.187 2153 -1723073393
24.213 2066 -1723073393
24.240 1924 -1723073393
24.267 1797 -1723073393
24.293 1675 -1723073393
24.320 1518 -1723073393
24.347 1395 -1723073393
24.373 1271 -1723073393
24.400 1130 -1723073393
24.427 1020 -1723073393
24.453 899 -1723073393
24.480 779 -1723073393
24.507 687 -1723073393
24.533 587 -1723073393
24.560 491 -1723073393
24.587 404 -1723073393
24.613 310 -1723073393
24.640 229 -1723073393
24.667 162 -1723073393
24.693 97 -1723073393
24.720 42 -1723073393
24.747 6 -1723073393
24.773 -13 -1723073393
24.800 -20 -1723073393
24.827 -6 -1723073393
24.853 23 -1723073393
24.880 60 -1723073393
24.907 115 -1723073393
24.933 182 -1723073393
24.960 243 -1723073393
24.987 307 -1723073393
25.013 368 -1723073393
25.040 423 -1723073393
25.067 469 -1723073393
25.093 499 -1723073393
25.120 516 -1723073393
25.147 518 -1723073393
25.173 513 -1723073393
25.200 500 -1723073393
25.227 473 -1723073393
25.253 442 -1723073393
25.280 404 -1723073393
25.307 357 -1723073393
25.333 307 -1723073393
25.360 257 -1723073393
25.387 211 -1723073393
25.413 172 -1723073393
25.440 138 -1723073393
25.467 111 -1723073393
25.493 90 -1723073393
25.520 74 -1723073393
25.547 64 -1723073393
25.573 67 -1723073393
25.600 72 -1723073393
25.627 72 -1723073393
25.653 80 -1723073393
25.680 86 -1723073393
25.707 83 -1723073393
25.733 78 -1723073393
25.760 71 -1723073393
25.787 58 -1723073393
25.813 49 -1723073393
25.840 38 -1723073393
25.867 22 -1723073393
25.893 2 -1723073393
25.920 -23 -1723073393
25.947 -52 -1723073393
25.973 -84 -1723073393
26.000 -127 -1723073393
26.027 -164 -1723073393
26.053 -199 -1723073393
26.080 -238 -1723073393
26.107 -274 -1723073393
26.133 -306 -1723073393
26.160 -342 -1723073393
26.187 -364 -1723073393
26.213 -374 -1723073393
26.240 -389 -1723073393
26.267 -386 -1723073393
26.293 -373 -1723073393
26.320 -364 -1723073393
26.347 -342 -1723073393
26.373 -327 -1723073393
26.400 -323 -1723073393
26.427 -311 -1723073393
26.453 -314 -1723073393
26.480 -325 -1723073393
26.507 -323 -1723073393
26.533 -337 -1723073393
26.560 -350 -1723073393
26.587 -350 -1723073393
26.613 -364 -1723073393
26.640 -361 -1723073393
26.667 -349 -1723073393
26.693 -352 -1723073393
26.720 -336 -1723073393
26.747 -316 -1723073393
26.773 -307 -1723073393
26.800 -283 -1723073393
26.827 -260 -1723073393
26.853 -240 -1723073393
26.880 -201 -1723073393
26.907 -172 -1723073393
26.933 -146 -1723073393
26.960 -111 -1723073393
26.987 -90 -1723073393
27.013 -72 -1723073393
27.040 -54 -1723073393
27.067 -50 -1723073393
27.093 -48 -1723073393
27.120 -51 -1723073393
27.147 -69 -1723073393
27.173 -88 -1723073393
27.200 -114 -1723073393
27.227 -144 -1723073393
27.253 -174 -1723073393
27.280 -208 -1723073393
27.307 -243 -1723073393
27.333 -263 -1723073393
27.360 -278 -1723073393
27.387 -289 -1723073393
27.413 -285 -1723073393
27.440 -289 -1723073393
27.467 -295 -1723073393
27.493 -277 -1723073393
27.520 -264 -1723073393
27.547 -243 -1723073393
27.573 -210 -1723073393
27.600 -191 -1723073393
27.627 -169 -1723073393
27.653 -142 -1723073393
27.680 -129 -1723073393
27.707 -106 -1723073393
27.733 -77 -1723073393
27.760 -66 -1723073393
27.787 -56 -1723073393
27.813 -50 -1723073393
27.840 -57 -1723073393
27.867 -51 -1723073393
27.893 -51 -1723073393
27.920 -59 -1723073393
27.947 -53 -1723073393
27.973 -48 -1723073393
28.000 -51 -1723073393
28.027 -50 -1723073393
28.053 -59 -1723073393
28.080 -73 -1723073393
28.107 -71 -1723073393
28.133 -76 -1723073393
28.160 -79 -1723073393
28.187 -75 -1723073393
28.213 -81 -1723073393
28.240 -78 -1723073393
28.267 -66 -1723073393
28.293 -64 -1723073393
28.320 -48 -1723073393
28.347 -25 -1723073393
28.373 -11 -1723073393
28.400 9 -1723073393
28.427 33 -1723073393
28.453 55 -1723073393
28.480 82 -1723073393
28.507 107 -1723073393
28.533 131 -1723073393
28.560 166 -1723073393
28.587 196 -1723073393
28.613 220 -1723073393
28.640 253 -1723073393
28.667 276 -1723073393
28.693 296 -1723073393
28.720 325 -1723073393
28.747 349 -1723073393
28.773 367 -1723073393
28.800 380 -1723073393
28.827 391 -1723073393
28.853 397 -1723073393
28.880 388 -1723073393
28.907 375 -1723073393
28.933 360 -1723073393
28.960 339 -1723073393
28.987 315 -1723073393
29.013 286 -1723073393
29.040 247 -1723073393
29.067 205 -1723073393
29.093 168 -1723073393
29.120 125 -1723073393
29.147 91 -1723073393
29.173 66 -1723073393
29.200 41 -1723073393
29.227 23 -1723073393
29.253 11 -1723073393
29.280 -5 -1723073393
29.307 -17 -1723073393
29.333 -14 -1723073393
29.360 -16 -1723073393
29.387 -17 -1723073393
29.413 -7 -1723073393
29.440 -3 -1723073393
29.467 2 -1723073393
29.493 9 -1723073393
29.520 12 -1723073393
29.547 17 -1723073393
29.573 29 -1723073393
29.600 32 -1723073393
29.627 33 -1723073393
29.653 37 -1723073393
29.680 38 -1723073393
29.707 43 -1723073393
29.733 51 -1723073393
29.760 56 -1723073393
29.787 66 -1723073393
29.813 72 -1723073393
29.840 79 -1723073393
29.867 95 -1723073393
29.893 104 -1723073393
29.920 106 -1723073393
29.947 112 -1723073393
29.973 108 -1723073393
30.000 105 -1723073393
30.027 111 -1723073393
30.053 108 -1723073393
30.080 103 -1723073393
30.107 99 -1723073393
30.133 93 -1723073393
30.160 92 -1723073393
30.187 94 -1723073393
30.213 88 -1723073393
30.240 87 -1723073393
30.267 94 -1723073393
30.293 101 -1723073393
30.320 122 -1723073393
30.347 155 -1723073393
30.373 185 -1723073393
30.400 221 -1723073393
30.427 261 -1723073393
30.453 300 -1723073393
30.480 348 -1723073393
30.507 400 -1723073393
30.533 446 -1723073393
30.560 481 -1723073393
30.587 501 -1723073393
30.613 509 -1723073393
30.640 504 -1723073393
30.667 484 -1723073393
30.693 454 -1723073393
30.720 404 -1723073393
30.747 344 -1723073393
30.773 280 -1723073393
30.800 200 -1723073393
30.827 115 -1723073393
30.853 33 -1723073393
30.880 -48 -1723073393
30.907 -132 -1723073393
30.933 -202 -1723073393
30.960 -250 -1723073393
30.987 -297 -1723073393
31.013 -325 -1723073393
31.040 -329 -1723073393
31.067 -340 -1723073393
31.093 -331 -1723073393
31.120 -293 -1723073393
31.147 -263 -1723073393
31.173 -210 -1723073393
31.200 -134 -1723073393
31.227 -80 -1723073393
31.253 -19 -1723073393
31.280 44 -1723073393
31.307 85 -1723073393
31.333 131 -1723073393
31.360 175 -1723073393
31.387 200 -1723073393
31.413 218 -1723073393
31.440 224 -1723073393
31.467 218 -1723073393
31.493 212 -1723073393
31.520 201 -1723073393
31.547 185 -1723073393
31.573 171 -1723073393
31.600 152 -1723073393
31.627 131 -1723073393
31.653 115 -1723073393
31.680 95 -1723073393
31.707 74 -1723073393
31.733 59 -1723073393
31.760 38 -1723073393
31.787 15 -1723073393
31.813 -1 -1723073393
31.840 -24 -1723073393
31.867 -40 -1723073393
31.893 -39 -1723073393
31.920 -48 -1723073393
31.947 -53 -1723073393
31.973 -38 -1723073393
32.000 -32 -1723073393
32.027 -21 -1723073393
32.053 2 -1723073393
32.080 18 -1723073393
32.107 42 -1723073393
32.133 73 -1723073393
32.160 100 -1723073393
32.187 135 -1723073393
32.213 174 -1723073393
32.240 203 -1723073393
32.267 237 -1723073393
32.293 271 -1723073393
32.320 296 -1723073393
32.347 322 -1723073393
32.373 342 -1723073393
32.400 353 -1723073393
32.427 356 -1723073393
32.453 343 -1723073393
32.480 319 -1723073393
32.507 282 -1723073393
32.533 233 -1723073393
32.560 178 -1723073393
32.587 112 -1723073393
32.613 36 -1723073393
32.640 -36 -1723073393
32.667 -106 -1723073393
32.693 -177 -1723073393
32.720 -238 -1723073393
32.747 -272 -1723073393
32.773 -302 -1723073393
32.800 -319 -1723073393
32.827 -301 -1723073393
32.853 -280 -1723073393
32.880 -252 -1723073393
32.907 -196 -1723073393
32.933 -146 -1723073393
32.960 -94 -1723073393
32.987 -21 -1723073393
33.013 37 -1723073393
33.040 90 -1723073393
33.067 152 -1723073393
33.093 192 -1723073393
33.120 218 -1723073393
33.147 246 -1723073393
33.173 260 -1723073393
33.200 263 -1723073393
33.227 256 -1723073393
33.253 235 -1723073393
33.280 207 -1723073393
33.307 177 -1723073393
33.333 140 -1723073393
33.360 104 -1723073393
33.387 70 -1723073393
33.413 32 -1723073393
33.440 1 -1723073393
33.467 -21 -1723073393
33.493 -50 -1723073393
33.520 -66 -1723073393
33.547 -70 -1723073393
33.573 -77 -1723073393
33.600 -73 -1723073393
33.627 -66 -1723073393
33.653 -67 -1723073393
33.680 -49 -1723073393
33.707 -27 -1723073393
33.733 -19 -1723073393
33.760 4 -1723073393
33.787 33 -1723073393
33.813 53 -1723073393
33.840 89 -1723073393
33.867 127 -1723073393
33.893 157 -1723073393
33.920 202 -1723073393
33.947 250 -1723073393
33.973 291 -1723073393
34.000 346 -1723073393
34.027 400 -1723073393
34.053 449 -1723073393
34.080 500 -1723073393
34.107 549 -1723073393
34.133 595 -1723073393
34.160 632 -1723073393
34.187 656 -1723073393
34.213 665 -1723073393
34.240 648 -1723073393
34.267 612 -1723073393
34.293 562 -1723073393
34.320 491 -1723073393
34.347 411 -1723073393
34.373 329 -1723073393
34.400 235 -1723073393
34.427 142 -1723073393
34.453 57 -1723073393
34.480 -16 -1723073393
34.507 -80 -1723073393
34.533 -127 -1723073393
34.560 -150 -1723073393
34.587 -161 -1723073393
34.613 -155 -1723073393
34.640 -119 -1723073393
34.667 -79 -1723073393
34.693 -33 -1723073393
34.720 34 -1723073393
34.747 97 -1723073393
34.773 159 -1723073393
34.800 227 -1723073393
34.827 273 -1723073393
34.853 307 -1723073393
34.880 337 -1723073393
34.907 353 -1723073393
34.933 354 -1723073393
34.960 340 -1723073393
34.987 316 -1723073393
35.013 283 -1723073393
35.040 241 -1723073393
35.067 194 -1723073393
35.093 150 -1723073393
35.120 105 -1723073393
35.147 58 -1723073393
35.173 18 -1723073393
35.200 -14 -1723073393
35.227 -47 -1723073393
35.253 -67 -1723073393
35.280 -72 -1723073393
35.307 -76 -1723073393
35.333 -64 -1723073393
35.360 -38 -1723073393
35.387 -18 -1723073393
35.413 17 -1723073393
35.440 64 -1723073393
35.467 100 -1723073393
35.493 140 -1723073393
35.520 187 -1723073393
35.547 222 -1723073393
35.573 256 -1723073393
35.600 293 -1723073393
35.627 320 -1723073393
35.653 345 -1723073393
35.680 369 -1723073393
35.707 393 -1723073393
35.733 426 -1723073393
35.760 458 -1723073393
35.787 479 -1723073393
35.813 498 -1723073393
35.840 515 -1723073393
35.867 522 -1723073393
35.893 522 -1723073393
35.920 512 -1723073393
35.947 489 -1723073393
35.973 459 -1723073393
36.000 420 -1723073393
36.027 377 -1723073393
36.053 329 -1723073393
36.080 270 -1723073393
36.107 201 -1723073393
36.133 136 -1723073393
36.160 73 -1723073393
36.187 9 -1723073393
36.213 -45 -1723073393
36.240 -92 -1723073393
36.267 -138 -1723073393
36.293 -161 -1723073393
36.320 -168 -1723073393
36.347 -179 -1723073393
36.373 -168 -1723073393
36.400 -141 -1723073393
36.427 -119 -1723073393
36.453 -77 -1723073393
36.480 -24 -1723073393
36.507 15 -1723073393
36.533 71 -1723073393
36.560 131 -1723073393
36.587 172 -1723073393
36.613 217 -1723073393
36.640 259 -1723073393
36.667 285 -1723073393
36.693 310 -1723073393
36.720 327 -1723073393
36.747 329 -1723073393
36.773 331 -1723073393
36.800 319 -1723073393
36.827 290 -1723073393
36.853 260 -1723073393
36.880 226 -1723073393
36.907 194 -1723073393
36.933 175 -1723073393
36.960 154 -1723073393
36.987 127 -1723073393
37.013 112 -1723073393
37.040 103 -1723073393
37.067 97 -1723073393
37.093 107 -1723073393
37.120 117 -1723073393
37.147 119 -1723073393
37.173 130 -1723073393
37.200 144 -1723073393
37.227 153 -1723073393
37.253 178 -1723073393
37.280 207 -1723073393
37.307 227 -1723073393
37.333 255 -1723073393
37.360 283 -1723073393
37.387 300 -1723073393
37.413 320 -1723073393
37.440 338 -1723073393
37.467 348 -1723073393
37.493 362 -1723073393
37.520 377 -1723073393
37.547 384 -1723073393
37.573 395 -1723073393
37.600 403 -1723073393
37.627 404 -1723073393
37.653 413 -1723073393
37.680 425 -1723073393
37.707 429 -1723073393
37.733 432 -1723073393
37.760 427 -1723073393
37.787 406 -1723073393
37.813 383 -1723073393
37.840 354 -1723073393
37.867 314 -1723073393
37.893 279 -1723073393
37.920 243 -1723073393
37.947 204 -1723073393
37.973 171 -1723073393
38.000 138 -1723073393
38.027 105 -1723073393
38.053 83 -1723073393
38.080 71 -1723073393
38.107 61 -1723073393
38.133 65 -1723073393
38.160 78 -1723073393
38.187 85 -1723073393
38.213 105 -1723073393
38.240 136 -1723073393
38.267 159 -1723073393
38.293 189 -1723073393
38.320 225 -1723073393
38.347 246 -1723073393
38.373 266 -1723073393
38.400 291 -1723073393
38.427 302 -1723073393
38.453 305 -1723073393
38.480 303 -1723073393
38.507 286 -1723073393
38.533 259 -1723073393
38.560 226 -1723073393
38.587 180 -1723073393
38.613 134 -1723073393
38.640 92 -1723073393
38.667 46 -1723073393
38.693 5 -1723073393
38.720 -24 -1723073393
38.747 -56 -1723073393
38.773 -78 -1723073393
38.800 -81 -1723073393
38.827 -84 -1723073393
38.853 -75 -1723073393
38.880 -51 -1723073393
38.907 -39 -1723073393
38.933 -27 -1723073393
38.960 0 -1723073393
38.987 21 -1723073393
39.013 43 -1723073393
39.040 77 -1723073393
39.067 99 -1723073393
39.093 118 -1723073393
39.120 143 -1723073393
39.147 155 -1723073393
39.173 159 -1723073393
39.200 171 -1723073393
39.227 179 -1723073393
39.253 187 -1723073393
39.280 199 -1723073393
39.307 203 -1723073393
39.333 204 -1723073393
39.360 218 -1723073393
39.387 230 -1723073393
39.413 238 -1723073393
39.440 254 -1723073393
39.467 263 -1723073393
39.493 269 -1723073393
39.520 281 -1723073393
39.547 288 -1723073393
39.573 285 -1723073393
39.600 281 -1723073393
39.627 269 -1723073393
39.653 246 -1723073393
39.680 226 -1723073393
39.707 206 -1723073393
39.733 182 -1723073393
39.760 171 -1723073393
39.787 157 -1723073393
39.813 138 -1723073393
39.840 129 -1723073393
39.867 124 -1723073393
39.893 117 -1723073393
39.920 122 -1723073393
39.947 129 -1723073393
39.973 129 -1723073393
40.000 133 -1723073393
40.027 132 -1723073393
40.053 122 -1723073393
40.080 121 -1723073393
40.107 123 -1723073393
40.133 117 -1723073393
40.160 115 -1723073393
40.187 108 -1723073393
40.213 88 -1723073393
40.240 70 -1723073393
40.267 55 -1723073393
40.293 31 -1723073393
40.320 14 -1723073393
40.347 2 -1723073393
40.373 -18 -1723073393
40.400 -26 -1723073393
40.427 -22 -1723073393
40.453 -22 -1723073393
40.480 -12 -1723073393
40.507 6 -1723073393
40.533 14 -1723073393
40.560 31 -1723073393
40.587 54 -1723073393
40.613 69 -1723073393
40.640 89 -1723073393
40.667 123 -1723073393
40.693 145 -1723073393
40.720 163 -1723073393
40.747 187 -1723073393
40.773 202 -1723073393
40.800 219 -1723073393
40.827 241 -1723073393
40.853 249 -1723073393
40.880 247 -1723073393
40.907 248 -1723073393
40.933 243 -1723073393
40.960 235 -1723073393
40.987 238 -1723073393
41.013 239 -1723073393
41.040 237 -1723073393
41.067 242 -1723073393
41.093 244 -1723073393
41.120 246 -1723073393
41.147 253 -1723073393
41.173 255 -1723073393
41.200 255 -1723073393
41.227 262 -1723073393
41.253 262 -1723073393
41.280 252 -1723073393
41.307 244 -1723073393
41.333 233 -1723073393
41.360 211 -1723073393
41.387 186 -1723073393
41.413 159 -1723073393
41.440 129 -1723073393
41.467 104 -1723073393
41.493 83 -1723073393
41.520 62 -1723073393
41.547 55 -1723073393
41.573 52 -1723073393
41.600 46 -1723073393
41.627 47 -1723073393
41.653 48 -1723073393
41.680 46 -1723073393
41.707 55 -1723073393
41.733 68 -1723073393
41.760 74 -1723073393
41.787 84 -1723073393
41.813 96 -1723073393
41.840 94 -1723073393
41.867 91 -1723073393
41.893 89 -1723073393
41.920 74 -1723073393
41.947 56 -1723073393
41.973 37 -1723073393
42.000 5 -1723073393
42.027 -22 -1723073393
42.053 -37 -1723073393
42.080 -52 -1723073393
42.107 -60 -1723073393
42.133 -58 -1723073393
42.160 -66 -1723073393
42.187 -72 -1723073393
42.213 -69 -1723073393
42.240 -71 -1723073393
42.267 -70 -1723073393
42.293 -55 -1723073393
42.320 -38 -1723073393
42.347 -20 -1723073393
42.373 6 -1723073393
42.400 30 -1723073393
42.427 56 -1723073393
42.453 89 -1723073393
42.480 114 -1723073393
42.507 131 -1723073393
42.533 153 -1723073393
42.560 170 -1723073393
42.587 181 -1723073393
42.613 191 -1723073393
42.640 193 -1723073393
42.667 183 -1723073393
42.693 169 -1723073393
42.720 147 -1723073393
42.747 119 -1723073393
42.773 96 -1723073393
42.800 76 -1723073393
42.827 50 -1723073393
42.853 30 -1723073393
42.880 16 -1723073393
42.907 4 -1723073393
42.933 0 -1723073393
42.960 -3 -1723073393
42.987 -6 -1723073393
43.013 1 -1723073393
43.040 9 -1723073393
43.067 9 -1723073393
43.093 15 -1723073393
43.120 20 -1723073393
43.147 21 -1723073393
43.173 28 -1723073393
43.200 35 -1723073393
43.227 38 -1723073393
43.253 48 -1723073393
43.280 64 -1723073393
43.307 73 -1723073393
43.333 84 -1723073393
43.360 98 -1723073393
43.387 103 -1723073393
43.413 107 -1723073393
43.440 113 -1723073393
43.467 112 -1723073393
43.493 109 -1723073393
43.520 109 -1723073393
43.547 100 -1723073393
43.573 83 -1723073393
43.600 71 -1723073393
43.627 57 -1723073393
43.653 35 -1723073393
43.680 14 -1723073393
43.707 -14 -1723073393
43.733 -53 -1723073393
43.760 -85 -1723073393
43.787 -116 -1723073393
43.813 -151 -1723073393
43.840 -180 -1723073393
43.867 -205 -1723073393
43.893 -226 -1723073393
43.920 -236 -1723073393
43.947 -240 -1723073393
43.973 -239 -1723073393
44.000 -223 -1723073393
44.027 -198 -1723073393
44.053 -174 -1723073393
44.080 -145 -1723073393
44.107 -115 -1723073393
44.133 -90 -1723073393
44.160 -62 -1723073393
44.187 -29 -1723073393
44.213 -4 -1723073393
44.240 15 -1723073393
44.267 32 -1723073393
44.293 37 -1723073393
44.320 37 -1723073393
44.347 40 -1723073393
44.373 40 -1723073393
44.400 38 -1723073393
44.427 32 -1723073393
44.453 22 -1723073393
44.480 8 -1723073393
44.507 -2 -1723073393
44.533 -11 -1723073393
44.560 -18 -1723073393
44.587 -18 -1723073393
44.613 -16 -1723073393
44.640 -14 -1723073393
44.667 -5 -1723073393
44.693 8 -1723073393
44.720 19 -1723073393
44.747 37 -1723073393
44.773 63 -1723073393
44.800 88 -1723073393
44.827 113 -1723073393
44.853 137 -1723073393
44.880 154 -1723073393
44.907 167 -1723073393
44.933 181 -1723073393
44.960 189 -1723073393
44.987 191 -1723073393
45.013 195 -1723073393
45.040 200 -1723073393
45.067 207 -1723073393
45.093 218 -1723073393
45.120 223 -1723073393
45.147 224 -1723073393
45.173 224 -1723073393
45.200 217 -1723073393
45.227 208 -1723073393
45.253 200 -1723073393
45.280 188 -1723073393
45.307 169 -1723073393
45.333 151 -1723073393
45.360 127 -1723073393
45.387 96 -1723073393
45.413 69 -1723073393
45.440 43 -1723073393
45.467 11 -1723073393
45.493 -13 -1723073393
45.520 -33 -1723073393
45.547 -58 -1723073393
45.573 -73 -1723073393
45.600 -83 -1723073393
45.627 -97 -1723073393
45.653 -104 -1723073393
45.680 -108 -1723073393
45.707 -111 -1723073393
45.733 -100 -1723073393
45.760 -78 -1723073393
45.787 -57 -1723073393
45.813 -28 -1723073393
45.840 12 -1723073393
45.867 42 -1723073393
45.893 71 -1723073393
45.920 111 -1723073393
45.947 144 -1723073393
45.973 165 -1723073393
46.000 195 -1723073393
46.027 220 -1723073393
46.053 234 -1723073393
46.080 248 -1723073393
46.107 256 -1723073393
46.133 254 -1723073393
46.160 251 -1723073393
46.187 243 -1723073393
46.213 226 -1723073393
46.240 211 -1723073393
46.267 194 -1723073393
46.293 175 -1723073393
46.320 157 -1723073393
46.347 140 -1723073393
46.373 114 -1723073393
46.400 89 -1723073393
46.427 73 -1723073393
46.453 62 -1723073393
46.480 62 -1723073393
46.507 70 -1723073393
46.533 76 -1723073393
46.560 87 -1723073393
46.587 109 -1723073393
46.613 132 -1723073393
46.640 153 -1723073393
46.667 176 -1723073393
46.693 191 -1723073393
46.720 202 -1723073393
46.747 221 -1723073393
46.773 235 -1723073393
46.800 246 -1723073393
46.827 263 -1723073393
46.853 273 -1723073393
46.880 273 -1723073393
46.907 273 -1723073393
46.933 271 -1723073393
46.960 258 -1723073393
46.987 240 -1723073393
47.013 222 -1723073393
47.040 201 -1723073393
47.067 178 -1723073393
47.093 154 -1723073393
47.120 123 -1723073393
47.147 93 -1723073393
47.173 65 -1723073393
47.200 30 -1723073393
47.227 -6 -1723073393
47.253 -33 -1723073393
47.280 -56 -1723073393
47.307 -75 -1723073393
47.333 -81 -1723073393
47.360 -85 -1723073393
47.387 -85 -1723073393
47.413 -65 -1723073393
47.440 -39 -1723073393
47.467 -14 -1723073393
47.493 20 -1723073393
47.520 56 -1723073393
47.547 84 -1723073393
47.573 119 -1723073393
47.600 154 -1723073393
47.627 180 -1723073393
47.653 209 -1723073393
47.680 234 -1723073393
47.707 251 -1723073393
47.733 265 -1723073393
47.760 279 -1723073393
47.787 288 -1723073393
47.813 290 -1723073393
47.840 295 -1723073393
47.867 294 -1723073393
47.893 284 -1723073393
47.920 274 -1723073393
47.947 260 -1723073393
47.973 242 -1723073393
48.000 226 -1723073393
48.027 207 -1723073393
48.053 184 -1723073393
48.080 168 -1723073393
48.107 155 -1723073393
48.133 141 -1723073393
48.160 132 -1723073393
48.187 131 -1723073393
48.213 133 -1723073393
48.240 139 -1723073393
48.267 149 -1723073393
48.293 159 -1723073393
48.320 175 -1723073393
48.347 198 -1723073393
48.373 219 -1723073393
48.400 241 -1723073393
48.427 268 -1723073393
48.453 299 -1723073393
48.480 327 -1723073393
48.507 358 -1723073393
48.533 390 -1723073393
48.560 417 -1723073393
48.587 445 -1723073393
48.613 471 -1723073393
48.640 488 -1723073393
48.667 500 -1723073393
48.693 510 -1723073393
48.720 512 -1723073393
48.747 509 -1723073393
48.773 508 -1723073393
48.800 501 -1723073393
48.827 484 -1723073393
48.853 464 -1723073393
48.880 447 -1723073393
48.907 431 -1723073393
48.933 418 -1723073393
48.960 407 -1723073393
48.987 395 -1723073393
49.013 385 -1723073393
49.040 372 -1723073393
49.067 351 -1723073393
49.093 334 -1723073393
49.120 327 -1723073393
49.147 324 -1723073393
49.173 321 -1723073393
49.200 318 -1723073393
49.227 310 -1723073393
49.253 304 -1723073393
49.280 306 -1723073393
49.307 317 -1723073393
49.333 327 -1723073393
49.360 333 -1723073393
49.387 337 -1723073393
49.413 336 -1723073393
49.440 334 -1723073393
49.467 336 -1723073393
49.493 341 -1723073393
49.520 344 -1723073393
49.547 344 -1723073393
49.573 343 -1723073393
49.600 344 -1723073393
49.627 344 -1723073393
49.653 340 -1723073393
49.680 337 -1723073393
49.707 333 -1723073393
49.733 326 -1723073393
49.760 323 -1723073393
49.787 321 -1723073393
49.813 314 -1723073393
49.840 309 -1723073393
49.867 306 -1723073393
49.893 298 -1723073393
49.920 288 -1723073393
49.947 283 -1723073393
49.973 276 -1723073393
50.000 269 -1723073393
50.027 263 -1723073393
50.053 252 -1723073393
50.080 246 -1723073393
50.107 242 -1723073393
50.133 235 -1723073393
50.160 227 -1723073393
50.187 228 -1723073393
50.213 234 -1723073393
50.240 242 -1723073393
50.267 253 -1723073393
50.293 261 -1723073393
50.320 263 -1723073393
50.347 265 -1723073393
50.373 264 -1723073393
50.400 257 -1723073393
50.427 247 -1723073393
50.453 233 -1723073393
50.480 210 -1723073393
50.507 182 -1723073393
50.533 154 -1723073393
50.560 124 -1723073393
50.587 93 -1723073393
50.613 60 -1723073393
50.640 23 -1723073393
50.667 -13 -1723073393
50.693 -46 -1723073393
50.720 -82 -1723073393
50.747 -111 -1723073393
50.773 -131 -1723073393
50.800 -151 -1723073393
50.827 -174 -1723073393
50.853 -183 -1723073393
50.880 -191 -1723073393
50.907 -205 -1723073393
50.933 -208 -1723073393
50.960 -200 -1723073393
50.987 -198 -1723073393
51.013 -190 -1723073393
51.040 -174 -1723073393
51.067 -163 -1723073393
51.093 -151 -1723073393
51.120 -134 -1723073393
51.147 -121 -1723073393
51.173 -107 -1723073393
51.200 -85 -1723073393
51.227 -66 -1723073393
51.253 -53 -1723073393
51.280 -36 -1723073393
51.307 -22 -1723073393
51.333 -18 -1723073393
51.360 -16 -1723073393
51.387 -11 -1723073393
51.413 -9 -1723073393
51.440 -7 -1723073393
51.467 -2 -1723073393
51.493 2 -1723073393
51.520 15 -1723073393
51.547 36 -1723073393
51.573 48 -1723073393
51.600 57 -1723073393
51.627 74 -1723073393
51.653 88 -1723073393
51.680 97 -1723073393
51.707 111 -1723073393
51.733 130 -1723073393
51.760 144 -1723073393
51.787 160 -1723073393
51.813 178 -1723073393
51.840 189 -1723073393
51.867 199 -1723073393
51.893 212 -1723073393
51.920 218 -1723073393
51.947 222 -1723073393
51.973 224 -1723073393
52.000 216 -1723073393
52.027 204 -1723073393
52.053 200 -1723073393
52.080 197 -1723073393
52.107 187 -1723073393
52.133 186 -1723073393
52.160 192 -1723073393
52.187 196 -1723073393
52.213 205 -1723073393
52.240 213 -1723073393
52.267 217 -1723073393
52.293 220 -1723073393
52.320 223 -1723073393
52.347 225 -1723073393
52.373 223 -1723073393
52.400 221 -1723073393
52.427 212 -1723073393
52.453 200 -1723073393
52.480 192 -1723073393
52.507 183 -1723073393
52.533 169 -1723073393
52.560 159 -1723073393
52.587 150 -1723073393
52.613 137 -1723073393
52.640 127 -1723073393
52.667 122 -1723073393
52.693 115 -1723073393
52.720 110 -1723073393
52.747 110 -1723073393
52.773 111 -1723073393
52.800 115 -1723073393
52.827 120 -1723073393
52.853 123 -1723073393
52.880 126 -1723073393
52.907 133 -1723073393
52.933 136 -1723073393
52.960 137 -1723073393
52.987 140 -1723073393
53.013 144 -1723073393
53.040 145 -1723073393
53.067 145 -1723073393
53.093 146 -1723073393
53.120 144 -1723073393
53.147 146 -1723073393
53.173 151 -1723073393
53.200 155 -1723073393
53.227 157 -1723073393
53.253 161 -1723073393
53.280 160 -1723073393
53.307 161 -1723073393
53.333 169 -1723073393
53.360 177 -1723073393
53.387 182 -1723073393
53.413 194 -1723073393
53.440 205 -1723073393
53.467 208 -1723073393
53.493 209 -1723073393
53.520 210 -1723073393
53.547 203 -1723073393
53.573 201 -1723073393
53.600 204 -1723073393
53.627 203 -1723073393
53.653 203 -1723073393
53.680 208 -1723073393
53.707 209 -1723073393
53.733 210 -1723073393
53.760 213 -1723073393
53.787 214 -1723073393
53.813 212 -1723073393
53.840 213 -1723073393
53.867 215 -1723073393
53.893 214 -1723073393
53.920 214 -1723073393
53.947 217 -1723073393
53.973 217 -1723073393
54.000 213 -1723073393
54.027 212 -1723073393
54.053 212 -1723073393
54.080 206 -1723073393
54.107 200 -1723073393
54.133 188 -1723073393
54.160 171 -1723073393
54.187 152 -1723073393
54.213 128 -1723073393
54.240 99 -1723073393
54.267 71 -1723073393
54.293 46 -1723073393
54.320 19 -1723073393
54.347 -9 -1723073393
54.373 -30 -1723073393
54.400 -51 -1723073393
54.427 -68 -1723073393
54.453 -78 -1723073393
54.480 -90 -1723073393
54.507 -102 -1723073393
54.533 -103 -1723073393
54.560 -101 -1723073393
54.587 -97 -1723073393
54.613 -87 -1723073393
54.640 -79 -1723073393
54.667 -71 -1723073393
54.693 -58 -1723073393
54.720 -43 -1723073393
54.747 -31 -1723073393
54.773 -21 -1723073393
54.800 -13 -1723073393
54.827 -9 -1723073393
54.853 -1 -1723073393
54.880 14 -1723073393
54.907 27 -1723073393
54.933 34 -1723073393
54.960 44 -1723073393
54.987 58 -1723073393
55.013 73 -1723073393
55.040 91 -1723073393
55.067 111 -1723073393
55.093 127 -1723073393
55.120 144 -1723073393
55.147 165 -1723073393
55.173 187 -1723073393
55.200 213 -1723073393
55.227 243 -1723073393
55.253 270 -1723073393
55.280 293 -1723073393
55.307 319 -1723073393
55.333 343 -1723073393
55.360 361 -1723073393
55.387 381 -1723073393
55.413 403 -1723073393
55.440 420 -1723073393
55.467 442 -1723073393
55.493 465 -1723073393
55.520 480 -1723073393
55.547 491 -1723073393
55.573 502 -1723073393
55.600 509 -1723073393
55.627 514 -1723073393
55.653 524 -1723073393
55.680 529 -1723073393
55.707 526 -1723073393
55.733 529 -1723073393
55.760 537 -1723073393
55.787 544 -1723073393
55.813 550 -1723073393
55.840 557 -1723073393
55.867 559 -1723073393
55.893 556 -1723073393
55.920 550 -1723073393
55.947 542 -1723073393
55.973 530 -1723073393
56.000 519 -1723073393
56.027 507 -1723073393
56.053 493 -1723073393
56.080 483 -1723073393
56.107 474 -1723073393
56.133 461 -1723073393
56.160 447 -1723073393
56.187 433 -1723073393
56.213 414 -1723073393
56.240 393 -1723073393
56.267 374 -1723073393
56.293 352 -1723073393
56.320 327 -1723073393
56.347 303 -1723073393
56.373 275 -1723073393
56.400 244 -1723073393
56.427 216 -1723073393
56.453 186 -1723073393
56.480 156 -1723073393
56.507 135 -1723073393
56.533 120 -1723073393
56.560 104 -1723073393
56.587 95 -1723073393
56.613 91 -1723073393
56.640 83 -1723073393
56.667 78 -1723073393
56.693 77 -1723073393
56.720 67 -1723073393
56.747 55 -1723073393
56.773 50 -1723073393
56.800 49 -1723073393
56.827 44 -1723073393
56.853 40 -1723073393
56.880 36 -1723073393
56.907 23 -1723073393
56.933 11 -1723073393
56.960 4 -1723073393
56.987 -3 -1723073393
57.013 -11 -1723073393
57.040 -9 -1723073393
57.067 -7 -1723073393
57.093 -5 -1723073393
57.120 0 -1723073393
57.147 7 -1723073393
57.173 12 -1723073393
57.200 21 -1723073393
57.227 28 -1723073393
57.253 30 -1723073393
57.280 35 -1723073393
57.307 41 -1723073393
57.333 44 -1723073393
57.360 49 -1723073393
57.387 60 -1723073393
57.413 63 -1723073393
57.440 62 -1723073393
57.467 70 -1723073393
57.493 81 -1723073393
57.520 89 -1723073393
57.547 100 -1723073393
57.573 110 -1723073393
57.600 117 -1723073393
57.627 125 -1723073393
57.653 138 -1723073393
57.680 148 -1723073393
57.707 156 -1723073393
57.733 166 -1723073393
57.760 178 -1723073393
57.787 191 -1723073393
57.813 210 -1723073393
57.840 233 -1723073393
57.867 257 -1723073393
57.893 281 -1723073393
57.920 302 -1723073393
57.947 320 -1723073393
57.973 337 -1723073393
58.000 352 -1723073393
58.027 366 -1723073393
58.053 382 -1723073393
58.080 403 -1723073393
58.107 418 -1723073393
58.133 430 -1723073393
58.160 443 -1723073393
58.187 448 -1723073393
58.213 450 -1723073393
58.240 451 -1723073393
58.267 448 -1723073393
58.293 442 -1723073393
58.320 437 -1723073393
58.347 428 -1723073393
58.373 414 -1723073393
58.400 403 -1723073393
58.427 398 -1723073393
58.453 390 -1723073393
58.480 384 -1723073393
58.507 384 -1723073393
58.533 381 -1723073393
58.560 380 -1723073393
58.587 390 -1723073393
58.613 404 -1723073393
58.640 416 -1723073393
58.667 430 -1723073393
58.693 447 -1723073393
58.720 461 -1723073393
58.747 475 -1723073393
58.773 489 -1723073393
58.800 503 -1723073393
58.827 520 -1723073393
58.853 537 -1723073393
58.880 547 -1723073393
58.907 556 -1723073393
58.933 569 -1723073393
58.960 576 -1723073393
58.987 575 -1723073393
59.013 577 -1723073393
59.040 577 -1723073393
59.067 571 -1723073393
59.093 567 -1723073393
59.120 564 -1723073393
59.147 556 -1723073393
59.173 550 -1723073393
59.200 546 -1723073393
59.227 536 -1723073393
59.253 521 -1723073393
59.280 512 -1723073393
59.307 502 -1723073393
59.333 485 -1723073393
59.360 472 -1723073393
59.387 462 -1723073393
59.413 448 -1723073393
59.440 436 -1723073393
59.467 432 -1723073393
59.493 426 -1723073393
59.520 422 -1723073393
59.547 426 -1723073393
59.573 431 -1723073393
59.600 435 -1723073393
59.627 445 -1723073393
59.653 457 -1723073393
59.680 464 -1723073393
59.707 472 -1723073393
59.733 481 -1723073393
59.760 479 -1723073393
59.787 468 -1723073393
59.813 458 -1723073393
59.840 443 -1723073393
59.867 421 -1723073393
59.893 390 -1723073393
59.920 349 -1723073393
59.947 303 -1723073393
59.973 257 -1723073393
60.000 208 -1723073393
60.027 159 -1723073393
60.053 115 -1723073393
60.080 79 -1723073393
60.107 43 -1723073393
60.133 11 -1723073393
60.160 -8 -1723073393
60.187 -25 -1723073393
60.213 -44 -1723073393
60.240 -59 -1723073393
60.267 -68 -1723073393
60.293 -77 -1723073393
60.320 -80 -1723073393
60.347 -72 -1723073393
60.373 -64 -1723073393
60.400 -57 -1723073393
60.427 -41 -1723073393
60.453 -25 -1723073393
60.480 -14 -1723073393
60.507 0 -1723073393
60.533 11 -1723073393
60.560 20 -1723073393
60.587 27 -1723073393
60.613 38 -1723073393
60.640 41 -1723073393
60.667 41 -1723073393
60.693 41 -1723073393
60.720 40 -1723073393
60.747 35 -1723073393
60.773 36 -1723073393
60.800 34 -1723073393
60.827 23 -1723073393
60.853 9 -1723073393
60.880 -3 -1723073393
60.907 -25 -1723073393
60.933 -50 -1723073393
60.960 -71 -1723073393
60.987 -96 -1723073393
61.013 -123 -1723073393
61.040 -140 -1723073393
61.067 -155 -1723073393
61.093 -175 -1723073393
61.120 -193 -1723073393
61.147 -203 -1723073393
61.173 -215 -1723073393
61.200 -226 -1723073393
61.227 -226 -1723073393
61.253 -226 -1723073393
61.280 -224 -1723073393
61.307 -213 -1723073393
61.333 -201 -1723073393
61.360 -192 -1723073393
61.387 -170 -1723073393
61.413 -147 -1723073393
61.440 -134 -1723073393
61.467 -124 -1723073393
61.493 -107 -1723073393
61.520 -98 -1723073393
61.547 -94 -1723073393
61.573 -92 -1723073393
61.600 -100 -1723073393
61.627 -114 -1723073393
61.653 -124 -1723073393
61.680 -138 -1723073393
61.707 -162 -1723073393
61.733 -183 -1723073393
61.760 -198 -1723073393
61.787 -219 -1723073393
61.813 -239 -1723073393
61.840 -252 -1723073393
61.867 -274 -1723073393
61.893 -297 -1723073393
61.920 -305 -1723073393
61.947 -309 -1723073393
61.973 -317 -1723073393
62.000 -315 -1723073393
62.027 -298 -1723073393
62.053 -283 -1723073393
62.080 -264 -1723073393
62.107 -231 -1723073393
62.133 -201 -1723073393
62.160 -172 -1723073393
62.187 -132 -1723073393
62.213 -97 -1723073393
62.240 -74 -1723073393
62.267 -47 -1723073393
62.293 -17 -1723073393
62.320 0 -1723073393
62.347 15 -1723073393
62.373 30 -1723073393
62.400 36 -1723073393
62.427 38 -1723073393
62.453 37 -1723073393
62.480 29 -1723073393
62.507 13 -1723073393
62.533 -1 -1723073393
62.560 -17 -1723073393
62.587 -42 -1723073393
62.613 -67 -1723073393
62.640 -88 -1723073393
62.667 -116 -1723073393
62.693 -148 -1723073393
62.720 -172 -1723073393
62.747 -195 -1723073393
62.773 -216 -1723073393
62.800 -224 -1723073393
62.827 -230 -1723073393
62.853 -236 -1723073393
62.880 -230 -1723073393
62.907 -218 -1723073393
62.933 -214 -1723073393
62.960 -206 -1723073393
62.987 -187 -1723073393
63.013 -173 -1723073393
63.040 -159 -1723073393
63.067 -135 -1723073393
63.093 -113 -1723073393
63.120 -96 -1723073393
63.147 -73 -1723073393
63.173 -52 -1723073393
63.200 -41 -1723073393
63.227 -29 -1723073393
63.253 -21 -1723073393
63.280 -23 -1723073393
63.307 -25 -1723073393
63.333 -26 -1723073393
63.360 -38 -1723073393
63.387 -58 -1723073393
63.413 -74 -1723073393
63.440 -97 -1723073393
63.467 -125 -1723073393
63.493 -148 -1723073393
63.520 -170 -1723073393
63.547 -198 -1723073393
63.573 -224 -1723073393
63.600 -244 -1723073393
63.627 -265 -1723073393
63.653 -283 -1723073393
63.680 -286 -1723073393
63.707 -287 -1723073393
63.733 -290 -1723073393
63.760 -281 -1723073393
63.787 -267 -1723073393
63.813 -258 -1723073393
63.840 -241 -1723073393
63.867 -210 -1723073393
63.893 -190 -1723073393
63.920 -172 -1723073393
63.947 -146 -1723073393
63.973 -125 -1723073393
64.000 -110 -1723073393
64.027 -84 -1723073393
64.053 -61 -1723073393
64.080 -50 -1723073393
64.107 -39 -1723073393
64.133 -28 -1723073393
64.160 -29 -1723073393
64.187 -34 -1723073393
64.213 -34 -1723073393
64.240 -43 -1723073393
64.267 -58 -1723073393
64.293 -65 -1723073393
64.320 -71 -1723073393
64.347 -85 -1723073393
64.373 -92 -1723073393
64.400 -95 -1723073393
64.427 -106 -1723073393
64.453 -110 -1723073393
64.480 -100 -1723073393
64.507 -94 -1723073393
64.533 -92 -1723073393
64.560 -81 -1723073393
64.587 -71 -1723073393
64.613 -65 -1723073393
64.640 -49 -1723073393
64.667 -29 -1723073393
64.693 -12 -1723073393
64.720 7 -1723073393
64.747 28 -1723073393
64.773 42 -1723073393
64.800 53 -1723073393
64.827 70 -1723073393
64.853 86 -1723073393
64.880 100 -1723073393
64.907 117 -1723073393
64.933 133 -1723073393
64.960 138 -1723073393
64.987 144 -1723073393
65.013 154 -1723073393
65.040 158 -1723073393
65.067 158 -1723073393
65.093 155 -1723073393
65.120 143 -1723073393
65.147 128 -1723073393
65.173 117 -1723073393
65.200 104 -1723073393
65.227 90 -1723073393
65.253 76 -1723073393
65.280 62 -1723073393
65.307 47 -1723073393
65.333 38 -1723073393
65.360 33 -1723073393
65.387 25 -1723073393
65.413 22 -1723073393
65.440 29 -1723073393
65.467 37 -1723073393
65.493 39 -1723073393
65.520 46 -1723073393
65.547 60 -1723073393
65.573 72 -1723073393
65.600 88 -1723073393
65.627 112 -1723073393
65.653 129 -1723073393
65.680 142 -1723073393
65.707 161 -1723073393
65.733 178 -1723073393
65.760 190 -1723073393
65.787 206 -1723073393
65.813 221 -1723073393
65.840 229 -1723073393
65.867 238 -1723073393
65.893 248 -1723073393
65.920 252 -1723073393
65.947 260 -1723073393
65.973 271 -1723073393
66.000 275 -1723073393
66.027 274 -1723073393
66.053 277 -1723073393
66.080 279 -1723073393
66.107 276 -1723073393
66.133 275 -1723073393
66.160 276 -1723073393
66.187 274 -1723073393
66.213 271 -1723073393
66.240 266 -1723073393
66.267 253 -1723073393
66.293 244 -1723073393
66.320 243 -1723073393
66.347 238 -1723073393
66.373 232 -1723073393
66.400 238 -1723073393
66.427 243 -1723073393
66.453 246 -1723073393
66.480 259 -1723073393
66.507 274 -1723073393
66.533 279 -1723073393
66.560 287 -1723073393
66.587 303 -1723073393
66.613 312 -1723073393
66.640 319 -1723073393
66.667 331 -1723073393
66.693 338 -1723073393
66.720 341 -1723073393
66.747 346 -1723073393
66.773 352 -1723073393
66.800 356 -1723073393
66.827 362 -1723073393
66.853 365 -1723073393
66.880 361 -1723073393
66.907 359 -1723073393
66.933 359 -1723073393
66.960 352 -1723073393
66.987 343 -1723073393
67.013 345 -1723073393
67.040 345 -1723073393
67.067 340 -1723073393
67.093 339 -1723073393
67.120 344 -1723073393
67.147 343 -1723073393
67.173 346 -1723073393
67.200 351 -1723073393
67.227 354 -1723073393
67.253 359 -1723073393
67.280 372 -1723073393
67.307 380 -1723073393
67.333 382 -1723073393
67.360 390 -1723073393
67.387 399 -1723073393
67.413 402 -1723073393
67.440 409 -1723073393
67.467 418 -1723073393
67.493 421 -1723073393
67.520 424 -1723073393
67.547 427 -1723073393
67.573 425 -1723073393
67.600 418 -1723073393
67.627 413 -1723073393
67.653 407 -1723073393
67.680 402 -1723073393
67.707 403 -1723073393
67.733 407 -1723073393
67.760 408 -1723073393
67.787 412 -1723073393
67.813 422 -1723073393
67.840 424 -1723073393
67.867 424 -1723073393
67.893 430 -1723073393
67.920 440 -1723073393
67.947 449 -1723073393
67.973 458 -1723073393
68.000 465 -1723073393
68.027 464 -1723073393
68.053 462 -1723073393
68.080 459 -1723073393
68.107 451 -1723073393
68.133 437 -1723073393
68.160 424 -1723073393
68.187 408 -1723073393
68.213 389 -1723073393
68.240 371 -1723073393
68.267 350 -1723073393
68.293 322 -1723073393
68.320 298 -1723073393
68.347 279 -1723073393
68.373 260 -1723073393
68.400 241 -1723073393
68.427 231 -1723073393
68.453 224 -1723073393
68.480 211 -1723073393
68.507 205 -1723073393
68.533 209 -1723073393
68.560 213 -1723073393
68.587 215 -1723073393
68.613 221 -1723073393
68.640 226 -1723073393
68.667 229 -1723073393
68.693 239 -1723073393
68.720 249 -1723073393
68.747 253 -1723073393
68.773 259 -1723073393
68.800 269 -1723073393
68.827 275 -1723073393
68.853 284 -1723073393
68.880 301 -1723073393
68.907 315 -1723073393
68.933 324 -1723073393
68.960 340 -1723073393
68.987 355 -1723073393
69.013 361 -1723073393
69.040 366 -1723073393
69.067 372 -1723073393
69.093 369 -1723073393
69.120 367 -1723073393
69.147 371 -1723073393
69.173 371 -1723073393
69.200 368 -1723073393
69.227 366 -1723073393
69.253 361 -1723073393
69.280 352 -1723073393
69.307 344 -1723073393
69.333 337 -1723073393
69.360 328 -1723073393
69.387 324 -1723073393
69.413 326 -1723073393
69.440 328 -1723073393
69.467 333 -1723073393
69.493 340 -1723073393
69.520 341 -1723073393
69.547 338 -1723073393
69.573 337 -1723073393
69.600 336 -1723073393
69.627 331 -1723073393
69.653 332 -1723073393
69.680 337 -1723073393
69.707 336 -1723073393
69.733 335 -1723073393
69.760 333 -1723073393
69.787 322 -1723073393
69.813 310 -1723073393
69.840 301 -1723073393
69.867 285 -1723073393
69.893 265 -1723073393
69.920 249 -1723073393
69.947 235 -1723073393
69.973 218 -1723073393
70.000 202 -1723073393
70.027 190 -1723073393
70.053 175 -1723073393
70.080 159 -1723073393
70.107 153 -1723073393
70.133 151 -1723073393
70.160 146 -1723073393
70.187 150 -1723073393
70.213 163 -1723073393
70.240 173 -1723073393
70.267 184 -1723073393
70.293 201 -1723073393
70.320 216 -1723073393
70.347 228 -1723073393
70.373 243 -1723073393
70.400 252 -1723073393
70.427 254 -1723073393
70.453 259 -1723073393
70.480 267 -1723073393
70.507 267 -1723073393
70.533 265 -1723073393
70.560 271 -1723073393
70.587 274 -1723073393
70.613 272 -1723073393
70.640 273 -1723073393
70.667 268 -1723073393
70.693 257 -1723073393
70.720 254 -1723073393
70.747 256 -1723073393
70.773 250 -1723073393
70.800 247 -1723073393
70.827 252 -1723073393
70.853 255 -1723073393
70.880 257 -1723073393
70.907 267 -1723073393
70.933 274 -1723073393
70.960 275 -1723073393
70.987 280 -1723073393
71.013 288 -1723073393
71.040 292 -1723073393
71.067 299 -1723073393
71.093 311 -1723073393
71.120 319 -1723073393
71.147 321 -1723073393
71.173 329 -1723073393
71.200 336 -1723073393
71.227 341 -1723073393
71.253 350 -1723073393
71.280 365 -1723073393
71.307 375 -1723073393
71.333 385 -1723073393
71.360 399 -1723073393
71.387 410 -1723073393
71.413 421 -1723073393
71.440 434 -1723073393
71.467 438 -1723073393
71.493 441 -1723073393
71.520 450 -1723073393
71.547 454 -1723073393
71.573 447 -1723073393
71.600 441 -1723073393
71.627 436 -1723073393
71.653 422 -1723073393
71.680 404 -1723073393
71.707 386 -1723073393
71.733 359 -1723073393
71.760 332 -1723073393
71.787 306 -1723073393
71.813 276 -1723073393
71.840 244 -1723073393
71.867 217 -1723073393
71.893 195 -1723073393
71.920 169 -1723073393
71.947 149 -1723073393
71.973 135 -1723073393
72.000 120 -1723073393
72.027 105 -1723073393
72.053 102 -1723073393
72.080 103 -1723073393
72.107 104 -1723073393
72.133 112 -1723073393
72.160 124 -1723073393
72.187 129 -1723073393
72.213 136 -1723073393
72.240 149 -1723073393
72.267 160 -1723073393
72.293 171 -1723073393
72.320 188 -1723073393
72.347 201 -1723073393
72.373 209 -1723073393
72.400 223 -1723073393
72.427 236 -1723073393
72.453 239 -1723073393
72.480 248 -1723073393
72.507 264 -1723073393
72.533 272 -1723073393
72.560 279 -1723073393
72.587 295 -1723073393
72.613 305 -1723073393
72.640 306 -1723073393
72.667 312 -1723073393
72.693 320 -1723073393
72.720 323 -1723073393
72.747 327 -1723073393
72.773 333 -1723073393
72.800 331 -1723073393
72.827 328 -1723073393
72.853 328 -1723073393
72.880 322 -1723073393
72.907 314 -1723073393
72.933 313 -1723073393
72.960 309 -1723073393
72.987 303 -1723073393
73.013 304 -1723073393
73.040 305 -1723073393
73.067 295 -1723073393
73.093 288 -1723073393
73.120 284 -1723073393
73.147 271 -1723073393
73.173 256 -1723073393
73.200 254 -1723073393
73.227 252 -1723073393
73.253 248 -1723073393
73.280 247 -1723073393
73.307 248 -1723073393
73.333 246 -1723073393
73.360 249 -1723073393
73.387 255 -1723073393
73.413 251 -1723073393
73.440 244 -1723073393
73.467 245 -1723073393
73.493 241 -1723073393
73.520 234 -1723073393
73.547 232 -1723073393
73.573 224 -1723073393
73.600 209 -1723073393
73.627 198 -1723073393
73.653 188 -1723073393
73.680 174 -1723073393
73.707 164 -1723073393
73.733 162 -1723073393
73.760 159 -1723073393
73.787 158 -1723073393
73.813 166 -1723073393
73.840 170 -1723073393
73.867 169 -1723073393
73.893 177 -1723073393
73.920 188 -1723073393
73.947 190 -1723073393
73.973 197 -1723073393
74.000 212 -1723073393
74.027 223 -1723073393
74.053 235 -1723073393
74.080 252 -1723073393
74.107 260 -1723073393
74.133 261 -1723073393
74.160 269 -1723073393
74.187 276 -1723073393
74.213 275 -1723073393
74.240 276 -1723073393
74.267 278 -1723073393
74.293 276 -1723073393
74.320 274 -1723073393
74.347 274 -1723073393
74.373 266 -1723073393
74.400 255 -1723073393
74.427 248 -1723073393
74.453 237 -1723073393
74.480 225 -1723073393
74.507 225 -1723073393
74.533 225 -1723073393
74.560 219 -1723073393
74.587 221 -1723073393
74.613 225 -1723073393
74.640 219 -1723073393
74.667 214 -1723073393
74.693 218 -1723073393
74.720 219 -1723073393
74.747 217 -1723073393
74.773 223 -1723073393
74.800 227 -1723073393
74.827 224 -1723073393
74.853 226 -1723073393
74.880 232 -1723073393
74.907 232 -1723073393
74.933 237 -1723073393
74.960 243 -1723073393
74.987 239 -1723073393
75.013 236 -1723073393
75.040 239 -1723073393
75.067 241 -1723073393
75.093 241 -1723073393
75.120 251 -1723073393
75.147 258 -1723073393
75.173 254 -1723073393
75.200 255 -1723073393
75.227 263 -1723073393
75.253 265 -1723073393
75.280 266 -1723073393
75.307 272 -1723073393
75.333 270 -1723073393
75.360 263 -1723073393
75.387 264 -1723073393
75.413 262 -1723073393
75.440 253 -1723073393
75.467 251 -1723073393
75.493 243 -1723073393
75.520 230 -1723073393
75.547 221 -1723073393
75.573 215 -1723073393
75.600 201 -1723073393
75.627 194 -1723073393
75.653 199 -1723073393
75.680 201 -1723073393
75.707 204 -1723073393
75.733 215 -1723073393
75.760 223 -1723073393
75.787 226 -1723073393
75.813 234 -1723073393
75.840 242 -1723073393
75.867 246 -1723073393
75.893 251 -1723073393
75.920 255 -1723073393
75.947 252 -1723073393
75.973 247 -1723073393
76.000 246 -1723073393
76.027 237 -1723073393
76.053 221 -1723073393
76.080 208 -1723073393
76.107 191 -1723073393
76.133 168 -1723073393
76.160 155 -1723073393
76.187 147 -1723073393
76.213 135 -1723073393
76.240 127 -1723073393
76.267 123 -1723073393
76.293 115 -1723073393
76.320 111 -1723073393
76.347 116 -1723073393
76.373 116 -1723073393
76.400 113 -1723073393
76.427 117 -1723073393
76.453 121 -1723073393
76.480 119 -1723073393
76.507 128 -1723073393
76.533 147 -1723073393
76.560 162 -1723073393
76.587 177 -1723073393
76.613 196 -1723073393
76.640 212 -1723073393
76.667 227 -1723073393
76.693 245 -1723073393
76.720 259 -1723073393
76.747 269 -1723073393
76.773 282 -1723073393
76.800 298 -1723073393
76.827 312 -1723073393
76.853 327 -1723073393
76.880 344 -1723073393
76.907 358 -1723073393
76.933 369 -1723073393
76.960 380 -1723073393
76.987 389 -1723073393
77.013 397 -1723073393
77.040 401 -1723073393
77.067 402 -1723073393
77.093 399 -1723073393
77.120 394 -1723073393
77.147 383 -1723073393
77.173 372 -1723073393
77.200 362 -1723073393
77.227 349 -1723073393
77.253 333 -1723073393
77.280 322 -1723073393
77.307 314 -1723073393
77.333 302 -1723073393
77.360 290 -1723073393
77.387 281 -1723073393
77.413 272 -1723073393
77.440 267 -1723073393
77.467 266 -1723073393
77.493 269 -1723073393
77.520 276 -1723073393
77.547 282 -1723073393
77.573 288 -1723073393
77.600 293 -1723073393
77.627 299 -1723073393
77.653 314 -1723073393
77.680 325 -1723073393
77.707 334 -1723073393
77.733 345 -1723073393
77.760 355 -1723073393
77.787 359 -1723073393
77.813 368 -1723073393
77.840 376 -1723073393
77.867 382 -1723073393
77.893 387 -1723073393
77.920 390 -1723073393
77.947 388 -1723073393
77.973 380 -1723073393
78.000 368 -1723073393
78.027 355 -1723073393
78.053 344 -1723073393
78.080 331 -1723073393
78.107 313 -1723073393
78.133 294 -1723073393
78.160 278 -1723073393
78.187 264 -1723073393
78.213 251 -1723073393
78.240 243 -1723073393
78.267 237 -1723073393
78.293 230 -1723073393
78.320 226 -1723073393
78.347 228 -1723073393
78.373 229 -1723073393
78.400 228 -1723073393
78.427 237 -1723073393
78.453 249 -1723073393
78.480 253 -1723073393
78.507 259 -1723073393
78.533 271 -1723073393
78.560 275 -1723073393
78.587 273 -1723073393
78.613 275 -1723073393
78.640 275 -1723073393
78.667 276 -1723073393
78.693 283 -1723073393
78.720 287 -1723073393
78.747 285 -1723073393
78.773 283 -1723073393
78.800 277 -1723073393
78.827 264 -1723073393
78.853 254 -1723073393
78.880 247 -1723073393
78.907 235 -1723073393
78.933 222 -1723073393
78.960 211 -1723073393
78.987 193 -1723073393
79.013 173 -1723073393
79.040 157 -1723073393
79.067 137 -1723073393
79.093 116 -1723073393
79.120 106 -1723073393
79.147 102 -1723073393
79.173 96 -1723073393
79.200 95 -1723073393
79.227 99 -1723073393
79.253 100 -1723073393
79.280 104 -1723073393
79.307 116 -1723073393
79.333 123 -1723073393
79.360 133 -1723073393
79.387 150 -1723073393
79.413 161 -1723073393
79.440 170 -1723073393
79.467 187 -1723073393
79.493 204 -1723073393
79.520 215 -1723073393
79.547 228 -1723073393
79.573 241 -1723073393
79.600 245 -1723073393
79.627 247 -1723073393
79.653 249 -1723073393
79.680 242 -1723073393
79.707 233 -1723073393
79.733 226 -1723073393
79.760 211 -1723073393
79.787 193 -1723073393
79.813 182 -1723073393
79.840 169 -1723073393
79.867 150 -1723073393
79.893 136 -1723073393
79.920 121 -1723073393
79.947 102 -1723073393
79.973 93 -1723073393
80.000 92 -1723073393
80.027 87 -1723073393
80.053 83 -1723073393
80.080 87 -1723073393
80.107 87 -1723073393
80.133 88 -1723073393
80.160 104 -1723073393
80.187 116 -1723073393
80.213 119 -1723073393
80.240 136 -1723073393
80.267 156 -1723073393
80.293 171 -1723073393
80.320 199 -1723073393
80.347 223 -1723073393
80.373 229 -1723073393
80.400 239 -1723073393
80.427 252 -1723073393
80.453 254 -1723073393
80.480 260 -1723073393
80.507 273 -1723073393
80.533 278 -1723073393
80.560 280 -1723073393
80.587 284 -1723073393
80.613 283 -1723073393
80.640 280 -1723073393
80.667 278 -1723073393
80.693 268 -1723073393
80.720 256 -1723073393
80.747 253 -1723073393
80.773 248 -1723073393
80.800 238 -1723073393
80.827 230 -1723073393
80.853 227 -1723073393
80.880 220 -1723073393
80.907 214 -1723073393
80.933 207 -1723073393
80.960 193 -1723073393
80.987 183 -1723073393
81.013 182 -1723073393
81.040 181 -1723073393
81.067 179 -1723073393
81.093 182 -1723073393
81.120 184 -1723073393
81.147 184 -1723073393
81.173 193 -1723073393
81.200 202 -1723073393
81.227 201 -1723073393
81.253 205 -1723073393
81.280 209 -1723073393
81.307 206 -1723073393
81.333 206 -1723073393
81.360 209 -1723073393
81.387 203 -1723073393
81.413 197 -1723073393
81.440 194 -1723073393
81.467 186 -1723073393
81.493 176 -1723073393
81.520 171 -1723073393
81.547 163 -1723073393
81.573 150 -1723073393
81.600 144 -1723073393
81.627 140 -1723073393
81.653 136 -1723073393
81.680 140 -1723073393
81.707 143 -1723073393
81.733 136 -1723073393
81.760 133 -1723073393
81.787 137 -1723073393
81.813 142 -1723073393
81.840 154 -1723073393
81.867 168 -1723073393
81.893 174 -1723073393
81.920 187 -1723073393
81.947 206 -1723073393
81.973 217 -1723073393
82.000 230 -1723073393
82.027 250 -1723073393
82.053 262 -1723073393
82.080 270 -1723073393
82.107 288 -1723073393
82.133 304 -1723073393
82.160 314 -1723073393
82.187 329 -1723073393
82.213 342 -1723073393
82.240 349 -1723073393
82.267 358 -1723073393
82.293 365 -1723073393
82.320 361 -1723073393
82.347 359 -1723073393
82.373 359 -1723073393
82.400 350 -1723073393
82.427 340 -1723073393
82.453 334 -1723073393
82.480 326 -1723073393
82.507 319 -1723073393
82.533 315 -1723073393
82.560 304 -1723073393
82.587 291 -1723073393
82.613 280 -1723073393
82.640 264 -1723073393
82.667 248 -1723073393
82.693 243 -1723073393
82.720 240 -1723073393
82.747 234 -1723073393
82.773 238 -1723073393
82.800 242 -1723073393
82.827 238 -1723073393
82.853 241 -1723073393
82.880 247 -1723073393
82.907 249 -1723073393
82.933 253 -1723073393
82.960 259 -1723073393
82.987 257 -1723073393
83.013 255 -1723073393
83.040 258 -1723073393
83.067 258 -1723073393
83.093 259 -1723073393
83.120 265 -1723073393
83.147 264 -1723073393
83.173 258 -1723073393
83.200 256 -1723073393
83.227 250 -1723073393
83.253 240 -1723073393
83.280 236 -1723073393
83.307 230 -1723073393
83.333 221 -1723073393
83.360 217 -1723073393
83.387 211 -1723073393
83.413 205 -1723073393
83.440 206 -1723073393
83.467 208 -1723073393
83.493 205 -1723073393
83.520 209 -1723073393
83.547 216 -1723073393
83.573 216 -1723073393
83.600 219 -1723073393
83.627 226 -1723073393
83.653 230 -1723073393
83.680 236 -1723073393
83.707 243 -1723073393
83.733 244 -1723073393
83.760 244 -1723073393
83.787 248 -1723073393
83.813 245 -1723073393
83.840 244 -1723073393
83.867 247 -1723073393
83.893 245 -1723073393
83.920 241 -1723073393
83.947 245 -1723073393
83.973 245 -1723073393
84.000 242 -1723073393
84.027 244 -1723073393
84.053 244 -1723073393
84.080 239 -1723073393
84.107 241 -1723073393
84.133 249 -1723073393
84.160 255 -1723073393
84.187 261 -1723073393
84.213 266 -1723073393
84.240 264 -1723073393
84.267 262 -1723073393
84.293 263 -1723073393
84.320 257 -1723073393
84.347 250 -1723073393
84.373 250 -1723073393
84.400 246 -1723073393
84.427 244 -1723073393
84.453 245 -1723073393
84.480 240 -1723073393
84.507 233 -1723073393
84.533 228 -1723073393
84.560 218 -1723073393
84.587 212 -1723073393
84.613 219 -1723073393
84.640 221 -1723073393
84.667 221 -1723073393
84.693 228 -1723073393
84.720 234 -1723073393
84.747 236 -1723073393
84.773 243 -1723073393
84.800 245 -1723073393
84.827 238 -1723073393
84.853 238 -1723073393
84.880 239 -1723073393
84.907 234 -1723073393
84.933 235 -1723073393
84.960 233 -1723073393
84.987 225 -1723073393
85.013 222 -1723073393
85.040 222 -1723073393
85.067 216 -1723073393
85.093 211 -1723073393
85.120 206 -1723073393
85.147 194 -1723073393
85.173 186 -1723073393
85.200 184 -1723073393
85.227 179 -1723073393
85.253 176 -1723073393
85.280 179 -1723073393
85.307 178 -1723073393
85.333 177 -1723073393
85.360 179 -1723073393
85.387 173 -1723073393
85.413 172 -1723073393
85.440 178 -1723073393
85.467 178 -1723073393
85.493 181 -1723073393
85.520 191 -1723073393
85.547 194 -1723073393
85.573 201 -1723073393
85.600 211 -1723073393
85.627 210 -1723073393
85.653 210 -1723073393
85.680 215 -1723073393
85.707 217 -1723073393
85.733 219 -1723073393
85.760 228 -1723073393
85.787 232 -1723073393
85.813 232 -1723073393
85.840 241 -1723073393
85.867 248 -1723073393
85.893 250 -1723073393
85.920 262 -1723073393
85.947 273 -1723073393
85.973 276 -1723073393
86.000 281 -1723073393
86.027 287 -1723073393
86.053 281 -1723073393
86.080 282 -1723073393
86.107 287 -1723073393
86.133 284 -1723073393
86.160 286 -1723073393
86.187 287 -1723073393
86.213 281 -1723073393
86.240 278 -1723073393
86.267 274 -1723073393
86.293 260 -1723073393
86.320 250 -1723073393
86.347 241 -1723073393
86.373 227 -1723073393
86.400 214 -1723073393
86.427 205 -1723073393
86.453 194 -1723073393
86.480 191 -1723073393
86.507 192 -1723073393
86.533 187 -1723073393
86.560 183 -1723073393
86.587 182 -1723073393
86.613 176 -1723073393
86.640 171 -1723073393
86.667 171 -1723073393
86.693 171 -1723073393
86.720 170 -1723073393
86.747 172 -1723073393
86.773 170 -1723073393
86.800 167 -1723073393
86.827 164 -1723073393
86.853 155 -1723073393
86.880 146 -1723073393
86.907 145 -1723073393
86.933 143 -1723073393
86.960 144 -1723073393
86.987 155 -1723073393
87.013 164 -1723073393
87.040 171 -1723073393
87.067 183 -1723073393
87.093 191 -1723073393
87.120 198 -1723073393
87.147 207 -1723073393
87.173 208 -1723073393
87.200 205 -1723073393
87.227 208 -1723073393
87.253 209 -1723073393
87.280 211 -1723073393
87.307 219 -1723073393
87.333 225 -1723073393
87.360 232 -1723073393
87.387 238 -1723073393
87.413 236 -1723073393
87.440 233 -1723073393
87.467 231 -1723073393
87.493 226 -1723073393
87.520 229 -1723073393
87.547 236 -1723073393
87.573 234 -1723073393
87.600 232 -1723073393
87.627 232 -1723073393
87.653 225 -1723073393
87.680 220 -1723073393
87.707 226 -1723073393
87.733 234 -1723073393
87.760 243 -1723073393
87.787 254 -1723073393
87.813 258 -1723073393
87.840 259 -1723073393
87.867 262 -1723073393
87.893 260 -1723073393
87.920 259 -1723073393
87.947 264 -1723073393
87.973 263 -1723073393
88.000 262 -1723073393
88.027 261 -1723073393
88.053 254 -1723073393
88.080 243 -1723073393
88.107 234 -1723073393
88.133 223 -1723073393
88.160 213 -1723073393
88.187 206 -1723073393
88.213 196 -1723073393
88.240 186 -1723073393
88.267 182 -1723073393
88.293 174 -1723073393
88.320 168 -1723073393
88.347 167 -1723073393
88.373 164 -1723073393
88.400 165 -1723073393
88.427 170 -1723073393
88.453 172 -1723073393
88.480 180 -1723073393
88.507 186 -1723073393
88.533 184 -1723073393
88.560 185 -1723073393
88.587 189 -1723073393
88.613 195 -1723073393
88.640 207 -1723073393
88.667 219 -1723073393
88.693 220 -1723073393
88.720 222 -1723073393
88.747 220 -1723073393
88.773 212 -1723073393
88.800 213 -1723073393
88.827 218 -1723073393
88.853 216 -1723073393
88.880 214 -1723073393
88.907 208 -1723073393
88.933 198 -1723073393
88.960 201 -1723073393
88.987 206 -1723073393
89.013 203 -1723073393
89.040 204 -1723073393
89.067 200 -1723073393
89.093 193 -1723073393
89.120 194 -1723073393
89.147 191 -1723073393
89.173 185 -1723073393
89.200 185 -1723073393
89.227 182 -1723073393
89.253 176 -1723073393
89.280 174 -1723073393
89.307 170 -1723073393
89.333 166 -1723073393
89.360 169 -1723073393
89.387 168 -1723073393
89.413 166 -1723073393
89.440 172 -1723073393
89.467 174 -1723073393
89.493 176 -1723073393
89.520 187 -1723073393
89.547 194 -1723073393
89.573 194 -1723073393
89.600 198 -1723073393
89.627 201 -1723073393
89.653 206 -1723073393
89.680 211 -1723073393
89.707 211 -1723073393
89.733 215 -1723073393
89.760 220 -1723073393
89.787 217 -1723073393
89.813 213 -1723073393
89.840 208 -1723073393
89.867 202 -1723073393
89.893 197 -1723073393
89.920 193 -1723073393
89.947 185 -1723073393
89.973 177 -1723073393
90.000 168 -1723073393
90.027 152 -1723073393
90.053 141 -1723073393
90.080 137 -1723073393
90.107 133 -1723073393
90.133 135 -1723073393
90.160 135 -1723073393
90.187 133 -1723073393
90.213 134 -1723073393
90.240 129 -1723073393
90.267 120 -1723073393
90.293 120 -1723073393
90.320 124 -1723073393
90.347 131 -1723073393
90.373 139 -1723073393
90.400 142 -1723073393
90.427 142 -1723073393
90.453 145 -1723073393
90.480 145 -1723073393
90.507 148 -1723073393
90.533 156 -1723073393
90.560 162 -1723073393
90.587 169 -1723073393
90.613 173 -1723073393
90.640 171 -1723073393
90.667 172 -1723073393
90.693 172 -1723073393
90.720 170 -1723073393
90.747 173 -1723073393
90.773 174 -1723073393
90.800 171 -1723073393
90.827 171 -1723073393
90.853 170 -1723073393
90.880 175 -1723073393
90.907 185 -1723073393
90.933 190 -1723073393
90.960 193 -1723073393
90.987 195 -1723073393
91.013 191 -1723073393
91.040 198 -1723073393
91.067 210 -1723073393
91.093 212 -1723073393
91.120 211 -1723073393
91.147 211 -1723073393
91.173 214 -1723073393
91.200 226 -1723073393
91.227 237 -1723073393
91.253 253 -1723073393
91.280 274 -1723073393
91.307 293 -1723073393
91.333 311 -1723073393
91.360 329 -1723073393
91.387 338 -1723073393
91.413 349 -1723073393
91.440 362 -1723073393
91.467 374 -1723073393
91.493 390 -1723073393
91.520 400 -1723073393
91.547 402 -1723073393
91.573 405 -1723073393
91.600 401 -1723073393
91.627 392 -1723073393
91.653 385 -1723073393
91.680 373 -1723073393
91.707 361 -1723073393
91.733 353 -1723073393
91.760 334 -1723073393
91.787 315 -1723073393
91.813 298 -1723073393
91.840 286 -1723073393
91.867 279 -1723073393
91.893 268 -1723073393
91.920 256 -1723073393
91.947 250 -1723073393
91.973 249 -1723073393
92.000 250 -1723073393
92.027 258 -1723073393
92.053 260 -1723073393
92.080 266 -1723073393
92.107 282 -1723073393
92.133 292 -1723073393
92.160 304 -1723073393
92.187 315 -1723073393
92.213 323 -1723073393
92.240 338 -1723073393
92.267 348 -1723073393
92.293 356 -1723073393
92.320 363 -1723073393
92.347 362 -1723073393
92.373 361 -1723073393
92.400 364 -1723073393
92.427 361 -1723073393
92.453 358 -1723073393
92.480 359 -1723073393
92.507 356 -1723073393
92.533 354 -1723073393
92.560 349 -1723073393
92.587 346 -1723073393
92.613 345 -1723073393
92.640 338 -1723073393
92.667 338 -1723073393
92.693 342 -1723073393
92.720 337 -1723073393
92.747 339 -1723073393
92.773 341 -1723073393
92.800 333 -1723073393
92.827 331 -1723073393
92.853 330 -1723073393
92.880 326 -1723073393
92.907 330 -1723073393
92.933 332 -1723073393
92.960 338 -1723073393
92.987 351 -1723073393
93.013 364 -1723073393
93.040 379 -1723073393
93.067 388 -1723073393
93.093 390 -1723073393
93.120 398 -1723073393
93.147 399 -1723073393
93.173 398 -1723073393
93.200 399 -1723073393
93.227 390 -1723073393
93.253 384 -1723073393
93.280 385 -1723073393
93.307 388 -1723073393
93.333 395 -1723073393
93.360 392 -1723073393
93.387 384 -1723073393
93.413 382 -1723073393
93.440 371 -1723073393
93.467 358 -1723073393
93.493 348 -1723073393
93.520 337 -1723073393
93.547 332 -1723073393
93.573 330 -1723073393
93.600 324 -1723073393
93.627 322 -1723073393
93.653 314 -1723073393
93.680 304 -1723073393
93.707 300 -1723073393
93.733 295 -1723073393
93.760 291 -1723073393
93.787 285 -1723073393
93.813 282 -1723073393
93.840 287 -1723073393
93.867 291 -1723073393
93.893 297 -1723073393
93.920 308 -1723073393
93.947 320 -1723073393
93.973 330 -1723073393
94.000 338 -1723073393
94.027 342 -1723073393
94.053 342 -1723073393
94.080 343 -1723073393
94.107 348 -1723073393
94.133 354 -1723073393
94.160 356 -1723073393
94.187 358 -1723073393
94.213 358 -1723073393
94.240 353 -1723073393
94.267 349 -1723073393
94.293 347 -1723073393
94.320 344 -1723073393
94.347 334 -1723073393
94.373 316 -1723073393
94.400 302 -1723073393
94.427 294 -1723073393
94.453 289 -1723073393
94.480 289 -1723073393
94.507 284 -1723073393
94.533 284 -1723073393
94.560 291 -1723073393
94.587 294 -1723073393
94.613 295 -1723073393
94.640 290 -1723073393
94.667 283 -1723073393
94.693 286 -1723073393
94.720 288 -1723073393
94.747 293 -1723073393
94.773 295 -1723073393
94.800 294 -1723073393
94.827 301 -1723073393
94.853 307 -1723073393
94.880 313 -1723073393
94.907 316 -1723073393
94.933 319 -1723073393
94.960 329 -1723073393
94.987 330 -1723073393
95.013 335 -1723073393
95.040 343 -1723073393
95.067 342 -1723073393
95.093 343 -1723073393
95.120 345 -1723073393
95.147 344 -1723073393
95.173 342 -1723073393
95.200 340 -1723073393
95.227 338 -1723073393
95.253 335 -1723073393
95.280 324 -1723073393
95.307 314 -1723073393
95.333 297 -1723073393
95.360 277 -1723073393
95.387 269 -1723073393
95.413 259 -1723073393
95.440 251 -1723073393
95.467 244 -1723073393
95.493 235 -1723073393
95.520 230 -1723073393
95.547 228 -1723073393
95.573 234 -1723073393
95.600 239 -1723073393
95.627 235 -1723073393
95.653 237 -1723073393
95.680 237 -1723073393
95.707 244 -1723073393
95.733 252 -1723073393
95.760 250 -1723073393
95.787 251 -1723073393
95.813 249 -1723073393
95.840 245 -1723073393
95.867 233 -1723073393
95.893 221 -1723073393
95.920 217 -1723073393
95.947 213 -1723073393
95.973 208 -1723073393
96.000 203 -1723073393
96.027 194 -1723073393
96.053 189 -1723073393
96.080 182 -1723073393
96.107 170 -1723073393
96.133 158 -1723073393
96.160 147 -1723073393
96.187 145 -1723073393
96.213 135 -1723073393
96.240 133 -1723073393
96.267 136 -1723073393
96.293 133 -1723073393
96.320 141 -1723073393
96.347 139 -1723073393
96.373 140 -1723073393
96.400 142 -1723073393
96.427 141 -1723073393
96.453 150 -1723073393
96.480 148 -1723073393
96.507 156 -1723073393
96.533 166 -1723073393
96.560 169 -1723073393
96.587 177 -1723073393
96.613 176 -1723073393
96.640 183 -1723073393
96.667 188 -1723073393
96.693 184 -1723073393
96.720 187 -1723073393
96.747 185 -1723073393
96.773 184 -1723073393
96.800 175 -1723073393
96.827 166 -1723073393
96.853 162 -1723073393
96.880 156 -1723073393
96.907 153 -1723073393
96.933 139 -1723073393
96.960 128 -1723073393
96.987 119 -1723073393
97.013 112 -1723073393
97.040 117 -1723073393
97.067 114 -1723073393
97.093 108 -1723073393
97.120 97 -1723073393
97.147 87 -1723073393
97.173 79 -1723073393
97.200 70 -1723073393
97.227 65 -1723073393
97.253 59 -1723073393
97.280 58 -1723073393
97.307 60 -1723073393
97.333 60 -1723073393
97.360 62 -1723073393
97.387 62 -1723073393
97.413 62 -1723073393
97.440 58 -1723073393
97.467 46 -1723073393
97.493 41 -1723073393
97.520 43 -1723073393
97.547 47 -1723073393
97.573 46 -1723073393
97.600 47 -1723073393
97.627 45 -1723073393
97.653 46 -1723073393
97.680 47 -1723073393
97.707 48 -1723073393
97.733 56 -1723073393
97.760 52 -1723073393
97.787 52 -1723073393
97.813 49 -1723073393
97.840 48 -1723073393
97.867 53 -1723073393
97.893 60 -1723073393
97.920 70 -1723073393
97.947 74 -1723073393
97.973 76 -1723073393
98.000 75 -1723073393
98.027 71 -1723073393
98.053 73 -1723073393
98.080 75 -1723073393
98.107 79 -1723073393
98.133 78 -1723073393
98.160 75 -1723073393
98.187 74 -1723073393
98.213 68 -1723073393
98.240 67 -1723073393
98.267 71 -1723073393
98.293 80 -1723073393
98.320 82 -1723073393
98.347 80 -1723073393
98.373 73 -1723073393
98.400 75 -1723073393
98.427 79 -1723073393
98.453 85 -1723073393
98.480 94 -1723073393
98.507 104 -1723073393
98.533 108 -1723073393
98.560 107 -1723073393
98.587 104 -1723073393
98.613 96 -1723073393
98.640 94 -1723073393
98.667 87 -1723073393
98.693 90 -1723073393
98.720 82 -1723073393
98.747 79 -1723073393
98.773 72 -1723073393
98.800 62 -1723073393
98.827 63 -1723073393
98.853 58 -1723073393
98.880 56 -1723073393
98.907 47 -1723073393
98.933 40 -1723073393
98.960 29 -1723073393
98.987 18 -1723073393
99.013 3 -1723073393
99.040 -8 -1723073393
99.067 -13 -1723073393
99.093 -15 -1723073393
99.120 -6 -1723073393
99.147 -9 -1723073393
99.173 -6 -1723073393
99.200 -16 -1723073393
99.227 -9 -1723073393
99.253 0 -1723073393
99.280 15 -1723073393
99.307 15 -1723073393
99.333 16 -1723073393
99.360 9 -1723073393
99.387 2 -1723073393
99.413 1 -1723073393
99.440 6 -1723073393
99.467 8 -1723073393
99.493 7 -1723073393
99.520 13 -1723073393
99.547 11 -1723073393
99.573 18 -1723073393
99.600 16 -1723073393
99.627 19 -1723073393
99.653 17 -1723073393
99.680 19 -1723073393
99.707 12 -1723073393
99.733 9 -1723073393
99.760 -2 -1723073393
99.787 -2 -1723073393
99.813 -6 -1723073393
99.840 0 -1723073393
99.867 0 -1723073393
99.893 5 -1723073393
99.920 8 -1723073393
99.947 13 -1723073393
99.973 8 -1723073393
100.000 0 -1723073393
