0.000 21 -1723073393
0.027 11 -1723073393
0.053 17 -1723073393
0.080 16 -1723073393
0.107 11 -1723073393
0.133 20 -1723073393
0.160 21 -1723073393
0.187 25 -1723073393
0.213 30 -1723073393
0.240 22 -1723073393
0.267 28 -1723073393
0.293 29 -1723073393
0.320 23 -1723073393
0.347 34 -1723073393
0.373 27 -1723073393
0.400 20 -1723073393
0.427 21 -1723073393
0.453 8 -1723073393
0.480 15 -1723073393
0.507 15 -1723073393
0.533 6 -1723073393
0.560 14 -1723073393
0.587 8 -1723073393
0.613 10 -1723073393
0.640 17 -1723073393
0.667 8 -1723073393
0.693 17 -1723073393
0.720 15 -1723073393
0.747 5 -1723073393
0.773 20 -1723073393
0.800 11 -1723073393
0.827 5 -1723073393
0.853 8 -1723073393
0.880 -3 -1723073393
0.907 5 -1723073393
0.933 8 -1723073393
0.960 5 -1723073393
0.987 18 -1723073393
1.013 6 -1723073393
1.040 2 -1723073393
1.067 11 -1723073393
1.093 -4 -1723073393
1.120 -9 -1723073393
1.147 -13 -1723073393
1.173 -23 -1723073393
1.200 -11 -1723073393
1.227 -20 -1723073393
1.253 -21 -1723073393
1.280 -6 -1723073393
1.307 -18 -1723073393
1.333 -11 -1723073393
1.360 -2 -1723073393
1.387 -11 -1723073393
1.413 -2 -1723073393
1.440 -4 -1723073393
1.467 -4 -1723073393
1.493 5 -1723073393
1.520 -5 -1723073393
1.547 -4 -1723073393
1.573 -6 -1723073393
1.600 -17 -1723073393
1.627 -5 -1723073393
1.653 -12 -1723073393
1.680 -19 -1723073393
1.707 -8 -1723073393
1.733 -17 -1723073393
1.760 -13 -1723073393
1.787 -8 -1723073393
1.813 -14 -1723073393
1.840 3 -1723073393
1.867 0 -1723073393
1.893 -5 -1723073393
1.920 6 -1723073393
1.947 -2 -1723073393
1.973 -1 -1723073393
2.000 0 -1723073393
2.027 -10 -1723073393
2.053 0 -1723073393
2.080 -3 -1723073393
2.107 -12 -1723073393
2.133 -2 -1723073393
2.160 -14 -1723073393
2.187 -11 -1723073393
2.213 0 -1723073393
2.240 -9 -1723073393
2.267 -2 -1723073393
2.293 -6 -1723073393
2.320 -20 -1723073393
2.347 -15 -1723073393
2.373 -30 -1723073393
2.400 -33 -1723073393
2.427 -26 -1723073393
2.453 -38 -1723073393
2.480 -22 -1723073393
2.507 -15 -1723073393
2.533 -23 -1723073393
2.560 -14 -1723073393
2.587 -22 -1723073393
2.613 -25 -1723073393
2.640 -19 -1723073393
2.667 -30 -1723073393
2.693 -30 -1723073393
2.720 -34 -1723073393
2.747 -45 -1723073393
2.773 -32 -1723073393
2.800 -31 -1723073393
2.827 -27 -1723073393
2.853 -17 -1723073393
2.880 -30 -1723073393
2.907 -25 -1723073393
2.933 -25 -1723073393
2.960 -40 -1723073393
2.987 -29 -1723073393
3.013 -29 -1723073393
3.040 -31 -1723073393
3.067 -17 -1723073393
3.093 -17 -1723073393
3.120 -11 -1723073393
3.147 -7 -1723073393
3.173 -18 -1723073393
3.200 -10 -1723073393
3.227 -13 -1723073393
3.253 -23 -1723073393
3.280 -16 -1723073393
3.307 -27 -1723073393
3.333 -35 -1723073393
3.360 -32 -1723073393
3.387 -41 -1723073393
3.413 -33 -1723073393
3.440 -31 -1723073393
3.467 -34 -1723073393
3.493 -21 -1723073393
3.520 -25 -1723073393
3.547 -24 -1723073393
3.573 -12 -1723073393
3.600 -23 -1723073393
3.627 -19 -1723073393
3.653 -16 -1723073393
3.680 -27 -1723073393
3.707 -21 -1723073393
3.733 -24 -1723073393
3.760 -31 -1723073393
3.787 -26 -1723073393
3.813 -35 -1723073393
3.840 -32 -1723073393
3.867 -27 -1723073393
3.893 -31 -1723073393
3.920 -18 -1723073393
3.947 -20 -1723073393
3.973 -28 -1723073393
4.000 -20 -1723073393
4.027 -26 -1723073393
4.053 -24 -1723073393
4.080 -20 -1723073393
4.107 -30 -1723073393
4.133 -26 -1723073393
4.160 -23 -1723073393
4.187 -26 -1723073393
4.213 -17 -1723073393
4.240 -23 -1723073393
4.267 -26 -1723073393
4.293 -24 -1723073393
4.320 -33 -1723073393
4.347 -30 -1723073393
4.373 -26 -1723073393
4.400 -32 -1723073393
4.427 -26 -1723073393
4.453 -27 -1723073393
4.480 -27 -1723073393
4.507 -12 -1723073393
4.533 -14 -1723073393
4.560 -18 -1723073393
4.587 -18 -1723073393
4.613 -25 -1723073393
4.640 -23 -1723073393
4.667 -22 -1723073393
4.693 -23 -1723073393
4.720 -15 -1723073393
4.747 -15 -1723073393
4.773 -16 -1723073393
4.800 -14 -1723073393
4.827 -16 -1723073393
4.853 -8 -1723073393
4.880 0 -1723073393
4.907 2 -1723073393
4.933 7 -1723073393
4.960 4 -1723073393
4.987 0 -1723073393
5.013 0 -1723073393
5.040 -5 -1723073393
5.067 -6 -1723073393
5.093 -1 -1723073393
5.120 -4 -1723073393
5.147 0 -1723073393
5.173 -1 -1723073393
5.200 -6 -1723073393
5.227 -8 -1723073393
5.253 -14 -1723073393
5.280 -16 -1723073393
5.307 -21 -1723073393
5.333 -25 -1723073393
5.360 -20 -1723073393
5.387 -20 -1723073393
5.413 -19 -1723073393
5.440 -11 -1723073393
5.467 -7 -1723073393
5.493 -6 -1723073393
5.520 -4 -1723073393
5.547 -6 -1723073393
5.573 -8 -1723073393
5.600 -15 -1723073393
5.627 -21 -1723073393
5.653 -16 -1723073393
5.680 -14 -1723073393
5.707 -13 -1723073393
5.733 -13 -1723073393
5.760 -16 -1723073393
5.787 -13 -1723073393
5.813 -12 -1723073393
5.840 -14 -1723073393
5.867 -10 -1723073393
5.893 -14 -1723073393
5.920 -16 -1723073393
5.947 -19 -1723073393
5.973 -24 -1723073393
6.000 -20 -1723073393
6.027 -15 -1723073393
6.053 -16 -1723073393
6.080 -10 -1723073393
6.107 -8 -1723073393
6.133 -10 -1723073393
6.160 -6 -1723073393
6.187 -13 -1723073393
6.213 -14 -1723073393
6.240 -15 -1723073393
6.267 -23 -1723073393
6.293 -17 -1723073393
6.320 -15 -1723073393
6.347 -20 -1723073393
6.373 -15 -1723073393
6.400 -18 -1723073393
6.427 -20 -1723073393
6.453 -16 -1723073393
6.480 -24 -1723073393
6.507 -23 -1723073393
6.533 -21 -1723073393
6.560 -30 -1723073393
6.587 -26 -1723073393
6.613 -25 -1723073393
6.640 -26 -1723073393
6.667 -20 -1723073393
6.693 -24 -1723073393
6.720 -24 -1723073393
6.747 -22 -1723073393
6.773 -27 -1723073393
6.800 -20 -1723073393
6.827 -21 -1723073393
6.853 -29 -1723073393
6.880 -26 -1723073393
6.907 -29 -1723073393
6.933 -28 -1723073393
6.960 -22 -1723073393
6.987 -28 -1723073393
7.013 -25 -1723073393
7.040 -23 -1723073393
7.067 -27 -1723073393
7.093 -16 -1723073393
7.120 -12 -1723073393
7.147 -13 -1723073393
7.173 -10 -1723073393
7.200 -19 -1723073393
7.227 -24 -1723073393
7.253 -20 -1723073393
7.280 -25 -1723073393
7.307 -21 -1723073393
7.333 -19 -1723073393
7.360 -26 -1723073393
7.387 -22 -1723073393
7.413 -25 -1723073393
7.440 -28 -1723073393
7.467 -21 -1723073393
7.493 -24 -1723073393
7.520 -22 -1723073393
7.547 -17 -1723073393
7.573 -25 -1723073393
7.600 -25 -1723073393
7.627 -28 -1723073393
7.653 -35 -1723073393
7.680 -33 -1723073393
7.707 -35 -1723073393
7.733 -36 -1723073393
7.760 -31 -1723073393
7.787 -32 -1723073393
7.813 -32 -1723073393
7.840 -29 -1723073393
7.867 -30 -1723073393
7.893 -26 -1723073393
7.920 -24 -1723073393
7.947 -28 -1723073393
7.973 -22 -1723073393
8.000 -19 -1723073393
8.027 -20 -1723073393
8.053 -14 -1723073393
8.080 -19 -1723073393
8.107 -21 -1723073393
8.133 -17 -1723073393
8.160 -21 -1723073393
8.187 -19 -1723073393
8.213 -20 -1723073393
8.240 -23 -1723073393
8.267 -16 -1723073393
8.293 -14 -1723073393
8.320 -17 -1723073393
8.347 -10 -1723073393
8.373 -11 -1723073393
8.400 -11 -1723073393
8.427 -10 -1723073393
8.453 -17 -1723073393
8.480 -16 -1723073393
8.507 -13 -1723073393
8.533 -16 -1723073393
8.560 -10 -1723073393
8.587 -8 -1723073393
8.613 -6 -1723073393
8.640 0 -1723073393
8.667 0 -1723073393
8.693 -3 -1723073393
8.720 0 -1723073393
8.747 2 -1723073393
8.773 9 -1723073393
8.800 13 -1723073393
8.827 9 -1723073393
8.853 12 -1723073393
8.880 12 -1723073393
8.907 9 -1723073393
8.933 8 -1723073393
8.960 5 -1723073393
8.987 8 -1723073393
9.013 7 -1723073393
9.040 -2 -1723073393
9.067 -3 -1723073393
9.093 -4 -1723073393
9.120 -11 -1723073393
9.147 -16 -1723073393
9.173 -26 -1723073393
9.200 -33 -1723073393
9.227 -30 -1723073393
9.253 -28 -1723073393
9.280 -27 -1723073393
9.307 -22 -1723073393
9.333 -24 -1723073393
9.360 -24 -1723073393
9.387 -26 -1723073393
9.413 -36 -1723073393
9.440 -37 -1723073393
9.467 -38 -1723073393
9.493 -41 -1723073393
9.520 -42 -1723073393
9.547 -45 -1723073393
9.573 -43 -1723073393
9.600 -37 -1723073393
9.627 -37 -1723073393
9.653 -37 -1723073393
9.680 -35 -1723073393
9.707 -41 -1723073393
9.733 -47 -1723073393
9.760 -49 -1723073393
9.787 -53 -1723073393
9.813 -48 -1723073393
9.840 -47 -1723073393
9.867 -49 -1723073393
9.893 -46 -1723073393
9.920 -52 -1723073393
9.947 -49 -1723073393
9.973 -39 -1723073393
10.000 -33 -1723073393
10.027 -22 -1723073393
10.053 -17 -1723073393
10.080 -25 -1723073393
10.107 -29 -1723073393
10.133 -32 -1723073393
10.160 -29 -1723073393
10.187 -18 -1723073393
10.213 -8 -1723073393
10.240 6 -1723073393
10.267 16 -1723073393
10.293 13 -1723073393
10.320 18 -1723073393
10.347 29 -1723073393
10.373 39 -1723073393
10.400 55 -1723073393
10.427 71 -1723073393
10.453 82 -1723073393
10.480 100 -1723073393
10.507 113 -1723073393
10.533 121 -1723073393
10.560 133 -1723073393
10.587 140 -1723073393
10.613 149 -1723073393
10.640 157 -1723073393
10.667 157 -1723073393
10.693 158 -1723073393
10.720 156 -1723073393
10.747 148 -1723073393
10.773 142 -1723073393
10.800 126 -1723073393
10.827 107 -1723073393
10.853 91 -1723073393
10.880 69 -1723073393
10.907 49 -1723073393
10.933 31 -1723073393
10.960 9 -1723073393
10.987 -10 -1723073393
11.013 -30 -1723073393
11.040 -49 -1723073393
11.067 -54 -1723073393
11.093 -61 -1723073393
11.120 -75 -1723073393
11.147 -83 -1723073393
11.173 -93 -1723073393
11.200 -104 -1723073393
11.227 -107 -1723073393
11.253 -112 -1723073393
11.280 -115 -1723073393
11.307 -111 -1723073393
11.333 -114 -1723073393
11.360 -108 -1723073393
11.387 -104 -1723073393
11.413 -103 -1723073393
11.440 -95 -1723073393
11.467 -94 -1723073393
11.493 -97 -1723073393
11.520 -92 -1723073393
11.547 -97 -1723073393
11.573 -96 -1723073393
11.600 -88 -1723073393
11.627 -88 -1723073393
11.653 -78 -1723073393
11.680 -67 -1723073393
11.707 -64 -1723073393
11.733 -50 -1723073393
11.760 -36 -1723073393
11.787 -30 -1723073393
11.813 -17 -1723073393
11.840 0 -1723073393
11.867 17 -1723073393
11.893 44 -1723073393
11.920 70 -1723073393
11.947 95 -1723073393
11.973 125 -1723073393
12.000 147 -1723073393
12.027 171 -1723073393
12.053 197 -1723073393
12.080 219 -1723073393
12.107 241 -1723073393
12.133 267 -1723073393
12.160 288 -1723073393
12.187 307 -1723073393
12.213 323 -1723073393
12.240 335 -1723073393
12.267 348 -1723073393
12.293 353 -1723073393
12.320 350 -1723073393
12.347 342 -1723073393
12.373 332 -1723073393
12.400 321 -1723073393
12.427 302 -1723073393
12.453 276 -1723073393
12.480 248 -1723073393
12.507 216 -1723073393
12.533 184 -1723073393
12.560 153 -1723073393
12.587 121 -1723073393
12.613 90 -1723073393
12.640 62 -1723073393
12.667 32 -1723073393
12.693 7 -1723073393
12.720 -10 -1723073393
12.747 -33 -1723073393
12.773 -52 -1723073393
12.800 -64 -1723073393
12.827 -81 -1723073393
12.853 -96 -1723073393
12.880 -117 -1723073393
12.907 -140 -1723073393
12.933 -151 -1723073393
12.960 -164 -1723073393
12.987 -176 -1723073393
13.013 -179 -1723073393
13.040 -187 -1723073393
13.067 -187 -1723073393
13.093 -179 -1723073393
13.120 -184 -1723073393
13.147 -179 -1723073393
13.173 -171 -1723073393
13.200 -174 -1723073393
13.227 -168 -1723073393
13.253 -164 -1723073393
13.280 -163 -1723073393
13.307 -149 -1723073393
13.333 -137 -1723073393
13.360 -122 -1723073393
13.387 -99 -1723073393
13.413 -86 -1723073393
13.440 -64 -1723073393
13.467 -38 -1723073393
13.493 -22 -1723073393
13.520 4 -1723073393
13.547 31 -1723073393
13.573 46 -1723073393
13.600 64 -1723073393
13.627 72 -1723073393
13.653 71 -1723073393
13.680 77 -1723073393
13.707 74 -1723073393
13.733 63 -1723073393
13.760 52 -1723073393
13.787 24 -1723073393
13.813 -6 -1723073393
13.840 -32 -1723073393
13.867 -69 -1723073393
13.893 -106 -1723073393
13.920 -147 -1723073393
13.947 -192 -1723073393
13.973 -222 -1723073393
14.000 -256 -1723073393
14.027 -299 -1723073393
14.053 -323 -1723073393
14.080 -347 -1723073393
14.107 -368 -1723073393
14.133 -363 -1723073393
14.160 -372 -1723073393
14.187 -379 -1723073393
14.213 -366 -1723073393
14.240 -371 -1723073393
14.267 -364 -1723073393
14.293 -345 -1723073393
14.320 -348 -1723073393
14.347 -337 -1723073393
14.373 -326 -1723073393
14.400 -332 -1723073393
14.427 -320 -1723073393
14.453 -322 -1723073393
14.480 -339 -1723073393
14.507 -335 -1723073393
14.533 -343 -1723073393
14.560 -356 -1723073393
14.587 -352 -1723073393
14.613 -370 -1723073393
14.640 -385 -1723073393
14.667 -387 -1723073393
14.693 -410 -1723073393
14.720 -421 -1723073393
14.747 -427 -1723073393
14.773 -446 -1723073393
14.800 -438 -1723073393
14.827 -434 -1723073393
14.853 -446 -1723073393
14.880 -432 -1723073393
14.907 -427 -1723073393
14.933 -429 -1723073393
14.960 -412 -1723073393
14.987 -409 -1723073393
15.013 -405 -1723073393
15.040 -384 -1723073393
15.067 -386 -1723073393
15.093 -382 -1723073393
15.120 -367 -1723073393
15.147 -377 -1723073393
15.173 -369 -1723073393
15.200 -365 -1723073393
15.227 -384 -1723073393
15.253 -387 -1723073393
15.280 -398 -1723073393
15.307 -420 -1723073393
15.333 -417 -1723073393
15.360 -432 -1723073393
15.387 -455 -1723073393
15.413 -460 -1723073393
15.440 -483 -1723073393
15.467 -498 -1723073393
15.493 -494 -1723073393
15.520 -516 -1723073393
15.547 -526 -1723073393
15.573 -529 -1723073393
15.600 -561 -1723073393
15.627 -566 -1723073393
15.653 -574 -1723073393
15.680 -608 -1723073393
15.707 -613 -1723073393
15.733 -627 -1723073393
15.760 -656 -1723073393
15.787 -662 -1723073393
15.813 -693 -1723073393
15.840 -729 -1723073393
15.867 -740 -1723073393
15.893 -784 -1723073393
15.920 -819 -1723073393
15.947 -831 -1723073393
15.973 -883 -1723073393
16.000 -914 -1723073393
16.027 -933 -1723073393
16.053 -985 -1723073393
16.080 -1006 -1723073393
16.107 -1036 -1723073393
16.133 -1093 -1723073393
16.160 -1102 -1723073393
16.187 -1127 -1723073393
16.213 -1157 -1723073393
16.240 -1129 -1723073393
16.267 -1128 -1723073393
16.293 -1120 -1723073393
16.320 -1052 -1723073393
16.347 -1008 -1723073393
16.373 -915 -1723073393
16.400 -757 -1723073393
16.427 -606 -1723073393
16.453 -369 -1723073393
16.480 -71 -1723073393
16.507 237 -1723073393
16.533 642 -1723073393
16.560 1123 -1723073393
16.587 1645 -1723073393
16.613 2231 -1723073393
16.640 2872 -1723073393
16.667 3531 -1723073393
16.693 4189 -1723073393
16.720 4894 -1723073393
16.747 5546 -1723073393
16.773 6086 -1723073393
16.800 6649 -1723073393
16.827 7054 -1723073393
16.853 7251 -1723073393
16.880 7470 -1723073393
16.907 7396 -1723073393
16.933 7097 -1723073393
16.960 6856 -1723073393
16.987 6247 -1723073393
17.013 5514 -1723073393
17.040 4878 -1723073393
17.067 3939 -1723073393
17.093 2991 -1723073393
17.120 2148 -1723073393
17.147 1147 -1723073393
17.173 242 -1723073393
17.200 -545 -1723073393
17.227 -1367 -1723073393
17.253 -2097 -1723073393
17.280 -2681 -1723073393
17.307 -3193 -1723073393
17.333 -3667 -1723073393
17.360 -3993 -1723073393
17.387 -4218 -1723073393
17.413 -4468 -1723073393
17.440 -4538 -1723073393
17.467 -4548 -1723073393
17.493 -4656 -1723073393
17.520 -4571 -1723073393
17.547 -4500 -1723073393
17.573 -4527 -1723073393
17.600 -4365 -1723073393
17.627 -4274 -1723073393
17.653 -4239 -1723073393
17.680 -4021 -1723073393
17.707 -3911 -1723073393
17.733 -3804 -1723073393
17.760 -3540 -1723073393
17.787 -3402 -1723073393
17.813 -3206 -1723073393
17.840 -2887 -1723073393
17.867 -2678 -1723073393
17.893 -2356 -1723073393
17.920 -1932 -1723073393
17.947 -1599 -1723073393
17.973 -1123 -1723073393
18.000 -577 -1723073393
18.027 -61 -1723073393
18.053 605 -1723073393
18.080 1326 -1723073393
18.107 2079 -1723073393
18.133 2963 -1723073393
18.160 3940 -1723073393
18.187 4992 -1723073393
18.213 6093 -1723073393
18.240 7327 -1723073393
18.267 8596 -1723073393
18.293 9836 -1723073393
18.320 11262 -1723073393
18.347 12545 -1723073393
18.373 13665 -1723073393
18.400 14987 -1723073393
18.427 15943 -1723073393
18.453 16626 -1723073393
18.480 17496 -1723073393
18.507 17699 -1723073393
18.533 17647 -1723073393
18.560 17817 -1723073393
18.587 17106 -1723073393
18.613 16313 -1723073393
18.640 15718 -1723073393
18.667 14257 -1723073393
18.693 12917 -1723073393
18.720 11730 -1723073393
18.747 9881 -1723073393
18.773 8361 -1723073393
18.800 6961 -1723073393
18.827 5132 -1723073393
18.853 3677 -1723073393
18.880 2349 -1723073393
18.907 872 -1723073393
18.933 -285 -1723073393
18.960 -1339 -1723073393
18.987 -2390 -1723073393
19.013 -3241 -1723073393
19.040 -3935 -1723073393
19.067 -4563 -1723073393
19.093 -5148 -1723073393
19.120 -5516 -1723073393
19.147 -5836 -1723073393
19.173 -6188 -1723073393
19.200 -6273 -1723073393
19.227 -6396 -1723073393
19.253 -6586 -1723073393
19.280 -6494 -1723073393
19.307 -6531 -1723073393
19.333 -6617 -1723073393
19.360 -6447 -1723073393
19.387 -6487 -1723073393
19.413 -6525 -1723073393
19.440 -6357 -1723073393
19.467 -6431 -1723073393
19.493 -6431 -1723073393
19.520 -6265 -1723073393
19.547 -6358 -1723073393
19.573 -6307 -1723073393
19.600 -6157 -1723073393
19.627 -6257 -1723073393
19.653 -6159 -1723073393
19.680 -6033 -1723073393
19.707 -6134 -1723073393
19.733 -6013 -1723073393
19.760 -5929 -1723073393
19.787 -6051 -1723073393
19.813 -5949 -1723073393
19.840 -5965 -1723073393
19.867 -6154 -1723073393
19.893 -6136 -1723073393
19.920 -6301 -1723073393
19.947 -6571 -1723073393
19.973 -6646 -1723073393
20.000 -6940 -1723073393
20.027 -7269 -1723073393
20.053 -7405 -1723073393
20.080 -7777 -1723073393
20.107 -8068 -1723073393
20.133 -8150 -1723073393
20.160 -8477 -1723073393
20.187 -8598 -1723073393
20.213 -8513 -1723073393
20.240 -8670 -1723073393
20.267 -8506 -1723073393
20.293 -8170 -1723073393
20.320 -8079 -1723073393
20.347 -7600 -1723073393
20.373 -7038 -1723073393
20.400 -6713 -1723073393
20.427 -6004 -1723073393
20.453 -5305 -1723073393
20.480 -4822 -1723073393
20.507 -4023 -1723073393
20.533 -3336 -1723073393
20.560 -2823 -1723073393
20.587 -2103 -1723073393
20.613 -1553 -1723073393
20.640 -1130 -1723073393
20.667 -618 -1723073393
20.693 -251 -1723073393
20.720 20 -1723073393
20.747 289 -1723073393
20.773 453 -1723073393
20.800 555 -1723073393
20.827 628 -1723073393
20.853 644 -1723073393
20.880 616 -1723073393
20.907 562 -1723073393
20.933 499 -1723073393
20.960 421 -1723073393
20.987 342 -1723073393
21.013 281 -1723073393
21.040 235 -1723073393
21.067 201 -1723073393
21.093 182 -1723073393
21.120 197 -1723073393
21.147 234 -1723073393
21.173 285 -1723073393
21.200 368 -1723073393
21.227 461 -1723073393
21.253 556 -1723073393
21.280 670 -1723073393
21.307 783 -1723073393
21.333 884 -1723073393
21.360 986 -1723073393
21.387 1089 -1723073393
21.413 1187 -1723073393
21.440 1284 -1723073393
21.467 1400 -1723073393
21.493 1516 -1723073393
21.520 1630 -1723073393
21.547 1772 -1723073393
21.573 1904 -1723073393
21.600 2028 -1723073393
21.627 2193 -1723073393
21.653 2333 -1723073393
21.680 2451 -1723073393
21.707 2615 -1723073393
21.733 2718 -1723073393
21.760 2787 -1723073393
21.787 2905 -1723073393
21.813 2926 -1723073393
21.840 2911 -1723073393
21.867 2941 -1723073393
21.893 2849 -1723073393
21.920 2733 -1723073393
21.947 2665 -1723073393
21.973 2472 -1723073393
22.000 2282 -1723073393
22.027 2140 -1723073393
22.053 1886 -1723073393
22.080 1666 -1723073393
22.107 1499 -1723073393
22.133 1268 -1723073393
22.160 1092 -1723073393
22.187 966 -1723073393
22.213 818 -1723073393
22.240 720 -1723073393
22.267 668 -1723073393
22.293 629 -1723073393
22.320 621 -1723073393
22.347 637 -1723073393
22.373 663 -1723073393
22.400 692 -1723073393
22.427 720 -1723073393
22.453 745 -1723073393
22.480 763 -1723073393
22.507 765 -1723073393
22.533 756 -1723073393
22.560 751 -1723073393
22.587 731 -1723073393
22.613 702 -1723073393
22.640 685 -1723073393
22.667 666 -1723073393
22.693 652 -1723073393
22.720 657 -1723073393
22.747 669 -1723073393
22.773 692 -1723073393
22.800 732 -1723073393
22.827 780 -1723073393
22.853 840 -1723073393
22.880 912 -1723073393
22.907 979 -1723073393
22.933 1049 -1723073393
22.960 1117 -1723073393
22.987 1160 -1723073393
23.013 1204 -1723073393
23.040 1242 -1723073393
23.067 1241 -1723073393
23.093 1241 -1723073393
23.120 1229 -1723073393
23.147 1173 -1723073393
23.173 1118 -1723073393
23.200 1050 -1723073393
23.227 937 -1723073393
23.253 839 -1723073393
23.280 737 -1723073393
23.307 611 -1723073393
23.333 512 -1723073393
23.360 422 -1723073393
23.387 321 -1723073393
23.413 238 -1723073393
23.440 171 -1723073393
23.467 116 -1723073393
23.493 75 -1723073393
23.520 56 -1723073393
23.547 58 -1723073393
23.573 57 -1723073393
23.600 75 -1723073393
23.627 104 -1723073393
23.653 116 -1723073393
23.680 135 -1723073393
23.707 153 -1723073393
23.733 158 -1723073393
23.760 173 -1723073393
23.787 185 -1723073393
23.813 183 -1723073393
23.840 191 -1723073393
23.867 194 -1723073393
23.893 189 -1723073393
23.920 200 -1723073393
23.947 214 -1723073393
23.973 224 -1723073393
24.000 249 -1723073393
24.027 272 -1723073393
24.053 291 -1723073393
24.080 324 -1723073393
24.107 359 -1723073393
24.133 398 -1723073393
24.160 453 -1723073393
24.187 511 -1723073393
24.213 566 -1723073393
24.240 624 -1723073393
24.267 682 -1723073393
24.293 729 -1723073393
24.320 765 -1723073393
24.347 807 -1723073393
24.373 850 -1723073393
24.400 881 -1723073393
24.427 919 -1723073393
24.453 947 -1723073393
24.480 953 -1723073393
24.507 969 -1723073393
24.533 970 -1723073393
24.560 947 -1723073393
24.587 935 -1723073393
24.613 912 -1723073393
24.640 869 -1723073393
24.667 840 -1723073393
24.693 795 -1723073393
24.720 730 -1723073393
24.747 680 -1723073393
24.773 619 -1723073393
24.800 552 -1723073393
24.827 504 -1723073393
24.853 451 -1723073393
24.880 400 -1723073393
24.907 369 -1723073393
24.933 350 -1723073393
24.960 335 -1723073393
24.987 321 -1723073393
25.013 314 -1723073393
25.040 305 -1723073393
25.067 296 -1723073393
25.093 295 -1723073393
25.120 295 -1723073393
25.147 291 -1723073393
25.173 291 -1723073393
25.200 283 -1723073393
25.227 267 -1723073393
25.253 258 -1723073393
25.280 245 -1723073393
25.307 224 -1723073393
25.333 209 -1723073393
25.360 191 -1723073393
25.387 171 -1723073393
25.413 155 -1723073393
25.440 129 -1723073393
25.467 96 -1723073393
25.493 66 -1723073393
25.520 26 -1723073393
25.547 -18 -1723073393
25.573 -50 -1723073393
25.600 -93 -1723073393
25.627 -136 -1723073393
25.653 -161 -1723073393
25.680 -191 -1723073393
25.707 -213 -1723073393
25.733 -212 -1723073393
25.760 -224 -1723073393
25.787 -223 -1723073393
25.813 -198 -1723073393
25.840 -189 -1723073393
25.867 -166 -1723073393
25.893 -121 -1723073393
25.920 -97 -1723073393
25.947 -71 -1723073393
25.973 -30 -1723073393
26.000 -15 -1723073393
26.027 4 -1723073393
26.053 34 -1723073393
26.080 42 -1723073393
26.107 53 -1723073393
26.133 67 -1723073393
26.160 60 -1723073393
26.187 60 -1723073393
26.213 65 -1723073393
26.240 56 -1723073393
26.267 56 -1723073393
26.293 60 -1723073393
26.320 56 -1723073393
26.347 62 -1723073393
26.373 67 -1723073393
26.400 65 -1723073393
26.427 80 -1723073393
26.453 100 -1723073393
26.480 106 -1723073393
26.507 122 -1723073393
26.533 137 -1723073393
26.560 139 -1723073393
26.587 143 -1723073393
26.613 137 -1723073393
26.640 114 -1723073393
26.667 93 -1723073393
26.693 62 -1723073393
26.720 20 -1723073393
26.747 -14 -1723073393
26.773 -61 -1723073393
26.800 -115 -1723073393
26.827 -156 -1723073393
26.853 -198 -1723073393
26.880 -235 -1723073393
26.907 -246 -1723073393
26.933 -262 -1723073393
26.960 -271 -1723073393
26.987 -247 -1723073393
27.013 -231 -1723073393
27.040 -215 -1723073393
27.067 -168 -1723073393
27.093 -136 -1723073393
27.120 -110 -1723073393
27.147 -60 -1723073393
27.173 -26 -1723073393
27.200 3 -1723073393
27.227 44 -1723073393
27.253 61 -1723073393
27.280 64 -1723073393
27.307 70 -1723073393
27.333 57 -1723073393
27.360 40 -1723073393
27.387 21 -1723073393
27.413 -13 -1723073393
27.440 -53 -1723073393
27.467 -90 -1723073393
27.493 -135 -1723073393
27.520 -175 -1723073393
27.547 -206 -1723073393
27.573 -253 -1723073393
27.600 -291 -1723073393
27.627 -311 -1723073393
27.653 -342 -1723073393
27.680 -358 -1723073393
27.707 -350 -1723073393
27.733 -352 -1723073393
27.760 -332 -1723073393
27.787 -283 -1723073393
27.813 -252 -1723073393
27.840 -200 -1723073393
27.867 -127 -1723073393
27.893 -77 -1723073393
27.920 -15 -1723073393
27.947 56 -1723073393
27.973 104 -1723073393
28.000 160 -1723073393
28.027 222 -1723073393
28.053 259 -1723073393
28.080 289 -1723073393
28.107 315 -1723073393
28.133 327 -1723073393
28.160 343 -1723073393
28.187 355 -1723073393
28.213 354 -1723073393
28.240 353 -1723073393
28.267 355 -1723073393
28.293 357 -1723073393
28.320 359 -1723073393
28.347 362 -1723073393
28.373 363 -1723073393
28.400 364 -1723073393
28.427 361 -1723073393
28.453 350 -1723073393
28.480 338 -1723073393
28.507 320 -1723073393
28.533 299 -1723073393
28.560 277 -1723073393
28.587 251 -1723073393
28.613 221 -1723073393
28.640 188 -1723073393
28.667 150 -1723073393
28.693 109 -1723073393
28.720 74 -1723073393
28.747 40 -1723073393
28.773 6 -1723073393
28.800 -16 -1723073393
28.827 -43 -1723073393
28.853 -74 -1723073393
28.880 -88 -1723073393
28.907 -104 -1723073393
28.933 -124 -1723073393
28.960 -127 -1723073393
28.987 -129 -1723073393
29.013 -130 -1723073393
29.040 -107 -1723073393
29.067 -84 -1723073393
29.093 -66 -1723073393
29.120 -28 -1723073393
29.147 0 -1723073393
29.173 18 -1723073393
29.200 48 -1723073393
29.227 70 -1723073393
29.253 83 -1723073393
29.280 97 -1723073393
29.307 97 -1723073393
29.333 88 -1723073393
29.360 81 -1723073393
29.387 62 -1723073393
29.413 37 -1723073393
29.440 16 -1723073393
29.467 -13 -1723073393
29.493 -41 -1723073393
29.520 -59 -1723073393
29.547 -81 -1723073393
29.573 -102 -1723073393
29.600 -110 -1723073393
29.627 -120 -1723073393
29.653 -125 -1723073393
29.680 -109 -1723073393
29.707 -102 -1723073393
29.733 -89 -1723073393
29.760 -54 -1723073393
29.787 -19 -1723073393
29.813 19 -1723073393
29.840 75 -1723073393
29.867 125 -1723073393
29.893 177 -1723073393
29.920 235 -1723073393
29.947 275 -1723073393
29.973 309 -1723073393
30.000 349 -1723073393
30.027 379 -1723073393
30.053 405 -1723073393
30.080 424 -1723073393
30.107 432 -1723073393
30.133 436 -1723073393
30.160 429 -1723073393
30.187 414 -1723073393
30.213 392 -1723073393
30.240 358 -1723073393
30.267 325 -1723073393
30.293 289 -1723073393
30.320 242 -1723073393
30.347 191 -1723073393
30.373 138 -1723073393
30.400 84 -1723073393
30.427 34 -1723073393
30.453 -11 -1723073393
30.480 -54 -1723073393
30.507 -104 -1723073393
30.533 -147 -1723073393
30.560 -179 -1723073393
30.587 -214 -1723073393
30.613 -228 -1723073393
30.640 -221 -1723073393
30.667 -215 -1723073393
30.693 -189 -1723073393
30.720 -138 -1723073393
30.747 -93 -1723073393
30.773 -32 -1723073393
30.800 41 -1723073393
30.827 97 -1723073393
30.853 157 -1723073393
30.880 223 -1723073393
30.907 271 -1723073393
30.933 313 -1723073393
30.960 347 -1723073393
30.987 356 -1723073393
31.013 344 -1723073393
31.040 319 -1723073393
31.067 279 -1723073393
31.093 221 -1723073393
31.120 152 -1723073393
31.147 78 -1723073393
31.173 -5 -1723073393
31.200 -92 -1723073393
31.227 -179 -1723073393
31.253 -255 -1723073393
31.280 -313 -1723073393
31.307 -365 -1723073393
31.333 -395 -1723073393
31.360 -406 -1723073393
31.387 -414 -1723073393
31.413 -389 -1723073393
31.440 -340 -1723073393
31.467 -299 -1723073393
31.493 -229 -1723073393
31.520 -141 -1723073393
31.547 -79 -1723073393
31.573 -9 -1723073393
31.600 64 -1723073393
31.627 114 -1723073393
31.653 162 -1723073393
31.680 205 -1723073393
31.707 231 -1723073393
31.733 248 -1723073393
31.760 256 -1723073393
31.787 253 -1723073393
31.813 249 -1723073393
31.840 245 -1723073393
31.867 246 -1723073393
31.893 254 -1723073393
31.920 263 -1723073393
31.947 274 -1723073393
31.973 287 -1723073393
32.000 298 -1723073393
32.027 307 -1723073393
32.053 317 -1723073393
32.080 316 -1723073393
32.107 309 -1723073393
32.133 295 -1723073393
32.160 269 -1723073393
32.187 233 -1723073393
32.213 193 -1723073393
32.240 146 -1723073393
32.267 94 -1723073393
32.293 41 -1723073393
32.320 -12 -1723073393
32.347 -68 -1723073393
32.373 -113 -1723073393
32.400 -145 -1723073393
32.427 -175 -1723073393
32.453 -183 -1723073393
32.480 -170 -1723073393
32.507 -156 -1723073393
32.533 -117 -1723073393
32.560 -61 -1723073393
32.587 -14 -1723073393
32.613 48 -1723073393
32.640 121 -1723073393
32.667 179 -1723073393
32.693 231 -1723073393
32.720 275 -1723073393
32.747 297 -1723073393
32.773 301 -1723073393
32.800 290 -1723073393
32.827 260 -1723073393
32.853 205 -1723073393
32.880 136 -1723073393
32.907 62 -1723073393
32.933 -17 -1723073393
32.960 -102 -1723073393
32.987 -190 -1723073393
33.013 -271 -1723073393
33.040 -340 -1723073393
33.067 -400 -1723073393
33.093 -430 -1723073393
33.120 -434 -1723073393
33.147 -430 -1723073393
33.173 -392 -1723073393
33.200 -326 -1723073393
33.227 -269 -1723073393
33.253 -190 -1723073393
33.280 -94 -1723073393
33.307 -14 -1723073393
33.333 74 -1723073393
33.360 170 -1723073393
33.387 251 -1723073393
33.413 329 -1723073393
33.440 400 -1723073393
33.467 454 -1723073393
33.493 501 -1723073393
33.520 542 -1723073393
33.547 575 -1723073393
33.573 600 -1723073393
33.600 612 -1723073393
33.627 626 -1723073393
33.653 634 -1723073393
33.680 626 -1723073393
33.707 619 -1723073393
33.733 605 -1723073393
33.760 573 -1723073393
33.787 540 -1723073393
33.813 500 -1723073393
33.840 442 -1723073393
33.867 382 -1723073393
33.893 317 -1723073393
33.920 237 -1723073393
33.947 160 -1723073393
33.973 89 -1723073393
34.000 20 -1723073393
34.027 -40 -1723073393
34.053 -86 -1723073393
34.080 -121 -1723073393
34.107 -150 -1723073393
34.133 -161 -1723073393
34.160 -152 -1723073393
34.187 -140 -1723073393
34.213 -112 -1723073393
34.240 -60 -1723073393
34.267 -9 -1723073393
34.293 50 -1723073393
34.320 127 -1723073393
34.347 194 -1723073393
34.373 257 -1723073393
34.400 323 -1723073393
34.427 375 -1723073393
34.453 414 -1723073393
34.480 439 -1723073393
34.507 445 -1723073393
34.533 440 -1723073393
34.560 413 -1723073393
34.587 358 -1723073393
34.613 292 -1723073393
34.640 211 -1723073393
34.667 124 -1723073393
34.693 45 -1723073393
34.720 -38 -1723073393
34.747 -123 -1723073393
34.773 -192 -1723073393
34.800 -241 -1723073393
34.827 -284 -1723073393
34.853 -311 -1723073393
34.880 -305 -1723073393
34.907 -289 -1723073393
34.933 -263 -1723073393
34.960 -203 -1723073393
34.987 -140 -1723073393
35.013 -85 -1723073393
35.040 -9 -1723073393
35.067 67 -1723073393
35.093 134 -1723073393
35.120 212 -1723073393
35.147 283 -1723073393
35.173 340 -1723073393
35.200 394 -1723073393
35.227 441 -1723073393
35.253 477 -1723073393
35.280 498 -1723073393
35.307 502 -1723073393
35.333 500 -1723073393
35.360 489 -1723073393
35.387 466 -1723073393
35.413 441 -1723073393
35.440 406 -1723073393
35.467 363 -1723073393
35.493 326 -1723073393
35.520 284 -1723073393
35.547 243 -1723073393
35.573 208 -1723073393
35.600 178 -1723073393
35.627 149 -1723073393
35.653 126 -1723073393
35.680 115 -1723073393
35.707 109 -1723073393
35.733 95 -1723073393
35.760 88 -1723073393
35.787 89 -1723073393
35.813 84 -1723073393
35.840 76 -1723073393
35.867 73 -1723073393
35.893 67 -1723073393
35.920 65 -1723073393
35.947 72 -1723073393
35.973 78 -1723073393
36.000 89 -1723073393
36.027 106 -1723073393
36.053 125 -1723073393
36.080 151 -1723073393
36.107 187 -1723073393
36.133 226 -1723073393
36.160 270 -1723073393
36.187 322 -1723073393
36.213 373 -1723073393
36.240 420 -1723073393
36.267 458 -1723073393
36.293 482 -1723073393
36.320 490 -1723073393
36.347 479 -1723073393
36.373 454 -1723073393
36.400 420 -1723073393
36.427 364 -1723073393
36.453 295 -1723073393
36.480 227 -1723073393
36.507 153 -1723073393
36.533 77 -1723073393
36.560 8 -1723073393
36.587 -60 -1723073393
36.613 -124 -1723073393
36.640 -177 -1723073393
36.667 -209 -1723073393
36.693 -225 -1723073393
36.720 -234 -1723073393
36.747 -214 -1723073393
36.773 -167 -1723073393
36.800 -118 -1723073393
36.827 -54 -1723073393
36.853 25 -1723073393
36.880 88 -1723073393
36.907 153 -1723073393
36.933 224 -1723073393
36.960 283 -1723073393
36.987 337 -1723073393
37.013 386 -1723073393
37.040 423 -1723073393
37.067 451 -1723073393
37.093 467 -1723073393
37.120 474 -1723073393
37.147 476 -1723073393
37.173 473 -1723073393
37.200 467 -1723073393
37.227 456 -1723073393
37.253 438 -1723073393
37.280 425 -1723073393
37.307 415 -1723073393
37.333 402 -1723073393
37.360 391 -1723073393
37.387 383 -1723073393
37.413 372 -1723073393
37.440 358 -1723073393
37.467 342 -1723073393
37.493 325 -1723073393
37.520 309 -1723073393
37.547 298 -1723073393
37.573 286 -1723073393
37.600 270 -1723073393
37.627 248 -1723073393
37.653 228 -1723073393
37.680 215 -1723073393
37.707 209 -1723073393
37.733 204 -1723073393
37.760 205 -1723073393
37.787 209 -1723073393
37.813 218 -1723073393
37.840 230 -1723073393
37.867 245 -1723073393
37.893 262 -1723073393
37.920 279 -1723073393
37.947 293 -1723073393
37.973 296 -1723073393
38.000 291 -1723073393
38.027 279 -1723073393
38.053 260 -1723073393
38.080 235 -1723073393
38.107 202 -1723073393
38.133 160 -1723073393
38.160 111 -1723073393
38.187 54 -1723073393
38.213 -6 -1723073393
38.240 -69 -1723073393
38.267 -130 -1723073393
38.293 -183 -1723073393
38.320 -215 -1723073393
38.347 -238 -1723073393
38.373 -253 -1723073393
38.400 -244 -1723073393
38.427 -221 -1723073393
38.453 -200 -1723073393
38.480 -158 -1723073393
38.507 -104 -1723073393
38.533 -57 -1723073393
38.560 2 -1723073393
38.587 64 -1723073393
38.613 111 -1723073393
38.640 160 -1723073393
38.667 207 -1723073393
38.693 238 -1723073393
38.720 259 -1723073393
38.747 272 -1723073393
38.773 280 -1723073393
38.800 286 -1723073393
38.827 288 -1723073393
38.853 284 -1723073393
38.880 278 -1723073393
38.907 271 -1723073393
38.933 264 -1723073393
38.960 261 -1723073393
38.987 260 -1723073393
39.013 255 -1723073393
39.040 252 -1723073393
39.067 256 -1723073393
39.093 257 -1723073393
39.120 261 -1723073393
39.147 272 -1723073393
39.173 279 -1723073393
39.200 280 -1723073393
39.227 279 -1723073393
39.253 279 -1723073393
39.280 277 -1723073393
39.307 275 -1723073393
39.333 274 -1723073393
39.360 268 -1723073393
39.387 256 -1723073393
39.413 239 -1723073393
39.440 224 -1723073393
39.467 211 -1723073393
39.493 196 -1723073393
39.520 176 -1723073393
39.547 162 -1723073393
39.573 154 -1723073393
39.600 139 -1723073393
39.627 128 -1723073393
39.653 119 -1723073393
39.680 108 -1723073393
39.707 105 -1723073393
39.733 113 -1723073393
39.760 112 -1723073393
39.787 111 -1723073393
39.813 117 -1723073393
39.840 117 -1723073393
39.867 117 -1723073393
39.893 127 -1723073393
39.920 127 -1723073393
39.947 116 -1723073393
39.973 110 -1723073393
40.000 99 -1723073393
40.027 85 -1723073393
40.053 81 -1723073393
40.080 71 -1723073393
40.107 56 -1723073393
40.133 53 -1723073393
40.160 55 -1723073393
40.187 51 -1723073393
40.213 59 -1723073393
40.240 74 -1723073393
40.267 86 -1723073393
40.293 106 -1723073393
40.320 133 -1723073393
40.347 150 -1723073393
40.373 168 -1723073393
40.400 191 -1723073393
40.427 207 -1723073393
40.453 223 -1723073393
40.480 242 -1723073393
40.507 248 -1723073393
40.533 245 -1723073393
40.560 248 -1723073393
40.587 244 -1723073393
40.613 234 -1723073393
40.640 226 -1723073393
40.667 216 -1723073393
40.693 202 -1723073393
40.720 190 -1723073393
40.747 182 -1723073393
40.773 176 -1723073393
40.800 175 -1723073393
40.827 173 -1723073393
40.853 163 -1723073393
40.880 158 -1723073393
40.907 157 -1723073393
40.933 150 -1723073393
40.960 145 -1723073393
40.987 144 -1723073393
41.013 141 -1723073393
41.040 140 -1723073393
41.067 141 -1723073393
41.093 141 -1723073393
41.120 143 -1723073393
41.147 151 -1723073393
41.173 157 -1723073393
41.200 162 -1723073393
41.227 168 -1723073393
41.253 171 -1723073393
41.280 172 -1723073393
41.307 173 -1723073393
41.333 172 -1723073393
41.360 171 -1723073393
41.387 172 -1723073393
41.413 173 -1723073393
41.440 171 -1723073393
41.467 165 -1723073393
41.493 157 -1723073393
41.520 146 -1723073393
41.547 134 -1723073393
41.573 118 -1723073393
41.600 97 -1723073393
41.627 71 -1723073393
41.653 44 -1723073393
41.680 14 -1723073393
41.707 -17 -1723073393
41.733 -48 -1723073393
41.760 -85 -1723073393
41.787 -121 -1723073393
41.813 -143 -1723073393
41.840 -162 -1723073393
41.867 -180 -1723073393
41.893 -185 -1723073393
41.920 -181 -1723073393
41.947 -174 -1723073393
41.973 -149 -1723073393
42.000 -112 -1723073393
42.027 -79 -1723073393
42.053 -37 -1723073393
42.080 12 -1723073393
42.107 48 -1723073393
42.133 78 -1723073393
42.160 105 -1723073393
42.187 116 -1723073393
42.213 115 -1723073393
42.240 108 -1723073393
42.267 91 -1723073393
42.293 70 -1723073393
42.320 47 -1723073393
42.347 14 -1723073393
42.373 -21 -1723073393
42.400 -47 -1723073393
42.427 -69 -1723073393
42.453 -86 -1723073393
42.480 -87 -1723073393
42.507 -80 -1723073393
42.533 -71 -1723073393
42.560 -48 -1723073393
42.587 -17 -1723073393
42.613 12 -1723073393
42.640 52 -1723073393
42.667 98 -1723073393
42.693 137 -1723073393
42.720 177 -1723073393
42.747 216 -1723073393
42.773 243 -1723073393
42.800 261 -1723073393
42.827 277 -1723073393
42.853 283 -1723073393
42.880 280 -1723073393
42.907 274 -1723073393
42.933 264 -1723073393
42.960 244 -1723073393
42.987 223 -1723073393
43.013 201 -1723073393
43.040 176 -1723073393
43.067 153 -1723073393
43.093 129 -1723073393
43.120 100 -1723073393
43.147 76 -1723073393
43.173 54 -1723073393
43.200 30 -1723073393
43.227 8 -1723073393
43.253 -10 -1723073393
43.280 -33 -1723073393
43.307 -53 -1723073393
43.333 -67 -1723073393
43.360 -87 -1723073393
43.387 -104 -1723073393
43.413 -115 -1723073393
43.440 -134 -1723073393
43.467 -158 -1723073393
43.493 -169 -1723073393
43.520 -177 -1723073393
43.547 -188 -1723073393
43.573 -185 -1723073393
43.600 -173 -1723073393
43.627 -166 -1723073393
43.653 -153 -1723073393
43.680 -130 -1723073393
43.707 -109 -1723073393
43.733 -78 -1723073393
43.760 -38 -1723073393
43.787 -14 -1723073393
43.813 4 -1723073393
43.840 28 -1723073393
43.867 44 -1723073393
43.893 46 -1723073393
43.920 39 -1723073393
43.947 27 -1723073393
43.973 11 -1723073393
44.000 0 -1723073393
44.027 -12 -1723073393
44.053 -26 -1723073393
44.080 -35 -1723073393
44.107 -37 -1723073393
44.133 -40 -1723073393
44.160 -38 -1723073393
44.187 -23 -1723073393
44.213 -9 -1723073393
44.240 7 -1723073393
44.267 33 -1723073393
44.293 54 -1723073393
44.320 74 -1723073393
44.347 101 -1723073393
44.373 127 -1723073393
44.400 146 -1723073393
44.427 173 -1723073393
44.453 196 -1723073393
44.480 208 -1723073393
44.507 221 -1723073393
44.533 232 -1723073393
44.560 237 -1723073393
44.587 241 -1723073393
44.613 242 -1723073393
44.640 237 -1723073393
44.667 231 -1723073393
44.693 226 -1723073393
44.720 212 -1723073393
44.747 194 -1723073393
44.773 178 -1723073393
44.800 158 -1723073393
44.827 133 -1723073393
44.853 113 -1723073393
44.880 93 -1723073393
44.907 70 -1723073393
44.933 55 -1723073393
44.960 42 -1723073393
44.987 18 -1723073393
45.013 -3 -1723073393
45.040 -22 -1723073393
45.067 -44 -1723073393
45.093 -63 -1723073393
45.120 -76 -1723073393
45.147 -91 -1723073393
45.173 -104 -1723073393
45.200 -108 -1723073393
45.227 -116 -1723073393
45.253 -120 -1723073393
45.280 -108 -1723073393
45.307 -96 -1723073393
45.333 -84 -1723073393
45.360 -58 -1723073393
45.387 -24 -1723073393
45.413 3 -1723073393
45.440 39 -1723073393
45.467 74 -1723073393
45.493 101 -1723073393
45.520 133 -1723073393
45.547 166 -1723073393
45.573 186 -1723073393
45.600 195 -1723073393
45.627 200 -1723073393
45.653 194 -1723073393
45.680 180 -1723073393
45.707 163 -1723073393
45.733 136 -1723073393
45.760 102 -1723073393
45.787 66 -1723073393
45.813 28 -1723073393
45.840 -12 -1723073393
45.867 -47 -1723073393
45.893 -77 -1723073393
45.920 -111 -1723073393
45.947 -138 -1723073393
45.973 -151 -1723073393
46.000 -160 -1723073393
46.027 -159 -1723073393
46.053 -136 -1723073393
46.080 -113 -1723073393
46.107 -86 -1723073393
46.133 -44 -1723073393
46.160 0 -1723073393
46.187 41 -1723073393
46.213 90 -1723073393
46.240 140 -1723073393
46.267 177 -1723073393
46.293 215 -1723073393
46.320 250 -1723073393
46.347 281 -1723073393
46.373 310 -1723073393
46.400 336 -1723073393
46.427 352 -1723073393
46.453 361 -1723073393
46.480 368 -1723073393
46.507 367 -1723073393
46.533 356 -1723073393
46.560 337 -1723073393
46.587 313 -1723073393
46.613 290 -1723073393
46.640 263 -1723073393
46.667 230 -1723073393
46.693 192 -1723073393
46.720 154 -1723073393
46.747 119 -1723073393
46.773 84 -1723073393
46.800 58 -1723073393
46.827 40 -1723073393
46.853 22 -1723073393
46.880 16 -1723073393
46.907 25 -1723073393
46.933 37 -1723073393
46.960 54 -1723073393
46.987 82 -1723073393
47.013 107 -1723073393
47.040 128 -1723073393
47.067 155 -1723073393
47.093 178 -1723073393
47.120 200 -1723073393
47.147 225 -1723073393
47.173 243 -1723073393
47.200 249 -1723073393
47.227 257 -1723073393
47.253 264 -1723073393
47.280 265 -1723073393
47.307 264 -1723073393
47.333 262 -1723073393
47.360 255 -1723073393
47.387 246 -1723073393
47.413 235 -1723073393
47.440 221 -1723073393
47.467 205 -1723073393
47.493 190 -1723073393
47.520 169 -1723073393
47.547 148 -1723073393
47.573 137 -1723073393
47.600 127 -1723073393
47.627 118 -1723073393
47.653 119 -1723073393
47.680 122 -1723073393
47.707 126 -1723073393
47.733 142 -1723073393
47.760 165 -1723073393
47.787 186 -1723073393
47.813 213 -1723073393
47.840 248 -1723073393
47.867 281 -1723073393
47.893 319 -1723073393
47.920 362 -1723073393
47.947 401 -1723073393
47.973 436 -1723073393
48.000 468 -1723073393
48.027 493 -1723073393
48.053 517 -1723073393
48.080 539 -1723073393
48.107 555 -1723073393
48.133 571 -1723073393
48.160 591 -1723073393
48.187 608 -1723073393
48.213 619 -1723073393
48.240 626 -1723073393
48.267 629 -1723073393
48.293 627 -1723073393
48.320 621 -1723073393
48.347 607 -1723073393
48.373 585 -1723073393
48.400 556 -1723073393
48.427 523 -1723073393
48.453 490 -1723073393
48.480 456 -1723073393
48.507 422 -1723073393
48.533 389 -1723073393
48.560 355 -1723073393
48.587 320 -1723073393
48.613 289 -1723073393
48.640 261 -1723073393
48.667 236 -1723073393
48.693 217 -1723073393
48.720 201 -1723073393
48.747 196 -1723073393
48.773 195 -1723073393
48.800 193 -1723073393
48.827 190 -1723073393
48.853 191 -1723073393
48.880 191 -1723073393
48.907 189 -1723073393
48.933 191 -1723073393
48.960 194 -1723073393
48.987 200 -1723073393
49.013 207 -1723073393
49.040 215 -1723073393
49.067 218 -1723073393
49.093 223 -1723073393
49.120 233 -1723073393
49.147 240 -1723073393
49.173 243 -1723073393
49.200 241 -1723073393
49.227 232 -1723073393
49.253 218 -1723073393
49.280 206 -1723073393
49.307 197 -1723073393
49.333 190 -1723073393
49.360 180 -1723073393
49.387 167 -1723073393
49.413 154 -1723073393
49.440 143 -1723073393
49.467 136 -1723073393
49.493 133 -1723073393
49.520 135 -1723073393
49.547 140 -1723073393
49.573 145 -1723073393
49.600 151 -1723073393
49.627 163 -1723073393
49.653 176 -1723073393
49.680 189 -1723073393
49.707 204 -1723073393
49.733 220 -1723073393
49.760 234 -1723073393
49.787 252 -1723073393
49.813 263 -1723073393
49.840 266 -1723073393
49.867 269 -1723073393
49.893 269 -1723073393
49.920 263 -1723073393
49.947 255 -1723073393
49.973 243 -1723073393
50.000 228 -1723073393
50.027 206 -1723073393
50.053 176 -1723073393
50.080 143 -1723073393
50.107 108 -1723073393
50.133 73 -1723073393
50.160 37 -1723073393
50.187 4 -1723073393
50.213 -26 -1723073393
50.240 -55 -1723073393
50.267 -84 -1723073393
50.293 -108 -1723073393
50.320 -124 -1723073393
50.347 -134 -1723073393
50.373 -138 -1723073393
50.400 -138 -1723073393
50.427 -136 -1723073393
50.453 -131 -1723073393
50.480 -124 -1723073393
50.507 -117 -1723073393
50.533 -111 -1723073393
50.560 -99 -1723073393
50.587 -85 -1723073393
50.613 -70 -1723073393
50.640 -53 -1723073393
50.667 -39 -1723073393
50.693 -30 -1723073393
50.720 -20 -1723073393
50.747 -10 -1723073393
50.773 -5 -1723073393
50.800 -3 -1723073393
50.827 0 -1723073393
50.853 3 -1723073393
50.880 5 -1723073393
50.907 7 -1723073393
50.933 7 -1723073393
50.960 6 -1723073393
50.987 7 -1723073393
51.013 6 -1723073393
51.040 2 -1723073393
51.067 0 -1723073393
51.093 -1 -1723073393
51.120 -6 -1723073393
51.147 -5 -1723073393
51.173 6 -1723073393
51.200 21 -1723073393
51.227 39 -1723073393
51.253 62 -1723073393
51.280 83 -1723073393
51.307 106 -1723073393
51.333 136 -1723073393
51.360 168 -1723073393
51.387 195 -1723073393
51.413 222 -1723073393
51.440 249 -1723073393
51.467 270 -1723073393
51.493 286 -1723073393
51.520 299 -1723073393
51.547 301 -1723073393
51.573 303 -1723073393
51.600 307 -1723073393
51.627 305 -1723073393
51.653 300 -1723073393
51.680 298 -1723073393
51.707 297 -1723073393
51.733 296 -1723073393
51.760 301 -1723073393
51.787 306 -1723073393
51.813 307 -1723073393
51.840 313 -1723073393
51.867 330 -1723073393
51.893 347 -1723073393
51.920 365 -1723073393
51.947 385 -1723073393
51.973 400 -1723073393
52.000 403 -1723073393
52.027 400 -1723073393
52.053 388 -1723073393
52.080 368 -1723073393
52.107 348 -1723073393
52.133 323 -1723073393
52.160 292 -1723073393
52.187 259 -1723073393
52.213 230 -1723073393
52.240 200 -1723073393
52.267 169 -1723073393
52.293 142 -1723073393
52.320 119 -1723073393
52.347 100 -1723073393
52.373 87 -1723073393
52.400 82 -1723073393
52.427 81 -1723073393
52.453 79 -1723073393
52.480 74 -1723073393
52.507 68 -1723073393
52.533 65 -1723073393
52.560 64 -1723073393
52.587 62 -1723073393
52.613 61 -1723073393
52.640 63 -1723073393
52.667 64 -1723073393
52.693 59 -1723073393
52.720 55 -1723073393
52.747 50 -1723073393
52.773 40 -1723073393
52.800 29 -1723073393
52.827 20 -1723073393
52.853 12 -1723073393
52.880 5 -1723073393
52.907 2 -1723073393
52.933 0 -1723073393
52.960 -4 -1723073393
52.987 -5 -1723073393
53.013 -7 -1723073393
53.040 -14 -1723073393
53.067 -19 -1723073393
53.093 -16 -1723073393
53.120 -11 -1723073393
53.147 -4 -1723073393
53.173 8 -1723073393
53.200 23 -1723073393
53.227 40 -1723073393
53.253 67 -1723073393
53.280 100 -1723073393
53.307 129 -1723073393
53.333 156 -1723073393
53.360 187 -1723073393
53.387 212 -1723073393
53.413 229 -1723073393
53.440 242 -1723073393
53.467 255 -1723073393
53.493 268 -1723073393
53.520 279 -1723073393
53.547 285 -1723073393
53.573 282 -1723073393
53.600 277 -1723073393
53.627 277 -1723073393
53.653 276 -1723073393
53.680 269 -1723073393
53.707 257 -1723073393
53.733 243 -1723073393
53.760 231 -1723073393
53.787 221 -1723073393
53.813 211 -1723073393
53.840 197 -1723073393
53.867 183 -1723073393
53.893 171 -1723073393
53.920 158 -1723073393
53.947 145 -1723073393
53.973 132 -1723073393
54.000 118 -1723073393
54.027 104 -1723073393
54.053 92 -1723073393
54.080 79 -1723073393
54.107 67 -1723073393
54.133 57 -1723073393
54.160 50 -1723073393
54.187 46 -1723073393
54.213 43 -1723073393
54.240 38 -1723073393
54.267 34 -1723073393
54.293 37 -1723073393
54.320 45 -1723073393
54.347 54 -1723073393
54.373 62 -1723073393
54.400 68 -1723073393
54.427 71 -1723073393
54.453 77 -1723073393
54.480 84 -1723073393
54.507 93 -1723073393
54.533 103 -1723073393
54.560 112 -1723073393
54.587 120 -1723073393
54.613 125 -1723073393
54.640 129 -1723073393
54.667 131 -1723073393
54.693 135 -1723073393
54.720 141 -1723073393
54.747 145 -1723073393
54.773 147 -1723073393
54.800 151 -1723073393
54.827 158 -1723073393
54.853 167 -1723073393
54.880 178 -1723073393
54.907 195 -1723073393
54.933 214 -1723073393
54.960 233 -1723073393
54.987 248 -1723073393
55.013 261 -1723073393
55.040 275 -1723073393
55.067 288 -1723073393
55.093 297 -1723073393
55.120 307 -1723073393
55.147 319 -1723073393
55.173 334 -1723073393
55.200 347 -1723073393
55.227 355 -1723073393
55.253 359 -1723073393
55.280 366 -1723073393
55.307 376 -1723073393
55.333 385 -1723073393
55.360 392 -1723073393
55.387 401 -1723073393
55.413 412 -1723073393
55.440 427 -1723073393
55.467 446 -1723073393
55.493 465 -1723073393
55.520 482 -1723073393
55.547 498 -1723073393
55.573 509 -1723073393
55.600 510 -1723073393
55.627 508 -1723073393
55.653 503 -1723073393
55.680 493 -1723073393
55.707 479 -1723073393
55.733 461 -1723073393
55.760 438 -1723073393
55.787 417 -1723073393
55.813 393 -1723073393
55.840 363 -1723073393
55.867 330 -1723073393
55.893 298 -1723073393
55.920 266 -1723073393
55.947 238 -1723073393
55.973 211 -1723073393
56.000 186 -1723073393
56.027 161 -1723073393
56.053 138 -1723073393
56.080 120 -1723073393
56.107 108 -1723073393
56.133 99 -1723073393
56.160 88 -1723073393
56.187 73 -1723073393
56.213 61 -1723073393
56.240 55 -1723073393
56.267 46 -1723073393
56.293 34 -1723073393
56.320 20 -1723073393
56.347 6 -1723073393
56.373 -10 -1723073393
56.400 -28 -1723073393
56.427 -44 -1723073393
56.453 -62 -1723073393
56.480 -74 -1723073393
56.507 -82 -1723073393
56.533 -92 -1723073393
56.560 -102 -1723073393
56.587 -105 -1723073393
56.613 -105 -1723073393
56.640 -106 -1723073393
56.667 -104 -1723073393
56.693 -102 -1723073393
56.720 -101 -1723073393
56.747 -92 -1723073393
56.773 -77 -1723073393
56.800 -62 -1723073393
56.827 -50 -1723073393
56.853 -39 -1723073393
56.880 -34 -1723073393
56.907 -29 -1723073393
56.933 -17 -1723073393
56.960 3 -1723073393
56.987 25 -1723073393
57.013 48 -1723073393
57.040 78 -1723073393
57.067 108 -1723073393
57.093 135 -1723073393
57.120 160 -1723073393
57.147 182 -1723073393
57.173 199 -1723073393
57.200 217 -1723073393
57.227 238 -1723073393
57.253 257 -1723073393
57.280 272 -1723073393
57.307 283 -1723073393
57.333 295 -1723073393
57.360 312 -1723073393
57.387 334 -1723073393
57.413 361 -1723073393
57.440 389 -1723073393
57.467 412 -1723073393
57.493 433 -1723073393
57.520 454 -1723073393
57.547 477 -1723073393
57.573 502 -1723073393
57.600 525 -1723073393
57.627 539 -1723073393
57.653 552 -1723073393
57.680 568 -1723073393
57.707 582 -1723073393
57.733 589 -1723073393
57.760 590 -1723073393
57.787 589 -1723073393
57.813 584 -1723073393
57.840 575 -1723073393
57.867 565 -1723073393
57.893 553 -1723073393
57.920 536 -1723073393
57.947 520 -1723073393
57.973 508 -1723073393
58.000 493 -1723073393
58.027 477 -1723073393
58.053 467 -1723073393
58.080 465 -1723073393
58.107 469 -1723073393
58.133 479 -1723073393
58.160 499 -1723073393
58.187 524 -1723073393
58.213 550 -1723073393
58.240 579 -1723073393
58.267 609 -1723073393
58.293 641 -1723073393
58.320 671 -1723073393
58.347 696 -1723073393
58.373 717 -1723073393
58.400 731 -1723073393
58.427 736 -1723073393
58.453 742 -1723073393
58.480 743 -1723073393
58.507 735 -1723073393
58.533 719 -1723073393
58.560 707 -1723073393
58.587 693 -1723073393
58.613 679 -1723073393
58.640 670 -1723073393
58.667 663 -1723073393
58.693 652 -1723073393
58.720 641 -1723073393
58.747 630 -1723073393
58.773 617 -1723073393
58.800 605 -1723073393
58.827 599 -1723073393
58.853 592 -1723073393
58.880 580 -1723073393
58.907 566 -1723073393
58.933 546 -1723073393
58.960 522 -1723073393
58.987 500 -1723073393
59.013 481 -1723073393
59.040 461 -1723073393
59.067 441 -1723073393
59.093 425 -1723073393
59.120 413 -1723073393
59.147 408 -1723073393
59.173 405 -1723073393
59.200 393 -1723073393
59.227 380 -1723073393
59.253 371 -1723073393
59.280 362 -1723073393
59.307 350 -1723073393
59.333 338 -1723073393
59.360 322 -1723073393
59.387 298 -1723073393
59.413 271 -1723073393
59.440 241 -1723073393
59.467 204 -1723073393
59.493 163 -1723073393
59.520 118 -1723073393
59.547 75 -1723073393
59.573 38 -1723073393
59.600 2 -1723073393
59.627 -32 -1723073393
59.653 -62 -1723073393
59.680 -83 -1723073393
59.707 -108 -1723073393
59.733 -128 -1723073393
59.760 -134 -1723073393
59.787 -140 -1723073393
59.813 -147 -1723073393
59.840 -142 -1723073393
59.867 -126 -1723073393
59.893 -112 -1723073393
59.920 -97 -1723073393
59.947 -77 -1723073393
59.973 -59 -1723073393
60.000 -42 -1723073393
60.027 -21 -1723073393
60.053 -6 -1723073393
60.080 3 -1723073393
60.107 18 -1723073393
60.133 30 -1723073393
60.160 33 -1723073393
60.187 33 -1723073393
60.213 33 -1723073393
60.240 28 -1723073393
60.267 18 -1723073393
60.293 9 -1723073393
60.320 -3 -1723073393
60.347 -22 -1723073393
60.373 -40 -1723073393
60.400 -57 -1723073393
60.427 -78 -1723073393
60.453 -98 -1723073393
60.480 -114 -1723073393
60.507 -131 -1723073393
60.533 -143 -1723073393
60.560 -148 -1723073393
60.587 -161 -1723073393
60.613 -177 -1723073393
60.640 -185 -1723073393
60.667 -191 -1723073393
60.693 -199 -1723073393
60.720 -201 -1723073393
60.747 -196 -1723073393
60.773 -195 -1723073393
60.800 -188 -1723073393
60.827 -169 -1723073393
60.853 -154 -1723073393
60.880 -142 -1723073393
60.907 -121 -1723073393
60.933 -98 -1723073393
60.960 -82 -1723073393
60.987 -66 -1723073393
61.013 -49 -1723073393
61.040 -39 -1723073393
61.067 -28 -1723073393
61.093 -18 -1723073393
61.120 -14 -1723073393
61.147 -21 -1723073393
61.173 -28 -1723073393
61.200 -35 -1723073393
61.227 -50 -1723073393
61.253 -67 -1723073393
61.280 -83 -1723073393
61.307 -106 -1723073393
61.333 -131 -1723073393
61.360 -150 -1723073393
61.387 -172 -1723073393
61.413 -198 -1723073393
61.440 -217 -1723073393
61.467 -231 -1723073393
61.493 -250 -1723073393
61.520 -259 -1723073393
61.547 -253 -1723073393
61.573 -249 -1723073393
61.600 -240 -1723073393
61.627 -217 -1723073393
61.653 -193 -1723073393
61.680 -171 -1723073393
61.707 -138 -1723073393
61.733 -101 -1723073393
61.760 -75 -1723073393
61.787 -49 -1723073393
61.813 -15 -1723073393
61.840 10 -1723073393
61.867 27 -1723073393
61.893 45 -1723073393
61.920 58 -1723073393
61.947 55 -1723073393
61.973 48 -1723073393
62.000 38 -1723073393
62.027 17 -1723073393
62.053 -7 -1723073393
62.080 -32 -1723073393
62.107 -65 -1723073393
62.133 -100 -1723073393
62.160 -126 -1723073393
62.187 -156 -1723073393
62.213 -194 -1723073393
62.240 -226 -1723073393
62.267 -247 -1723073393
62.293 -264 -1723073393
62.320 -270 -1723073393
62.347 -262 -1723073393
62.373 -253 -1723073393
62.400 -242 -1723073393
62.427 -216 -1723073393
62.453 -187 -1723073393
62.480 -165 -1723073393
62.507 -137 -1723073393
62.533 -103 -1723073393
62.560 -79 -1723073393
62.587 -55 -1723073393
62.613 -27 -1723073393
62.640 -9 -1723073393
62.667 0 -1723073393
62.693 19 -1723073393
62.720 34 -1723073393
62.747 35 -1723073393
62.773 35 -1723073393
62.800 31 -1723073393
62.827 15 -1723073393
62.853 -6 -1723073393
62.880 -31 -1723073393
62.907 -69 -1723073393
62.933 -110 -1723073393
62.960 -145 -1723073393
62.987 -180 -1723073393
63.013 -218 -1723073393
63.040 -250 -1723073393
63.067 -277 -1723073393
63.093 -307 -1723073393
63.120 -334 -1723073393
63.147 -353 -1723073393
63.173 -375 -1723073393
63.200 -394 -1723073393
63.227 -397 -1723073393
63.253 -400 -1723073393
63.280 -408 -1723073393
63.307 -400 -1723073393
63.333 -381 -1723073393
63.360 -368 -1723073393
63.387 -344 -1723073393
63.413 -306 -1723073393
63.440 -272 -1723073393
63.467 -243 -1723073393
63.493 -205 -1723073393
63.520 -169 -1723073393
63.547 -143 -1723073393
63.573 -114 -1723073393
63.600 -85 -1723073393
63.627 -68 -1723073393
63.653 -58 -1723073393
63.680 -46 -1723073393
63.707 -42 -1723073393
63.733 -44 -1723073393
63.760 -43 -1723073393
63.787 -51 -1723073393
63.813 -61 -1723073393
63.840 -66 -1723073393
63.867 -70 -1723073393
63.893 -84 -1723073393
63.920 -98 -1723073393
63.947 -106 -1723073393
63.973 -116 -1723073393
64.000 -122 -1723073393
64.027 -115 -1723073393
64.053 -102 -1723073393
64.080 -94 -1723073393
64.107 -78 -1723073393
64.133 -58 -1723073393
64.160 -47 -1723073393
64.187 -35 -1723073393
64.213 -12 -1723073393
64.240 7 -1723073393
64.267 17 -1723073393
64.293 33 -1723073393
64.320 47 -1723073393
64.347 51 -1723073393
64.373 58 -1723073393
64.400 70 -1723073393
64.427 76 -1723073393
64.453 83 -1723073393
64.480 96 -1723073393
64.507 101 -1723073393
64.533 99 -1723073393
64.560 103 -1723073393
64.587 105 -1723073393
64.613 102 -1723073393
64.640 98 -1723073393
64.667 93 -1723073393
64.693 82 -1723073393
64.720 69 -1723073393
64.747 59 -1723073393
64.773 45 -1723073393
64.800 29 -1723073393
64.827 20 -1723073393
64.853 13 -1723073393
64.880 1 -1723073393
64.907 -7 -1723073393
64.933 -10 -1723073393
64.960 -15 -1723073393
64.987 -14 -1723073393
65.013 -4 -1723073393
65.040 4 -1723073393
65.067 15 -1723073393
65.093 35 -1723073393
65.120 56 -1723073393
65.147 74 -1723073393
65.173 95 -1723073393
65.200 120 -1723073393
65.227 146 -1723073393
65.253 176 -1723073393
65.280 212 -1723073393
65.307 248 -1723073393
65.333 277 -1723073393
65.360 302 -1723073393
65.387 325 -1723073393
65.413 343 -1723073393
65.440 355 -1723073393
65.467 365 -1723073393
65.493 375 -1723073393
65.520 378 -1723073393
65.547 370 -1723073393
65.573 357 -1723073393
65.600 341 -1723073393
65.627 319 -1723073393
65.653 299 -1723073393
65.680 282 -1723073393
65.707 266 -1723073393
65.733 255 -1723073393
65.760 248 -1723073393
65.787 242 -1723073393
65.813 235 -1723073393
65.840 229 -1723073393
65.867 222 -1723073393
65.893 218 -1723073393
65.920 217 -1723073393
65.947 219 -1723073393
65.973 224 -1723073393
66.000 234 -1723073393
66.027 241 -1723073393
66.053 245 -1723073393
66.080 251 -1723073393
66.107 256 -1723073393
66.133 254 -1723073393
66.160 253 -1723073393
66.187 254 -1723073393
66.213 255 -1723073393
66.240 252 -1723073393
66.267 251 -1723073393
66.293 251 -1723073393
66.320 252 -1723073393
66.347 252 -1723073393
66.373 250 -1723073393
66.400 245 -1723073393
66.427 240 -1723073393
66.453 239 -1723073393
66.480 238 -1723073393
66.507 236 -1723073393
66.533 232 -1723073393
66.560 228 -1723073393
66.587 227 -1723073393
66.613 231 -1723073393
66.640 235 -1723073393
66.667 238 -1723073393
66.693 245 -1723073393
66.720 258 -1723073393
66.747 274 -1723073393
66.773 289 -1723073393
66.800 305 -1723073393
66.827 323 -1723073393
66.853 340 -1723073393
66.880 359 -1723073393
66.907 378 -1723073393
66.933 395 -1723073393
66.960 409 -1723073393
66.987 417 -1723073393
67.013 420 -1723073393
67.040 425 -1723073393
67.067 429 -1723073393
67.093 434 -1723073393
67.120 438 -1723073393
67.147 439 -1723073393
67.173 441 -1723073393
67.200 441 -1723073393
67.227 440 -1723073393
67.253 442 -1723073393
67.280 446 -1723073393
67.307 447 -1723073393
67.333 444 -1723073393
67.360 441 -1723073393
67.387 439 -1723073393
67.413 437 -1723073393
67.440 440 -1723073393
67.467 442 -1723073393
67.493 441 -1723073393
67.520 442 -1723073393
67.547 444 -1723073393
67.573 445 -1723073393
67.600 444 -1723073393
67.627 439 -1723073393
67.653 433 -1723073393
67.680 426 -1723073393
67.707 417 -1723073393
67.733 404 -1723073393
67.760 385 -1723073393
67.787 365 -1723073393
67.813 344 -1723073393
67.840 322 -1723073393
67.867 298 -1723073393
67.893 273 -1723073393
67.920 251 -1723073393
67.947 235 -1723073393
67.973 221 -1723073393
68.000 209 -1723073393
68.027 201 -1723073393
68.053 195 -1723073393
68.080 188 -1723073393
68.107 185 -1723073393
68.133 195 -1723073393
68.160 210 -1723073393
68.187 224 -1723073393
68.213 239 -1723073393
68.240 251 -1723073393
68.267 255 -1723073393
68.293 258 -1723073393
68.320 266 -1723073393
68.347 270 -1723073393
68.373 269 -1723073393
68.400 269 -1723073393
68.427 272 -1723073393
68.453 275 -1723073393
68.480 275 -1723073393
68.507 273 -1723073393
68.533 271 -1723073393
68.560 267 -1723073393
68.587 266 -1723073393
68.613 265 -1723073393
68.640 263 -1723073393
68.667 261 -1723073393
68.693 260 -1723073393
68.720 257 -1723073393
68.747 256 -1723073393
68.773 260 -1723073393
68.800 264 -1723073393
68.827 270 -1723073393
68.853 277 -1723073393
68.880 284 -1723073393
68.907 292 -1723073393
68.933 304 -1723073393
68.960 320 -1723073393
68.987 338 -1723073393
69.013 357 -1723073393
69.040 373 -1723073393
69.067 381 -1723073393
69.093 385 -1723073393
69.120 392 -1723073393
69.147 398 -1723073393
69.173 398 -1723073393
69.200 398 -1723073393
69.227 399 -1723073393
69.253 398 -1723073393
69.280 396 -1723073393
69.307 392 -1723073393
69.333 386 -1723073393
69.360 375 -1723073393
69.387 363 -1723073393
69.413 352 -1723073393
69.440 341 -1723073393
69.467 328 -1723073393
69.493 316 -1723073393
69.520 306 -1723073393
69.547 294 -1723073393
69.573 279 -1723073393
69.600 264 -1723073393
69.627 251 -1723073393
69.653 241 -1723073393
69.680 233 -1723073393
69.707 226 -1723073393
69.733 217 -1723073393
69.760 208 -1723073393
69.787 203 -1723073393
69.813 204 -1723073393
69.840 205 -1723073393
69.867 206 -1723073393
69.893 212 -1723073393
69.920 219 -1723073393
69.947 226 -1723073393
69.973 235 -1723073393
70.000 245 -1723073393
70.027 256 -1723073393
70.053 270 -1723073393
70.080 282 -1723073393
70.107 290 -1723073393
70.133 295 -1723073393
70.160 297 -1723073393
70.187 298 -1723073393
70.213 297 -1723073393
70.240 293 -1723073393
70.267 282 -1723073393
70.293 273 -1723073393
70.320 267 -1723073393
70.347 260 -1723073393
70.373 254 -1723073393
70.400 249 -1723073393
70.427 246 -1723073393
70.453 245 -1723073393
70.480 247 -1723073393
70.507 247 -1723073393
70.533 246 -1723073393
70.560 250 -1723073393
70.587 256 -1723073393
70.613 265 -1723073393
70.640 280 -1723073393
70.667 297 -1723073393
70.693 314 -1723073393
70.720 329 -1723073393
70.747 340 -1723073393
70.773 350 -1723073393
70.800 358 -1723073393
70.827 366 -1723073393
70.853 378 -1723073393
70.880 389 -1723073393
70.907 396 -1723073393
70.933 403 -1723073393
70.960 413 -1723073393
70.987 418 -1723073393
71.013 422 -1723073393
71.040 426 -1723073393
71.067 426 -1723073393
71.093 420 -1723073393
71.120 417 -1723073393
71.147 413 -1723073393
71.173 403 -1723073393
71.200 394 -1723073393
71.227 380 -1723073393
71.253 363 -1723073393
71.280 345 -1723073393
71.307 329 -1723073393
71.333 311 -1723073393
71.360 291 -1723073393
71.387 268 -1723073393
71.413 242 -1723073393
71.440 220 -1723073393
71.467 204 -1723073393
71.493 190 -1723073393
71.520 178 -1723073393
71.547 172 -1723073393
71.573 173 -1723073393
71.600 176 -1723073393
71.627 177 -1723073393
71.653 180 -1723073393
71.680 187 -1723073393
71.707 196 -1723073393
71.733 207 -1723073393
71.760 219 -1723073393
71.787 233 -1723073393
71.813 249 -1723073393
71.840 266 -1723073393
71.867 282 -1723073393
71.893 295 -1723073393
71.920 306 -1723073393
71.947 313 -1723073393
71.973 318 -1723073393
72.000 320 -1723073393
72.027 314 -1723073393
72.053 306 -1723073393
72.080 303 -1723073393
72.107 299 -1723073393
72.133 285 -1723073393
72.160 269 -1723073393
72.187 260 -1723073393
72.213 251 -1723073393
72.240 242 -1723073393
72.267 234 -1723073393
72.293 226 -1723073393
72.320 217 -1723073393
72.347 210 -1723073393
72.373 206 -1723073393
72.400 203 -1723073393
72.427 202 -1723073393
72.453 202 -1723073393
72.480 198 -1723073393
72.507 198 -1723073393
72.533 202 -1723073393
72.560 206 -1723073393
72.587 207 -1723073393
72.613 208 -1723073393
72.640 207 -1723073393
72.667 199 -1723073393
72.693 194 -1723073393
72.720 193 -1723073393
72.747 186 -1723073393
72.773 179 -1723073393
72.800 176 -1723073393
72.827 175 -1723073393
72.853 171 -1723073393
72.880 170 -1723073393
72.907 171 -1723073393
72.933 177 -1723073393
72.960 186 -1723073393
72.987 195 -1723073393
73.013 202 -1723073393
73.040 214 -1723073393
73.067 227 -1723073393
73.093 232 -1723073393
73.120 233 -1723073393
73.147 237 -1723073393
73.173 246 -1723073393
73.200 254 -1723073393
73.227 261 -1723073393
73.253 270 -1723073393
73.280 279 -1723073393
73.307 287 -1723073393
73.333 300 -1723073393
73.360 312 -1723073393
73.387 315 -1723073393
73.413 312 -1723073393
73.440 309 -1723073393
73.467 307 -1723073393
73.493 306 -1723073393
73.520 307 -1723073393
73.547 307 -1723073393
73.573 309 -1723073393
73.600 310 -1723073393
73.627 311 -1723073393
73.653 306 -1723073393
73.680 301 -1723073393
73.707 300 -1723073393
73.733 301 -1723073393
73.760 297 -1723073393
73.787 287 -1723073393
73.813 271 -1723073393
73.840 252 -1723073393
73.867 230 -1723073393
73.893 207 -1723073393
73.920 183 -1723073393
73.947 159 -1723073393
73.973 137 -1723073393
74.000 116 -1723073393
74.027 97 -1723073393
74.053 76 -1723073393
74.080 55 -1723073393
74.107 40 -1723073393
74.133 30 -1723073393
74.160 25 -1723073393
74.187 28 -1723073393
74.213 39 -1723073393
74.240 51 -1723073393
74.267 68 -1723073393
74.293 91 -1723073393
74.320 113 -1723073393
74.347 134 -1723073393
74.373 162 -1723073393
74.400 189 -1723073393
74.427 210 -1723073393
74.453 230 -1723073393
74.480 253 -1723073393
74.507 268 -1723073393
74.533 276 -1723073393
74.560 282 -1723073393
74.587 289 -1723073393
74.613 292 -1723073393
74.640 293 -1723073393
74.667 294 -1723073393
74.693 292 -1723073393
74.720 288 -1723073393
74.747 286 -1723073393
74.773 287 -1723073393
74.800 286 -1723073393
74.827 286 -1723073393
74.853 286 -1723073393
74.880 285 -1723073393
74.907 283 -1723073393
74.933 287 -1723073393
74.960 289 -1723073393
74.987 280 -1723073393
75.013 271 -1723073393
75.040 265 -1723073393
75.067 258 -1723073393
75.093 251 -1723073393
75.120 244 -1723073393
75.147 236 -1723073393
75.173 232 -1723073393
75.200 229 -1723073393
75.227 228 -1723073393
75.253 232 -1723073393
75.280 239 -1723073393
75.307 245 -1723073393
75.333 252 -1723073393
75.360 261 -1723073393
75.387 272 -1723073393
75.413 281 -1723073393
75.440 287 -1723073393
75.467 290 -1723073393
75.493 291 -1723073393
75.520 287 -1723073393
75.547 283 -1723073393
75.573 277 -1723073393
75.600 265 -1723073393
75.627 249 -1723073393
75.653 238 -1723073393
75.680 227 -1723073393
75.707 210 -1723073393
75.733 194 -1723073393
75.760 181 -1723073393
75.787 166 -1723073393
75.813 150 -1723073393
75.840 140 -1723073393
75.867 133 -1723073393
75.893 133 -1723073393
75.920 140 -1723073393
75.947 148 -1723073393
75.973 159 -1723073393
76.000 172 -1723073393
76.027 185 -1723073393
76.053 198 -1723073393
76.080 212 -1723073393
76.107 226 -1723073393
76.133 234 -1723073393
76.160 243 -1723073393
76.187 256 -1723073393
76.213 267 -1723073393
76.240 279 -1723073393
76.267 293 -1723073393
76.293 304 -1723073393
76.320 314 -1723073393
76.347 326 -1723073393
76.373 339 -1723073393
76.400 348 -1723073393
76.427 355 -1723073393
76.453 364 -1723073393
76.480 369 -1723073393
76.507 374 -1723073393
76.533 378 -1723073393
76.560 377 -1723073393
76.587 372 -1723073393
76.613 370 -1723073393
76.640 369 -1723073393
76.667 365 -1723073393
76.693 359 -1723073393
76.720 355 -1723073393
76.747 349 -1723073393
76.773 339 -1723073393
76.800 329 -1723073393
76.827 321 -1723073393
76.853 311 -1723073393
76.880 303 -1723073393
76.907 297 -1723073393
76.933 291 -1723073393
76.960 287 -1723073393
76.987 289 -1723073393
77.013 295 -1723073393
77.040 300 -1723073393
77.067 304 -1723073393
77.093 309 -1723073393
77.120 317 -1723073393
77.147 327 -1723073393
77.173 337 -1723073393
77.200 346 -1723073393
77.227 356 -1723073393
77.253 364 -1723073393
77.280 372 -1723073393
77.307 385 -1723073393
77.333 396 -1723073393
77.360 403 -1723073393
77.387 407 -1723073393
77.413 412 -1723073393
77.440 414 -1723073393
77.467 412 -1723073393
77.493 407 -1723073393
77.520 395 -1723073393
77.547 376 -1723073393
77.573 352 -1723073393
77.600 325 -1723073393
77.627 296 -1723073393
77.653 267 -1723073393
77.680 241 -1723073393
77.707 220 -1723073393
77.733 201 -1723073393
77.760 186 -1723073393
77.787 173 -1723073393
77.813 164 -1723073393
77.840 161 -1723073393
77.867 159 -1723073393
77.893 153 -1723073393
77.920 148 -1723073393
77.947 151 -1723073393
77.973 159 -1723073393
78.000 172 -1723073393
78.027 190 -1723073393
78.053 208 -1723073393
78.080 220 -1723073393
78.107 232 -1723073393
78.133 248 -1723073393
78.160 262 -1723073393
78.187 269 -1723073393
78.213 272 -1723073393
78.240 274 -1723073393
78.267 277 -1723073393
78.293 279 -1723073393
78.320 277 -1723073393
78.347 270 -1723073393
78.373 258 -1723073393
78.400 242 -1723073393
78.427 228 -1723073393
78.453 216 -1723073393
78.480 202 -1723073393
78.507 186 -1723073393
78.533 172 -1723073393
78.560 160 -1723073393
78.587 151 -1723073393
78.613 146 -1723073393
78.640 143 -1723073393
78.667 144 -1723073393
78.693 147 -1723073393
78.720 152 -1723073393
78.747 158 -1723073393
78.773 167 -1723073393
78.800 173 -1723073393
78.827 176 -1723073393
78.853 184 -1723073393
78.880 194 -1723073393
78.907 203 -1723073393
78.933 213 -1723073393
78.960 221 -1723073393
78.987 224 -1723073393
79.013 223 -1723073393
79.040 224 -1723073393
79.067 226 -1723073393
79.093 225 -1723073393
79.120 221 -1723073393
79.147 215 -1723073393
79.173 206 -1723073393
79.200 194 -1723073393
79.227 180 -1723073393
79.253 161 -1723073393
79.280 143 -1723073393
79.307 124 -1723073393
79.333 105 -1723073393
79.360 84 -1723073393
79.387 64 -1723073393
79.413 50 -1723073393
79.440 40 -1723073393
79.467 32 -1723073393
79.493 23 -1723073393
79.520 21 -1723073393
79.547 21 -1723073393
79.573 24 -1723073393
79.600 34 -1723073393
79.627 49 -1723073393
79.653 67 -1723073393
79.680 88 -1723073393
79.707 110 -1723073393
79.733 130 -1723073393
79.760 151 -1723073393
79.787 176 -1723073393
79.813 196 -1723073393
79.840 217 -1723073393
79.867 241 -1723073393
79.893 266 -1723073393
79.920 288 -1723073393
79.947 307 -1723073393
79.973 324 -1723073393
80.000 333 -1723073393
80.027 338 -1723073393
80.053 343 -1723073393
80.080 343 -1723073393
80.107 340 -1723073393
80.133 338 -1723073393
80.160 337 -1723073393
80.187 339 -1723073393
80.213 340 -1723073393
80.240 339 -1723073393
80.267 331 -1723073393
80.293 319 -1723073393
80.320 306 -1723073393
80.347 294 -1723073393
80.373 284 -1723073393
80.400 272 -1723073393
80.427 257 -1723073393
80.453 246 -1723073393
80.480 240 -1723073393
80.507 235 -1723073393
80.533 234 -1723073393
80.560 235 -1723073393
80.587 239 -1723073393
80.613 240 -1723073393
80.640 240 -1723073393
80.667 239 -1723073393
80.693 238 -1723073393
80.720 239 -1723073393
80.747 242 -1723073393
80.773 245 -1723073393
80.800 250 -1723073393
80.827 256 -1723073393
80.853 261 -1723073393
80.880 263 -1723073393
80.907 265 -1723073393
80.933 262 -1723073393
80.960 255 -1723073393
80.987 242 -1723073393
81.013 230 -1723073393
81.040 220 -1723073393
81.067 208 -1723073393
81.093 195 -1723073393
81.120 185 -1723073393
81.147 174 -1723073393
81.173 160 -1723073393
81.200 147 -1723073393
81.227 138 -1723073393
81.253 132 -1723073393
81.280 126 -1723073393
81.307 121 -1723073393
81.333 121 -1723073393
81.360 123 -1723073393
81.387 125 -1723073393
81.413 131 -1723073393
81.440 140 -1723073393
81.467 151 -1723073393
81.493 165 -1723073393
81.520 186 -1723073393
81.547 206 -1723073393
81.573 223 -1723073393
81.600 244 -1723073393
81.627 266 -1723073393
81.653 286 -1723073393
81.680 302 -1723073393
81.707 315 -1723073393
81.733 320 -1723073393
81.760 320 -1723073393
81.787 321 -1723073393
81.813 320 -1723073393
81.840 322 -1723073393
81.867 325 -1723073393
81.893 320 -1723073393
81.920 312 -1723073393
81.947 305 -1723073393
81.973 295 -1723073393
82.000 280 -1723073393
82.027 269 -1723073393
82.053 263 -1723073393
82.080 256 -1723073393
82.107 255 -1723073393
82.133 257 -1723073393
82.160 256 -1723073393
82.187 250 -1723073393
82.213 248 -1723073393
82.240 249 -1723073393
82.267 251 -1723073393
82.293 255 -1723073393
82.320 264 -1723073393
82.347 272 -1723073393
82.373 281 -1723073393
82.400 287 -1723073393
82.427 292 -1723073393
82.453 300 -1723073393
82.480 308 -1723073393
82.507 313 -1723073393
82.533 322 -1723073393
82.560 330 -1723073393
82.587 333 -1723073393
82.613 331 -1723073393
82.640 326 -1723073393
82.667 320 -1723073393
82.693 316 -1723073393
82.720 312 -1723073393
82.747 303 -1723073393
82.773 292 -1723073393
82.800 281 -1723073393
82.827 268 -1723073393
82.853 254 -1723073393
82.880 239 -1723073393
82.907 222 -1723073393
82.933 209 -1723073393
82.960 197 -1723073393
82.987 186 -1723073393
83.013 179 -1723073393
83.040 175 -1723073393
83.067 171 -1723073393
83.093 168 -1723073393
83.120 170 -1723073393
83.147 170 -1723073393
83.173 171 -1723073393
83.200 175 -1723073393
83.227 180 -1723073393
83.253 183 -1723073393
83.280 189 -1723073393
83.307 196 -1723073393
83.333 199 -1723073393
83.360 203 -1723073393
83.387 206 -1723073393
83.413 201 -1723073393
83.440 199 -1723073393
83.467 200 -1723073393
83.493 201 -1723073393
83.520 196 -1723073393
83.547 195 -1723073393
83.573 197 -1723073393
83.600 200 -1723073393
83.627 206 -1723073393
83.653 213 -1723073393
83.680 217 -1723073393
83.707 225 -1723073393
83.733 236 -1723073393
83.760 247 -1723073393
83.787 255 -1723073393
83.813 262 -1723073393
83.840 269 -1723073393
83.867 273 -1723073393
83.893 277 -1723073393
83.920 285 -1723073393
83.947 288 -1723073393
83.973 287 -1723073393
84.000 287 -1723073393
84.027 286 -1723073393
84.053 278 -1723073393
84.080 273 -1723073393
84.107 271 -1723073393
84.133 266 -1723073393
84.160 262 -1723073393
84.187 261 -1723073393
84.213 256 -1723073393
84.240 250 -1723073393
84.267 243 -1723073393
84.293 231 -1723073393
84.320 223 -1723073393
84.347 222 -1723073393
84.373 223 -1723073393
84.400 221 -1723073393
84.427 221 -1723073393
84.453 222 -1723073393
84.480 217 -1723073393
84.507 216 -1723073393
84.533 213 -1723073393
84.560 206 -1723073393
84.587 200 -1723073393
84.613 194 -1723073393
84.640 185 -1723073393
84.667 180 -1723073393
84.693 179 -1723073393
84.720 178 -1723073393
84.747 175 -1723073393
84.773 172 -1723073393
84.800 167 -1723073393
84.827 160 -1723073393
84.853 151 -1723073393
84.880 146 -1723073393
84.907 146 -1723073393
84.933 151 -1723073393
84.960 158 -1723073393
84.987 163 -1723073393
85.013 170 -1723073393
85.040 175 -1723073393
85.067 178 -1723073393
85.093 181 -1723073393
85.120 185 -1723073393
85.147 195 -1723073393
85.173 207 -1723073393
85.200 216 -1723073393
85.227 224 -1723073393
85.253 229 -1723073393
85.280 234 -1723073393
85.307 239 -1723073393
85.333 245 -1723073393
85.360 252 -1723073393
85.387 256 -1723073393
85.413 263 -1723073393
85.440 267 -1723073393
85.467 272 -1723073393
85.493 279 -1723073393
85.520 281 -1723073393
85.547 279 -1723073393
85.573 280 -1723073393
85.600 283 -1723073393
85.627 283 -1723073393
85.653 283 -1723073393
85.680 282 -1723073393
85.707 276 -1723073393
85.733 271 -1723073393
85.760 265 -1723073393
85.787 259 -1723073393
85.813 259 -1723073393
85.840 259 -1723073393
85.867 252 -1723073393
85.893 247 -1723073393
85.920 241 -1723073393
85.947 232 -1723073393
85.973 229 -1723073393
86.000 229 -1723073393
86.027 230 -1723073393
86.053 232 -1723073393
86.080 227 -1723073393
86.107 217 -1723073393
86.133 211 -1723073393
86.160 209 -1723073393
86.187 204 -1723073393
86.213 200 -1723073393
86.240 199 -1723073393
86.267 193 -1723073393
86.293 190 -1723073393
86.320 194 -1723073393
86.347 196 -1723073393
86.373 193 -1723073393
86.400 194 -1723073393
86.427 193 -1723073393
86.453 186 -1723073393
86.480 186 -1723073393
86.507 187 -1723073393
86.533 185 -1723073393
86.560 190 -1723073393
86.587 200 -1723073393
86.613 208 -1723073393
86.640 214 -1723073393
86.667 219 -1723073393
86.693 217 -1723073393
86.720 215 -1723073393
86.747 218 -1723073393
86.773 214 -1723073393
86.800 212 -1723073393
86.827 214 -1723073393
86.853 212 -1723073393
86.880 209 -1723073393
86.907 207 -1723073393
86.933 203 -1723073393
86.960 202 -1723073393
86.987 207 -1723073393
87.013 208 -1723073393
87.040 206 -1723073393
87.067 207 -1723073393
87.093 204 -1723073393
87.120 202 -1723073393
87.147 205 -1723073393
87.173 206 -1723073393
87.200 205 -1723073393
87.227 205 -1723073393
87.253 203 -1723073393
87.280 207 -1723073393
87.307 218 -1723073393
87.333 224 -1723073393
87.360 227 -1723073393
87.387 235 -1723073393
87.413 244 -1723073393
87.440 252 -1723073393
87.467 261 -1723073393
87.493 264 -1723073393
87.520 265 -1723073393
87.547 269 -1723073393
87.573 269 -1723073393
87.600 267 -1723073393
87.627 267 -1723073393
87.653 265 -1723073393
87.680 259 -1723073393
87.707 252 -1723073393
87.733 245 -1723073393
87.760 238 -1723073393
87.787 233 -1723073393
87.813 231 -1723073393
87.840 232 -1723073393
87.867 233 -1723073393
87.893 228 -1723073393
87.920 220 -1723073393
87.947 218 -1723073393
87.973 217 -1723073393
88.000 218 -1723073393
88.027 220 -1723073393
88.053 219 -1723073393
88.080 219 -1723073393
88.107 226 -1723073393
88.133 228 -1723073393
88.160 226 -1723073393
88.187 226 -1723073393
88.213 223 -1723073393
88.240 217 -1723073393
88.267 212 -1723073393
88.293 205 -1723073393
88.320 193 -1723073393
88.347 183 -1723073393
88.373 173 -1723073393
88.400 163 -1723073393
88.427 154 -1723073393
88.453 141 -1723073393
88.480 132 -1723073393
88.507 126 -1723073393
88.533 115 -1723073393
88.560 104 -1723073393
88.587 102 -1723073393
88.613 100 -1723073393
88.640 97 -1723073393
88.667 100 -1723073393
88.693 98 -1723073393
88.720 88 -1723073393
88.747 86 -1723073393
88.773 89 -1723073393
88.800 90 -1723073393
88.827 98 -1723073393
88.853 109 -1723073393
88.880 118 -1723073393
88.907 132 -1723073393
88.933 142 -1723073393
88.960 152 -1723073393
88.987 169 -1723073393
89.013 181 -1723073393
89.040 188 -1723073393
89.067 199 -1723073393
89.093 205 -1723073393
89.120 208 -1723073393
89.147 211 -1723073393
89.173 205 -1723073393
89.200 202 -1723073393
89.227 207 -1723073393
89.253 203 -1723073393
89.280 197 -1723073393
89.307 199 -1723073393
89.333 198 -1723073393
89.360 199 -1723073393
89.387 202 -1723073393
89.413 203 -1723073393
89.440 210 -1723073393
89.467 216 -1723073393
89.493 211 -1723073393
89.520 201 -1723073393
89.547 187 -1723073393
89.573 168 -1723073393
89.600 155 -1723073393
89.627 146 -1723073393
89.653 135 -1723073393
89.680 131 -1723073393
89.707 128 -1723073393
89.733 122 -1723073393
89.760 120 -1723073393
89.787 116 -1723073393
89.813 108 -1723073393
89.840 110 -1723073393
89.867 115 -1723073393
89.893 116 -1723073393
89.920 126 -1723073393
89.947 135 -1723073393
89.973 143 -1723073393
90.000 158 -1723073393
90.027 169 -1723073393
90.053 175 -1723073393
90.080 185 -1723073393
90.107 188 -1723073393
90.133 187 -1723073393
90.160 186 -1723073393
90.187 178 -1723073393
90.213 177 -1723073393
90.240 181 -1723073393
90.267 176 -1723073393
90.293 176 -1723073393
90.320 174 -1723073393
90.347 164 -1723073393
90.373 159 -1723073393
90.400 156 -1723073393
90.427 152 -1723073393
90.453 154 -1723073393
90.480 161 -1723073393
90.507 169 -1723073393
90.533 179 -1723073393
90.560 186 -1723073393
90.587 188 -1723073393
90.613 193 -1723073393
90.640 200 -1723073393
90.667 210 -1723073393
90.693 221 -1723073393
90.720 228 -1723073393
90.747 243 -1723073393
90.773 264 -1723073393
90.800 277 -1723073393
90.827 294 -1723073393
90.853 316 -1723073393
90.880 333 -1723073393
90.907 351 -1723073393
90.933 361 -1723073393
90.960 365 -1723073393
90.987 370 -1723073393
91.013 373 -1723073393
91.040 375 -1723073393
91.067 379 -1723073393
91.093 379 -1723073393
91.120 375 -1723073393
91.147 374 -1723073393
91.173 370 -1723073393
91.200 363 -1723073393
91.227 355 -1723073393
91.253 340 -1723073393
91.280 326 -1723073393
91.307 316 -1723073393
91.333 307 -1723073393
91.360 299 -1723073393
91.387 295 -1723073393
91.413 288 -1723073393
91.440 283 -1723073393
91.467 276 -1723073393
91.493 271 -1723073393
91.520 272 -1723073393
91.547 270 -1723073393
91.573 269 -1723073393
91.600 274 -1723073393
91.627 281 -1723073393
91.653 290 -1723073393
91.680 305 -1723073393
91.707 322 -1723073393
91.733 336 -1723073393
91.760 346 -1723073393
91.787 360 -1723073393
91.813 376 -1723073393
91.840 387 -1723073393
91.867 390 -1723073393
91.893 391 -1723073393
91.920 387 -1723073393
91.947 383 -1723073393
91.973 382 -1723073393
92.000 380 -1723073393
92.027 373 -1723073393
92.053 363 -1723073393
92.080 354 -1723073393
92.107 344 -1723073393
92.133 335 -1723073393
92.160 327 -1723073393
92.187 314 -1723073393
92.213 301 -1723073393
92.240 291 -1723073393
92.267 281 -1723073393
92.293 277 -1723073393
92.320 275 -1723073393
92.347 276 -1723073393
92.373 278 -1723073393
92.400 282 -1723073393
92.427 285 -1723073393
92.453 290 -1723073393
92.480 299 -1723073393
92.507 309 -1723073393
92.533 319 -1723073393
92.560 330 -1723073393
92.587 342 -1723073393
92.613 351 -1723073393
92.640 360 -1723073393
92.667 368 -1723073393
92.693 375 -1723073393
92.720 381 -1723073393
92.747 381 -1723073393
92.773 376 -1723073393
92.800 379 -1723073393
92.827 381 -1723073393
92.853 377 -1723073393
92.880 375 -1723073393
92.907 376 -1723073393
92.933 375 -1723073393
92.960 375 -1723073393
92.987 372 -1723073393
93.013 368 -1723073393
93.040 371 -1723073393
93.067 374 -1723073393
93.093 373 -1723073393
93.120 372 -1723073393
93.147 363 -1723073393
93.173 356 -1723073393
93.200 350 -1723073393
93.227 342 -1723073393
93.253 336 -1723073393
93.280 331 -1723073393
93.307 332 -1723073393
93.333 337 -1723073393
93.360 338 -1723073393
93.387 344 -1723073393
93.413 345 -1723073393
93.440 340 -1723073393
93.467 343 -1723073393
93.493 345 -1723073393
93.520 348 -1723073393
93.547 352 -1723073393
93.573 355 -1723073393
93.600 356 -1723073393
93.627 357 -1723073393
93.653 361 -1723073393
93.680 369 -1723073393
93.707 371 -1723073393
93.733 367 -1723073393
93.760 363 -1723073393
93.787 353 -1723073393
93.813 348 -1723073393
93.840 341 -1723073393
93.867 328 -1723073393
93.893 321 -1723073393
93.920 309 -1723073393
93.947 294 -1723073393
93.973 286 -1723073393
94.000 278 -1723073393
94.027 275 -1723073393
94.053 269 -1723073393
94.080 259 -1723073393
94.107 251 -1723073393
94.133 249 -1723073393
94.160 252 -1723073393
94.187 260 -1723073393
94.213 267 -1723073393
94.240 280 -1723073393
94.267 296 -1723073393
94.293 307 -1723073393
94.320 318 -1723073393
94.347 326 -1723073393
94.373 338 -1723073393
94.400 351 -1723073393
94.427 364 -1723073393
94.453 380 -1723073393
94.480 388 -1723073393
94.507 390 -1723073393
94.533 397 -1723073393
94.560 399 -1723073393
94.587 395 -1723073393
94.613 389 -1723073393
94.640 379 -1723073393
94.667 377 -1723073393
94.693 371 -1723073393
94.720 366 -1723073393
94.747 360 -1723073393
94.773 349 -1723073393
94.800 342 -1723073393
94.827 341 -1723073393
94.853 339 -1723073393
94.880 331 -1723073393
94.907 315 -1723073393
94.933 299 -1723073393
94.960 282 -1723073393
94.987 274 -1723073393
95.013 272 -1723073393
95.040 263 -1723073393
95.067 256 -1723073393
95.093 251 -1723073393
95.120 244 -1723073393
95.147 244 -1723073393
95.173 245 -1723073393
95.200 249 -1723073393
95.227 252 -1723073393
95.253 252 -1723073393
95.280 254 -1723073393
95.307 251 -1723073393
95.333 249 -1723073393
95.360 247 -1723073393
95.387 235 -1723073393
95.413 228 -1723073393
95.440 220 -1723073393
95.467 208 -1723073393
95.493 194 -1723073393
95.520 184 -1723073393
95.547 176 -1723073393
95.573 166 -1723073393
95.600 155 -1723073393
95.627 150 -1723073393
95.653 144 -1723073393
95.680 144 -1723073393
95.707 142 -1723073393
95.733 138 -1723073393
95.760 138 -1723073393
95.787 139 -1723073393
95.813 137 -1723073393
95.840 133 -1723073393
95.867 133 -1723073393
95.893 141 -1723073393
95.920 148 -1723073393
95.947 153 -1723073393
95.973 157 -1723073393
96.000 162 -1723073393
96.027 169 -1723073393
96.053 171 -1723073393
96.080 176 -1723073393
96.107 183 -1723073393
96.133 189 -1723073393
96.160 195 -1723073393
96.187 196 -1723073393
96.213 197 -1723073393
96.240 199 -1723073393
96.267 201 -1723073393
96.293 196 -1723073393
96.320 181 -1723073393
96.347 174 -1723073393
96.373 171 -1723073393
96.400 168 -1723073393
96.427 167 -1723073393
96.453 158 -1723073393
96.480 149 -1723073393
96.507 137 -1723073393
96.533 127 -1723073393
96.560 121 -1723073393
96.587 109 -1723073393
96.613 106 -1723073393
96.640 105 -1723073393
96.667 104 -1723073393
96.693 112 -1723073393
96.720 110 -1723073393
96.747 112 -1723073393
96.773 108 -1723073393
96.800 95 -1723073393
96.827 89 -1723073393
96.853 88 -1723073393
96.880 98 -1723073393
96.907 100 -1723073393
96.933 100 -1723073393
96.960 97 -1723073393
96.987 102 -1723073393
97.013 106 -1723073393
97.040 95 -1723073393
97.067 92 -1723073393
97.093 86 -1723073393
97.120 82 -1723073393
97.147 79 -1723073393
97.173 79 -1723073393
97.200 83 -1723073393
97.227 81 -1723073393
97.253 90 -1723073393
97.280 91 -1723073393
97.307 93 -1723073393
97.333 87 -1723073393
97.360 81 -1723073393
97.387 76 -1723073393
97.413 62 -1723073393
97.440 60 -1723073393
97.467 56 -1723073393
97.493 54 -1723073393
97.520 53 -1723073393
97.547 51 -1723073393
97.573 56 -1723073393
97.600 47 -1723073393
97.627 45 -1723073393
97.653 42 -1723073393
97.680 41 -1723073393
97.707 41 -1723073393
97.733 39 -1723073393
97.760 40 -1723073393
97.787 33 -1723073393
97.813 40 -1723073393
97.840 46 -1723073393
97.867 52 -1723073393
97.893 58 -1723073393
97.920 62 -1723073393
97.947 71 -1723073393
97.973 73 -1723073393
98.000 78 -1723073393
98.027 79 -1723073393
98.053 81 -1723073393
98.080 81 -1723073393
98.107 90 -1723073393
98.133 94 -1723073393
98.160 93 -1723073393
98.187 96 -1723073393
98.213 94 -1723073393
98.240 97 -1723073393
98.267 92 -1723073393
98.293 91 -1723073393
98.320 92 -1723073393
98.347 92 -1723073393
98.373 86 -1723073393
98.400 77 -1723073393
98.427 77 -1723073393
98.453 68 -1723073393
98.480 65 -1723073393
98.507 58 -1723073393
98.533 57 -1723073393
98.560 49 -1723073393
98.587 40 -1723073393
98.613 35 -1723073393
98.640 32 -1723073393
98.667 29 -1723073393
98.693 20 -1723073393
98.720 23 -1723073393
98.747 18 -1723073393
98.773 23 -1723073393
98.800 26 -1723073393
98.827 29 -1723073393
98.853 33 -1723073393
98.880 34 -1723073393
98.907 30 -1723073393
98.933 19 -1723073393
98.960 17 -1723073393
98.987 10 -1723073393
99.013 8 -1723073393
99.040 3 -1723073393
99.067 5 -1723073393
99.093 -2 -1723073393
99.120 -10 -1723073393
99.147 -17 -1723073393
99.173 -26 -1723073393
99.200 -35 -1723073393
99.227 -39 -1723073393
99.253 -42 -1723073393
99.280 -41 -1723073393
99.307 -42 -1723073393
99.333 -45 -1723073393
99.360 -48 -1723073393
99.387 -43 -1723073393
99.413 -36 -1723073393
99.440 -41 -1723073393
99.467 -45 -1723073393
99.493 -44 -1723073393
99.520 -31 -1723073393
99.547 -31 -1723073393
99.573 -23 -1723073393
99.600 -24 -1723073393
99.627 -10 -1723073393
99.653 -5 -1723073393
99.680 6 -1723073393
99.707 1 -1723073393
99.733 1 -1723073393
99.760 -3 -1723073393
99.787 6 -1723073393
99.813 0 -1723073393
99.840 12 -1723073393
99.867 21 -1723073393
99.893 35 -1723073393
99.920 47 -1723073393
99.947 59 -1723073393
99.973 65 -1723073393
100.000 0 -1723073393
