0.000 38 -1723073393
0.027 42 -1723073393
0.053 44 -1723073393
0.080 38 -1723073393
0.107 34 -1723073393
0.133 24 -1723073393
0.160 19 -1723073393
0.187 27 -1723073393
0.213 32 -1723073393
0.240 33 -1723073393
0.267 33 -1723073393
0.293 21 -1723073393
0.320 22 -1723073393
0.347 21 -1723073393
0.373 18 -1723073393
0.400 22 -1723073393
0.427 17 -1723073393
0.453 18 -1723073393
0.480 18 -1723073393
0.507 8 -1723073393
0.533 11 -1723073393
0.560 12 -1723073393
0.587 14 -1723073393
0.613 25 -1723073393
0.640 22 -1723073393
0.667 16 -1723073393
0.693 16 -1723073393
0.720 7 -1723073393
0.747 8 -1723073393
0.773 10 -1723073393
0.800 7 -1723073393
0.827 12 -1723073393
0.853 5 -1723073393
0.880 1 -1723073393
0.907 10 -1723073393
0.933 4 -1723073393
0.960 6 -1723073393
0.987 6 -1723073393
1.013 3 -1723073393
1.040 9 -1723073393
1.067 3 -1723073393
1.093 1 -1723073393
1.120 2 -1723073393
1.147 -9 -1723073393
1.173 -6 -1723073393
1.200 -2 -1723073393
1.227 -11 -1723073393
1.253 -3 -1723073393
1.280 -7 -1723073393
1.307 -14 -1723073393
1.333 -12 -1723073393
1.360 -22 -1723073393
1.387 -14 -1723073393
1.413 -10 -1723073393
1.440 -22 -1723073393
1.467 -14 -1723073393
1.493 -14 -1723073393
1.520 -19 -1723073393
1.547 -14 -1723073393
1.573 -24 -1723073393
1.600 -25 -1723073393
1.627 -22 -1723073393
1.653 -29 -1723073393
1.680 -14 -1723073393
1.707 -10 -1723073393
1.733 -11 -1723073393
1.760 -5 -1723073393
1.787 -14 -1723073393
1.813 -9 -1723073393
1.840 -3 -1723073393
1.867 -9 -1723073393
1.893 0 -1723073393
1.920 3 -1723073393
1.947 2 -1723073393
1.973 8 -1723073393
2.000 0 -1723073393
2.027 -1 -1723073393
2.053 0 -1723073393
2.080 -14 -1723073393
2.107 -15 -1723073393
2.133 -20 -1723073393
2.160 -29 -1723073393
2.187 -21 -1723073393
2.213 -24 -1723073393
2.240 -23 -1723073393
2.267 -16 -1723073393
2.293 -22 -1723073393
2.320 -15 -1723073393
2.347 -10 -1723073393
2.373 -12 -1723073393
2.400 -4 -1723073393
2.427 -10 -1723073393
2.453 -15 -1723073393
2.480 -15 -1723073393
2.507 -26 -1723073393
2.533 -25 -1723073393
2.560 -26 -1723073393
2.587 -34 -1723073393
2.613 -26 -1723073393
2.640 -30 -1723073393
2.667 -33 -1723073393
2.693 -27 -1723073393
2.720 -34 -1723073393
2.747 -28 -1723073393
2.773 -21 -1723073393
2.800 -31 -1723073393
2.827 -28 -1723073393
2.853 -25 -1723073393
2.880 -23 -1723073393
2.907 -8 -1723073393
2.933 -9 -1723073393
2.960 -9 -1723073393
2.987 -4 -1723073393
3.013 -16 -1723073393
3.040 -15 -1723073393
3.067 -13 -1723073393
3.093 -22 -1723073393
3.120 -21 -1723073393
3.147 -27 -1723073393
3.173 -35 -1723073393
3.200 -32 -1723073393
3.227 -34 -1723073393
3.253 -29 -1723073393
3.280 -25 -1723073393
3.307 -27 -1723073393
3.333 -21 -1723073393
3.360 -20 -1723073393
3.387 -21 -1723073393
3.413 -15 -1723073393
3.440 -22 -1723073393
3.467 -26 -1723073393
3.493 -27 -1723073393
3.520 -31 -1723073393
3.547 -24 -1723073393
3.573 -28 -1723073393
3.600 -35 -1723073393
3.627 -32 -1723073393
3.653 -33 -1723073393
3.680 -30 -1723073393
3.707 -23 -1723073393
3.733 -25 -1723073393
3.760 -19 -1723073393
3.787 -17 -1723073393
3.813 -23 -1723073393
3.840 -18 -1723073393
3.867 -20 -1723073393
3.893 -25 -1723073393
3.920 -26 -1723073393
3.947 -36 -1723073393
3.973 -38 -1723073393
4.000 -35 -1723073393
4.027 -39 -1723073393
4.053 -36 -1723073393
4.080 -37 -1723073393
4.107 -30 -1723073393
4.133 -15 -1723073393
4.160 -18 -1723073393
4.187 -18 -1723073393
4.213 -17 -1723073393
4.240 -20 -1723073393
4.267 -16 -1723073393
4.293 -17 -1723073393
4.320 -19 -1723073393
4.347 -10 -1723073393
4.373 -13 -1723073393
4.400 -14 -1723073393
4.427 -11 -1723073393
4.453 -15 -1723073393
4.480 -12 -1723073393
4.507 -13 -1723073393
4.533 -19 -1723073393
4.560 -15 -1723073393
4.587 -19 -1723073393
4.613 -23 -1723073393
4.640 -22 -1723073393
4.667 -33 -1723073393
4.693 -34 -1723073393
4.720 -35 -1723073393
4.747 -37 -1723073393
4.773 -30 -1723073393
4.800 -29 -1723073393
4.827 -26 -1723073393
4.853 -18 -1723073393
4.880 -14 -1723073393
4.907 -9 -1723073393
4.933 -7 -1723073393
4.960 -9 -1723073393
4.987 -8 -1723073393
5.013 -11 -1723073393
5.040 -13 -1723073393
5.067 -11 -1723073393
5.093 -6 -1723073393
5.120 3 -1723073393
5.147 11 -1723073393
5.173 12 -1723073393
5.200 16 -1723073393
5.227 12 -1723073393
5.253 6 -1723073393
5.280 8 -1723073393
5.307 8 -1723073393
5.333 10 -1723073393
5.360 10 -1723073393
5.387 1 -1723073393
5.413 -1 -1723073393
5.440 -3 -1723073393
5.467 -8 -1723073393
5.493 -10 -1723073393
5.520 -10 -1723073393
5.547 -5 -1723073393
5.573 1 -1723073393
5.600 1 -1723073393
5.627 4 -1723073393
5.653 6 -1723073393
5.680 0 -1723073393
5.707 -3 -1723073393
5.733 -5 -1723073393
5.760 -12 -1723073393
5.787 -13 -1723073393
5.813 -12 -1723073393
5.840 -10 -1723073393
5.867 -7 -1723073393
5.893 -13 -1723073393
5.920 -14 -1723073393
5.947 -15 -1723073393
5.973 -13 -1723073393
6.000 -11 -1723073393
6.027 -18 -1723073393
6.053 -22 -1723073393
6.080 -25 -1723073393
6.107 -35 -1723073393
6.133 -34 -1723073393
6.160 -34 -1723073393
6.187 -36 -1723073393
6.213 -29 -1723073393
6.240 -28 -1723073393
6.267 -26 -1723073393
6.293 -20 -1723073393
6.320 -19 -1723073393
6.347 -10 -1723073393
6.373 -7 -1723073393
6.400 -15 -1723073393
6.427 -12 -1723073393
6.453 -9 -1723073393
6.480 -9 -1723073393
6.507 -7 -1723073393
6.533 -15 -1723073393
6.560 -19 -1723073393
6.587 -21 -1723073393
6.613 -30 -1723073393
6.640 -32 -1723073393
6.667 -38 -1723073393
6.693 -41 -1723073393
6.720 -31 -1723073393
6.747 -33 -1723073393
6.773 -30 -1723073393
6.800 -20 -1723073393
6.827 -26 -1723073393
6.853 -28 -1723073393
6.880 -27 -1723073393
6.907 -33 -1723073393
6.933 -25 -1723073393
6.960 -22 -1723073393
6.987 -25 -1723073393
7.013 -20 -1723073393
7.040 -28 -1723073393
7.067 -32 -1723073393
7.093 -26 -1723073393
7.120 -35 -1723073393
7.147 -34 -1723073393
7.173 -29 -1723073393
7.200 -32 -1723073393
7.227 -26 -1723073393
7.253 -29 -1723073393
7.280 -32 -1723073393
7.307 -24 -1723073393
7.333 -27 -1723073393
7.360 -28 -1723073393
7.387 -27 -1723073393
7.413 -36 -1723073393
7.440 -32 -1723073393
7.467 -29 -1723073393
7.493 -32 -1723073393
7.520 -25 -1723073393
7.547 -33 -1723073393
7.573 -42 -1723073393
7.600 -38 -1723073393
7.627 -38 -1723073393
7.653 -25 -1723073393
7.680 -8 -1723073393
7.707 -12 -1723073393
7.733 -13 -1723073393
7.760 -23 -1723073393
7.787 -32 -1723073393
7.813 -26 -1723073393
7.840 -30 -1723073393
7.867 -32 -1723073393
7.893 -27 -1723073393
7.920 -29 -1723073393
7.947 -25 -1723073393
7.973 -24 -1723073393
8.000 -28 -1723073393
8.027 -19 -1723073393
8.053 -23 -1723073393
8.080 -27 -1723073393
8.107 -20 -1723073393
8.133 -27 -1723073393
8.160 -26 -1723073393
8.187 -21 -1723073393
8.213 -24 -1723073393
8.240 -17 -1723073393
8.267 -18 -1723073393
8.293 -24 -1723073393
8.320 -20 -1723073393
8.347 -28 -1723073393
8.373 -33 -1723073393
8.400 -27 -1723073393
8.427 -29 -1723073393
8.453 -23 -1723073393
8.480 -15 -1723073393
8.507 -12 -1723073393
8.533 -5 -1723073393
8.560 -3 -1723073393
8.587 -3 -1723073393
8.613 1 -1723073393
8.640 0 -1723073393
8.667 0 -1723073393
8.693 4 -1723073393
8.720 3 -1723073393
8.747 3 -1723073393
8.773 2 -1723073393
8.800 0 -1723073393
8.827 3 -1723073393
8.853 4 -1723073393
8.880 2 -1723073393
8.907 5 -1723073393
8.933 2 -1723073393
8.960 -4 -1723073393
8.987 -7 -1723073393
9.013 -11 -1723073393
9.040 -15 -1723073393
9.067 -17 -1723073393
9.093 -20 -1723073393
9.120 -19 -1723073393
9.147 -22 -1723073393
9.173 -24 -1723073393
9.200 -20 -1723073393
9.227 -22 -1723073393
9.253 -26 -1723073393
9.280 -30 -1723073393
9.307 -36 -1723073393
9.333 -36 -1723073393
9.360 -36 -1723073393
9.387 -36 -1723073393
9.413 -30 -1723073393
9.440 -30 -1723073393
9.467 -38 -1723073393
9.493 -42 -1723073393
9.520 -49 -1723073393
9.547 -52 -1723073393
9.573 -53 -1723073393
9.600 -61 -1723073393
9.627 -62 -1723073393
9.653 -63 -1723073393
9.680 -65 -1723073393
9.707 -61 -1723073393
9.733 -61 -1723073393
9.760 -61 -1723073393
9.787 -59 -1723073393
9.813 -55 -1723073393
9.840 -47 -1723073393
9.867 -42 -1723073393
9.893 -39 -1723073393
9.920 -32 -1723073393
9.947 -35 -1723073393
9.973 -37 -1723073393
10.000 -34 -1723073393
10.027 -41 -1723073393
10.053 -48 -1723073393
10.080 -49 -1723073393
10.107 -46 -1723073393
10.133 -40 -1723073393
10.160 -38 -1723073393
10.187 -31 -1723073393
10.213 -23 -1723073393
10.240 -20 -1723073393
10.267 -15 -1723073393
10.293 -7 -1723073393
10.320 2 -1723073393
10.347 16 -1723073393
10.373 26 -1723073393
10.400 34 -1723073393
10.427 45 -1723073393
10.453 52 -1723073393
10.480 62 -1723073393
10.507 77 -1723073393
10.533 87 -1723073393
10.560 96 -1723073393
10.587 105 -1723073393
10.613 113 -1723073393
10.640 124 -1723073393
10.667 130 -1723073393
10.693 135 -1723073393
10.720 140 -1723073393
10.747 136 -1723073393
10.773 133 -1723073393
10.800 131 -1723073393
10.827 125 -1723073393
10.853 113 -1723073393
10.880 92 -1723073393
10.907 69 -1723073393
10.933 47 -1723073393
10.960 24 -1723073393
10.987 0 -1723073393
11.013 -27 -1723073393
11.040 -49 -1723073393
11.067 -65 -1723073393
11.093 -78 -1723073393
11.120 -87 -1723073393
11.147 -93 -1723073393
11.173 -102 -1723073393
11.200 -111 -1723073393
11.227 -117 -1723073393
11.253 -121 -1723073393
11.280 -117 -1723073393
11.307 -109 -1723073393
11.333 -100 -1723073393
11.360 -92 -1723073393
11.387 -93 -1723073393
11.413 -99 -1723073393
11.440 -99 -1723073393
11.467 -99 -1723073393
11.493 -99 -1723073393
11.520 -96 -1723073393
11.547 -93 -1723073393
11.573 -91 -1723073393
11.600 -84 -1723073393
11.627 -80 -1723073393
11.653 -75 -1723073393
11.680 -64 -1723073393
11.707 -56 -1723073393
11.733 -49 -1723073393
11.760 -40 -1723073393
11.787 -32 -1723073393
11.813 -25 -1723073393
11.840 -15 -1723073393
11.867 0 -1723073393
11.893 23 -1723073393
11.920 46 -1723073393
11.947 71 -1723073393
11.973 95 -1723073393
12.000 116 -1723073393
12.027 142 -1723073393
12.053 170 -1723073393
12.080 197 -1723073393
12.107 224 -1723073393
12.133 249 -1723073393
12.160 273 -1723073393
12.187 297 -1723073393
12.213 316 -1723073393
12.240 331 -1723073393
12.267 341 -1723073393
12.293 350 -1723073393
12.320 356 -1723073393
12.347 355 -1723073393
12.373 347 -1723073393
12.400 337 -1723073393
12.427 323 -1723073393
12.453 305 -1723073393
12.480 281 -1723073393
12.507 252 -1723073393
12.533 220 -1723073393
12.560 191 -1723073393
12.587 163 -1723073393
12.613 131 -1723073393
12.640 96 -1723073393
12.667 63 -1723073393
12.693 36 -1723073393
12.720 5 -1723073393
12.747 -22 -1723073393
12.773 -45 -1723073393
12.800 -59 -1723073393
12.827 -70 -1723073393
12.853 -87 -1723073393
12.880 -106 -1723073393
12.907 -121 -1723073393
12.933 -136 -1723073393
12.960 -147 -1723073393
12.987 -155 -1723073393
13.013 -164 -1723073393
13.040 -175 -1723073393
13.067 -182 -1723073393
13.093 -186 -1723073393
13.120 -189 -1723073393
13.147 -189 -1723073393
13.173 -191 -1723073393
13.200 -188 -1723073393
13.227 -186 -1723073393
13.253 -182 -1723073393
13.280 -175 -1723073393
13.307 -172 -1723073393
13.333 -165 -1723073393
13.360 -151 -1723073393
13.387 -134 -1723073393
13.413 -116 -1723073393
13.440 -99 -1723073393
13.467 -81 -1723073393
13.493 -54 -1723073393
13.520 -23 -1723073393
13.547 4 -1723073393
13.573 32 -1723073393
13.600 55 -1723073393
13.627 73 -1723073393
13.653 83 -1723073393
13.680 83 -1723073393
13.707 83 -1723073393
13.733 77 -1723073393
13.760 62 -1723073393
13.787 42 -1723073393
13.813 18 -1723073393
13.840 -5 -1723073393
13.867 -30 -1723073393
13.893 -57 -1723073393
13.920 -91 -1723073393
13.947 -133 -1723073393
13.973 -177 -1723073393
14.000 -215 -1723073393
14.027 -244 -1723073393
14.053 -278 -1723073393
14.080 -308 -1723073393
14.107 -327 -1723073393
14.133 -345 -1723073393
14.160 -360 -1723073393
14.187 -372 -1723073393
14.213 -382 -1723073393
14.240 -382 -1723073393
14.267 -388 -1723073393
14.293 -392 -1723073393
14.320 -380 -1723073393
14.347 -370 -1723073393
14.373 -362 -1723073393
14.400 -353 -1723073393
14.427 -354 -1723073393
14.453 -349 -1723073393
14.480 -342 -1723073393
14.507 -341 -1723073393
14.533 -338 -1723073393
14.560 -341 -1723073393
14.587 -348 -1723073393
14.613 -351 -1723073393
14.640 -365 -1723073393
14.667 -386 -1723073393
14.693 -403 -1723073393
14.720 -426 -1723073393
14.747 -439 -1723073393
14.773 -444 -1723073393
14.800 -455 -1723073393
14.827 -454 -1723073393
14.853 -449 -1723073393
14.880 -452 -1723073393
14.907 -446 -1723073393
14.933 -439 -1723073393
14.960 -433 -1723073393
14.987 -417 -1723073393
15.013 -404 -1723073393
15.040 -391 -1723073393
15.067 -375 -1723073393
15.093 -376 -1723073393
15.120 -373 -1723073393
15.147 -365 -1723073393
15.173 -368 -1723073393
15.200 -365 -1723073393
15.227 -366 -1723073393
15.253 -376 -1723073393
15.280 -380 -1723073393
15.307 -394 -1723073393
15.333 -411 -1723073393
15.360 -417 -1723073393
15.387 -433 -1723073393
15.413 -447 -1723073393
15.440 -455 -1723073393
15.467 -481 -1723073393
15.493 -499 -1723073393
15.520 -510 -1723073393
15.547 -529 -1723073393
15.573 -536 -1723073393
15.600 -542 -1723073393
15.627 -557 -1723073393
15.653 -559 -1723073393
15.680 -568 -1723073393
15.707 -581 -1723073393
15.733 -586 -1723073393
15.760 -601 -1723073393
15.787 -620 -1723073393
15.813 -634 -1723073393
15.840 -662 -1723073393
15.867 -686 -1723073393
15.893 -707 -1723073393
15.920 -739 -1723073393
15.947 -765 -1723073393
15.973 -790 -1723073393
16.000 -832 -1723073393
16.027 -862 -1723073393
16.053 -893 -1723073393
16.080 -933 -1723073393
16.107 -953 -1723073393
16.133 -984 -1723073393
16.160 -1021 -1723073393
16.187 -1038 -1723073393
16.213 -1061 -1723073393
16.240 -1071 -1723073393
16.267 -1058 -1723073393
16.293 -1053 -1723073393
16.320 -1026 -1723073393
16.347 -979 -1723073393
16.373 -928 -1723073393
16.400 -829 -1723073393
16.427 -694 -1723073393
16.453 -538 -1723073393
16.480 -321 -1723073393
16.507 -57 -1723073393
16.533 257 -1723073393
16.560 642 -1723073393
16.587 1094 -1723073393
16.613 1597 -1723073393
16.640 2156 -1723073393
16.667 2773 -1723073393
16.693 3419 -1723073393
16.720 4084 -1723073393
16.747 4764 -1723073393
16.773 5392 -1723073393
16.800 5961 -1723073393
16.827 6514 -1723073393
16.853 6908 -1723073393
16.880 7163 -1723073393
16.907 7342 -1723073393
16.933 7268 -1723073393
16.960 7056 -1723073393
16.987 6745 -1723073393
17.013 6172 -1723073393
17.040 5541 -1723073393
17.067 4820 -1723073393
17.093 3915 -1723073393
17.120 3034 -1723073393
17.147 2131 -1723073393
17.173 1183 -1723073393
17.200 318 -1723073393
17.227 -521 -1723073393
17.253 -1341 -1723073393
17.280 -2043 -1723073393
17.307 -2645 -1723073393
17.333 -3171 -1723073393
17.360 -3615 -1723073393
17.387 -3943 -1723073393
17.413 -4203 -1723073393
17.440 -4404 -1723073393
17.467 -4485 -1723073393
17.493 -4558 -1723073393
17.520 -4595 -1723073393
17.547 -4532 -1723073393
17.573 -4508 -1723073393
17.600 -4449 -1723073393
17.627 -4331 -1723073393
17.653 -4273 -1723073393
17.680 -4159 -1723073393
17.707 -4012 -1723073393
17.733 -3924 -1723073393
17.760 -3758 -1723073393
17.787 -3564 -1723073393
17.813 -3412 -1723073393
17.840 -3174 -1723073393
17.867 -2929 -1723073393
17.893 -2691 -1723073393
17.920 -2354 -1723073393
17.947 -2016 -1723073393
17.973 -1647 -1723073393
18.000 -1181 -1723073393
18.027 -702 -1723073393
18.053 -150 -1723073393
18.080 483 -1723073393
18.107 1153 -1723073393
18.133 1918 -1723073393
18.160 2778 -1723073393
18.187 3735 -1723073393
18.213 4766 -1723073393
18.240 5870 -1723073393
18.267 7094 -1723073393
18.293 8342 -1723073393
18.320 9659 -1723073393
18.347 11031 -1723073393
18.373 12286 -1723073393
18.400 13548 -1723073393
18.427 14774 -1723073393
18.453 15733 -1723073393
18.480 16620 -1723073393
18.507 17314 -1723073393
18.533 17593 -1723073393
18.560 17801 -1723073393
18.587 17685 -1723073393
18.613 17129 -1723073393
18.640 16579 -1723073393
18.667 15652 -1723073393
18.693 14389 -1723073393
18.720 13205 -1723073393
18.747 11708 -1723073393
18.773 10087 -1723073393
18.800 8634 -1723073393
18.827 6977 -1723073393
18.853 5327 -1723073393
18.880 3897 -1723073393
18.907 2409 -1723073393
18.933 1031 -1723073393
18.960 -160 -1723073393
18.987 -1328 -1723073393
19.013 -2342 -1723073393
19.040 -3193 -1723073393
19.067 -3953 -1723073393
19.093 -4612 -1723073393
19.120 -5145 -1723073393
19.147 -5555 -1723073393
19.173 -5917 -1723073393
19.200 -6161 -1723073393
19.227 -6318 -1723073393
19.253 -6494 -1723073393
19.280 -6545 -1723073393
19.307 -6551 -1723073393
19.333 -6605 -1723073393
19.360 -6547 -1723073393
19.387 -6495 -1723073393
19.413 -6512 -1723073393
19.440 -6433 -1723073393
19.467 -6394 -1723073393
19.493 -6401 -1723073393
19.520 -6314 -1723073393
19.547 -6290 -1723073393
19.573 -6280 -1723073393
19.600 -6189 -1723073393
19.627 -6166 -1723073393
19.653 -6133 -1723073393
19.680 -6038 -1723073393
19.707 -6020 -1723073393
19.733 -5972 -1723073393
19.760 -5895 -1723073393
19.787 -5908 -1723073393
19.813 -5881 -1723073393
19.840 -5863 -1723073393
19.867 -5947 -1723073393
19.893 -5995 -1723073393
19.920 -6082 -1723073393
19.947 -6273 -1723073393
19.973 -6426 -1723073393
20.000 -6640 -1723073393
20.027 -6937 -1723073393
20.053 -7181 -1723073393
20.080 -7476 -1723073393
20.107 -7803 -1723073393
20.133 -8038 -1723073393
20.160 -8303 -1723073393
20.187 -8531 -1723073393
20.213 -8622 -1723073393
20.240 -8727 -1723073393
20.267 -8740 -1723073393
20.293 -8598 -1723073393
20.320 -8457 -1723073393
20.347 -8178 -1723073393
20.373 -7767 -1723073393
20.400 -7372 -1723073393
20.427 -6831 -1723073393
20.453 -6199 -1723073393
20.480 -5621 -1723073393
20.507 -4939 -1723073393
20.533 -4241 -1723073393
20.560 -3615 -1723073393
20.587 -2927 -1723073393
20.613 -2298 -1723073393
20.640 -1764 -1723073393
20.667 -1224 -1723073393
20.693 -755 -1723073393
20.720 -361 -1723073393
20.747 -18 -1723073393
20.773 238 -1723073393
20.800 426 -1723073393
20.827 558 -1723073393
20.853 636 -1723073393
20.880 665 -1723073393
20.907 652 -1723073393
20.933 616 -1723073393
20.960 563 -1723073393
20.987 490 -1723073393
21.013 417 -1723073393
21.040 350 -1723073393
21.067 289 -1723073393
21.093 255 -1723073393
21.120 237 -1723073393
21.147 228 -1723073393
21.173 245 -1723073393
21.200 286 -1723073393
21.227 341 -1723073393
21.253 418 -1723073393
21.280 508 -1723073393
21.307 605 -1723073393
21.333 717 -1723073393
21.360 827 -1723073393
21.387 932 -1723073393
21.413 1039 -1723073393
21.440 1137 -1723073393
21.467 1235 -1723073393
21.493 1348 -1723073393
21.520 1463 -1723073393
21.547 1589 -1723073393
21.573 1729 -1723073393
21.600 1867 -1723073393
21.627 2019 -1723073393
21.653 2177 -1723073393
21.680 2321 -1723073393
21.707 2471 -1723073393
21.733 2611 -1723073393
21.760 2731 -1723073393
21.787 2852 -1723073393
21.813 2939 -1723073393
21.840 2985 -1723073393
21.867 3017 -1723073393
21.893 3002 -1723073393
21.920 2940 -1723073393
21.947 2867 -1723073393
21.973 2740 -1723073393
22.000 2583 -1723073393
22.027 2424 -1723073393
22.053 2226 -1723073393
22.080 2017 -1723073393
22.107 1823 -1723073393
22.133 1606 -1723073393
22.160 1396 -1723073393
22.187 1216 -1723073393
22.213 1048 -1723073393
22.240 911 -1723073393
22.267 817 -1723073393
22.293 746 -1723073393
22.320 705 -1723073393
22.347 696 -1723073393
22.373 699 -1723073393
22.400 718 -1723073393
22.427 749 -1723073393
22.453 778 -1723073393
22.480 802 -1723073393
22.507 814 -1723073393
22.533 806 -1723073393
22.560 791 -1723073393
22.587 773 -1723073393
22.613 748 -1723073393
22.640 731 -1723073393
22.667 715 -1723073393
22.693 694 -1723073393
22.720 683 -1723073393
22.747 681 -1723073393
22.773 685 -1723073393
22.800 704 -1723073393
22.827 738 -1723073393
22.853 782 -1723073393
22.880 842 -1723073393
22.907 909 -1723073393
22.933 975 -1723073393
22.960 1047 -1723073393
22.987 1112 -1723073393
23.013 1168 -1723073393
23.040 1225 -1723073393
23.067 1262 -1723073393
23.093 1276 -1723073393
23.120 1279 -1723073393
23.147 1252 -1723073393
23.173 1204 -1723073393
23.200 1148 -1723073393
23.227 1062 -1723073393
23.253 956 -1723073393
23.280 855 -1723073393
23.307 742 -1723073393
23.333 623 -1723073393
23.360 516 -1723073393
23.387 408 -1723073393
23.413 307 -1723073393
23.440 224 -1723073393
23.467 150 -1723073393
23.493 91 -1723073393
23.520 53 -1723073393
23.547 30 -1723073393
23.573 26 -1723073393
23.600 37 -1723073393
23.627 53 -1723073393
23.653 73 -1723073393
23.680 90 -1723073393
23.707 101 -1723073393
23.733 111 -1723073393
23.760 121 -1723073393
23.787 125 -1723073393
23.813 131 -1723073393
23.840 137 -1723073393
23.867 139 -1723073393
23.893 140 -1723073393
23.920 141 -1723073393
23.947 141 -1723073393
23.973 148 -1723073393
24.000 161 -1723073393
24.027 178 -1723073393
24.053 211 -1723073393
24.080 249 -1723073393
24.107 287 -1723073393
24.133 333 -1723073393
24.160 379 -1723073393
24.187 430 -1723073393
24.213 486 -1723073393
24.240 538 -1723073393
24.267 589 -1723073393
24.293 644 -1723073393
24.320 692 -1723073393
24.347 738 -1723073393
24.373 785 -1723073393
24.400 820 -1723073393
24.427 850 -1723073393
24.453 883 -1723073393
24.480 902 -1723073393
24.507 916 -1723073393
24.533 934 -1723073393
24.560 933 -1723073393
24.587 921 -1723073393
24.613 908 -1723073393
24.640 880 -1723073393
24.667 847 -1723073393
24.693 817 -1723073393
24.720 773 -1723073393
24.747 726 -1723073393
24.773 676 -1723073393
24.800 608 -1723073393
24.827 539 -1723073393
24.853 480 -1723073393
24.880 424 -1723073393
24.907 385 -1723073393
24.933 356 -1723073393
24.960 322 -1723073393
24.987 300 -1723073393
25.013 285 -1723073393
25.040 271 -1723073393
25.067 267 -1723073393
25.093 269 -1723073393
25.120 269 -1723073393
25.147 277 -1723073393
25.173 284 -1723073393
25.200 280 -1723073393
25.227 275 -1723073393
25.253 267 -1723073393
25.280 252 -1723073393
25.307 243 -1723073393
25.333 234 -1723073393
25.360 220 -1723073393
25.387 210 -1723073393
25.413 193 -1723073393
25.440 171 -1723073393
25.467 154 -1723073393
25.493 128 -1723073393
25.520 98 -1723073393
25.547 68 -1723073393
25.573 28 -1723073393
25.600 -16 -1723073393
25.627 -58 -1723073393
25.653 -103 -1723073393
25.680 -140 -1723073393
25.707 -162 -1723073393
25.733 -182 -1723073393
25.760 -198 -1723073393
25.787 -205 -1723073393
25.813 -206 -1723073393
25.840 -195 -1723073393
25.867 -174 -1723073393
25.893 -151 -1723073393
25.920 -118 -1723073393
25.947 -88 -1723073393
25.973 -60 -1723073393
26.000 -21 -1723073393
26.027 13 -1723073393
26.053 37 -1723073393
26.080 64 -1723073393
26.107 84 -1723073393
26.133 87 -1723073393
26.160 90 -1723073393
26.187 90 -1723073393
26.213 85 -1723073393
26.240 83 -1723073393
26.267 81 -1723073393
26.293 77 -1723073393
26.320 80 -1723073393
26.347 82 -1723073393
26.373 82 -1723073393
26.400 90 -1723073393
26.427 98 -1723073393
26.453 100 -1723073393
26.480 109 -1723073393
26.507 116 -1723073393
26.533 120 -1723073393
26.560 132 -1723073393
26.587 139 -1723073393
26.613 135 -1723073393
26.640 128 -1723073393
26.667 110 -1723073393
26.693 83 -1723073393
26.720 59 -1723073393
26.747 23 -1723073393
26.773 -23 -1723073393
26.800 -68 -1723073393
26.827 -120 -1723073393
26.853 -169 -1723073393
26.880 -208 -1723073393
26.907 -248 -1723073393
26.933 -280 -1723073393
26.960 -300 -1723073393
26.987 -315 -1723073393
27.013 -314 -1723073393
27.040 -293 -1723073393
27.067 -270 -1723073393
27.093 -235 -1723073393
27.120 -185 -1723073393
27.147 -144 -1723073393
27.173 -100 -1723073393
27.200 -59 -1723073393
27.227 -30 -1723073393
27.253 3 -1723073393
27.280 33 -1723073393
27.307 46 -1723073393
27.333 56 -1723073393
27.360 59 -1723073393
27.387 42 -1723073393
27.413 22 -1723073393
27.440 0 -1723073393
27.467 -39 -1723073393
27.493 -79 -1723073393
27.520 -123 -1723073393
27.547 -176 -1723073393
27.573 -219 -1723073393
27.600 -259 -1723073393
27.627 -304 -1723073393
27.653 -334 -1723073393
27.680 -355 -1723073393
27.707 -374 -1723073393
27.733 -371 -1723073393
27.760 -359 -1723073393
27.787 -343 -1723073393
27.813 -303 -1723073393
27.840 -261 -1723073393
27.867 -221 -1723073393
27.893 -162 -1723073393
27.920 -99 -1723073393
27.947 -45 -1723073393
27.973 22 -1723073393
28.000 84 -1723073393
28.027 130 -1723073393
28.053 185 -1723073393
28.080 233 -1723073393
28.107 264 -1723073393
28.133 294 -1723073393
28.160 317 -1723073393
28.187 330 -1723073393
28.213 344 -1723073393
28.240 352 -1723073393
28.267 350 -1723073393
28.293 356 -1723073393
28.320 366 -1723073393
28.347 366 -1723073393
28.373 365 -1723073393
28.400 369 -1723073393
28.427 368 -1723073393
28.453 371 -1723073393
28.480 373 -1723073393
28.507 359 -1723073393
28.533 343 -1723073393
28.560 326 -1723073393
28.587 295 -1723073393
28.613 266 -1723073393
28.640 235 -1723073393
28.667 196 -1723073393
28.693 159 -1723073393
28.720 121 -1723073393
28.747 82 -1723073393
28.773 51 -1723073393
28.800 24 -1723073393
28.827 -1 -1723073393
28.853 -21 -1723073393
28.880 -41 -1723073393
28.907 -67 -1723073393
28.933 -83 -1723073393
28.960 -94 -1723073393
28.987 -104 -1723073393
29.013 -100 -1723073393
29.040 -98 -1723073393
29.067 -95 -1723073393
29.093 -76 -1723073393
29.120 -57 -1723073393
29.147 -34 -1723073393
29.173 -2 -1723073393
29.200 18 -1723073393
29.227 35 -1723073393
29.253 60 -1723073393
29.280 71 -1723073393
29.307 80 -1723073393
29.333 92 -1723073393
29.360 89 -1723073393
29.387 78 -1723073393
29.413 66 -1723073393
29.440 39 -1723073393
29.467 8 -1723073393
29.493 -13 -1723073393
29.520 -38 -1723073393
29.547 -58 -1723073393
29.573 -70 -1723073393
29.600 -94 -1723073393
29.627 -111 -1723073393
29.653 -114 -1723073393
29.680 -123 -1723073393
29.707 -120 -1723073393
29.733 -97 -1723073393
29.760 -77 -1723073393
29.787 -47 -1723073393
29.813 -11 -1723073393
29.840 21 -1723073393
29.867 64 -1723073393
29.893 120 -1723073393
29.920 166 -1723073393
29.947 211 -1723073393
29.973 258 -1723073393
30.000 292 -1723073393
30.027 326 -1723073393
30.053 362 -1723073393
30.080 382 -1723073393
30.107 398 -1723073393
30.133 415 -1723073393
30.160 417 -1723073393
30.187 408 -1723073393
30.213 394 -1723073393
30.240 369 -1723073393
30.267 340 -1723073393
30.293 310 -1723073393
30.320 270 -1723073393
30.347 228 -1723073393
30.373 192 -1723073393
30.400 148 -1723073393
30.427 95 -1723073393
30.453 48 -1723073393
30.480 -3 -1723073393
30.507 -54 -1723073393
30.533 -98 -1723073393
30.560 -146 -1723073393
30.587 -182 -1723073393
30.613 -202 -1723073393
30.640 -219 -1723073393
30.667 -216 -1723073393
30.693 -198 -1723073393
30.720 -186 -1723073393
30.747 -149 -1723073393
30.773 -96 -1723073393
30.800 -49 -1723073393
30.827 16 -1723073393
30.853 93 -1723073393
30.880 149 -1723073393
30.907 209 -1723073393
30.933 270 -1723073393
30.960 305 -1723073393
30.987 332 -1723073393
31.013 343 -1723073393
31.040 329 -1723073393
31.067 303 -1723073393
31.093 270 -1723073393
31.120 218 -1723073393
31.147 154 -1723073393
31.173 87 -1723073393
31.200 11 -1723073393
31.227 -63 -1723073393
31.253 -135 -1723073393
31.280 -214 -1723073393
31.307 -279 -1723073393
31.333 -327 -1723073393
31.360 -372 -1723073393
31.387 -387 -1723073393
31.413 -380 -1723073393
31.440 -375 -1723073393
31.467 -341 -1723073393
31.493 -286 -1723073393
31.520 -239 -1723073393
31.547 -168 -1723073393
31.573 -89 -1723073393
31.600 -30 -1723073393
31.627 38 -1723073393
31.653 108 -1723073393
31.680 151 -1723073393
31.707 192 -1723073393
31.733 232 -1723073393
31.760 245 -1723073393
31.787 253 -1723073393
31.813 261 -1723073393
31.840 255 -1723073393
31.867 248 -1723073393
31.893 251 -1723073393
31.920 249 -1723073393
31.947 254 -1723073393
31.973 266 -1723073393
32.000 271 -1723073393
32.027 282 -1723073393
32.053 298 -1723073393
32.080 300 -1723073393
32.107 302 -1723073393
32.133 305 -1723073393
32.160 290 -1723073393
32.187 269 -1723073393
32.213 244 -1723073393
32.240 200 -1723073393
32.267 143 -1723073393
32.293 86 -1723073393
32.320 22 -1723073393
32.347 -36 -1723073393
32.373 -81 -1723073393
32.400 -128 -1723073393
32.427 -160 -1723073393
32.453 -175 -1723073393
32.480 -193 -1723073393
32.507 -181 -1723073393
32.533 -146 -1723073393
32.560 -116 -1723073393
32.587 -67 -1723073393
32.613 -3 -1723073393
32.640 48 -1723073393
32.667 106 -1723073393
32.693 167 -1723073393
32.720 210 -1723073393
32.747 252 -1723073393
32.773 290 -1723073393
32.800 296 -1723073393
32.827 279 -1723073393
32.853 252 -1723073393
32.880 202 -1723073393
32.907 136 -1723073393
32.933 65 -1723073393
32.960 -18 -1723073393
32.987 -110 -1723073393
33.013 -196 -1723073393
33.040 -278 -1723073393
33.067 -341 -1723073393
33.093 -381 -1723073393
33.120 -421 -1723073393
33.147 -429 -1723073393
33.173 -407 -1723073393
33.200 -387 -1723073393
33.227 -342 -1723073393
33.253 -266 -1723073393
33.280 -198 -1723073393
33.307 -110 -1723073393
33.333 -1 -1723073393
33.360 77 -1723073393
33.387 158 -1723073393
33.413 245 -1723073393
33.440 309 -1723073393
33.467 367 -1723073393
33.493 424 -1723073393
33.520 468 -1723073393
33.547 507 -1723073393
33.573 547 -1723073393
33.600 572 -1723073393
33.627 585 -1723073393
33.653 605 -1723073393
33.680 621 -1723073393
33.707 624 -1723073393
33.733 620 -1723073393
33.760 607 -1723073393
33.787 580 -1723073393
33.813 547 -1723073393
33.840 505 -1723073393
33.867 447 -1723073393
33.893 383 -1723073393
33.920 318 -1723073393
33.947 245 -1723073393
33.973 175 -1723073393
34.000 103 -1723073393
34.027 33 -1723073393
34.053 -25 -1723073393
34.080 -80 -1723073393
34.107 -132 -1723073393
34.133 -161 -1723073393
34.160 -176 -1723073393
34.187 -176 -1723073393
34.213 -146 -1723073393
34.240 -113 -1723073393
34.267 -73 -1723073393
34.293 -5 -1723073393
34.320 59 -1723073393
34.347 117 -1723073393
34.373 190 -1723073393
34.400 257 -1723073393
34.427 317 -1723073393
34.453 381 -1723073393
34.480 422 -1723073393
34.507 441 -1723073393
34.533 455 -1723073393
34.560 450 -1723073393
34.587 421 -1723073393
34.613 376 -1723073393
34.640 315 -1723073393
34.667 237 -1723073393
34.693 155 -1723073393
34.720 65 -1723073393
34.747 -26 -1723073393
34.773 -103 -1723073393
34.800 -175 -1723073393
34.827 -245 -1723073393
34.853 -283 -1723073393
34.880 -303 -1723073393
34.907 -319 -1723073393
34.933 -299 -1723073393
34.960 -262 -1723073393
34.987 -228 -1723073393
35.013 -158 -1723073393
35.040 -80 -1723073393
35.067 -20 -1723073393
35.093 57 -1723073393
35.120 138 -1723073393
35.147 198 -1723073393
35.173 267 -1723073393
35.200 334 -1723073393
35.227 381 -1723073393
35.253 432 -1723073393
35.280 475 -1723073393
35.307 498 -1723073393
35.333 512 -1723073393
35.360 517 -1723073393
35.387 503 -1723073393
35.413 477 -1723073393
35.440 443 -1723073393
35.467 401 -1723073393
35.493 359 -1723073393
35.520 324 -1723073393
35.547 290 -1723073393
35.573 255 -1723073393
35.600 224 -1723073393
35.627 190 -1723073393
35.653 164 -1723073393
35.680 148 -1723073393
35.707 129 -1723073393
35.733 119 -1723073393
35.760 121 -1723073393
35.787 110 -1723073393
35.813 96 -1723073393
35.840 93 -1723073393
35.867 81 -1723073393
35.893 74 -1723073393
35.920 84 -1723073393
35.947 84 -1723073393
35.973 80 -1723073393
36.000 92 -1723073393
36.027 99 -1723073393
36.053 104 -1723073393
36.080 132 -1723073393
36.107 160 -1723073393
36.133 188 -1723073393
36.160 240 -1723073393
36.187 284 -1723073393
36.213 316 -1723073393
36.240 362 -1723073393
36.267 402 -1723073393
36.293 427 -1723073393
36.320 456 -1723073393
36.347 475 -1723073393
36.373 475 -1723073393
36.400 464 -1723073393
36.427 434 -1723073393
36.453 381 -1723073393
36.480 321 -1723073393
36.507 257 -1723073393
36.533 179 -1723073393
36.560 102 -1723073393
36.587 28 -1723073393
36.613 -49 -1723073393
36.640 -112 -1723073393
36.667 -155 -1723073393
36.693 -196 -1723073393
36.720 -212 -1723073393
36.747 -201 -1723073393
36.773 -192 -1723073393
36.800 -157 -1723073393
36.827 -92 -1723073393
36.853 -36 -1723073393
36.880 28 -1723073393
36.907 107 -1723073393
36.933 166 -1723073393
36.960 223 -1723073393
36.987 291 -1723073393
37.013 333 -1723073393
37.040 367 -1723073393
37.067 406 -1723073393
37.093 425 -1723073393
37.120 433 -1723073393
37.147 445 -1723073393
37.173 444 -1723073393
37.200 437 -1723073393
37.227 435 -1723073393
37.253 428 -1723073393
37.280 415 -1723073393
37.307 408 -1723073393
37.333 399 -1723073393
37.360 388 -1723073393
37.387 384 -1723073393
37.413 376 -1723073393
37.440 360 -1723073393
37.467 348 -1723073393
37.493 336 -1723073393
37.520 317 -1723073393
37.547 303 -1723073393
37.573 289 -1723073393
37.600 264 -1723073393
37.627 247 -1723073393
37.653 241 -1723073393
37.680 226 -1723073393
37.707 216 -1723073393
37.733 212 -1723073393
37.760 203 -1723073393
37.787 204 -1723073393
37.813 215 -1723073393
37.840 214 -1723073393
37.867 222 -1723073393
37.893 242 -1723073393
37.920 249 -1723073393
37.947 259 -1723073393
37.973 281 -1723073393
38.000 286 -1723073393
38.027 283 -1723073393
38.053 282 -1723073393
38.080 263 -1723073393
38.107 230 -1723073393
38.133 200 -1723073393
38.160 158 -1723073393
38.187 105 -1723073393
38.213 57 -1723073393
38.240 -1 -1723073393
38.267 -65 -1723073393
38.293 -114 -1723073393
38.320 -162 -1723073393
38.347 -205 -1723073393
38.373 -217 -1723073393
38.400 -225 -1723073393
38.427 -237 -1723073393
38.453 -212 -1723073393
38.480 -175 -1723073393
38.507 -147 -1723073393
38.533 -92 -1723073393
38.560 -31 -1723073393
38.587 9 -1723073393
38.613 63 -1723073393
38.640 125 -1723073393
38.667 163 -1723073393
38.693 201 -1723073393
38.720 242 -1723073393
38.747 257 -1723073393
38.773 267 -1723073393
38.800 280 -1723073393
38.827 280 -1723073393
38.853 277 -1723073393
38.880 274 -1723073393
38.907 262 -1723073393
38.933 249 -1723073393
38.960 246 -1723073393
38.987 242 -1723073393
39.013 239 -1723073393
39.040 244 -1723073393
39.067 247 -1723073393
39.093 245 -1723073393
39.120 251 -1723073393
39.147 254 -1723073393
39.173 256 -1723073393
39.200 264 -1723073393
39.227 273 -1723073393
39.253 274 -1723073393
39.280 278 -1723073393
39.307 280 -1723073393
39.333 273 -1723073393
39.360 268 -1723073393
39.387 261 -1723073393
39.413 242 -1723073393
39.440 220 -1723073393
39.467 197 -1723073393
39.493 175 -1723073393
39.520 164 -1723073393
39.547 161 -1723073393
39.573 149 -1723073393
39.600 141 -1723073393
39.627 142 -1723073393
39.653 133 -1723073393
39.680 124 -1723073393
39.707 125 -1723073393
39.733 120 -1723073393
39.760 115 -1723073393
39.787 122 -1723073393
39.813 122 -1723073393
39.840 115 -1723073393
39.867 119 -1723073393
39.893 116 -1723073393
39.920 102 -1723073393
39.947 104 -1723073393
39.973 104 -1723073393
40.000 90 -1723073393
40.027 88 -1723073393
40.053 89 -1723073393
40.080 76 -1723073393
40.107 69 -1723073393
40.133 67 -1723073393
40.160 56 -1723073393
40.187 57 -1723073393
40.213 69 -1723073393
40.240 72 -1723073393
40.267 83 -1723073393
40.293 109 -1723073393
40.320 123 -1723073393
40.347 133 -1723073393
40.373 156 -1723073393
40.400 172 -1723073393
40.427 184 -1723073393
40.453 206 -1723073393
40.480 219 -1723073393
40.507 225 -1723073393
40.533 239 -1723073393
40.560 248 -1723073393
40.587 245 -1723073393
40.613 247 -1723073393
40.640 245 -1723073393
40.667 231 -1723073393
40.693 223 -1723073393
40.720 216 -1723073393
40.747 201 -1723073393
40.773 193 -1723073393
40.800 190 -1723073393
40.827 174 -1723073393
40.853 161 -1723073393
40.880 158 -1723073393
40.907 148 -1723073393
40.933 140 -1723073393
40.960 140 -1723073393
40.987 133 -1723073393
41.013 132 -1723073393
41.040 143 -1723073393
41.067 144 -1723073393
41.093 139 -1723073393
41.120 146 -1723073393
41.147 144 -1723073393
41.173 139 -1723073393
41.200 150 -1723073393
41.227 156 -1723073393
41.253 154 -1723073393
41.280 163 -1723073393
41.307 170 -1723073393
41.333 165 -1723073393
41.360 167 -1723073393
41.387 169 -1723073393
41.413 163 -1723073393
41.440 167 -1723073393
41.467 178 -1723073393
41.493 174 -1723073393
41.520 168 -1723073393
41.547 166 -1723073393
41.573 150 -1723073393
41.600 129 -1723073393
41.627 111 -1723073393
41.653 83 -1723073393
41.680 46 -1723073393
41.707 16 -1723073393
41.733 -20 -1723073393
41.760 -63 -1723073393
41.787 -95 -1723073393
41.813 -125 -1723073393
41.840 -157 -1723073393
41.867 -170 -1723073393
41.893 -175 -1723073393
41.920 -189 -1723073393
41.947 -182 -1723073393
41.973 -166 -1723073393
42.000 -156 -1723073393
42.027 -125 -1723073393
42.053 -80 -1723073393
42.080 -50 -1723073393
42.107 -8 -1723073393
42.133 46 -1723073393
42.160 71 -1723073393
42.187 84 -1723073393
42.213 105 -1723073393
42.240 108 -1723073393
42.267 101 -1723073393
42.293 99 -1723073393
42.320 79 -1723073393
42.347 46 -1723073393
42.373 20 -1723073393
42.400 -10 -1723073393
42.427 -48 -1723073393
42.453 -67 -1723073393
42.480 -75 -1723073393
42.507 -87 -1723073393
42.533 -79 -1723073393
42.560 -55 -1723073393
42.587 -39 -1723073393
42.613 -12 -1723073393
42.640 27 -1723073393
42.667 53 -1723073393
42.693 86 -1723073393
42.720 132 -1723073393
42.747 164 -1723073393
42.773 193 -1723073393
42.800 228 -1723073393
42.827 247 -1723073393
42.853 255 -1723073393
42.880 270 -1723073393
42.907 279 -1723073393
42.933 273 -1723073393
42.960 269 -1723073393
42.987 258 -1723073393
43.013 235 -1723073393
43.040 216 -1723073393
43.067 193 -1723073393
43.093 160 -1723073393
43.120 134 -1723073393
43.147 111 -1723073393
43.173 79 -1723073393
43.200 53 -1723073393
43.227 36 -1723073393
43.253 7 -1723073393
43.280 -15 -1723073393
43.307 -26 -1723073393
43.333 -45 -1723073393
43.360 -66 -1723073393
43.387 -77 -1723073393
43.413 -98 -1723073393
43.440 -125 -1723073393
43.467 -136 -1723073393
43.493 -149 -1723073393
43.520 -175 -1723073393
43.547 -184 -1723073393
43.573 -186 -1723073393
43.600 -195 -1723073393
43.627 -186 -1723073393
43.653 -161 -1723073393
43.680 -148 -1723073393
43.707 -124 -1723073393
43.733 -86 -1723073393
43.760 -65 -1723073393
43.787 -46 -1723073393
43.813 -14 -1723073393
43.840 0 -1723073393
43.867 5 -1723073393
43.893 17 -1723073393
43.920 17 -1723073393
43.947 4 -1723073393
43.973 0 -1723073393
44.000 -10 -1723073393
44.027 -28 -1723073393
44.053 -34 -1723073393
44.080 -37 -1723073393
44.107 -51 -1723073393
44.133 -58 -1723073393
44.160 -55 -1723073393
44.187 -56 -1723073393
44.213 -46 -1723073393
44.240 -22 -1723073393
44.267 -8 -1723073393
44.293 11 -1723073393
44.320 48 -1723073393
44.347 70 -1723073393
44.373 91 -1723073393
44.400 124 -1723073393
44.427 148 -1723073393
44.453 163 -1723073393
44.480 187 -1723073393
44.507 208 -1723073393
44.533 215 -1723073393
44.560 224 -1723073393
44.587 233 -1723073393
44.613 232 -1723073393
44.640 234 -1723073393
44.667 235 -1723073393
44.693 223 -1723073393
44.720 212 -1723073393
44.747 203 -1723073393
44.773 183 -1723073393
44.800 160 -1723073393
44.827 144 -1723073393
44.853 124 -1723073393
44.880 102 -1723073393
44.907 89 -1723073393
44.933 70 -1723073393
44.960 47 -1723073393
44.987 33 -1723073393
45.013 19 -1723073393
45.040 -2 -1723073393
45.067 -14 -1723073393
45.093 -27 -1723073393
45.120 -55 -1723073393
45.147 -75 -1723073393
45.173 -83 -1723073393
45.200 -102 -1723073393
45.227 -115 -1723073393
45.253 -112 -1723073393
45.280 -116 -1723073393
45.307 -115 -1723073393
45.333 -91 -1723073393
45.360 -68 -1723073393
45.387 -47 -1723073393
45.413 -7 -1723073393
45.440 29 -1723073393
45.467 49 -1723073393
45.493 83 -1723073393
45.520 120 -1723073393
45.547 142 -1723073393
45.573 169 -1723073393
45.600 195 -1723073393
45.627 197 -1723073393
45.653 196 -1723073393
45.680 199 -1723073393
45.707 188 -1723073393
45.733 168 -1723073393
45.760 145 -1723073393
45.787 107 -1723073393
45.813 64 -1723073393
45.840 28 -1723073393
45.867 -13 -1723073393
45.893 -55 -1723073393
45.920 -83 -1723073393
45.947 -106 -1723073393
45.973 -130 -1723073393
46.000 -132 -1723073393
46.027 -123 -1723073393
46.053 -125 -1723073393
46.080 -114 -1723073393
46.107 -91 -1723073393
46.133 -76 -1723073393
46.160 -53 -1723073393
46.187 -10 -1723073393
46.213 27 -1723073393
46.240 65 -1723073393
46.267 118 -1723073393
46.293 164 -1723073393
46.320 201 -1723073393
46.347 243 -1723073393
46.373 279 -1723073393
46.400 303 -1723073393
46.427 328 -1723073393
46.453 351 -1723073393
46.480 363 -1723073393
46.507 371 -1723073393
46.533 372 -1723073393
46.560 363 -1723073393
46.587 346 -1723073393
46.613 323 -1723073393
46.640 294 -1723073393
46.667 264 -1723073393
46.693 231 -1723073393
46.720 191 -1723073393
46.747 154 -1723073393
46.773 121 -1723073393
46.800 82 -1723073393
46.827 48 -1723073393
46.853 29 -1723073393
46.880 17 -1723073393
46.907 9 -1723073393
46.933 16 -1723073393
46.960 28 -1723073393
46.987 35 -1723073393
47.013 54 -1723073393
47.040 81 -1723073393
47.067 103 -1723073393
47.093 133 -1723073393
47.120 173 -1723073393
47.147 197 -1723073393
47.173 216 -1723073393
47.200 239 -1723073393
47.227 250 -1723073393
47.253 256 -1723073393
47.280 263 -1723073393
47.307 259 -1723073393
47.333 254 -1723073393
47.360 259 -1723073393
47.387 257 -1723073393
47.413 241 -1723073393
47.440 229 -1723073393
47.467 218 -1723073393
47.493 196 -1723073393
47.520 174 -1723073393
47.547 158 -1723073393
47.573 144 -1723073393
47.600 133 -1723073393
47.627 133 -1723073393
47.653 129 -1723073393
47.680 122 -1723073393
47.707 129 -1723073393
47.733 141 -1723073393
47.760 153 -1723073393
47.787 175 -1723073393
47.813 200 -1723073393
47.840 224 -1723073393
47.867 257 -1723073393
47.893 293 -1723073393
47.920 326 -1723073393
47.947 362 -1723073393
47.973 397 -1723073393
48.000 424 -1723073393
48.027 450 -1723073393
48.053 479 -1723073393
48.080 501 -1723073393
48.107 522 -1723073393
48.133 546 -1723073393
48.160 564 -1723073393
48.187 580 -1723073393
48.213 598 -1723073393
48.240 612 -1723073393
48.267 619 -1723073393
48.293 625 -1723073393
48.320 624 -1723073393
48.347 617 -1723073393
48.373 606 -1723073393
48.400 588 -1723073393
48.427 561 -1723073393
48.453 536 -1723073393
48.480 508 -1723073393
48.507 472 -1723073393
48.533 430 -1723073393
48.560 389 -1723073393
48.587 348 -1723073393
48.613 315 -1723073393
48.640 288 -1723073393
48.667 265 -1723073393
48.693 243 -1723073393
48.720 226 -1723073393
48.747 216 -1723073393
48.773 206 -1723073393
48.800 198 -1723073393
48.827 198 -1723073393
48.853 196 -1723073393
48.880 191 -1723073393
48.907 192 -1723073393
48.933 196 -1723073393
48.960 199 -1723073393
48.987 205 -1723073393
49.013 209 -1723073393
49.040 208 -1723073393
49.067 216 -1723073393
49.093 230 -1723073393
49.120 235 -1723073393
49.147 235 -1723073393
49.173 238 -1723073393
49.200 233 -1723073393
49.227 226 -1723073393
49.253 221 -1723073393
49.280 210 -1723073393
49.307 198 -1723073393
49.333 190 -1723073393
49.360 184 -1723073393
49.387 172 -1723073393
49.413 161 -1723073393
49.440 150 -1723073393
49.467 136 -1723073393
49.493 129 -1723073393
49.520 129 -1723073393
49.547 127 -1723073393
49.573 130 -1723073393
49.600 141 -1723073393
49.627 150 -1723073393
49.653 159 -1723073393
49.680 175 -1723073393
49.707 189 -1723073393
49.733 197 -1723073393
49.760 209 -1723073393
49.787 221 -1723073393
49.813 230 -1723073393
49.840 242 -1723073393
49.867 254 -1723073393
49.893 256 -1723073393
49.920 255 -1723073393
49.947 253 -1723073393
49.973 246 -1723073393
50.000 235 -1723073393
50.027 221 -1723073393
50.053 199 -1723073393
50.080 172 -1723073393
50.107 141 -1723073393
50.133 104 -1723073393
50.160 65 -1723073393
50.187 32 -1723073393
50.213 2 -1723073393
50.240 -26 -1723073393
50.267 -48 -1723073393
50.293 -70 -1723073393
50.320 -94 -1723073393
50.347 -110 -1723073393
50.373 -118 -1723073393
50.400 -130 -1723073393
50.427 -138 -1723073393
50.453 -133 -1723073393
50.480 -127 -1723073393
50.507 -123 -1723073393
50.533 -108 -1723073393
50.560 -96 -1723073393
50.587 -95 -1723073393
50.613 -87 -1723073393
50.640 -78 -1723073393
50.667 -79 -1723073393
50.693 -76 -1723073393
50.720 -64 -1723073393
50.747 -53 -1723073393
50.773 -39 -1723073393
50.800 -19 -1723073393
50.827 -9 -1723073393
50.853 -5 -1723073393
50.880 4 -1723073393
50.907 6 -1723073393
50.933 -1 -1723073393
50.960 -1 -1723073393
50.987 2 -1723073393
51.013 -1 -1723073393
51.040 -6 -1723073393
51.067 -5 -1723073393
51.093 -4 -1723073393
51.120 -5 -1723073393
51.147 -3 -1723073393
51.173 -2 -1723073393
51.200 4 -1723073393
51.227 21 -1723073393
51.253 37 -1723073393
51.280 51 -1723073393
51.307 75 -1723073393
51.333 101 -1723073393
51.360 122 -1723073393
51.387 146 -1723073393
51.413 173 -1723073393
51.440 196 -1723073393
51.467 220 -1723073393
51.493 245 -1723073393
51.520 265 -1723073393
51.547 281 -1723073393
51.573 296 -1723073393
51.600 303 -1723073393
51.627 303 -1723073393
51.653 303 -1723073393
51.680 298 -1723073393
51.707 293 -1723073393
51.733 295 -1723073393
51.760 301 -1723073393
51.787 304 -1723073393
51.813 312 -1723073393
51.840 322 -1723073393
51.867 333 -1723073393
51.893 349 -1723073393
51.920 365 -1723073393
51.947 374 -1723073393
51.973 382 -1723073393
52.000 389 -1723073393
52.027 391 -1723073393
52.053 387 -1723073393
52.080 385 -1723073393
52.107 374 -1723073393
52.133 350 -1723073393
52.160 328 -1723073393
52.187 301 -1723073393
52.213 267 -1723073393
52.240 239 -1723073393
52.267 215 -1723073393
52.293 184 -1723073393
52.320 153 -1723073393
52.347 136 -1723073393
52.373 119 -1723073393
52.400 96 -1723073393
52.427 84 -1723073393
52.453 76 -1723073393
52.480 64 -1723073393
52.507 58 -1723073393
52.533 58 -1723073393
52.560 54 -1723073393
52.587 54 -1723073393
52.613 56 -1723073393
52.640 53 -1723073393
52.667 54 -1723073393
52.693 60 -1723073393
52.720 59 -1723073393
52.747 51 -1723073393
52.773 47 -1723073393
52.800 43 -1723073393
52.827 32 -1723073393
52.853 24 -1723073393
52.880 19 -1723073393
52.907 9 -1723073393
52.933 0 -1723073393
52.960 1 -1723073393
52.987 -5 -1723073393
53.013 -16 -1723073393
53.040 -19 -1723073393
53.067 -22 -1723073393
53.093 -27 -1723073393
53.120 -22 -1723073393
53.147 -11 -1723073393
53.173 -2 -1723073393
53.200 15 -1723073393
53.227 40 -1723073393
53.253 58 -1723073393
53.280 73 -1723073393
53.307 96 -1723073393
53.333 118 -1723073393
53.360 139 -1723073393
53.387 166 -1723073393
53.413 194 -1723073393
53.440 217 -1723073393
53.467 243 -1723073393
53.493 263 -1723073393
53.520 274 -1723073393
53.547 283 -1723073393
53.573 288 -1723073393
53.600 287 -1723073393
53.627 285 -1723073393
53.653 284 -1723073393
53.680 281 -1723073393
53.707 276 -1723073393
53.733 273 -1723073393
53.760 261 -1723073393
53.787 243 -1723073393
53.813 230 -1723073393
53.840 216 -1723073393
53.867 197 -1723073393
53.893 184 -1723073393
53.920 172 -1723073393
53.947 154 -1723073393
53.973 137 -1723073393
54.000 128 -1723073393
54.027 117 -1723073393
54.053 103 -1723073393
54.080 93 -1723073393
54.107 82 -1723073393
54.133 68 -1723073393
54.160 64 -1723073393
54.187 64 -1723073393
54.213 56 -1723073393
54.240 50 -1723073393
54.267 52 -1723073393
54.293 49 -1723073393
54.320 43 -1723073393
54.347 50 -1723073393
54.373 56 -1723073393
54.400 57 -1723073393
54.427 68 -1723073393
54.453 79 -1723073393
54.480 82 -1723073393
54.507 87 -1723073393
54.533 98 -1723073393
54.560 103 -1723073393
54.587 106 -1723073393
54.613 113 -1723073393
54.640 117 -1723073393
54.667 118 -1723073393
54.693 127 -1723073393
54.720 135 -1723073393
54.747 136 -1723073393
54.773 141 -1723073393
54.800 151 -1723073393
54.827 155 -1723073393
54.853 161 -1723073393
54.880 174 -1723073393
54.907 186 -1723073393
54.933 197 -1723073393
54.960 211 -1723073393
54.987 227 -1723073393
55.013 240 -1723073393
55.040 256 -1723073393
55.067 269 -1723073393
55.093 279 -1723073393
55.120 293 -1723073393
55.147 308 -1723073393
55.173 321 -1723073393
55.200 332 -1723073393
55.227 340 -1723073393
55.253 347 -1723073393
55.280 354 -1723073393
55.307 360 -1723073393
55.333 365 -1723073393
55.360 371 -1723073393
55.387 379 -1723073393
55.413 387 -1723073393
55.440 399 -1723073393
55.467 414 -1723073393
55.493 432 -1723073393
55.520 454 -1723073393
55.547 474 -1723073393
55.573 490 -1723073393
55.600 503 -1723073393
55.627 512 -1723073393
55.653 514 -1723073393
55.680 512 -1723073393
55.707 508 -1723073393
55.733 497 -1723073393
55.760 475 -1723073393
55.787 447 -1723073393
55.813 415 -1723073393
55.840 380 -1723073393
55.867 346 -1723073393
55.893 317 -1723073393
55.920 290 -1723073393
55.947 262 -1723073393
55.973 234 -1723073393
56.000 210 -1723073393
56.027 189 -1723073393
56.053 168 -1723073393
56.080 151 -1723073393
56.107 140 -1723073393
56.133 126 -1723073393
56.160 115 -1723073393
56.187 110 -1723073393
56.213 102 -1723073393
56.240 92 -1723073393
56.267 83 -1723073393
56.293 73 -1723073393
56.320 56 -1723073393
56.347 43 -1723073393
56.373 29 -1723073393
56.400 5 -1723073393
56.427 -18 -1723073393
56.453 -38 -1723073393
56.480 -63 -1723073393
56.507 -85 -1723073393
56.533 -94 -1723073393
56.560 -107 -1723073393
56.587 -120 -1723073393
56.613 -122 -1723073393
56.640 -121 -1723073393
56.667 -126 -1723073393
56.693 -122 -1723073393
56.720 -108 -1723073393
56.747 -103 -1723073393
56.773 -97 -1723073393
56.800 -80 -1723073393
56.827 -71 -1723073393
56.853 -69 -1723073393
56.880 -58 -1723073393
56.907 -41 -1723073393
56.933 -26 -1723073393
56.960 -3 -1723073393
56.987 26 -1723073393
57.013 46 -1723073393
57.040 64 -1723073393
57.067 88 -1723073393
57.093 110 -1723073393
57.120 131 -1723073393
57.147 156 -1723073393
57.173 174 -1723073393
57.200 190 -1723073393
57.227 214 -1723073393
57.253 238 -1723073393
57.280 254 -1723073393
57.307 274 -1723073393
57.333 293 -1723073393
57.360 304 -1723073393
57.387 314 -1723073393
57.413 330 -1723073393
57.440 345 -1723073393
57.467 364 -1723073393
57.493 391 -1723073393
57.520 417 -1723073393
57.547 440 -1723073393
57.573 467 -1723073393
57.600 495 -1723073393
57.627 519 -1723073393
57.653 545 -1723073393
57.680 563 -1723073393
57.707 571 -1723073393
57.733 578 -1723073393
57.760 582 -1723073393
57.787 579 -1723073393
57.813 579 -1723073393
57.840 578 -1723073393
57.867 566 -1723073393
57.893 554 -1723073393
57.920 546 -1723073393
57.947 531 -1723073393
57.973 514 -1723073393
58.000 505 -1723073393
58.027 493 -1723073393
58.053 479 -1723073393
58.080 474 -1723073393
58.107 478 -1723073393
58.133 480 -1723073393
58.160 490 -1723073393
58.187 510 -1723073393
58.213 529 -1723073393
58.240 549 -1723073393
58.267 581 -1723073393
58.293 616 -1723073393
58.320 643 -1723073393
58.347 671 -1723073393
58.373 698 -1723073393
58.400 712 -1723073393
58.427 723 -1723073393
58.453 731 -1723073393
58.480 726 -1723073393
58.507 724 -1723073393
58.533 725 -1723073393
58.560 713 -1723073393
58.587 700 -1723073393
58.613 694 -1723073393
58.640 680 -1723073393
58.667 661 -1723073393
58.693 653 -1723073393
58.720 646 -1723073393
58.747 629 -1723073393
58.773 616 -1723073393
58.800 609 -1723073393
58.827 596 -1723073393
58.853 585 -1723073393
58.880 580 -1723073393
58.907 569 -1723073393
58.933 550 -1723073393
58.960 532 -1723073393
58.987 512 -1723073393
59.013 488 -1723073393
59.040 469 -1723073393
59.067 458 -1723073393
59.093 447 -1723073393
59.120 435 -1723073393
59.147 426 -1723073393
59.173 416 -1723073393
59.200 404 -1723073393
59.227 396 -1723073393
59.253 392 -1723073393
59.280 385 -1723073393
59.307 377 -1723073393
59.333 372 -1723073393
59.360 359 -1723073393
59.387 338 -1723073393
59.413 315 -1723073393
59.440 287 -1723073393
59.467 252 -1723073393
59.493 212 -1723073393
59.520 172 -1723073393
59.547 132 -1723073393
59.573 91 -1723073393
59.600 52 -1723073393
59.627 13 -1723073393
59.653 -23 -1723073393
59.680 -58 -1723073393
59.707 -85 -1723073393
59.733 -107 -1723073393
59.760 -128 -1723073393
59.787 -145 -1723073393
59.813 -152 -1723073393
59.840 -158 -1723073393
59.867 -160 -1723073393
59.893 -152 -1723073393
59.920 -138 -1723073393
59.947 -125 -1723073393
59.973 -104 -1723073393
60.000 -77 -1723073393
60.027 -55 -1723073393
60.053 -35 -1723073393
60.080 -17 -1723073393
60.107 -7 -1723073393
60.133 0 -1723073393
60.160 10 -1723073393
60.187 16 -1723073393
60.213 16 -1723073393
60.240 16 -1723073393
60.267 14 -1723073393
60.293 5 -1723073393
60.320 -8 -1723073393
60.347 -21 -1723073393
60.373 -38 -1723073393
60.400 -56 -1723073393
60.427 -70 -1723073393
60.453 -86 -1723073393
60.480 -105 -1723073393
60.507 -118 -1723073393
60.533 -130 -1723073393
60.560 -145 -1723073393
60.587 -155 -1723073393
60.613 -163 -1723073393
60.640 -176 -1723073393
60.667 -184 -1723073393
60.693 -185 -1723073393
60.720 -189 -1723073393
60.747 -197 -1723073393
60.773 -198 -1723073393
60.800 -199 -1723073393
60.827 -203 -1723073393
60.853 -195 -1723073393
60.880 -177 -1723073393
60.907 -160 -1723073393
60.933 -141 -1723073393
60.960 -114 -1723073393
60.987 -92 -1723073393
61.013 -77 -1723073393
61.040 -61 -1723073393
61.067 -51 -1723073393
61.093 -49 -1723073393
61.120 -42 -1723073393
61.147 -33 -1723073393
61.173 -37 -1723073393
61.200 -47 -1723073393
61.227 -52 -1723073393
61.253 -62 -1723073393
61.280 -79 -1723073393
61.307 -93 -1723073393
61.333 -111 -1723073393
61.360 -134 -1723073393
61.387 -153 -1723073393
61.413 -173 -1723073393
61.440 -198 -1723073393
61.467 -218 -1723073393
61.493 -229 -1723073393
61.520 -243 -1723073393
61.547 -255 -1723073393
61.573 -253 -1723073393
61.600 -248 -1723073393
61.627 -245 -1723073393
61.653 -227 -1723073393
61.680 -202 -1723073393
61.707 -183 -1723073393
61.733 -156 -1723073393
61.760 -120 -1723073393
61.787 -88 -1723073393
61.813 -58 -1723073393
61.840 -22 -1723073393
61.867 7 -1723073393
61.893 27 -1723073393
61.920 48 -1723073393
61.947 61 -1723073393
61.973 62 -1723073393
62.000 56 -1723073393
62.027 47 -1723073393
62.053 28 -1723073393
62.080 3 -1723073393
62.107 -20 -1723073393
62.133 -50 -1723073393
62.160 -86 -1723073393
62.187 -120 -1723073393
62.213 -158 -1723073393
62.240 -198 -1723073393
62.267 -229 -1723073393
62.293 -251 -1723073393
62.320 -273 -1723073393
62.347 -281 -1723073393
62.373 -272 -1723073393
62.400 -259 -1723073393
62.427 -245 -1723073393
62.453 -220 -1723073393
62.480 -193 -1723073393
62.507 -174 -1723073393
62.533 -150 -1723073393
62.560 -116 -1723073393
62.587 -88 -1723073393
62.613 -60 -1723073393
62.640 -29 -1723073393
62.667 -5 -1723073393
62.693 10 -1723073393
62.720 29 -1723073393
62.747 42 -1723073393
62.773 47 -1723073393
62.800 48 -1723073393
62.827 43 -1723073393
62.853 29 -1723073393
62.880 10 -1723073393
62.907 -12 -1723073393
62.933 -41 -1723073393
62.960 -74 -1723073393
62.987 -107 -1723073393
63.013 -143 -1723073393
63.040 -184 -1723073393
63.067 -224 -1723073393
63.093 -259 -1723073393
63.120 -297 -1723073393
63.147 -331 -1723073393
63.173 -352 -1723073393
63.200 -367 -1723073393
63.227 -383 -1723073393
63.253 -387 -1723073393
63.280 -382 -1723073393
63.307 -383 -1723073393
63.333 -382 -1723073393
63.360 -363 -1723073393
63.387 -347 -1723073393
63.413 -336 -1723073393
63.440 -311 -1723073393
63.467 -278 -1723073393
63.493 -254 -1723073393
63.520 -225 -1723073393
63.547 -188 -1723073393
63.573 -162 -1723073393
63.600 -140 -1723073393
63.627 -110 -1723073393
63.653 -82 -1723073393
63.680 -62 -1723073393
63.707 -44 -1723073393
63.733 -32 -1723073393
63.760 -32 -1723073393
63.787 -36 -1723073393
63.813 -44 -1723073393
63.840 -57 -1723073393
63.867 -70 -1723073393
63.893 -81 -1723073393
63.920 -92 -1723073393
63.947 -101 -1723073393
63.973 -105 -1723073393
64.000 -108 -1723073393
64.027 -109 -1723073393
64.053 -102 -1723073393
64.080 -91 -1723073393
64.107 -83 -1723073393
64.133 -73 -1723073393
64.160 -62 -1723073393
64.187 -54 -1723073393
64.213 -39 -1723073393
64.240 -16 -1723073393
64.267 9 -1723073393
64.293 30 -1723073393
64.320 46 -1723073393
64.347 56 -1723073393
64.373 61 -1723073393
64.400 69 -1723073393
64.427 76 -1723073393
64.453 81 -1723073393
64.480 86 -1723073393
64.507 89 -1723073393
64.533 93 -1723073393
64.560 96 -1723073393
64.587 98 -1723073393
64.613 102 -1723073393
64.640 102 -1723073393
64.667 98 -1723073393
64.693 95 -1723073393
64.720 88 -1723073393
64.747 77 -1723073393
64.773 67 -1723073393
64.800 57 -1723073393
64.827 46 -1723073393
64.853 35 -1723073393
64.880 20 -1723073393
64.907 6 -1723073393
64.933 0 -1723073393
64.960 0 -1723073393
64.987 0 -1723073393
65.013 1 -1723073393
65.040 7 -1723073393
65.067 16 -1723073393
65.093 28 -1723073393
65.120 43 -1723073393
65.147 62 -1723073393
65.173 82 -1723073393
65.200 107 -1723073393
65.227 137 -1723073393
65.253 170 -1723073393
65.280 200 -1723073393
65.307 228 -1723073393
65.333 254 -1723073393
65.360 278 -1723073393
65.387 302 -1723073393
65.413 321 -1723073393
65.440 337 -1723073393
65.467 351 -1723073393
65.493 360 -1723073393
65.520 365 -1723073393
65.547 372 -1723073393
65.573 371 -1723073393
65.600 358 -1723073393
65.627 346 -1723073393
65.653 332 -1723073393
65.680 317 -1723073393
65.707 306 -1723073393
65.733 299 -1723073393
65.760 288 -1723073393
65.787 272 -1723073393
65.813 260 -1723073393
65.840 251 -1723073393
65.867 242 -1723073393
65.893 235 -1723073393
65.920 228 -1723073393
65.947 222 -1723073393
65.973 221 -1723073393
66.000 225 -1723073393
66.027 232 -1723073393
66.053 238 -1723073393
66.080 243 -1723073393
66.107 246 -1723073393
66.133 246 -1723073393
66.160 249 -1723073393
66.187 254 -1723073393
66.213 257 -1723073393
66.240 258 -1723073393
66.267 259 -1723073393
66.293 258 -1723073393
66.320 254 -1723073393
66.347 251 -1723073393
66.373 252 -1723073393
66.400 251 -1723073393
66.427 246 -1723073393
66.453 238 -1723073393
66.480 231 -1723073393
66.507 228 -1723073393
66.533 226 -1723073393
66.560 228 -1723073393
66.587 234 -1723073393
66.613 240 -1723073393
66.640 247 -1723073393
66.667 257 -1723073393
66.693 268 -1723073393
66.720 279 -1723073393
66.747 288 -1723073393
66.773 298 -1723073393
66.800 309 -1723073393
66.827 321 -1723073393
66.853 331 -1723073393
66.880 340 -1723073393
66.907 354 -1723073393
66.933 366 -1723073393
66.960 377 -1723073393
66.987 393 -1723073393
67.013 407 -1723073393
67.040 415 -1723073393
67.067 425 -1723073393
67.093 438 -1723073393
67.120 445 -1723073393
67.147 450 -1723073393
67.173 454 -1723073393
67.200 453 -1723073393
67.227 453 -1723073393
67.253 459 -1723073393
67.280 457 -1723073393
67.307 449 -1723073393
67.333 449 -1723073393
67.360 446 -1723073393
67.387 433 -1723073393
67.413 425 -1723073393
67.440 423 -1723073393
67.467 421 -1723073393
67.493 420 -1723073393
67.520 424 -1723073393
67.547 425 -1723073393
67.573 424 -1723073393
67.600 429 -1723073393
67.627 435 -1723073393
67.653 434 -1723073393
67.680 434 -1723073393
67.707 434 -1723073393
67.733 424 -1723073393
67.760 410 -1723073393
67.787 397 -1723073393
67.813 374 -1723073393
67.840 343 -1723073393
67.867 317 -1723073393
67.893 294 -1723073393
67.920 268 -1723073393
67.947 247 -1723073393
67.973 233 -1723073393
68.000 216 -1723073393
68.027 201 -1723073393
68.053 193 -1723073393
68.080 189 -1723073393
68.107 188 -1723073393
68.133 190 -1723073393
68.160 194 -1723073393
68.187 198 -1723073393
68.213 205 -1723073393
68.240 215 -1723073393
68.267 226 -1723073393
68.293 237 -1723073393
68.320 251 -1723073393
68.347 262 -1723073393
68.373 268 -1723073393
68.400 275 -1723073393
68.427 281 -1723073393
68.453 283 -1723073393
68.480 285 -1723073393
68.507 289 -1723073393
68.533 289 -1723073393
68.560 287 -1723073393
68.587 285 -1723073393
68.613 282 -1723073393
68.640 278 -1723073393
68.667 277 -1723073393
68.693 277 -1723073393
68.720 275 -1723073393
68.747 276 -1723073393
68.773 282 -1723073393
68.800 287 -1723073393
68.827 290 -1723073393
68.853 295 -1723073393
68.880 301 -1723073393
68.907 305 -1723073393
68.933 316 -1723073393
68.960 329 -1723073393
68.987 340 -1723073393
69.013 349 -1723073393
69.040 360 -1723073393
69.067 367 -1723073393
69.093 373 -1723073393
69.120 386 -1723073393
69.147 398 -1723073393
69.173 407 -1723073393
69.200 414 -1723073393
69.227 413 -1723073393
69.253 406 -1723073393
69.280 399 -1723073393
69.307 395 -1723073393
69.333 393 -1723073393
69.360 386 -1723073393
69.387 377 -1723073393
69.413 368 -1723073393
69.440 356 -1723073393
69.467 344 -1723073393
69.493 331 -1723073393
69.520 316 -1723073393
69.547 300 -1723073393
69.573 287 -1723073393
69.600 277 -1723073393
69.627 266 -1723073393
69.653 255 -1723073393
69.680 247 -1723073393
69.707 238 -1723073393
69.733 227 -1723073393
69.760 220 -1723073393
69.787 213 -1723073393
69.813 207 -1723073393
69.840 206 -1723073393
69.867 210 -1723073393
69.893 214 -1723073393
69.920 217 -1723073393
69.947 223 -1723073393
69.973 234 -1723073393
70.000 246 -1723073393
70.027 260 -1723073393
70.053 277 -1723073393
70.080 289 -1723073393
70.107 296 -1723073393
70.133 303 -1723073393
70.160 308 -1723073393
70.187 307 -1723073393
70.213 305 -1723073393
70.240 303 -1723073393
70.267 296 -1723073393
70.293 289 -1723073393
70.320 277 -1723073393
70.347 261 -1723073393
70.373 250 -1723073393
70.400 244 -1723073393
70.427 238 -1723073393
70.453 233 -1723073393
70.480 233 -1723073393
70.507 230 -1723073393
70.533 228 -1723073393
70.560 234 -1723073393
70.587 246 -1723073393
70.613 256 -1723073393
70.640 267 -1723073393
70.667 282 -1723073393
70.693 296 -1723073393
70.720 309 -1723073393
70.747 325 -1723073393
70.773 339 -1723073393
70.800 353 -1723073393
70.827 369 -1723073393
70.853 382 -1723073393
70.880 386 -1723073393
70.907 394 -1723073393
70.933 407 -1723073393
70.960 414 -1723073393
70.987 416 -1723073393
71.013 422 -1723073393
71.040 427 -1723073393
71.067 431 -1723073393
71.093 435 -1723073393
71.120 432 -1723073393
71.147 420 -1723073393
71.173 410 -1723073393
71.200 402 -1723073393
71.227 388 -1723073393
71.253 372 -1723073393
71.280 362 -1723073393
71.307 346 -1723073393
71.333 323 -1723073393
71.360 305 -1723073393
71.387 286 -1723073393
71.413 263 -1723073393
71.440 243 -1723073393
71.467 228 -1723073393
71.493 215 -1723073393
71.520 204 -1723073393
71.547 197 -1723073393
71.573 188 -1723073393
71.600 179 -1723073393
71.627 173 -1723073393
71.653 176 -1723073393
71.680 182 -1723073393
71.707 188 -1723073393
71.733 197 -1723073393
71.760 207 -1723073393
71.787 217 -1723073393
71.813 231 -1723073393
71.840 245 -1723073393
71.867 257 -1723073393
71.893 267 -1723073393
71.920 277 -1723073393
71.947 284 -1723073393
71.973 289 -1723073393
72.000 294 -1723073393
72.027 296 -1723073393
72.053 297 -1723073393
72.080 302 -1723073393
72.107 301 -1723073393
72.133 292 -1723073393
72.160 284 -1723073393
72.187 275 -1723073393
72.213 261 -1723073393
72.240 252 -1723073393
72.267 252 -1723073393
72.293 248 -1723073393
72.320 235 -1723073393
72.347 228 -1723073393
72.373 224 -1723073393
72.400 217 -1723073393
72.427 211 -1723073393
72.453 208 -1723073393
72.480 202 -1723073393
72.507 198 -1723073393
72.533 202 -1723073393
72.560 205 -1723073393
72.587 203 -1723073393
72.613 200 -1723073393
72.640 200 -1723073393
72.667 200 -1723073393
72.693 199 -1723073393
72.720 195 -1723073393
72.747 189 -1723073393
72.773 185 -1723073393
72.800 185 -1723073393
72.827 183 -1723073393
72.853 179 -1723073393
72.880 179 -1723073393
72.907 180 -1723073393
72.933 178 -1723073393
72.960 177 -1723073393
72.987 175 -1723073393
73.013 175 -1723073393
73.040 180 -1723073393
73.067 190 -1723073393
73.093 202 -1723073393
73.120 218 -1723073393
73.147 236 -1723073393
73.173 253 -1723073393
73.200 266 -1723073393
73.227 281 -1723073393
73.253 296 -1723073393
73.280 305 -1723073393
73.307 310 -1723073393
73.333 318 -1723073393
73.360 325 -1723073393
73.387 330 -1723073393
73.413 335 -1723073393
73.440 337 -1723073393
73.467 334 -1723073393
73.493 332 -1723073393
73.520 328 -1723073393
73.547 321 -1723073393
73.573 318 -1723073393
73.600 317 -1723073393
73.627 314 -1723073393
73.653 314 -1723073393
73.680 320 -1723073393
73.707 324 -1723073393
73.733 320 -1723073393
73.760 310 -1723073393
73.787 299 -1723073393
73.813 285 -1723073393
73.840 268 -1723073393
73.867 254 -1723073393
73.893 238 -1723073393
73.920 217 -1723073393
73.947 195 -1723073393
73.973 173 -1723073393
74.000 151 -1723073393
74.027 132 -1723073393
74.053 114 -1723073393
74.080 95 -1723073393
74.107 77 -1723073393
74.133 63 -1723073393
74.160 57 -1723073393
74.187 57 -1723073393
74.213 60 -1723073393
74.240 69 -1723073393
74.267 83 -1723073393
74.293 94 -1723073393
74.320 107 -1723073393
74.347 129 -1723073393
74.373 151 -1723073393
74.400 170 -1723073393
74.427 191 -1723073393
74.453 211 -1723073393
74.480 229 -1723073393
74.507 247 -1723073393
74.533 262 -1723073393
74.560 272 -1723073393
74.587 277 -1723073393
74.613 280 -1723073393
74.640 287 -1723073393
74.667 293 -1723073393
74.693 294 -1723073393
74.720 293 -1723073393
74.747 290 -1723073393
74.773 284 -1723073393
74.800 276 -1723073393
74.827 269 -1723073393
74.853 266 -1723073393
74.880 264 -1723073393
74.907 261 -1723073393
74.933 265 -1723073393
74.960 271 -1723073393
74.987 279 -1723073393
75.013 287 -1723073393
75.040 287 -1723073393
75.067 280 -1723073393
75.093 273 -1723073393
75.120 263 -1723073393
75.147 250 -1723073393
75.173 238 -1723073393
75.200 234 -1723073393
75.227 227 -1723073393
75.253 221 -1723073393
75.280 221 -1723073393
75.307 225 -1723073393
75.333 230 -1723073393
75.360 236 -1723073393
75.387 243 -1723073393
75.413 250 -1723073393
75.440 261 -1723073393
75.467 277 -1723073393
75.493 287 -1723073393
75.520 292 -1723073393
75.547 294 -1723073393
75.573 291 -1723073393
75.600 283 -1723073393
75.627 275 -1723073393
75.653 263 -1723073393
75.680 245 -1723073393
75.707 229 -1723073393
75.733 215 -1723073393
75.760 202 -1723073393
75.787 192 -1723073393
75.813 184 -1723073393
75.840 176 -1723073393
75.867 164 -1723073393
75.893 158 -1723073393
75.920 152 -1723073393
75.947 145 -1723073393
75.973 147 -1723073393
76.000 159 -1723073393
76.027 173 -1723073393
76.053 183 -1723073393
76.080 194 -1723073393
76.107 206 -1723073393
76.133 216 -1723073393
76.160 228 -1723073393
76.187 242 -1723073393
76.213 254 -1723073393
76.240 263 -1723073393
76.267 274 -1723073393
76.293 286 -1723073393
76.320 298 -1723073393
76.347 310 -1723073393
76.373 318 -1723073393
76.400 327 -1723073393
76.427 339 -1723073393
76.453 350 -1723073393
76.480 356 -1723073393
76.507 365 -1723073393
76.533 372 -1723073393
76.560 373 -1723073393
76.587 376 -1723073393
76.613 381 -1723073393
76.640 379 -1723073393
76.667 375 -1723073393
76.693 376 -1723073393
76.720 373 -1723073393
76.747 363 -1723073393
76.773 356 -1723073393
76.800 350 -1723073393
76.827 337 -1723073393
76.853 328 -1723073393
76.880 323 -1723073393
76.907 314 -1723073393
76.933 302 -1723073393
76.960 298 -1723073393
76.987 298 -1723073393
77.013 297 -1723073393
77.040 298 -1723073393
77.067 301 -1723073393
77.093 305 -1723073393
77.120 312 -1723073393
77.147 319 -1723073393
77.173 326 -1723073393
77.200 336 -1723073393
77.227 348 -1723073393
77.253 362 -1723073393
77.280 375 -1723073393
77.307 386 -1723073393
77.333 393 -1723073393
77.360 396 -1723073393
77.387 399 -1723073393
77.413 402 -1723073393
77.440 406 -1723073393
77.467 410 -1723073393
77.493 412 -1723073393
77.520 405 -1723073393
77.547 391 -1723073393
77.573 375 -1723073393
77.600 357 -1723073393
77.627 337 -1723073393
77.653 315 -1723073393
77.680 292 -1723073393
77.707 268 -1723073393
77.733 243 -1723073393
77.760 218 -1723073393
77.787 192 -1723073393
77.813 167 -1723073393
77.840 147 -1723073393
77.867 139 -1723073393
77.893 140 -1723073393
77.920 142 -1723073393
77.947 149 -1723073393
77.973 159 -1723073393
78.000 167 -1723073393
78.027 176 -1723073393
78.053 189 -1723073393
78.080 203 -1723073393
78.107 217 -1723073393
78.133 231 -1723073393
78.160 243 -1723073393
78.187 254 -1723073393
78.213 266 -1723073393
78.240 276 -1723073393
78.267 280 -1723073393
78.293 281 -1723073393
78.320 274 -1723073393
78.347 265 -1723073393
78.373 260 -1723073393
78.400 255 -1723073393
78.427 247 -1723073393
78.453 242 -1723073393
78.480 235 -1723073393
78.507 226 -1723073393
78.533 216 -1723073393
78.560 199 -1723073393
78.587 182 -1723073393
78.613 168 -1723073393
78.640 161 -1723073393
78.667 157 -1723073393
78.693 155 -1723073393
78.720 157 -1723073393
78.747 160 -1723073393
78.773 163 -1723073393
78.800 169 -1723073393
78.827 178 -1723073393
78.853 186 -1723073393
78.880 191 -1723073393
78.907 203 -1723073393
78.933 214 -1723073393
78.960 220 -1723073393
78.987 226 -1723073393
79.013 229 -1723073393
79.040 226 -1723073393
79.067 223 -1723073393
79.093 222 -1723073393
79.120 215 -1723073393
79.147 210 -1723073393
79.173 207 -1723073393
79.200 200 -1723073393
79.227 191 -1723073393
79.253 180 -1723073393
79.280 165 -1723073393
79.307 146 -1723073393
79.333 128 -1723073393
79.360 112 -1723073393
79.387 94 -1723073393
79.413 76 -1723073393
79.440 64 -1723073393
79.467 51 -1723073393
79.493 38 -1723073393
79.520 33 -1723073393
79.547 33 -1723073393
79.573 31 -1723073393
79.600 34 -1723073393
79.627 46 -1723073393
79.653 57 -1723073393
79.680 71 -1723073393
79.707 94 -1723073393
79.733 115 -1723073393
79.760 135 -1723073393
79.787 163 -1723073393
79.813 190 -1723073393
79.840 213 -1723073393
79.867 238 -1723073393
79.893 260 -1723073393
79.920 278 -1723073393
79.947 296 -1723073393
79.973 312 -1723073393
80.000 323 -1723073393
80.027 333 -1723073393
80.053 345 -1723073393
80.080 354 -1723073393
80.107 360 -1723073393
80.133 362 -1723073393
80.160 360 -1723073393
80.187 356 -1723073393
80.213 352 -1723073393
80.240 342 -1723073393
80.267 332 -1723073393
80.293 327 -1723073393
80.320 323 -1723073393
80.347 312 -1723073393
80.373 302 -1723073393
80.400 294 -1723073393
80.427 282 -1723073393
80.453 271 -1723073393
80.480 265 -1723073393
80.507 255 -1723073393
80.533 247 -1723073393
80.560 243 -1723073393
80.587 237 -1723073393
80.613 232 -1723073393
80.640 236 -1723073393
80.667 243 -1723073393
80.693 242 -1723073393
80.720 242 -1723073393
80.747 247 -1723073393
80.773 245 -1723073393
80.800 244 -1723073393
80.827 249 -1723073393
80.853 253 -1723073393
80.880 254 -1723073393
80.907 257 -1723073393
80.933 256 -1723073393
80.960 251 -1723073393
80.987 250 -1723073393
81.013 247 -1723073393
81.040 237 -1723073393
81.067 226 -1723073393
81.093 215 -1723073393
81.120 204 -1723073393
81.147 197 -1723073393
81.173 191 -1723073393
81.200 182 -1723073393
81.227 170 -1723073393
81.253 158 -1723073393
81.280 145 -1723073393
81.307 133 -1723073393
81.333 127 -1723073393
81.360 125 -1723073393
81.387 129 -1723073393
81.413 143 -1723073393
81.440 161 -1723073393
81.467 177 -1723073393
81.493 192 -1723073393
81.520 203 -1723073393
81.547 210 -1723073393
81.573 221 -1723073393
81.600 237 -1723073393
81.627 251 -1723073393
81.653 265 -1723073393
81.680 281 -1723073393
81.707 294 -1723073393
81.733 303 -1723073393
81.760 314 -1723073393
81.787 327 -1723073393
81.813 338 -1723073393
81.840 342 -1723073393
81.867 339 -1723073393
81.893 336 -1723073393
81.920 331 -1723073393
81.947 323 -1723073393
81.973 311 -1723073393
82.000 296 -1723073393
82.027 282 -1723073393
82.053 268 -1723073393
82.080 251 -1723073393
82.107 236 -1723073393
82.133 230 -1723073393
82.160 229 -1723073393
82.187 229 -1723073393
82.213 228 -1723073393
82.240 227 -1723073393
82.267 231 -1723073393
82.293 243 -1723073393
82.320 258 -1723073393
82.347 270 -1723073393
82.373 284 -1723073393
82.400 295 -1723073393
82.427 301 -1723073393
82.453 307 -1723073393
82.480 311 -1723073393
82.507 315 -1723073393
82.533 323 -1723073393
82.560 327 -1723073393
82.587 333 -1723073393
82.613 337 -1723073393
82.640 333 -1723073393
82.667 329 -1723073393
82.693 327 -1723073393
82.720 324 -1723073393
82.747 323 -1723073393
82.773 322 -1723073393
82.800 317 -1723073393
82.827 304 -1723073393
82.853 292 -1723073393
82.880 280 -1723073393
82.907 264 -1723073393
82.933 250 -1723073393
82.960 236 -1723073393
82.987 218 -1723073393
83.013 202 -1723073393
83.040 194 -1723073393
83.067 186 -1723073393
83.093 181 -1723073393
83.120 180 -1723073393
83.147 180 -1723073393
83.173 180 -1723073393
83.200 187 -1723073393
83.227 196 -1723073393
83.253 197 -1723073393
83.280 202 -1723073393
83.307 208 -1723073393
83.333 210 -1723073393
83.360 212 -1723073393
83.387 216 -1723073393
83.413 213 -1723073393
83.440 210 -1723073393
83.467 210 -1723073393
83.493 207 -1723073393
83.520 204 -1723073393
83.547 209 -1723073393
83.573 215 -1723073393
83.600 220 -1723073393
83.627 228 -1723073393
83.653 231 -1723073393
83.680 230 -1723073393
83.707 235 -1723073393
83.733 240 -1723073393
83.760 244 -1723073393
83.787 253 -1723073393
83.813 266 -1723073393
83.840 278 -1723073393
83.867 291 -1723073393
83.893 300 -1723073393
83.920 306 -1723073393
83.947 311 -1723073393
83.973 314 -1723073393
84.000 315 -1723073393
84.027 315 -1723073393
84.053 314 -1723073393
84.080 308 -1723073393
84.107 298 -1723073393
84.133 288 -1723073393
84.160 274 -1723073393
84.187 262 -1723073393
84.213 260 -1723073393
84.240 255 -1723073393
84.267 246 -1723073393
84.293 245 -1723073393
84.320 247 -1723073393
84.347 247 -1723073393
84.373 244 -1723073393
84.400 238 -1723073393
84.427 234 -1723073393
84.453 232 -1723073393
84.480 232 -1723073393
84.507 232 -1723073393
84.533 233 -1723073393
84.560 234 -1723073393
84.587 229 -1723073393
84.613 222 -1723073393
84.640 217 -1723073393
84.667 206 -1723073393
84.693 197 -1723073393
84.720 190 -1723073393
84.747 178 -1723073393
84.773 167 -1723073393
84.800 163 -1723073393
84.827 161 -1723073393
84.853 159 -1723073393
84.880 161 -1723073393
84.907 159 -1723073393
84.933 160 -1723073393
84.960 165 -1723073393
84.987 164 -1723073393
85.013 161 -1723073393
85.040 169 -1723073393
85.067 177 -1723073393
85.093 181 -1723073393
85.120 187 -1723073393
85.147 196 -1723073393
85.173 203 -1723073393
85.200 215 -1723073393
85.227 230 -1723073393
85.253 237 -1723073393
85.280 243 -1723073393
85.307 252 -1723073393
85.333 258 -1723073393
85.360 263 -1723073393
85.387 268 -1723073393
85.413 270 -1723073393
85.440 273 -1723073393
85.467 280 -1723073393
85.493 283 -1723073393
85.520 284 -1723073393
85.547 287 -1723073393
85.573 289 -1723073393
85.600 291 -1723073393
85.627 293 -1723073393
85.653 292 -1723073393
85.680 287 -1723073393
85.707 281 -1723073393
85.733 272 -1723073393
85.760 262 -1723073393
85.787 257 -1723073393
85.813 252 -1723073393
85.840 252 -1723073393
85.867 254 -1723073393
85.893 250 -1723073393
85.920 246 -1723073393
85.947 246 -1723073393
85.973 247 -1723073393
86.000 244 -1723073393
86.027 243 -1723073393
86.053 241 -1723073393
86.080 232 -1723073393
86.107 225 -1723073393
86.133 221 -1723073393
86.160 215 -1723073393
86.187 210 -1723073393
86.213 207 -1723073393
86.240 204 -1723073393
86.267 203 -1723073393
86.293 202 -1723073393
86.320 196 -1723073393
86.347 192 -1723073393
86.373 192 -1723073393
86.400 187 -1723073393
86.427 184 -1723073393
86.453 186 -1723073393
86.480 185 -1723073393
86.507 187 -1723073393
86.533 186 -1723073393
86.560 185 -1723073393
86.587 188 -1723073393
86.613 195 -1723073393
86.640 199 -1723073393
86.667 203 -1723073393
86.693 207 -1723073393
86.720 212 -1723073393
86.747 218 -1723073393
86.773 223 -1723073393
86.800 226 -1723073393
86.827 230 -1723073393
86.853 231 -1723073393
86.880 227 -1723073393
86.907 227 -1723073393
86.933 228 -1723073393
86.960 225 -1723073393
86.987 221 -1723073393
87.013 215 -1723073393
87.040 207 -1723073393
87.067 205 -1723073393
87.093 207 -1723073393
87.120 207 -1723073393
87.147 205 -1723073393
87.173 209 -1723073393
87.200 214 -1723073393
87.227 219 -1723073393
87.253 218 -1723073393
87.280 220 -1723073393
87.307 228 -1723073393
87.333 235 -1723073393
87.360 239 -1723073393
87.387 242 -1723073393
87.413 242 -1723073393
87.440 242 -1723073393
87.467 246 -1723073393
87.493 247 -1723073393
87.520 243 -1723073393
87.547 242 -1723073393
87.573 242 -1723073393
87.600 243 -1723073393
87.627 247 -1723073393
87.653 253 -1723073393
87.680 260 -1723073393
87.707 264 -1723073393
87.733 257 -1723073393
87.760 247 -1723073393
87.787 241 -1723073393
87.813 238 -1723073393
87.840 231 -1723073393
87.867 227 -1723073393
87.893 224 -1723073393
87.920 218 -1723073393
87.947 219 -1723073393
87.973 220 -1723073393
88.000 214 -1723073393
88.027 210 -1723073393
88.053 213 -1723073393
88.080 214 -1723073393
88.107 219 -1723073393
88.133 224 -1723073393
88.160 220 -1723073393
88.187 219 -1723073393
88.213 226 -1723073393
88.240 227 -1723073393
88.267 228 -1723073393
88.293 228 -1723073393
88.320 221 -1723073393
88.347 217 -1723073393
88.373 215 -1723073393
88.400 207 -1723073393
88.427 196 -1723073393
88.453 183 -1723073393
88.480 168 -1723073393
88.507 154 -1723073393
88.533 138 -1723073393
88.560 118 -1723073393
88.587 101 -1723073393
88.613 92 -1723073393
88.640 78 -1723073393
88.667 72 -1723073393
88.693 74 -1723073393
88.720 71 -1723073393
88.747 73 -1723073393
88.773 78 -1723073393
88.800 82 -1723073393
88.827 98 -1723073393
88.853 114 -1723073393
88.880 121 -1723073393
88.907 136 -1723073393
88.933 148 -1723073393
88.960 152 -1723073393
88.987 160 -1723073393
89.013 169 -1723073393
89.040 175 -1723073393
89.067 183 -1723073393
89.093 188 -1723073393
89.120 186 -1723073393
89.147 190 -1723073393
89.173 189 -1723073393
89.200 185 -1723073393
89.227 187 -1723073393
89.253 189 -1723073393
89.280 189 -1723073393
89.307 195 -1723073393
89.333 198 -1723073393
89.360 198 -1723073393
89.387 207 -1723073393
89.413 212 -1723073393
89.440 213 -1723073393
89.467 209 -1723073393
89.493 197 -1723073393
89.520 189 -1723073393
89.547 185 -1723073393
89.573 177 -1723073393
89.600 172 -1723073393
89.627 172 -1723073393
89.653 165 -1723073393
89.680 159 -1723073393
89.707 153 -1723073393
89.733 142 -1723073393
89.760 140 -1723073393
89.787 142 -1723073393
89.813 140 -1723073393
89.840 144 -1723073393
89.867 147 -1723073393
89.893 141 -1723073393
89.920 140 -1723073393
89.947 143 -1723073393
89.973 146 -1723073393
90.000 154 -1723073393
90.027 157 -1723073393
90.053 155 -1723073393
90.080 159 -1723073393
90.107 163 -1723073393
90.133 162 -1723073393
90.160 167 -1723073393
90.187 170 -1723073393
90.213 166 -1723073393
90.240 168 -1723073393
90.267 171 -1723073393
90.293 168 -1723073393
90.320 171 -1723073393
90.347 170 -1723073393
90.373 163 -1723073393
90.400 158 -1723073393
90.427 152 -1723073393
90.453 144 -1723073393
90.480 145 -1723073393
90.507 150 -1723073393
90.533 163 -1723073393
90.560 179 -1723073393
90.587 187 -1723073393
90.613 196 -1723073393
90.640 207 -1723073393
90.667 215 -1723073393
90.693 223 -1723073393
90.720 234 -1723073393
90.747 241 -1723073393
90.773 249 -1723073393
90.800 260 -1723073393
90.827 273 -1723073393
90.853 288 -1723073393
90.880 299 -1723073393
90.907 309 -1723073393
90.933 321 -1723073393
90.960 334 -1723073393
90.987 349 -1723073393
91.013 364 -1723073393
91.040 377 -1723073393
91.067 389 -1723073393
91.093 396 -1723073393
91.120 396 -1723073393
91.147 396 -1723073393
91.173 390 -1723073393
91.200 379 -1723073393
91.227 370 -1723073393
91.253 364 -1723073393
91.280 358 -1723073393
91.307 352 -1723073393
91.333 341 -1723073393
91.360 328 -1723073393
91.387 323 -1723073393
91.413 313 -1723073393
91.440 302 -1723073393
91.467 294 -1723073393
91.493 281 -1723073393
91.520 277 -1723073393
91.547 280 -1723073393
91.573 281 -1723073393
91.600 284 -1723073393
91.627 292 -1723073393
91.653 299 -1723073393
91.680 315 -1723073393
91.707 332 -1723073393
91.733 338 -1723073393
91.760 343 -1723073393
91.787 346 -1723073393
91.813 350 -1723073393
91.840 364 -1723073393
91.867 375 -1723073393
91.893 387 -1723073393
91.920 398 -1723073393
91.947 399 -1723073393
91.973 404 -1723073393
92.000 408 -1723073393
92.027 400 -1723073393
92.053 395 -1723073393
92.080 387 -1723073393
92.107 378 -1723073393
92.133 369 -1723073393
92.160 349 -1723073393
92.187 328 -1723073393
92.213 316 -1723073393
92.240 304 -1723073393
92.267 297 -1723073393
92.293 293 -1723073393
92.320 288 -1723073393
92.347 283 -1723073393
92.373 277 -1723073393
92.400 279 -1723073393
92.427 288 -1723073393
92.453 296 -1723073393
92.480 305 -1723073393
92.507 320 -1723073393
92.533 332 -1723073393
92.560 344 -1723073393
92.587 351 -1723073393
92.613 352 -1723073393
92.640 355 -1723073393
92.667 358 -1723073393
92.693 362 -1723073393
92.720 369 -1723073393
92.747 373 -1723073393
92.773 377 -1723073393
92.800 381 -1723073393
92.827 379 -1723073393
92.853 374 -1723073393
92.880 370 -1723073393
92.907 366 -1723073393
92.933 371 -1723073393
92.960 377 -1723073393
92.987 378 -1723073393
93.013 382 -1723073393
93.040 385 -1723073393
93.067 383 -1723073393
93.093 379 -1723073393
93.120 373 -1723073393
93.147 369 -1723073393
93.173 369 -1723073393
93.200 364 -1723073393
93.227 363 -1723073393
93.253 361 -1723073393
93.280 358 -1723073393
93.307 359 -1723073393
93.333 356 -1723073393
93.360 354 -1723073393
93.387 351 -1723073393
93.413 344 -1723073393
93.440 346 -1723073393
93.467 349 -1723073393
93.493 347 -1723073393
93.520 351 -1723073393
93.547 355 -1723073393
93.573 359 -1723073393
93.600 368 -1723073393
93.627 375 -1723073393
93.653 380 -1723073393
93.680 384 -1723073393
93.707 384 -1723073393
93.733 383 -1723073393
93.760 383 -1723073393
93.787 379 -1723073393
93.813 368 -1723073393
93.840 352 -1723073393
93.867 339 -1723073393
93.893 328 -1723073393
93.920 317 -1723073393
93.947 303 -1723073393
93.973 287 -1723073393
94.000 273 -1723073393
94.027 269 -1723073393
94.053 267 -1723073393
94.080 265 -1723073393
94.107 264 -1723073393
94.133 263 -1723073393
94.160 265 -1723073393
94.187 267 -1723073393
94.213 269 -1723073393
94.240 280 -1723073393
94.267 290 -1723073393
94.293 300 -1723073393
94.320 313 -1723073393
94.347 320 -1723073393
94.373 332 -1723073393
94.400 349 -1723073393
94.427 357 -1723073393
94.453 363 -1723073393
94.480 364 -1723073393
94.507 366 -1723073393
94.533 376 -1723073393
94.560 386 -1723073393
94.587 390 -1723073393
94.613 388 -1723073393
94.640 380 -1723073393
94.667 373 -1723073393
94.693 369 -1723073393
94.720 366 -1723073393
94.747 368 -1723073393
94.773 363 -1723073393
94.800 351 -1723073393
94.827 338 -1723073393
94.853 325 -1723073393
94.880 314 -1723073393
94.907 308 -1723073393
94.933 306 -1723073393
94.960 302 -1723073393
94.987 301 -1723073393
95.013 297 -1723073393
95.040 284 -1723073393
95.067 276 -1723073393
95.093 270 -1723073393
95.120 264 -1723073393
95.147 261 -1723073393
95.173 257 -1723073393
95.200 258 -1723073393
95.227 256 -1723073393
95.253 249 -1723073393
95.280 247 -1723073393
95.307 245 -1723073393
95.333 252 -1723073393
95.360 257 -1723073393
95.387 254 -1723073393
95.413 251 -1723073393
95.440 240 -1723073393
95.467 231 -1723073393
95.493 224 -1723073393
95.520 210 -1723073393
95.547 203 -1723073393
95.573 187 -1723073393
95.600 171 -1723073393
95.627 160 -1723073393
95.653 147 -1723073393
95.680 146 -1723073393
95.707 144 -1723073393
95.733 139 -1723073393
95.760 135 -1723073393
95.787 126 -1723073393
95.813 128 -1723073393
95.840 130 -1723073393
95.867 130 -1723073393
95.893 135 -1723073393
95.920 138 -1723073393
95.947 148 -1723073393
95.973 154 -1723073393
96.000 161 -1723073393
96.027 173 -1723073393
96.053 175 -1723073393
96.080 186 -1723073393
96.107 191 -1723073393
96.133 190 -1723073393
96.160 192 -1723073393
96.187 190 -1723073393
96.213 196 -1723073393
96.240 196 -1723073393
96.267 196 -1723073393
96.293 195 -1723073393
96.320 189 -1723073393
96.347 190 -1723073393
96.373 185 -1723073393
96.400 180 -1723073393
96.427 178 -1723073393
96.453 173 -1723073393
96.480 166 -1723073393
96.507 151 -1723073393
96.533 139 -1723073393
96.560 131 -1723073393
96.587 128 -1723073393
96.613 128 -1723073393
96.640 119 -1723073393
96.667 117 -1723073393
96.693 113 -1723073393
96.720 112 -1723073393
96.747 107 -1723073393
96.773 97 -1723073393
96.800 98 -1723073393
96.827 91 -1723073393
96.853 92 -1723073393
96.880 90 -1723073393
96.907 86 -1723073393
96.933 84 -1723073393
96.960 72 -1723073393
96.987 75 -1723073393
97.013 73 -1723073393
97.040 77 -1723073393
97.067 84 -1723073393
97.093 81 -1723073393
97.120 88 -1723073393
97.147 86 -1723073393
97.173 92 -1723073393
97.200 92 -1723073393
97.227 89 -1723073393
97.253 93 -1723073393
97.280 89 -1723073393
97.307 93 -1723073393
97.333 86 -1723073393
97.360 83 -1723073393
97.387 79 -1723073393
97.413 69 -1723073393
97.440 65 -1723073393
97.467 54 -1723073393
97.493 58 -1723073393
97.520 58 -1723073393
97.547 60 -1723073393
97.573 61 -1723073393
97.600 55 -1723073393
97.627 61 -1723073393
97.653 48 -1723073393
97.680 46 -1723073393
97.707 41 -1723073393
97.733 41 -1723073393
97.760 39 -1723073393
97.787 36 -1723073393
97.813 47 -1723073393
97.840 50 -1723073393
97.867 58 -1723073393
97.893 60 -1723073393
97.920 72 -1723073393
97.947 73 -1723073393
97.973 75 -1723073393
98.000 77 -1723073393
98.027 71 -1723073393
98.053 75 -1723073393
98.080 74 -1723073393
98.107 87 -1723073393
98.133 91 -1723073393
98.160 94 -1723073393
98.187 95 -1723073393
98.213 99 -1723073393
98.240 99 -1723073393
98.267 92 -1723073393
98.293 87 -1723073393
98.320 79 -1723073393
98.347 82 -1723073393
98.373 79 -1723073393
98.400 80 -1723073393
98.427 79 -1723073393
98.453 75 -1723073393
98.480 65 -1723073393
98.507 48 -1723073393
98.533 47 -1723073393
98.560 34 -1723073393
98.587 31 -1723073393
98.613 27 -1723073393
98.640 33 -1723073393
98.667 28 -1723073393
98.693 30 -1723073393
98.720 23 -1723073393
98.747 21 -1723073393
98.773 24 -1723073393
98.800 22 -1723073393
98.827 34 -1723073393
98.853 37 -1723073393
98.880 47 -1723073393
98.907 42 -1723073393
98.933 47 -1723073393
98.960 34 -1723073393
98.987 28 -1723073393
99.013 25 -1723073393
99.040 26 -1723073393
99.067 20 -1723073393
99.093 8 -1723073393
99.120 -1 -1723073393
99.147 -13 -1723073393
99.173 -22 -1723073393
99.200 -34 -1723073393
99.227 -28 -1723073393
99.253 -33 -1723073393
99.280 -33 -1723073393
99.307 -52 -1723073393
99.333 -57 -1723073393
99.360 -65 -1723073393
99.387 -55 -1723073393
99.413 -55 -1723073393
99.440 -42 -1723073393
99.467 -46 -1723073393
99.493 -42 -1723073393
99.520 -38 -1723073393
99.547 -30 -1723073393
99.573 -26 -1723073393
99.600 -14 -1723073393
99.627 -16 -1723073393
99.653 -17 -1723073393
99.680 -17 -1723073393
99.707 -13 -1723073393
99.733 -4 -1723073393
99.760 3 -1723073393
99.787 9 -1723073393
99.813 7 -1723073393
99.840 18 -1723073393
99.867 27 -1723073393
99.893 36 -1723073393
99.920 45 -1723073393
99.947 62 -1723073393
99.973 72 -1723073393
100.000 0 -1723073393
