0.000 27 -1723073393
0.027 31 -1723073393
0.053 29 -1723073393
0.080 27 -1723073393
0.107 25 -1723073393
0.133 23 -1723073393
0.160 23 -1723073393
0.187 16 -1723073393
0.213 12 -1723073393
0.240 10 -1723073393
0.267 5 -1723073393
0.293 3 -1723073393
0.320 1 -1723073393
0.347 1 -1723073393
0.373 8 -1723073393
0.400 12 -1723073393
0.427 13 -1723073393
0.453 18 -1723073393
0.480 15 -1723073393
0.507 16 -1723073393
0.533 14 -1723073393
0.560 13 -1723073393
0.587 17 -1723073393
0.613 18 -1723073393
0.640 18 -1723073393
0.667 19 -1723073393
0.693 16 -1723073393
0.720 14 -1723073393
0.747 15 -1723073393
0.773 12 -1723073393
0.800 13 -1723073393
0.827 15 -1723073393
0.853 13 -1723073393
0.880 16 -1723073393
0.907 15 -1723073393
0.933 14 -1723073393
0.960 14 -1723073393
0.987 9 -1723073393
1.013 9 -1723073393
1.040 8 -1723073393
1.067 2 -1723073393
1.093 0 -1723073393
1.120 -6 -1723073393
1.147 -8 -1723073393
1.173 -4 -1723073393
1.200 -6 -1723073393
1.227 -5 -1723073393
1.253 -3 -1723073393
1.280 -8 -1723073393
1.307 -3 -1723073393
1.333 2 -1723073393
1.360 4 -1723073393
1.387 11 -1723073393
1.413 10 -1723073393
1.440 8 -1723073393
1.467 9 -1723073393
1.493 5 -1723073393
1.520 3 -1723073393
1.547 -1 -1723073393
1.573 -6 -1723073393
1.600 -7 -1723073393
1.627 -13 -1723073393
1.653 -13 -1723073393
1.680 -7 -1723073393
1.707 -10 -1723073393
1.733 -8 -1723073393
1.760 -8 -1723073393
1.787 -11 -1723073393
1.813 -12 -1723073393
1.840 -20 -1723073393
1.867 -25 -1723073393
1.893 -22 -1723073393
1.920 -23 -1723073393
1.947 -21 -1723073393
1.973 -17 -1723073393
2.000 -18 -1723073393
2.027 -17 -1723073393
2.053 -16 -1723073393
2.080 -15 -1723073393
2.107 -8 -1723073393
2.133 -9 -1723073393
2.160 -15 -1723073393
2.187 -18 -1723073393
2.213 -22 -1723073393
2.240 -25 -1723073393
2.267 -23 -1723073393
2.293 -22 -1723073393
2.320 -19 -1723073393
2.347 -18 -1723073393
2.373 -19 -1723073393
2.400 -17 -1723073393
2.427 -17 -1723073393
2.453 -15 -1723073393
2.480 -14 -1723073393
2.507 -21 -1723073393
2.533 -26 -1723073393
2.560 -23 -1723073393
2.587 -20 -1723073393
2.613 -9 -1723073393
2.640 -5 -1723073393
2.667 -4 -1723073393
2.693 -3 -1723073393
2.720 -7 -1723073393
2.747 -10 -1723073393
2.773 -16 -1723073393
2.800 -24 -1723073393
2.827 -22 -1723073393
2.853 -22 -1723073393
2.880 -24 -1723073393
2.907 -20 -1723073393
2.933 -22 -1723073393
2.960 -22 -1723073393
2.987 -23 -1723073393
3.013 -26 -1723073393
3.040 -22 -1723073393
3.067 -22 -1723073393
3.093 -28 -1723073393
3.120 -27 -1723073393
3.147 -32 -1723073393
3.173 -35 -1723073393
3.200 -32 -1723073393
3.227 -35 -1723073393
3.253 -35 -1723073393
3.280 -37 -1723073393
3.307 -48 -1723073393
3.333 -46 -1723073393
3.360 -43 -1723073393
3.387 -43 -1723073393
3.413 -34 -1723073393
3.440 -32 -1723073393
3.467 -29 -1723073393
3.493 -21 -1723073393
3.520 -22 -1723073393
3.547 -23 -1723073393
3.573 -22 -1723073393
3.600 -19 -1723073393
3.627 -12 -1723073393
3.653 -17 -1723073393
3.680 -21 -1723073393
3.707 -19 -1723073393
3.733 -25 -1723073393
3.760 -23 -1723073393
3.787 -21 -1723073393
3.813 -26 -1723073393
3.840 -25 -1723073393
3.867 -34 -1723073393
3.893 -40 -1723073393
3.920 -32 -1723073393
3.947 -35 -1723073393
3.973 -39 -1723073393
4.000 -39 -1723073393
4.027 -47 -1723073393
4.053 -43 -1723073393
4.080 -36 -1723073393
4.107 -34 -1723073393
4.133 -25 -1723073393
4.160 -23 -1723073393
4.187 -25 -1723073393
4.213 -18 -1723073393
4.240 -18 -1723073393
4.267 -15 -1723073393
4.293 -9 -1723073393
4.320 -12 -1723073393
4.347 -11 -1723073393
4.373 -16 -1723073393
4.400 -25 -1723073393
4.427 -24 -1723073393
4.453 -28 -1723073393
4.480 -28 -1723073393
4.507 -18 -1723073393
4.533 -18 -1723073393
4.560 -18 -1723073393
4.587 -18 -1723073393
4.613 -24 -1723073393
4.640 -19 -1723073393
4.667 -16 -1723073393
4.693 -18 -1723073393
4.720 -12 -1723073393
4.747 -15 -1723073393
4.773 -18 -1723073393
4.800 -14 -1723073393
4.827 -20 -1723073393
4.853 -18 -1723073393
4.880 -10 -1723073393
4.907 -10 -1723073393
4.933 0 -1723073393
4.960 4 -1723073393
4.987 -1 -1723073393
5.013 -1 -1723073393
5.040 -6 -1723073393
5.067 -9 -1723073393
5.093 -8 -1723073393
5.120 -18 -1723073393
5.147 -17 -1723073393
5.173 -11 -1723073393
5.200 -16 -1723073393
5.227 -14 -1723073393
5.253 -16 -1723073393
5.280 -18 -1723073393
5.307 -8 -1723073393
5.333 -9 -1723073393
5.360 -17 -1723073393
5.387 -19 -1723073393
5.413 -22 -1723073393
5.440 -18 -1723073393
5.467 -13 -1723073393
5.493 -15 -1723073393
5.520 -5 -1723073393
5.547 0 -1723073393
5.573 0 -1723073393
5.600 6 -1723073393
5.627 0 -1723073393
5.653 -8 -1723073393
5.680 -10 -1723073393
5.707 -16 -1723073393
5.733 -13 -1723073393
5.760 -11 -1723073393
5.787 -12 -1723073393
5.813 -3 -1723073393
5.840 -1 -1723073393
5.867 -2 -1723073393
5.893 2 -1723073393
5.920 -2 -1723073393
5.947 -4 -1723073393
5.973 -3 -1723073393
6.000 -11 -1723073393
6.027 -15 -1723073393
6.053 -21 -1723073393
6.080 -26 -1723073393
6.107 -15 -1723073393
6.133 -9 -1723073393
6.160 -7 -1723073393
6.187 0 -1723073393
6.213 -4 -1723073393
6.240 -4 -1723073393
6.267 1 -1723073393
6.293 -4 -1723073393
6.320 -7 -1723073393
6.347 -9 -1723073393
6.373 -19 -1723073393
6.400 -17 -1723073393
6.427 -18 -1723073393
6.453 -21 -1723073393
6.480 -18 -1723073393
6.507 -20 -1723073393
6.533 -14 -1723073393
6.560 -4 -1723073393
6.587 -5 -1723073393
6.613 3 -1723073393
6.640 5 -1723073393
6.667 -2 -1723073393
6.693 4 -1723073393
6.720 3 -1723073393
6.747 1 -1723073393
6.773 5 -1723073393
6.800 -3 -1723073393
6.827 -1 -1723073393
6.853 1 -1723073393
6.880 -7 -1723073393
6.907 -9 -1723073393
6.933 -15 -1723073393
6.960 -17 -1723073393
6.987 -11 -1723073393
7.013 -13 -1723073393
7.040 -14 -1723073393
7.067 -6 -1723073393
7.093 -9 -1723073393
7.120 -9 -1723073393
7.147 -8 -1723073393
7.173 -15 -1723073393
7.200 -17 -1723073393
7.227 -20 -1723073393
7.253 -23 -1723073393
7.280 -18 -1723073393
7.307 -19 -1723073393
7.333 -17 -1723073393
7.360 -9 -1723073393
7.387 -14 -1723073393
7.413 -17 -1723073393
7.440 -19 -1723073393
7.467 -20 -1723073393
7.493 -15 -1723073393
7.520 -14 -1723073393
7.547 -16 -1723073393
7.573 -10 -1723073393
7.600 -8 -1723073393
7.627 -9 -1723073393
7.653 -6 -1723073393
7.680 -11 -1723073393
7.707 -12 -1723073393
7.733 -17 -1723073393
7.760 -32 -1723073393
7.787 -41 -1723073393
7.813 -47 -1723073393
7.840 -50 -1723073393
7.867 -41 -1723073393
7.893 -39 -1723073393
7.920 -41 -1723073393
7.947 -35 -1723073393
7.973 -38 -1723073393
8.000 -38 -1723073393
8.027 -34 -1723073393
8.053 -40 -1723073393
8.080 -34 -1723073393
8.107 -27 -1723073393
8.133 -32 -1723073393
8.160 -27 -1723073393
8.187 -33 -1723073393
8.213 -45 -1723073393
8.240 -43 -1723073393
8.267 -49 -1723073393
8.293 -50 -1723073393
8.320 -38 -1723073393
8.347 -39 -1723073393
8.373 -31 -1723073393
8.400 -22 -1723073393
8.427 -27 -1723073393
8.453 -21 -1723073393
8.480 -17 -1723073393
8.507 -19 -1723073393
8.533 -10 -1723073393
8.560 -12 -1723073393
8.587 -18 -1723073393
8.613 -7 -1723073393
8.640 -4 -1723073393
8.667 0 -1723073393
8.693 9 -1723073393
8.720 2 -1723073393
8.747 2 -1723073393
8.773 5 -1723073393
8.800 0 -1723073393
8.827 2 -1723073393
8.853 2 -1723073393
8.880 -2 -1723073393
8.907 1 -1723073393
8.933 0 -1723073393
8.960 0 -1723073393
8.987 7 -1723073393
9.013 4 -1723073393
9.040 4 -1723073393
9.067 4 -1723073393
9.093 2 -1723073393
9.120 5 -1723073393
9.147 -1 -1723073393
9.173 -13 -1723073393
9.200 -15 -1723073393
9.227 -25 -1723073393
9.253 -34 -1723073393
9.280 -29 -1723073393
9.307 -26 -1723073393
9.333 -16 -1723073393
9.360 -8 -1723073393
9.387 -17 -1723073393
9.413 -19 -1723073393
9.440 -25 -1723073393
9.467 -34 -1723073393
9.493 -26 -1723073393
9.520 -28 -1723073393
9.547 -35 -1723073393
9.573 -29 -1723073393
9.600 -35 -1723073393
9.627 -42 -1723073393
9.653 -45 -1723073393
9.680 -56 -1723073393
9.707 -58 -1723073393
9.733 -54 -1723073393
9.760 -52 -1723073393
9.787 -40 -1723073393
9.813 -39 -1723073393
9.840 -43 -1723073393
9.867 -38 -1723073393
9.893 -41 -1723073393
9.920 -41 -1723073393
9.947 -32 -1723073393
9.973 -36 -1723073393
10.000 -34 -1723073393
10.027 -29 -1723073393
10.053 -38 -1723073393
10.080 -39 -1723073393
10.107 -40 -1723073393
10.133 -45 -1723073393
10.160 -35 -1723073393
10.187 -30 -1723073393
10.213 -25 -1723073393
10.240 -12 -1723073393
10.267 -18 -1723073393
10.293 -21 -1723073393
10.320 -13 -1723073393
10.347 -14 -1723073393
10.373 -2 -1723073393
10.400 12 -1723073393
10.427 22 -1723073393
10.453 43 -1723073393
10.480 60 -1723073393
10.507 80 -1723073393
10.533 104 -1723073393
10.560 115 -1723073393
10.587 128 -1723073393
10.613 145 -1723073393
10.640 156 -1723073393
10.667 178 -1723073393
10.693 199 -1723073393
10.720 200 -1723073393
10.747 198 -1723073393
10.773 189 -1723073393
10.800 173 -1723073393
10.827 167 -1723073393
10.853 156 -1723073393
10.880 141 -1723073393
10.907 128 -1723073393
10.933 102 -1723073393
10.960 76 -1723073393
10.987 54 -1723073393
11.013 29 -1723073393
11.040 9 -1723073393
11.067 -12 -1723073393
11.093 -35 -1723073393
11.120 -45 -1723073393
11.147 -57 -1723073393
11.173 -69 -1723073393
11.200 -68 -1723073393
11.227 -74 -1723073393
11.253 -75 -1723073393
11.280 -64 -1723073393
11.307 -68 -1723073393
11.333 -68 -1723073393
11.360 -65 -1723073393
11.387 -73 -1723073393
11.413 -68 -1723073393
11.440 -69 -1723073393
11.467 -88 -1723073393
11.493 -93 -1723073393
11.520 -100 -1723073393
11.547 -109 -1723073393
11.573 -100 -1723073393
11.600 -104 -1723073393
11.627 -106 -1723073393
11.653 -91 -1723073393
11.680 -92 -1723073393
11.707 -86 -1723073393
11.733 -72 -1723073393
11.760 -74 -1723073393
11.787 -64 -1723073393
11.813 -51 -1723073393
11.840 -45 -1723073393
11.867 -27 -1723073393
11.893 -20 -1723073393
11.920 -9 -1723073393
11.947 15 -1723073393
11.973 27 -1723073393
12.000 40 -1723073393
12.027 60 -1723073393
12.053 68 -1723073393
12.080 74 -1723073393
12.107 77 -1723073393
12.133 68 -1723073393
12.160 64 -1723073393
12.187 56 -1723073393
12.213 40 -1723073393
12.240 34 -1723073393
12.267 28 -1723073393
12.293 23 -1723073393
12.320 26 -1723073393
12.347 19 -1723073393
12.373 12 -1723073393
12.400 16 -1723073393
12.427 19 -1723073393
12.453 35 -1723073393
12.480 61 -1723073393
12.507 79 -1723073393
12.533 109 -1723073393
12.560 141 -1723073393
12.587 165 -1723073393
12.613 191 -1723073393
12.640 214 -1723073393
12.667 234 -1723073393
12.693 251 -1723073393
12.720 257 -1723073393
12.747 262 -1723073393
12.773 260 -1723073393
12.800 251 -1723073393
12.827 244 -1723073393
12.853 231 -1723073393
12.880 212 -1723073393
12.907 188 -1723073393
12.933 152 -1723073393
12.960 115 -1723073393
12.987 84 -1723073393
13.013 47 -1723073393
13.040 9 -1723073393
13.067 -25 -1723073393
13.093 -65 -1723073393
13.120 -95 -1723073393
13.147 -107 -1723073393
13.173 -128 -1723073393
13.200 -135 -1723073393
13.227 -137 -1723073393
13.253 -154 -1723073393
13.280 -152 -1723073393
13.307 -150 -1723073393
13.333 -161 -1723073393
13.360 -148 -1723073393
13.387 -144 -1723073393
13.413 -149 -1723073393
13.440 -140 -1723073393
13.467 -144 -1723073393
13.493 -146 -1723073393
13.520 -135 -1723073393
13.547 -140 -1723073393
13.573 -135 -1723073393
13.600 -124 -1723073393
13.627 -129 -1723073393
13.653 -120 -1723073393
13.680 -117 -1723073393
13.707 -125 -1723073393
13.733 -114 -1723073393
13.760 -105 -1723073393
13.787 -101 -1723073393
13.813 -80 -1723073393
13.840 -67 -1723073393
13.867 -54 -1723073393
13.893 -29 -1723073393
13.920 -23 -1723073393
13.947 -8 -1723073393
13.973 18 -1723073393
14.000 28 -1723073393
14.027 45 -1723073393
14.053 59 -1723073393
14.080 64 -1723073393
14.107 78 -1723073393
14.133 84 -1723073393
14.160 77 -1723073393
14.187 70 -1723073393
14.213 46 -1723073393
14.240 14 -1723073393
14.267 -9 -1723073393
14.293 -48 -1723073393
14.320 -81 -1723073393
14.347 -104 -1723073393
14.373 -143 -1723073393
14.400 -176 -1723073393
14.427 -203 -1723073393
14.453 -244 -1723073393
14.480 -265 -1723073393
14.507 -284 -1723073393
14.533 -316 -1723073393
14.560 -322 -1723073393
14.587 -334 -1723073393
14.613 -357 -1723073393
14.640 -356 -1723073393
14.667 -370 -1723073393
14.693 -390 -1723073393
14.720 -387 -1723073393
14.747 -405 -1723073393
14.773 -410 -1723073393
14.800 -398 -1723073393
14.827 -417 -1723073393
14.853 -419 -1723073393
14.880 -415 -1723073393
14.907 -437 -1723073393
14.933 -431 -1723073393
14.960 -431 -1723073393
14.987 -451 -1723073393
15.013 -440 -1723073393
15.040 -442 -1723073393
15.067 -460 -1723073393
15.093 -452 -1723073393
15.120 -468 -1723073393
15.147 -478 -1723073393
15.173 -457 -1723073393
15.200 -468 -1723073393
15.227 -470 -1723073393
15.253 -448 -1723073393
15.280 -454 -1723073393
15.307 -443 -1723073393
15.333 -427 -1723073393
15.360 -447 -1723073393
15.387 -439 -1723073393
15.413 -430 -1723073393
15.440 -439 -1723073393
15.467 -419 -1723073393
15.493 -415 -1723073393
15.520 -426 -1723073393
15.547 -406 -1723073393
15.573 -418 -1723073393
15.600 -439 -1723073393
15.627 -439 -1723073393
15.653 -468 -1723073393
15.680 -486 -1723073393
15.707 -489 -1723073393
15.733 -529 -1723073393
15.760 -553 -1723073393
15.787 -573 -1723073393
15.813 -627 -1723073393
15.840 -648 -1723073393
15.867 -668 -1723073393
15.893 -721 -1723073393
15.920 -736 -1723073393
15.947 -766 -1723073393
15.973 -820 -1723073393
16.000 -838 -1723073393
16.027 -891 -1723073393
16.053 -951 -1723073393
16.080 -964 -1723073393
16.107 -1018 -1723073393
16.133 -1064 -1723073393
16.160 -1067 -1723073393
16.187 -1115 -1723073393
16.213 -1132 -1723073393
16.240 -1117 -1723073393
16.267 -1137 -1723073393
16.293 -1097 -1723073393
16.320 -1023 -1723073393
16.347 -974 -1723073393
16.373 -844 -1723073393
16.400 -687 -1723073393
16.427 -523 -1723073393
16.453 -248 -1723073393
16.480 59 -1723073393
16.507 404 -1723073393
16.533 851 -1723073393
16.560 1340 -1723073393
16.587 1878 -1723073393
16.613 2474 -1723073393
16.640 3119 -1723073393
16.667 3770 -1723073393
16.693 4425 -1723073393
16.720 5139 -1723073393
16.747 5736 -1723073393
16.773 6248 -1723073393
16.800 6792 -1723073393
16.827 7089 -1723073393
16.853 7261 -1723073393
16.880 7447 -1723073393
16.907 7278 -1723073393
16.933 7027 -1723073393
16.960 6788 -1723073393
16.987 6172 -1723073393
17.013 5598 -1723073393
17.040 5036 -1723073393
17.067 4192 -1723073393
17.093 3457 -1723073393
17.120 2718 -1723073393
17.147 1836 -1723073393
17.173 1099 -1723073393
17.200 374 -1723073393
17.227 -402 -1723073393
17.253 -1080 -1723073393
17.280 -1694 -1723073393
17.307 -2276 -1723073393
17.333 -2806 -1723073393
17.360 -3225 -1723073393
17.387 -3604 -1723073393
17.413 -3967 -1723073393
17.440 -4160 -1723073393
17.467 -4335 -1723073393
17.493 -4528 -1723073393
17.520 -4528 -1723073393
17.547 -4577 -1723073393
17.573 -4641 -1723073393
17.600 -4513 -1723073393
17.627 -4491 -1723073393
17.653 -4459 -1723073393
17.680 -4269 -1723073393
17.707 -4231 -1723073393
17.733 -4146 -1723073393
17.760 -3940 -1723073393
17.787 -3902 -1723073393
17.813 -3779 -1723073393
17.840 -3580 -1723073393
17.867 -3534 -1723073393
17.893 -3370 -1723073393
17.920 -3157 -1723073393
17.947 -3062 -1723073393
17.973 -2824 -1723073393
18.000 -2569 -1723073393
18.027 -2395 -1723073393
18.053 -2083 -1723073393
18.080 -1802 -1723073393
18.107 -1578 -1723073393
18.133 -1254 -1723073393
18.160 -987 -1723073393
18.187 -757 -1723073393
18.213 -475 -1723073393
18.240 -265 -1723073393
18.267 -86 -1723073393
18.293 109 -1723073393
18.320 263 -1723073393
18.347 409 -1723073393
18.373 572 -1723073393
18.400 739 -1723073393
18.427 948 -1723073393
18.453 1228 -1723073393
18.480 1580 -1723073393
18.507 2030 -1723073393
18.533 2601 -1723073393
18.560 3304 -1723073393
18.587 4131 -1723073393
18.613 5088 -1723073393
18.640 6182 -1723073393
18.667 7328 -1723073393
18.693 8621 -1723073393
18.720 10005 -1723073393
18.747 11238 -1723073393
18.773 12592 -1723073393
18.800 13877 -1723073393
18.827 14798 -1723073393
18.853 15864 -1723073393
18.880 16626 -1723073393
18.907 16830 -1723073393
18.933 17237 -1723073393
18.960 17177 -1723073393
18.987 16512 -1723073393
19.013 16167 -1723073393
19.040 15251 -1723073393
19.067 13884 -1723073393
19.093 12925 -1723073393
19.120 11406 -1723073393
19.147 9701 -1723073393
19.173 8423 -1723073393
19.200 6757 -1723073393
19.227 5081 -1723073393
19.253 3749 -1723073393
19.280 2243 -1723073393
19.307 853 -1723073393
19.333 -277 -1723073393
19.360 -1431 -1723073393
19.387 -2479 -1723073393
19.413 -3332 -1723073393
19.440 -4072 -1723073393
19.467 -4766 -1723073393
19.493 -5329 -1723073393
19.520 -5713 -1723073393
19.547 -6139 -1723073393
19.573 -6441 -1723073393
19.600 -6553 -1723073393
19.627 -6801 -1723073393
19.653 -6905 -1723073393
19.680 -6849 -1723073393
19.707 -6988 -1723073393
19.733 -6957 -1723073393
19.760 -6811 -1723073393
19.787 -6883 -1723073393
19.813 -6759 -1723073393
19.840 -6585 -1723073393
19.867 -6612 -1723073393
19.893 -6417 -1723073393
19.920 -6219 -1723073393
19.947 -6183 -1723073393
19.973 -5922 -1723073393
20.000 -5710 -1723073393
20.027 -5617 -1723073393
20.053 -5297 -1723073393
20.080 -5076 -1723073393
20.107 -4916 -1723073393
20.133 -4561 -1723073393
20.160 -4335 -1723073393
20.187 -4139 -1723073393
20.213 -3802 -1723073393
20.240 -3626 -1723073393
20.267 -3458 -1723073393
20.293 -3197 -1723073393
20.320 -3099 -1723073393
20.347 -3005 -1723073393
20.373 -2877 -1723073393
20.400 -2912 -1723073393
20.427 -2937 -1723073393
20.453 -2957 -1723073393
20.480 -3115 -1723073393
20.507 -3240 -1723073393
20.533 -3378 -1723073393
20.560 -3639 -1723073393
20.587 -3838 -1723073393
20.613 -4063 -1723073393
20.640 -4401 -1723073393
20.667 -4643 -1723073393
20.693 -4921 -1723073393
20.720 -5284 -1723073393
20.747 -5503 -1723073393
20.773 -5786 -1723073393
20.800 -6128 -1723073393
20.827 -6288 -1723073393
20.853 -6538 -1723073393
20.880 -6796 -1723073393
20.907 -6826 -1723073393
20.933 -6972 -1723073393
20.960 -7081 -1723073393
20.987 -6937 -1723073393
21.013 -6947 -1723073393
21.040 -6869 -1723073393
21.067 -6547 -1723073393
21.093 -6401 -1723073393
21.120 -6126 -1723073393
21.147 -5648 -1723073393
21.173 -5364 -1723073393
21.200 -4941 -1723073393
21.227 -4367 -1723073393
21.253 -3985 -1723073393
21.280 -3483 -1723073393
21.307 -2900 -1723073393
21.333 -2490 -1723073393
21.360 -1989 -1723073393
21.387 -1462 -1723073393
21.413 -1079 -1723073393
21.440 -643 -1723073393
21.467 -216 -1723073393
21.493 109 -1723073393
21.520 453 -1723073393
21.547 766 -1723073393
21.573 1014 -1723073393
21.600 1236 -1723073393
21.627 1429 -1723073393
21.653 1589 -1723073393
21.680 1705 -1723073393
21.707 1819 -1723073393
21.733 1913 -1723073393
21.760 1952 -1723073393
21.787 2006 -1723073393
21.813 2048 -1723073393
21.840 2046 -1723073393
21.867 2085 -1723073393
21.893 2116 -1723073393
21.920 2095 -1723073393
21.947 2120 -1723073393
21.973 2130 -1723073393
22.000 2095 -1723073393
22.027 2101 -1723073393
22.053 2072 -1723073393
22.080 2001 -1723073393
22.107 1972 -1723073393
22.133 1893 -1723073393
22.160 1770 -1723073393
22.187 1689 -1723073393
22.213 1566 -1723073393
22.240 1424 -1723073393
22.267 1329 -1723073393
22.293 1195 -1723073393
22.320 1050 -1723073393
22.347 954 -1723073393
22.373 844 -1723073393
22.400 744 -1723073393
22.427 688 -1723073393
22.453 633 -1723073393
22.480 610 -1723073393
22.507 638 -1723073393
22.533 689 -1723073393
22.560 773 -1723073393
22.587 900 -1723073393
22.613 1049 -1723073393
22.640 1227 -1723073393
22.667 1423 -1723073393
22.693 1617 -1723073393
22.720 1834 -1723073393
22.747 2044 -1723073393
22.773 2224 -1723073393
22.800 2419 -1723073393
22.827 2593 -1723073393
22.853 2710 -1723073393
22.880 2847 -1723073393
22.907 2949 -1723073393
22.933 2971 -1723073393
22.960 3038 -1723073393
22.987 3061 -1723073393
23.013 3002 -1723073393
23.040 3007 -1723073393
23.067 2970 -1723073393
23.093 2865 -1723073393
23.120 2834 -1723073393
23.147 2756 -1723073393
23.173 2625 -1723073393
23.200 2577 -1723073393
23.227 2486 -1723073393
23.253 2353 -1723073393
23.280 2299 -1723073393
23.307 2199 -1723073393
23.333 2072 -1723073393
23.360 2014 -1723073393
23.387 1904 -1723073393
23.413 1780 -1723073393
23.440 1709 -1723073393
23.467 1591 -1723073393
23.493 1466 -1723073393
23.520 1384 -1723073393
23.547 1268 -1723073393
23.573 1153 -1723073393
23.600 1069 -1723073393
23.627 954 -1723073393
23.653 845 -1723073393
23.680 761 -1723073393
23.707 655 -1723073393
23.733 554 -1723073393
23.760 474 -1723073393
23.787 388 -1723073393
23.813 312 -1723073393
23.840 245 -1723073393
23.867 177 -1723073393
23.893 116 -1723073393
23.920 62 -1723073393
23.947 21 -1723073393
23.973 -17 -1723073393
24.000 -50 -1723073393
24.027 -66 -1723073393
24.053 -79 -1723073393
24.080 -84 -1723073393
24.107 -72 -1723073393
24.133 -57 -1723073393
24.160 -24 -1723073393
24.187 31 -1723073393
24.213 82 -1723073393
24.240 138 -1723073393
24.267 204 -1723073393
24.293 261 -1723073393
24.320 324 -1723073393
24.347 395 -1723073393
24.373 463 -1723073393
24.400 527 -1723073393
24.427 588 -1723073393
24.453 645 -1723073393
24.480 682 -1723073393
24.507 705 -1723073393
24.533 719 -1723073393
24.560 712 -1723073393
24.587 690 -1723073393
24.613 673 -1723073393
24.640 639 -1723073393
24.667 593 -1723073393
24.693 560 -1723073393
24.720 519 -1723073393
24.747 473 -1723073393
24.773 439 -1723073393
24.800 404 -1723073393
24.827 374 -1723073393
24.853 358 -1723073393
24.880 340 -1723073393
24.907 320 -1723073393
24.933 307 -1723073393
24.960 288 -1723073393
24.987 264 -1723073393
25.013 240 -1723073393
25.040 204 -1723073393
25.067 159 -1723073393
25.093 112 -1723073393
25.120 55 -1723073393
25.147 -9 -1723073393
25.173 -69 -1723073393
25.200 -119 -1723073393
25.227 -169 -1723073393
25.253 -220 -1723073393
25.280 -254 -1723073393
25.307 -283 -1723073393
25.333 -306 -1723073393
25.360 -301 -1723073393
25.387 -292 -1723073393
25.413 -281 -1723073393
25.440 -244 -1723073393
25.467 -215 -1723073393
25.493 -185 -1723073393
25.520 -130 -1723073393
25.547 -83 -1723073393
25.573 -43 -1723073393
25.600 3 -1723073393
25.627 35 -1723073393
25.653 57 -1723073393
25.680 83 -1723073393
25.707 96 -1723073393
25.733 97 -1723073393
25.760 99 -1723073393
25.787 91 -1723073393
25.813 74 -1723073393
25.840 54 -1723073393
25.867 26 -1723073393
25.893 -7 -1723073393
25.920 -38 -1723073393
25.947 -69 -1723073393
25.973 -94 -1723073393
26.000 -110 -1723073393
26.027 -130 -1723073393
26.053 -140 -1723073393
26.080 -137 -1723073393
26.107 -139 -1723073393
26.133 -122 -1723073393
26.160 -83 -1723073393
26.187 -52 -1723073393
26.213 -5 -1723073393
26.240 56 -1723073393
26.267 103 -1723073393
26.293 156 -1723073393
26.320 215 -1723073393
26.347 252 -1723073393
26.373 282 -1723073393
26.400 308 -1723073393
26.427 317 -1723073393
26.453 317 -1723073393
26.480 312 -1723073393
26.507 295 -1723073393
26.533 268 -1723073393
26.560 241 -1723073393
26.587 211 -1723073393
26.613 182 -1723073393
26.640 158 -1723073393
26.667 132 -1723073393
26.693 109 -1723073393
26.720 91 -1723073393
26.747 70 -1723073393
26.773 54 -1723073393
26.800 43 -1723073393
26.827 26 -1723073393
26.853 15 -1723073393
26.880 6 -1723073393
26.907 -9 -1723073393
26.933 -14 -1723073393
26.960 -12 -1723073393
26.987 -14 -1723073393
27.013 -10 -1723073393
27.040 -15 -1723073393
27.067 -30 -1723073393
27.093 -31 -1723073393
27.120 -40 -1723073393
27.147 -60 -1723073393
27.173 -67 -1723073393
27.200 -79 -1723073393
27.227 -104 -1723073393
27.253 -116 -1723073393
27.280 -130 -1723073393
27.307 -146 -1723073393
27.333 -139 -1723073393
27.360 -133 -1723073393
27.387 -132 -1723073393
27.413 -108 -1723073393
27.440 -91 -1723073393
27.467 -82 -1723073393
27.493 -57 -1723073393
27.520 -42 -1723073393
27.547 -40 -1723073393
27.573 -27 -1723073393
27.600 -27 -1723073393
27.627 -31 -1723073393
27.653 -23 -1723073393
27.680 -28 -1723073393
27.707 -46 -1723073393
27.733 -53 -1723073393
27.760 -69 -1723073393
27.787 -91 -1723073393
27.813 -99 -1723073393
27.840 -112 -1723073393
27.867 -124 -1723073393
27.893 -123 -1723073393
27.920 -130 -1723073393
27.947 -136 -1723073393
27.973 -129 -1723073393
28.000 -130 -1723073393
28.027 -131 -1723073393
28.053 -116 -1723073393
28.080 -109 -1723073393
28.107 -102 -1723073393
28.133 -78 -1723073393
28.160 -55 -1723073393
28.187 -28 -1723073393
28.213 5 -1723073393
28.240 29 -1723073393
28.267 53 -1723073393
28.293 90 -1723073393
28.320 121 -1723073393
28.347 152 -1723073393
28.373 192 -1723073393
28.400 224 -1723073393
28.427 253 -1723073393
28.453 282 -1723073393
28.480 303 -1723073393
28.507 317 -1723073393
28.533 322 -1723073393
28.560 316 -1723073393
28.587 305 -1723073393
28.613 292 -1723073393
28.640 271 -1723073393
28.667 244 -1723073393
28.693 215 -1723073393
28.720 186 -1723073393
28.747 163 -1723073393
28.773 140 -1723073393
28.800 110 -1723073393
28.827 76 -1723073393
28.853 46 -1723073393
28.880 17 -1723073393
28.907 -7 -1723073393
28.933 -21 -1723073393
28.960 -40 -1723073393
28.987 -47 -1723073393
29.013 -38 -1723073393
29.040 -29 -1723073393
29.067 -10 -1723073393
29.093 25 -1723073393
29.120 54 -1723073393
29.147 83 -1723073393
29.173 119 -1723073393
29.200 143 -1723073393
29.227 163 -1723073393
29.253 182 -1723073393
29.280 188 -1723073393
29.307 189 -1723073393
29.333 187 -1723073393
29.360 170 -1723073393
29.387 145 -1723073393
29.413 116 -1723073393
29.440 82 -1723073393
29.467 46 -1723073393
29.493 13 -1723073393
29.520 -20 -1723073393
29.547 -51 -1723073393
29.573 -75 -1723073393
29.600 -106 -1723073393
29.627 -130 -1723073393
29.653 -139 -1723073393
29.680 -153 -1723073393
29.707 -154 -1723073393
29.733 -132 -1723073393
29.760 -115 -1723073393
29.787 -92 -1723073393
29.813 -52 -1723073393
29.840 -27 -1723073393
29.867 -1 -1723073393
29.893 35 -1723073393
29.920 61 -1723073393
29.947 80 -1723073393
29.973 106 -1723073393
30.000 122 -1723073393
30.027 139 -1723073393
30.053 165 -1723073393
30.080 185 -1723073393
30.107 207 -1723073393
30.133 234 -1723073393
30.160 247 -1723073393
30.187 254 -1723073393
30.213 264 -1723073393
30.240 268 -1723073393
30.267 274 -1723073393
30.293 284 -1723073393
30.320 287 -1723073393
30.347 292 -1723073393
30.373 301 -1723073393
30.400 300 -1723073393
30.427 301 -1723073393
30.453 305 -1723073393
30.480 303 -1723073393
30.507 296 -1723073393
30.533 285 -1723073393
30.560 270 -1723073393
30.587 252 -1723073393
30.613 226 -1723073393
30.640 192 -1723073393
30.667 159 -1723073393
30.693 126 -1723073393
30.720 90 -1723073393
30.747 54 -1723073393
30.773 18 -1723073393
30.800 -22 -1723073393
30.827 -54 -1723073393
30.853 -70 -1723073393
30.880 -93 -1723073393
30.907 -108 -1723073393
30.933 -104 -1723073393
30.960 -108 -1723073393
30.987 -112 -1723073393
31.013 -89 -1723073393
31.040 -74 -1723073393
31.067 -62 -1723073393
31.093 -26 -1723073393
31.120 -1 -1723073393
31.147 15 -1723073393
31.173 48 -1723073393
31.200 74 -1723073393
31.227 87 -1723073393
31.253 102 -1723073393
31.280 103 -1723073393
31.307 96 -1723073393
31.333 93 -1723073393
31.360 79 -1723073393
31.387 57 -1723073393
31.413 45 -1723073393
31.440 27 -1723073393
31.467 8 -1723073393
31.493 0 -1723073393
31.520 -20 -1723073393
31.547 -43 -1723073393
31.573 -50 -1723073393
31.600 -54 -1723073393
31.627 -59 -1723073393
31.653 -49 -1723073393
31.680 -43 -1723073393
31.707 -43 -1723073393
31.733 -22 -1723073393
31.760 0 -1723073393
31.787 13 -1723073393
31.813 46 -1723073393
31.840 85 -1723073393
31.867 116 -1723073393
31.893 159 -1723073393
31.920 204 -1723073393
31.947 236 -1723073393
31.973 270 -1723073393
32.000 298 -1723073393
32.027 311 -1723073393
32.053 324 -1723073393
32.080 328 -1723073393
32.107 321 -1723073393
32.133 309 -1723073393
32.160 292 -1723073393
32.187 269 -1723073393
32.213 245 -1723073393
32.240 214 -1723073393
32.267 175 -1723073393
32.293 140 -1723073393
32.320 109 -1723073393
32.347 79 -1723073393
32.373 56 -1723073393
32.400 38 -1723073393
32.427 12 -1723073393
32.453 -2 -1723073393
32.480 -12 -1723073393
32.507 -34 -1723073393
32.533 -46 -1723073393
32.560 -45 -1723073393
32.587 -60 -1723073393
32.613 -64 -1723073393
32.640 -54 -1723073393
32.667 -57 -1723073393
32.693 -47 -1723073393
32.720 -17 -1723073393
32.747 -3 -1723073393
32.773 17 -1723073393
32.800 55 -1723073393
32.827 80 -1723073393
32.853 102 -1723073393
32.880 134 -1723073393
32.907 149 -1723073393
32.933 156 -1723073393
32.960 166 -1723073393
32.987 164 -1723073393
33.013 158 -1723073393
33.040 152 -1723073393
33.067 131 -1723073393
33.093 100 -1723073393
33.120 77 -1723073393
33.147 42 -1723073393
33.173 4 -1723073393
33.200 -24 -1723073393
33.227 -61 -1723073393
33.253 -102 -1723073393
33.280 -118 -1723073393
33.307 -140 -1723073393
33.333 -167 -1723073393
33.360 -164 -1723073393
33.387 -160 -1723073393
33.413 -162 -1723073393
33.440 -131 -1723073393
33.467 -93 -1723073393
33.493 -64 -1723073393
33.520 -9 -1723073393
33.547 45 -1723073393
33.573 80 -1723073393
33.600 133 -1723073393
33.627 190 -1723073393
33.653 230 -1723073393
33.680 271 -1723073393
33.707 305 -1723073393
33.733 318 -1723073393
33.760 331 -1723073393
33.787 343 -1723073393
33.813 346 -1723073393
33.840 351 -1723073393
33.867 354 -1723073393
33.893 349 -1723073393
33.920 347 -1723073393
33.947 348 -1723073393
33.973 350 -1723073393
34.000 358 -1723073393
34.027 370 -1723073393
34.053 379 -1723073393
34.080 387 -1723073393
34.107 390 -1723073393
34.133 380 -1723073393
34.160 363 -1723073393
34.187 346 -1723073393
34.213 320 -1723073393
34.240 293 -1723073393
34.267 260 -1723073393
34.293 213 -1723073393
34.320 167 -1723073393
34.347 131 -1723073393
34.373 90 -1723073393
34.400 50 -1723073393
34.427 25 -1723073393
34.453 7 -1723073393
34.480 3 -1723073393
34.507 24 -1723073393
34.533 44 -1723073393
34.560 67 -1723073393
34.587 117 -1723073393
34.613 165 -1723073393
34.640 201 -1723073393
34.667 254 -1723073393
34.693 302 -1723073393
34.720 331 -1723073393
34.747 358 -1723073393
34.773 374 -1723073393
34.800 372 -1723073393
34.827 361 -1723073393
34.853 339 -1723073393
34.880 301 -1723073393
34.907 255 -1723073393
34.933 200 -1723073393
34.960 137 -1723073393
34.987 73 -1723073393
35.013 10 -1723073393
35.040 -51 -1723073393
35.067 -101 -1723073393
35.093 -136 -1723073393
35.120 -176 -1723073393
35.147 -200 -1723073393
35.173 -196 -1723073393
35.200 -196 -1723073393
35.227 -176 -1723073393
35.253 -118 -1723073393
35.280 -71 -1723073393
35.307 -18 -1723073393
35.333 64 -1723073393
35.360 131 -1723073393
35.387 187 -1723073393
35.413 258 -1723073393
35.440 316 -1723073393
35.467 362 -1723073393
35.493 412 -1723073393
35.520 455 -1723073393
35.547 488 -1723073393
35.573 519 -1723073393
35.600 539 -1723073393
35.627 548 -1723073393
35.653 549 -1723073393
35.680 541 -1723073393
35.707 529 -1723073393
35.733 510 -1723073393
35.760 481 -1723073393
35.787 446 -1723073393
35.813 404 -1723073393
35.840 355 -1723073393
35.867 307 -1723073393
35.893 263 -1723073393
35.920 215 -1723073393
35.947 163 -1723073393
35.973 120 -1723073393
36.000 83 -1723073393
36.027 38 -1723073393
36.053 3 -1723073393
36.080 -13 -1723073393
36.107 -36 -1723073393
36.133 -48 -1723073393
36.160 -36 -1723073393
36.187 -32 -1723073393
36.213 -24 -1723073393
36.240 11 -1723073393
36.267 42 -1723073393
36.293 64 -1723073393
36.320 107 -1723073393
36.347 146 -1723073393
36.373 175 -1723073393
36.400 211 -1723073393
36.427 240 -1723073393
36.453 257 -1723073393
36.480 283 -1723073393
36.507 305 -1723073393
36.533 315 -1723073393
36.560 321 -1723073393
36.587 314 -1723073393
36.613 295 -1723073393
36.640 273 -1723073393
36.667 250 -1723073393
36.693 220 -1723073393
36.720 190 -1723073393
36.747 160 -1723073393
36.773 122 -1723073393
36.800 92 -1723073393
36.827 72 -1723073393
36.853 44 -1723073393
36.880 20 -1723073393
36.907 12 -1723073393
36.933 3 -1723073393
36.960 2 -1723073393
36.987 25 -1723073393
37.013 45 -1723073393
37.040 66 -1723073393
37.067 110 -1723073393
37.093 153 -1723073393
37.120 192 -1723073393
37.147 247 -1723073393
37.173 298 -1723073393
37.200 334 -1723073393
37.227 372 -1723073393
37.253 406 -1723073393
37.280 426 -1723073393
37.307 444 -1723073393
37.333 454 -1723073393
37.360 459 -1723073393
37.387 460 -1723073393
37.413 451 -1723073393
37.440 439 -1723073393
37.467 425 -1723073393
37.493 406 -1723073393
37.520 384 -1723073393
37.547 367 -1723073393
37.573 353 -1723073393
37.600 334 -1723073393
37.627 321 -1723073393
37.653 313 -1723073393
37.680 299 -1723073393
37.707 289 -1723073393
37.733 286 -1723073393
37.760 271 -1723073393
37.787 252 -1723073393
37.813 242 -1723073393
37.840 227 -1723073393
37.867 210 -1723073393
37.893 202 -1723073393
37.920 189 -1723073393
37.947 166 -1723073393
37.973 154 -1723073393
38.000 148 -1723073393
38.027 135 -1723073393
38.053 135 -1723073393
38.080 147 -1723073393
38.107 154 -1723073393
38.133 174 -1723073393
38.160 207 -1723073393
38.187 224 -1723073393
38.213 247 -1723073393
38.240 284 -1723073393
38.267 303 -1723073393
38.293 317 -1723073393
38.320 336 -1723073393
38.347 339 -1723073393
38.373 332 -1723073393
38.400 328 -1723073393
38.427 311 -1723073393
38.453 279 -1723073393
38.480 243 -1723073393
38.507 197 -1723073393
38.533 139 -1723073393
38.560 84 -1723073393
38.587 30 -1723073393
38.613 -27 -1723073393
38.640 -75 -1723073393
38.667 -110 -1723073393
38.693 -146 -1723073393
38.720 -161 -1723073393
38.747 -149 -1723073393
38.773 -148 -1723073393
38.800 -135 -1723073393
38.827 -92 -1723073393
38.853 -64 -1723073393
38.880 -34 -1723073393
38.907 28 -1723073393
38.933 81 -1723073393
38.960 120 -1723073393
38.987 175 -1723073393
39.013 217 -1723073393
39.040 240 -1723073393
39.067 272 -1723073393
39.093 299 -1723073393
39.120 302 -1723073393
39.147 305 -1723073393
39.173 301 -1723073393
39.200 281 -1723073393
39.227 265 -1723073393
39.253 256 -1723073393
39.280 237 -1723073393
39.307 226 -1723073393
39.333 218 -1723073393
39.360 196 -1723073393
39.387 178 -1723073393
39.413 175 -1723073393
39.440 164 -1723073393
39.467 156 -1723073393
39.493 163 -1723073393
39.520 162 -1723073393
39.547 156 -1723073393
39.573 162 -1723073393
39.600 165 -1723073393
39.627 158 -1723073393
39.653 162 -1723073393
39.680 170 -1723073393
39.707 167 -1723073393
39.733 173 -1723073393
39.760 181 -1723073393
39.787 179 -1723073393
39.813 182 -1723073393
39.840 191 -1723073393
39.867 191 -1723073393
39.893 193 -1723073393
39.920 200 -1723073393
39.947 195 -1723073393
39.973 188 -1723073393
40.000 189 -1723073393
40.027 176 -1723073393
40.053 154 -1723073393
40.080 138 -1723073393
40.107 109 -1723073393
40.133 72 -1723073393
40.160 52 -1723073393
40.187 33 -1723073393
40.213 5 -1723073393
40.240 -8 -1723073393
40.267 -15 -1723073393
40.293 -36 -1723073393
40.320 -42 -1723073393
40.347 -30 -1723073393
40.373 -36 -1723073393
40.400 -34 -1723073393
40.427 -9 -1723073393
40.453 1 -1723073393
40.480 10 -1723073393
40.507 42 -1723073393
40.533 67 -1723073393
40.560 83 -1723073393
40.587 118 -1723073393
40.613 150 -1723073393
40.640 167 -1723073393
40.667 194 -1723073393
40.693 217 -1723073393
40.720 219 -1723073393
40.747 227 -1723073393
40.773 242 -1723073393
40.800 244 -1723073393
40.827 248 -1723073393
40.853 257 -1723073393
40.880 256 -1723073393
40.907 254 -1723073393
40.933 255 -1723073393
40.960 247 -1723073393
40.987 239 -1723073393
41.013 238 -1723073393
41.040 230 -1723073393
41.067 222 -1723073393
41.093 227 -1723073393
41.120 230 -1723073393
41.147 229 -1723073393
41.173 238 -1723073393
41.200 243 -1723073393
41.227 234 -1723073393
41.253 229 -1723073393
41.280 223 -1723073393
41.307 206 -1723073393
41.333 193 -1723073393
41.360 184 -1723073393
41.387 158 -1723073393
41.413 133 -1723073393
41.440 123 -1723073393
41.467 104 -1723073393
41.493 79 -1723073393
41.520 68 -1723073393
41.547 59 -1723073393
41.573 44 -1723073393
41.600 47 -1723073393
41.627 50 -1723073393
41.653 35 -1723073393
41.680 33 -1723073393
41.707 39 -1723073393
41.733 28 -1723073393
41.760 26 -1723073393
41.787 37 -1723073393
41.813 30 -1723073393
41.840 26 -1723073393
41.867 40 -1723073393
41.893 36 -1723073393
41.920 22 -1723073393
41.947 28 -1723073393
41.973 28 -1723073393
42.000 16 -1723073393
42.027 20 -1723073393
42.053 24 -1723073393
42.080 6 -1723073393
42.107 -1 -1723073393
42.133 -2 -1723073393
42.160 -23 -1723073393
42.187 -37 -1723073393
42.213 -39 -1723073393
42.240 -56 -1723073393
42.267 -69 -1723073393
42.293 -57 -1723073393
42.320 -55 -1723073393
42.347 -53 -1723073393
42.373 -22 -1723073393
42.400 5 -1723073393
42.427 16 -1723073393
42.453 49 -1723073393
42.480 80 -1723073393
42.507 90 -1723073393
42.533 109 -1723073393
42.560 136 -1723073393
42.587 142 -1723073393
42.613 146 -1723073393
42.640 154 -1723073393
42.667 144 -1723073393
42.693 126 -1723073393
42.720 115 -1723073393
42.747 97 -1723073393
42.773 76 -1723073393
42.800 69 -1723073393
42.827 57 -1723073393
42.853 41 -1723073393
42.880 44 -1723073393
42.907 48 -1723073393
42.933 35 -1723073393
42.960 36 -1723073393
42.987 48 -1723073393
43.013 43 -1723073393
43.040 47 -1723073393
43.067 63 -1723073393
43.093 57 -1723073393
43.120 51 -1723073393
43.147 66 -1723073393
43.173 68 -1723073393
43.200 63 -1723073393
43.227 73 -1723073393
43.253 75 -1723073393
43.280 62 -1723073393
43.307 65 -1723073393
43.333 70 -1723073393
43.360 64 -1723073393
43.387 68 -1723073393
43.413 78 -1723073393
43.440 74 -1723073393
43.467 73 -1723073393
43.493 80 -1723073393
43.520 68 -1723073393
43.547 51 -1723073393
43.573 48 -1723073393
43.600 34 -1723073393
43.627 10 -1723073393
43.653 3 -1723073393
43.680 -9 -1723073393
43.707 -40 -1723073393
43.733 -51 -1723073393
43.760 -55 -1723073393
43.787 -81 -1723073393
43.813 -97 -1723073393
43.840 -99 -1723073393
43.867 -116 -1723073393
43.893 -125 -1723073393
43.920 -110 -1723073393
43.947 -105 -1723073393
43.973 -105 -1723073393
44.000 -85 -1723073393
44.027 -64 -1723073393
44.053 -59 -1723073393
44.080 -40 -1723073393
44.107 -21 -1723073393
44.133 -24 -1723073393
44.160 -15 -1723073393
44.187 0 -1723073393
44.213 -8 -1723073393
44.240 -15 -1723073393
44.267 -14 -1723073393
44.293 -36 -1723073393
44.320 -61 -1723073393
44.347 -65 -1723073393
44.373 -80 -1723073393
44.400 -103 -1723073393
44.427 -105 -1723073393
44.453 -103 -1723073393
44.480 -108 -1723073393
44.507 -89 -1723073393
44.533 -58 -1723073393
44.560 -46 -1723073393
44.587 -17 -1723073393
44.613 29 -1723073393
44.640 57 -1723073393
44.667 87 -1723073393
44.693 136 -1723073393
44.720 171 -1723073393
44.747 194 -1723073393
44.773 228 -1723073393
44.800 252 -1723073393
44.827 256 -1723073393
44.853 268 -1723073393
44.880 275 -1723073393
44.907 266 -1723073393
44.933 258 -1723073393
44.960 243 -1723073393
44.987 218 -1723073393
45.013 193 -1723073393
45.040 169 -1723073393
45.067 136 -1723073393
45.093 107 -1723073393
45.120 87 -1723073393
45.147 62 -1723073393
45.173 35 -1723073393
45.200 26 -1723073393
45.227 19 -1723073393
45.253 1 -1723073393
45.280 -2 -1723073393
45.307 3 -1723073393
45.333 -6 -1723073393
45.360 -9 -1723073393
45.387 4 -1723073393
45.413 0 -1723073393
45.440 -9 -1723073393
45.467 2 -1723073393
45.493 4 -1723073393
45.520 -7 -1723073393
45.547 -1 -1723073393
45.573 5 -1723073393
45.600 -3 -1723073393
45.627 6 -1723073393
45.653 24 -1723073393
45.680 20 -1723073393
45.707 22 -1723073393
45.733 39 -1723073393
45.760 36 -1723073393
45.787 35 -1723073393
45.813 56 -1723073393
45.840 68 -1723073393
45.867 68 -1723073393
45.893 82 -1723073393
45.920 92 -1723073393
45.947 85 -1723073393
45.973 90 -1723073393
46.000 104 -1723073393
46.027 99 -1723073393
46.053 96 -1723073393
46.080 97 -1723073393
46.107 81 -1723073393
46.133 66 -1723073393
46.160 69 -1723073393
46.187 61 -1723073393
46.213 49 -1723073393
46.240 58 -1723073393
46.267 64 -1723073393
46.293 57 -1723073393
46.320 68 -1723073393
46.347 86 -1723073393
46.373 88 -1723073393
46.400 100 -1723073393
46.427 129 -1723073393
46.453 142 -1723073393
46.480 154 -1723073393
46.507 184 -1723073393
46.533 206 -1723073393
46.560 221 -1723073393
46.587 248 -1723073393
46.613 266 -1723073393
46.640 266 -1723073393
46.667 275 -1723073393
46.693 285 -1723073393
46.720 279 -1723073393
46.747 273 -1723073393
46.773 271 -1723073393
46.800 259 -1723073393
46.827 244 -1723073393
46.853 238 -1723073393
46.880 222 -1723073393
46.907 202 -1723073393
46.933 189 -1723073393
46.960 169 -1723073393
46.987 136 -1723073393
47.013 117 -1723073393
47.040 103 -1723073393
47.067 72 -1723073393
47.093 44 -1723073393
47.120 27 -1723073393
47.147 0 -1723073393
47.173 -24 -1723073393
47.200 -25 -1723073393
47.227 -27 -1723073393
47.253 -32 -1723073393
47.280 -13 -1723073393
47.307 5 -1723073393
47.333 8 -1723073393
47.360 33 -1723073393
47.387 74 -1723073393
47.413 94 -1723073393
47.440 121 -1723073393
47.467 165 -1723073393
47.493 191 -1723073393
47.520 207 -1723073393
47.547 236 -1723073393
47.573 257 -1723073393
47.600 267 -1723073393
47.627 284 -1723073393
47.653 289 -1723073393
47.680 277 -1723073393
47.707 272 -1723073393
47.733 270 -1723073393
47.760 254 -1723073393
47.787 238 -1723073393
47.813 229 -1723073393
47.840 209 -1723073393
47.867 187 -1723073393
47.893 175 -1723073393
47.920 157 -1723073393
47.947 133 -1723073393
47.973 123 -1723073393
48.000 121 -1723073393
48.027 117 -1723073393
48.053 131 -1723073393
48.080 157 -1723073393
48.107 174 -1723073393
48.133 196 -1723073393
48.160 235 -1723073393
48.187 264 -1723073393
48.213 289 -1723073393
48.240 328 -1723073393
48.267 363 -1723073393
48.293 388 -1723073393
48.320 420 -1723073393
48.347 450 -1723073393
48.373 466 -1723073393
48.400 482 -1723073393
48.427 493 -1723073393
48.453 495 -1723073393
48.480 497 -1723073393
48.507 495 -1723073393
48.533 482 -1723073393
48.560 468 -1723073393
48.587 457 -1723073393
48.613 440 -1723073393
48.640 423 -1723073393
48.667 408 -1723073393
48.693 388 -1723073393
48.720 364 -1723073393
48.747 350 -1723073393
48.773 341 -1723073393
48.800 328 -1723073393
48.827 318 -1723073393
48.853 315 -1723073393
48.880 303 -1723073393
48.907 292 -1723073393
48.933 300 -1723073393
48.960 306 -1723073393
48.987 304 -1723073393
49.013 313 -1723073393
49.040 325 -1723073393
49.067 325 -1723073393
49.093 331 -1723073393
49.120 344 -1723073393
49.147 345 -1723073393
49.173 344 -1723073393
49.200 352 -1723073393
49.227 350 -1723073393
49.253 341 -1723073393
49.280 338 -1723073393
49.307 327 -1723073393
49.333 308 -1723073393
49.360 298 -1723073393
49.387 288 -1723073393
49.413 265 -1723073393
49.440 250 -1723073393
49.467 246 -1723073393
49.493 232 -1723073393
49.520 215 -1723073393
49.547 210 -1723073393
49.573 206 -1723073393
49.600 198 -1723073393
49.627 205 -1723073393
49.653 216 -1723073393
49.680 215 -1723073393
49.707 218 -1723073393
49.733 228 -1723073393
49.760 225 -1723073393
49.787 221 -1723073393
49.813 233 -1723073393
49.840 240 -1723073393
49.867 235 -1723073393
49.893 238 -1723073393
49.920 240 -1723073393
49.947 232 -1723073393
49.973 234 -1723073393
50.000 247 -1723073393
50.027 249 -1723073393
50.053 249 -1723073393
50.080 261 -1723073393
50.107 264 -1723073393
50.133 260 -1723073393
50.160 271 -1723073393
50.187 281 -1723073393
50.213 282 -1723073393
50.240 289 -1723073393
50.267 297 -1723073393
50.293 288 -1723073393
50.320 272 -1723073393
50.347 256 -1723073393
50.373 228 -1723073393
50.400 193 -1723073393
50.427 162 -1723073393
50.453 125 -1723073393
50.480 82 -1723073393
50.507 47 -1723073393
50.533 12 -1723073393
50.560 -33 -1723073393
50.587 -73 -1723073393
50.613 -97 -1723073393
50.640 -127 -1723073393
50.667 -153 -1723073393
50.693 -157 -1723073393
50.720 -172 -1723073393
50.747 -199 -1723073393
50.773 -199 -1723073393
50.800 -196 -1723073393
50.827 -212 -1723073393
50.853 -208 -1723073393
50.880 -183 -1723073393
50.907 -182 -1723073393
50.933 -175 -1723073393
50.960 -140 -1723073393
50.987 -123 -1723073393
51.013 -122 -1723073393
51.040 -95 -1723073393
51.067 -75 -1723073393
51.093 -83 -1723073393
51.120 -76 -1723073393
51.147 -60 -1723073393
51.173 -68 -1723073393
51.200 -71 -1723073393
51.227 -56 -1723073393
51.253 -58 -1723073393
51.280 -67 -1723073393
51.307 -57 -1723073393
51.333 -56 -1723073393
51.360 -70 -1723073393
51.387 -63 -1723073393
51.413 -52 -1723073393
51.440 -58 -1723073393
51.467 -47 -1723073393
51.493 -18 -1723073393
51.520 -9 -1723073393
51.547 5 -1723073393
51.573 43 -1723073393
51.600 67 -1723073393
51.627 80 -1723073393
51.653 116 -1723073393
51.680 152 -1723073393
51.707 174 -1723073393
51.733 210 -1723073393
51.760 252 -1723073393
51.787 271 -1723073393
51.813 291 -1723073393
51.840 319 -1723073393
51.867 334 -1723073393
51.893 344 -1723073393
51.920 362 -1723073393
51.947 367 -1723073393
51.973 356 -1723073393
52.000 346 -1723073393
52.027 334 -1723073393
52.053 309 -1723073393
52.080 288 -1723073393
52.107 271 -1723073393
52.133 249 -1723073393
52.160 230 -1723073393
52.187 218 -1723073393
52.213 203 -1723073393
52.240 187 -1723073393
52.267 184 -1723073393
52.293 181 -1723073393
52.320 169 -1723073393
52.347 166 -1723073393
52.373 168 -1723073393
52.400 159 -1723073393
52.427 158 -1723073393
52.453 169 -1723073393
52.480 166 -1723073393
52.507 156 -1723073393
52.533 159 -1723073393
52.560 158 -1723073393
52.587 149 -1723073393
52.613 158 -1723073393
52.640 170 -1723073393
52.667 169 -1723073393
52.693 174 -1723073393
52.720 192 -1723073393
52.747 196 -1723073393
52.773 197 -1723073393
52.800 206 -1723073393
52.827 203 -1723073393
52.853 192 -1723073393
52.880 192 -1723073393
52.907 189 -1723073393
52.933 175 -1723073393
52.960 165 -1723073393
52.987 158 -1723073393
53.013 140 -1723073393
53.040 126 -1723073393
53.067 125 -1723073393
53.093 116 -1723073393
53.120 103 -1723073393
53.147 108 -1723073393
53.173 112 -1723073393
53.200 108 -1723073393
53.227 113 -1723073393
53.253 124 -1723073393
53.280 121 -1723073393
53.307 127 -1723073393
53.333 143 -1723073393
53.360 145 -1723073393
53.387 140 -1723073393
53.413 151 -1723073393
53.440 154 -1723073393
53.467 145 -1723073393
53.493 151 -1723073393
53.520 159 -1723073393
53.547 153 -1723073393
53.573 157 -1723073393
53.600 173 -1723073393
53.627 177 -1723073393
53.653 182 -1723073393
53.680 199 -1723073393
53.707 206 -1723073393
53.733 207 -1723073393
53.760 222 -1723073393
53.787 234 -1723073393
53.813 238 -1723073393
53.840 249 -1723073393
53.867 261 -1723073393
53.893 260 -1723073393
53.920 265 -1723073393
53.947 276 -1723073393
53.973 275 -1723073393
54.000 267 -1723073393
54.027 265 -1723073393
54.053 254 -1723073393
54.080 233 -1723073393
54.107 221 -1723073393
54.133 204 -1723073393
54.160 172 -1723073393
54.187 146 -1723073393
54.213 123 -1723073393
54.240 89 -1723073393
54.267 58 -1723073393
54.293 40 -1723073393
54.320 14 -1723073393
54.347 -10 -1723073393
54.373 -14 -1723073393
54.400 -20 -1723073393
54.427 -40 -1723073393
54.453 -44 -1723073393
54.480 -37 -1723073393
54.507 -42 -1723073393
54.533 -43 -1723073393
54.560 -28 -1723073393
54.587 -25 -1723073393
54.613 -23 -1723073393
54.640 -5 -1723073393
54.667 6 -1723073393
54.693 -1 -1723073393
54.720 5 -1723073393
54.747 15 -1723073393
54.773 8 -1723073393
54.800 9 -1723073393
54.827 18 -1723073393
54.853 7 -1723073393
54.880 -4 -1723073393
54.907 1 -1723073393
54.933 2 -1723073393
54.960 -5 -1723073393
54.987 9 -1723073393
55.013 23 -1723073393
55.040 22 -1723073393
55.067 38 -1723073393
55.093 64 -1723073393
55.120 71 -1723073393
55.147 85 -1723073393
55.173 119 -1723073393
55.200 145 -1723073393
55.227 167 -1723073393
55.253 208 -1723073393
55.280 242 -1723073393
55.307 261 -1723073393
55.333 294 -1723073393
55.360 328 -1723073393
55.387 346 -1723073393
55.413 371 -1723073393
55.440 404 -1723073393
55.467 423 -1723073393
55.493 434 -1723073393
55.520 450 -1723073393
55.547 460 -1723073393
55.573 465 -1723073393
55.600 471 -1723073393
55.627 471 -1723073393
55.653 473 -1723073393
55.680 480 -1723073393
55.707 489 -1723073393
55.733 493 -1723073393
55.760 501 -1723073393
55.787 511 -1723073393
55.813 517 -1723073393
55.840 522 -1723073393
55.867 526 -1723073393
55.893 527 -1723073393
55.920 528 -1723073393
55.947 530 -1723073393
55.973 529 -1723073393
56.000 524 -1723073393
56.027 521 -1723073393
56.053 513 -1723073393
56.080 496 -1723073393
56.107 477 -1723073393
56.133 458 -1723073393
56.160 432 -1723073393
56.187 406 -1723073393
56.213 381 -1723073393
56.240 351 -1723073393
56.267 320 -1723073393
56.293 296 -1723073393
56.320 271 -1723073393
56.347 241 -1723073393
56.373 217 -1723073393
56.400 204 -1723073393
56.427 184 -1723073393
56.453 162 -1723073393
56.480 156 -1723073393
56.507 150 -1723073393
56.533 134 -1723073393
56.560 131 -1723073393
56.587 135 -1723073393
56.613 123 -1723073393
56.640 111 -1723073393
56.667 111 -1723073393
56.693 97 -1723073393
56.720 77 -1723073393
56.747 73 -1723073393
56.773 63 -1723073393
56.800 44 -1723073393
56.827 41 -1723073393
56.853 39 -1723073393
56.880 20 -1723073393
56.907 8 -1723073393
56.933 10 -1723073393
56.960 1 -1723073393
56.987 -9 -1723073393
57.013 -3 -1723073393
57.040 -6 -1723073393
57.067 -18 -1723073393
57.093 -9 -1723073393
57.120 4 -1723073393
57.147 -4 -1723073393
57.173 -4 -1723073393
57.200 7 -1723073393
57.227 -3 -1723073393
57.253 -12 -1723073393
57.280 2 -1723073393
57.307 2 -1723073393
57.333 -7 -1723073393
57.360 11 -1723073393
57.387 32 -1723073393
57.413 36 -1723073393
57.440 61 -1723073393
57.467 104 -1723073393
57.493 127 -1723073393
57.520 146 -1723073393
57.547 179 -1723073393
57.573 199 -1723073393
57.600 209 -1723073393
57.627 232 -1723073393
57.653 247 -1723073393
57.680 245 -1723073393
57.707 252 -1723073393
57.733 265 -1723073393
57.760 264 -1723073393
57.787 264 -1723073393
57.813 273 -1723073393
57.840 274 -1723073393
57.867 274 -1723073393
57.893 285 -1723073393
57.920 290 -1723073393
57.947 289 -1723073393
57.973 300 -1723073393
58.000 314 -1723073393
58.027 320 -1723073393
58.053 331 -1723073393
58.080 349 -1723073393
58.107 359 -1723073393
58.133 371 -1723073393
58.160 394 -1723073393
58.187 413 -1723073393
58.213 426 -1723073393
58.240 443 -1723073393
58.267 456 -1723073393
58.293 464 -1723073393
58.320 474 -1723073393
58.347 483 -1723073393
58.373 488 -1723073393
58.400 495 -1723073393
58.427 504 -1723073393
58.453 504 -1723073393
58.480 503 -1723073393
58.507 508 -1723073393
58.533 512 -1723073393
58.560 519 -1723073393
58.587 532 -1723073393
58.613 548 -1723073393
58.640 563 -1723073393
58.667 577 -1723073393
58.693 590 -1723073393
58.720 603 -1723073393
58.747 616 -1723073393
58.773 626 -1723073393
58.800 626 -1723073393
58.827 627 -1723073393
58.853 630 -1723073393
58.880 628 -1723073393
58.907 628 -1723073393
58.933 632 -1723073393
58.960 630 -1723073393
58.987 627 -1723073393
59.013 626 -1723073393
59.040 624 -1723073393
59.067 616 -1723073393
59.093 613 -1723073393
59.120 614 -1723073393
59.147 608 -1723073393
59.173 604 -1723073393
59.200 603 -1723073393
59.227 600 -1723073393
59.253 593 -1723073393
59.280 585 -1723073393
59.307 572 -1723073393
59.333 555 -1723073393
59.360 543 -1723073393
59.387 530 -1723073393
59.413 508 -1723073393
59.440 489 -1723073393
59.467 474 -1723073393
59.493 461 -1723073393
59.520 451 -1723073393
59.547 447 -1723073393
59.573 443 -1723073393
59.600 432 -1723073393
59.627 419 -1723073393
59.653 407 -1723073393
59.680 393 -1723073393
59.707 376 -1723073393
59.733 357 -1723073393
59.760 331 -1723073393
59.787 296 -1723073393
59.813 260 -1723073393
59.840 228 -1723073393
59.867 192 -1723073393
59.893 155 -1723073393
59.920 128 -1723073393
59.947 101 -1723073393
59.973 71 -1723073393
60.000 50 -1723073393
60.027 38 -1723073393
60.053 16 -1723073393
60.080 0 -1723073393
60.107 -1 -1723073393
60.133 -10 -1723073393
60.160 -22 -1723073393
60.187 -10 -1723073393
60.213 4 -1723073393
60.240 2 -1723073393
60.267 13 -1723073393
60.293 37 -1723073393
60.320 40 -1723073393
60.347 40 -1723073393
60.373 52 -1723073393
60.400 47 -1723073393
60.427 26 -1723073393
60.453 23 -1723073393
60.480 19 -1723073393
60.507 -3 -1723073393
60.533 -17 -1723073393
60.560 -21 -1723073393
60.587 -45 -1723073393
60.613 -65 -1723073393
60.640 -69 -1723073393
60.667 -88 -1723073393
60.693 -117 -1723073393
60.720 -119 -1723073393
60.747 -117 -1723073393
60.773 -136 -1723073393
60.800 -137 -1723073393
60.827 -121 -1723073393
60.853 -130 -1723073393
60.880 -136 -1723073393
60.907 -118 -1723073393
60.933 -116 -1723073393
60.960 -133 -1723073393
60.987 -129 -1723073393
61.013 -122 -1723073393
61.040 -137 -1723073393
61.067 -139 -1723073393
61.093 -129 -1723073393
61.120 -144 -1723073393
61.147 -162 -1723073393
61.173 -161 -1723073393
61.200 -167 -1723073393
61.227 -186 -1723073393
61.253 -188 -1723073393
61.280 -190 -1723073393
61.307 -217 -1723073393
61.333 -227 -1723073393
61.360 -219 -1723073393
61.387 -238 -1723073393
61.413 -257 -1723073393
61.440 -248 -1723073393
61.467 -254 -1723073393
61.493 -276 -1723073393
61.520 -273 -1723073393
61.547 -267 -1723073393
61.573 -287 -1723073393
61.600 -289 -1723073393
61.627 -273 -1723073393
61.653 -283 -1723073393
61.680 -292 -1723073393
61.707 -273 -1723073393
61.733 -268 -1723073393
61.760 -282 -1723073393
61.787 -268 -1723073393
61.813 -248 -1723073393
61.840 -254 -1723073393
61.867 -240 -1723073393
61.893 -202 -1723073393
61.920 -190 -1723073393
61.947 -185 -1723073393
61.973 -153 -1723073393
62.000 -133 -1723073393
62.027 -135 -1723073393
62.053 -111 -1723073393
62.080 -79 -1723073393
62.107 -76 -1723073393
62.133 -66 -1723073393
62.160 -37 -1723073393
62.187 -32 -1723073393
62.213 -34 -1723073393
62.240 -17 -1723073393
62.267 -14 -1723073393
62.293 -28 -1723073393
62.320 -21 -1723073393
62.347 -12 -1723073393
62.373 -30 -1723073393
62.400 -44 -1723073393
62.427 -45 -1723073393
62.453 -68 -1723073393
62.480 -94 -1723073393
62.507 -98 -1723073393
62.533 -108 -1723073393
62.560 -132 -1723073393
62.587 -137 -1723073393
62.613 -138 -1723073393
62.640 -160 -1723073393
62.667 -168 -1723073393
62.693 -154 -1723073393
62.720 -162 -1723073393
62.747 -174 -1723073393
62.773 -160 -1723073393
62.800 -149 -1723073393
62.827 -153 -1723073393
62.853 -133 -1723073393
62.880 -106 -1723073393
62.907 -106 -1723073393
62.933 -100 -1723073393
62.960 -76 -1723073393
62.987 -68 -1723073393
63.013 -64 -1723073393
63.040 -40 -1723073393
63.067 -28 -1723073393
63.093 -39 -1723073393
63.120 -37 -1723073393
63.147 -31 -1723073393
63.173 -48 -1723073393
63.200 -66 -1723073393
63.227 -67 -1723073393
63.253 -83 -1723073393
63.280 -107 -1723073393
63.307 -118 -1723073393
63.333 -136 -1723073393
63.360 -169 -1723073393
63.387 -187 -1723073393
63.413 -194 -1723073393
63.440 -224 -1723073393
63.467 -247 -1723073393
63.493 -244 -1723073393
63.520 -255 -1723073393
63.547 -274 -1723073393
63.573 -267 -1723073393
63.600 -256 -1723073393
63.627 -264 -1723073393
63.653 -248 -1723073393
63.680 -210 -1723073393
63.707 -196 -1723073393
63.733 -180 -1723073393
63.760 -139 -1723073393
63.787 -114 -1723073393
63.813 -106 -1723073393
63.840 -71 -1723073393
63.867 -31 -1723073393
63.893 -20 -1723073393
63.920 -5 -1723073393
63.947 16 -1723073393
63.973 13 -1723073393
64.000 6 -1723073393
64.027 11 -1723073393
64.053 -1 -1723073393
64.080 -32 -1723073393
64.107 -45 -1723073393
64.133 -58 -1723073393
64.160 -90 -1723073393
64.187 -109 -1723073393
64.213 -113 -1723073393
64.240 -140 -1723073393
64.267 -167 -1723073393
64.293 -166 -1723073393
64.320 -174 -1723073393
64.347 -202 -1723073393
64.373 -198 -1723073393
64.400 -178 -1723073393
64.427 -175 -1723073393
64.453 -154 -1723073393
64.480 -108 -1723073393
64.507 -84 -1723073393
64.533 -69 -1723073393
64.560 -28 -1723073393
64.587 2 -1723073393
64.613 10 -1723073393
64.640 35 -1723073393
64.667 67 -1723073393
64.693 75 -1723073393
64.720 86 -1723073393
64.747 111 -1723073393
64.773 121 -1723073393
64.800 120 -1723073393
64.827 132 -1723073393
64.853 136 -1723073393
64.880 123 -1723073393
64.907 117 -1723073393
64.933 111 -1723073393
64.960 90 -1723073393
64.987 73 -1723073393
65.013 71 -1723073393
65.040 58 -1723073393
65.067 39 -1723073393
65.093 37 -1723073393
65.120 35 -1723073393
65.147 17 -1723073393
65.173 13 -1723073393
65.200 17 -1723073393
65.227 1 -1723073393
65.253 -11 -1723073393
65.280 1 -1723073393
65.307 9 -1723073393
65.333 9 -1723073393
65.360 29 -1723073393
65.387 55 -1723073393
65.413 65 -1723073393
65.440 84 -1723073393
65.467 116 -1723073393
65.493 131 -1723073393
65.520 140 -1723073393
65.547 168 -1723073393
65.573 195 -1723073393
65.600 208 -1723073393
65.627 233 -1723073393
65.653 264 -1723073393
65.680 278 -1723073393
65.707 289 -1723073393
65.733 304 -1723073393
65.760 310 -1723073393
65.787 313 -1723073393
65.813 323 -1723073393
65.840 327 -1723073393
65.867 324 -1723073393
65.893 324 -1723073393
65.920 325 -1723073393
65.947 317 -1723073393
65.973 307 -1723073393
66.000 299 -1723073393
66.027 283 -1723073393
66.053 267 -1723073393
66.080 264 -1723073393
66.107 258 -1723073393
66.133 244 -1723073393
66.160 237 -1723073393
66.187 235 -1723073393
66.213 225 -1723073393
66.240 216 -1723073393
66.267 219 -1723073393
66.293 217 -1723073393
66.320 213 -1723073393
66.347 222 -1723073393
66.373 234 -1723073393
66.400 232 -1723073393
66.427 236 -1723073393
66.453 248 -1723073393
66.480 252 -1723073393
66.507 252 -1723073393
66.533 258 -1723073393
66.560 263 -1723073393
66.587 262 -1723073393
66.613 268 -1723073393
66.640 274 -1723073393
66.667 272 -1723073393
66.693 270 -1723073393
66.720 269 -1723073393
66.747 261 -1723073393
66.773 249 -1723073393
66.800 247 -1723073393
66.827 241 -1723073393
66.853 233 -1723073393
66.880 232 -1723073393
66.907 236 -1723073393
66.933 237 -1723073393
66.960 240 -1723073393
66.987 248 -1723073393
67.013 252 -1723073393
67.040 256 -1723073393
67.067 271 -1723073393
67.093 289 -1723073393
67.120 301 -1723073393
67.147 322 -1723073393
67.173 351 -1723073393
67.200 374 -1723073393
67.227 397 -1723073393
67.253 429 -1723073393
67.280 458 -1723073393
67.307 481 -1723073393
67.333 503 -1723073393
67.360 520 -1723073393
67.387 532 -1723073393
67.413 541 -1723073393
67.440 546 -1723073393
67.467 547 -1723073393
67.493 549 -1723073393
67.520 552 -1723073393
67.547 547 -1723073393
67.573 535 -1723073393
67.600 521 -1723073393
67.627 502 -1723073393
67.653 481 -1723073393
67.680 462 -1723073393
67.707 439 -1723073393
67.733 409 -1723073393
67.760 382 -1723073393
67.787 366 -1723073393
67.813 351 -1723073393
67.840 336 -1723073393
67.867 332 -1723073393
67.893 333 -1723073393
67.920 327 -1723073393
67.947 323 -1723073393
67.973 328 -1723073393
68.000 328 -1723073393
68.027 321 -1723073393
68.053 324 -1723073393
68.080 331 -1723073393
68.107 330 -1723073393
68.133 329 -1723073393
68.160 331 -1723073393
68.187 321 -1723073393
68.213 307 -1723073393
68.240 302 -1723073393
68.267 294 -1723073393
68.293 283 -1723073393
68.320 281 -1723073393
68.347 281 -1723073393
68.373 271 -1723073393
68.400 263 -1723073393
68.427 264 -1723073393
68.453 258 -1723073393
68.480 246 -1723073393
68.507 246 -1723073393
68.533 246 -1723073393
68.560 238 -1723073393
68.587 236 -1723073393
68.613 237 -1723073393
68.640 225 -1723073393
68.667 214 -1723073393
68.693 217 -1723073393
68.720 216 -1723073393
68.747 212 -1723073393
68.773 220 -1723073393
68.800 231 -1723073393
68.827 235 -1723073393
68.853 244 -1723073393
68.880 261 -1723073393
68.907 267 -1723073393
68.933 270 -1723073393
68.960 286 -1723073393
68.987 305 -1723073393
69.013 316 -1723073393
69.040 333 -1723073393
69.067 351 -1723073393
69.093 358 -1723073393
69.120 363 -1723073393
69.147 371 -1723073393
69.173 370 -1723073393
69.200 368 -1723073393
69.227 377 -1723073393
69.253 384 -1723073393
69.280 385 -1723073393
69.307 393 -1723073393
69.333 398 -1723073393
69.360 395 -1723073393
69.387 397 -1723073393
69.413 403 -1723073393
69.440 401 -1723073393
69.467 394 -1723073393
69.493 390 -1723073393
69.520 384 -1723073393
69.547 376 -1723073393
69.573 371 -1723073393
69.600 365 -1723073393
69.627 355 -1723073393
69.653 344 -1723073393
69.680 330 -1723073393
69.707 308 -1723073393
69.733 282 -1723073393
69.760 260 -1723073393
69.787 235 -1723073393
69.813 210 -1723073393
69.840 192 -1723073393
69.867 181 -1723073393
69.893 164 -1723073393
69.920 150 -1723073393
69.947 151 -1723073393
69.973 146 -1723073393
70.000 130 -1723073393
70.027 130 -1723073393
70.053 139 -1723073393
70.080 138 -1723073393
70.107 143 -1723073393
70.133 165 -1723073393
70.160 177 -1723073393
70.187 179 -1723073393
70.213 194 -1723073393
70.240 208 -1723073393
70.267 217 -1723073393
70.293 235 -1723073393
70.320 259 -1723073393
70.347 267 -1723073393
70.373 277 -1723073393
70.400 300 -1723073393
70.427 314 -1723073393
70.453 319 -1723073393
70.480 332 -1723073393
70.507 339 -1723073393
70.533 337 -1723073393
70.560 338 -1723073393
70.587 341 -1723073393
70.613 336 -1723073393
70.640 336 -1723073393
70.667 343 -1723073393
70.693 341 -1723073393
70.720 340 -1723073393
70.747 343 -1723073393
70.773 339 -1723073393
70.800 328 -1723073393
70.827 323 -1723073393
70.853 324 -1723073393
70.880 316 -1723073393
70.907 307 -1723073393
70.933 307 -1723073393
70.960 303 -1723073393
70.987 296 -1723073393
71.013 298 -1723073393
71.040 302 -1723073393
71.067 299 -1723073393
71.093 301 -1723073393
71.120 312 -1723073393
71.147 315 -1723073393
71.173 315 -1723073393
71.200 324 -1723073393
71.227 331 -1723073393
71.253 335 -1723073393
71.280 346 -1723073393
71.307 360 -1723073393
71.333 365 -1723073393
71.360 371 -1723073393
71.387 383 -1723073393
71.413 388 -1723073393
71.440 386 -1723073393
71.467 384 -1723073393
71.493 379 -1723073393
71.520 373 -1723073393
71.547 374 -1723073393
71.573 377 -1723073393
71.600 374 -1723073393
71.627 371 -1723073393
71.653 367 -1723073393
71.680 357 -1723073393
71.707 344 -1723073393
71.733 334 -1723073393
71.760 321 -1723073393
71.787 305 -1723073393
71.813 292 -1723073393
71.840 280 -1723073393
71.867 265 -1723073393
71.893 254 -1723073393
71.920 251 -1723073393
71.947 246 -1723073393
71.973 240 -1723073393
72.000 245 -1723073393
72.027 252 -1723073393
72.053 253 -1723073393
72.080 260 -1723073393
72.107 273 -1723073393
72.133 276 -1723073393
72.160 271 -1723073393
72.187 270 -1723073393
72.213 263 -1723073393
72.240 247 -1723073393
72.267 239 -1723073393
72.293 237 -1723073393
72.320 227 -1723073393
72.347 216 -1723073393
72.373 210 -1723073393
72.400 199 -1723073393
72.427 187 -1723073393
72.453 188 -1723073393
72.480 194 -1723073393
72.507 193 -1723073393
72.533 200 -1723073393
72.560 214 -1723073393
72.587 216 -1723073393
72.613 217 -1723073393
72.640 231 -1723073393
72.667 238 -1723073393
72.693 241 -1723073393
72.720 254 -1723073393
72.747 267 -1723073393
72.773 268 -1723073393
72.800 269 -1723073393
72.827 276 -1723073393
72.853 276 -1723073393
72.880 275 -1723073393
72.907 280 -1723073393
72.933 282 -1723073393
72.960 278 -1723073393
72.987 276 -1723073393
73.013 275 -1723073393
73.040 270 -1723073393
73.067 265 -1723073393
73.093 264 -1723073393
73.120 257 -1723073393
73.147 248 -1723073393
73.173 244 -1723073393
73.200 235 -1723073393
73.227 219 -1723073393
73.253 211 -1723073393
73.280 209 -1723073393
73.307 204 -1723073393
73.333 205 -1723073393
73.360 211 -1723073393
73.387 205 -1723073393
73.413 193 -1723073393
73.440 192 -1723073393
73.467 191 -1723073393
73.493 185 -1723073393
73.520 190 -1723073393
73.547 198 -1723073393
73.573 199 -1723073393
73.600 204 -1723073393
73.627 223 -1723073393
73.653 235 -1723073393
73.680 240 -1723073393
73.707 255 -1723073393
73.733 271 -1723073393
73.760 275 -1723073393
73.787 282 -1723073393
73.813 289 -1723073393
73.840 289 -1723073393
73.867 291 -1723073393
73.893 302 -1723073393
73.920 299 -1723073393
73.947 290 -1723073393
73.973 291 -1723073393
74.000 287 -1723073393
74.027 274 -1723073393
74.053 267 -1723073393
74.080 259 -1723073393
74.107 243 -1723073393
74.133 234 -1723073393
74.160 235 -1723073393
74.187 224 -1723073393
74.213 207 -1723073393
74.240 200 -1723073393
74.267 190 -1723073393
74.293 169 -1723073393
74.320 161 -1723073393
74.347 164 -1723073393
74.373 154 -1723073393
74.400 149 -1723073393
74.427 158 -1723073393
74.453 159 -1723073393
74.480 152 -1723073393
74.507 160 -1723073393
74.533 163 -1723073393
74.560 158 -1723073393
74.587 168 -1723073393
74.613 187 -1723073393
74.640 192 -1723073393
74.667 198 -1723073393
74.693 215 -1723073393
74.720 223 -1723073393
74.747 227 -1723073393
74.773 240 -1723073393
74.800 248 -1723073393
74.827 243 -1723073393
74.853 247 -1723073393
74.880 259 -1723073393
74.907 256 -1723073393
74.933 250 -1723073393
74.960 254 -1723073393
74.987 253 -1723073393
75.013 248 -1723073393
75.040 249 -1723073393
75.067 250 -1723073393
75.093 248 -1723073393
75.120 252 -1723073393
75.147 260 -1723073393
75.173 261 -1723073393
75.200 265 -1723073393
75.227 278 -1723073393
75.253 286 -1723073393
75.280 286 -1723073393
75.307 292 -1723073393
75.333 295 -1723073393
75.360 290 -1723073393
75.387 289 -1723073393
75.413 290 -1723073393
75.440 282 -1723073393
75.467 278 -1723073393
75.493 280 -1723073393
75.520 277 -1723073393
75.547 274 -1723073393
75.573 281 -1723073393
75.600 281 -1723073393
75.627 275 -1723073393
75.653 278 -1723073393
75.680 285 -1723073393
75.707 286 -1723073393
75.733 293 -1723073393
75.760 307 -1723073393
75.787 310 -1723073393
75.813 308 -1723073393
75.840 309 -1723073393
75.867 303 -1723073393
75.893 288 -1723073393
75.920 274 -1723073393
75.947 257 -1723073393
75.973 232 -1723073393
76.000 208 -1723073393
76.027 186 -1723073393
76.053 161 -1723073393
76.080 139 -1723073393
76.107 123 -1723073393
76.133 101 -1723073393
76.160 77 -1723073393
76.187 69 -1723073393
76.213 73 -1723073393
76.240 71 -1723073393
76.267 75 -1723073393
76.293 97 -1723073393
76.320 112 -1723073393
76.347 123 -1723073393
76.373 154 -1723073393
76.400 183 -1723073393
76.427 200 -1723073393
76.453 227 -1723073393
76.480 254 -1723073393
76.507 267 -1723073393
76.533 285 -1723073393
76.560 308 -1723073393
76.587 317 -1723073393
76.613 320 -1723073393
76.640 333 -1723073393
76.667 343 -1723073393
76.693 347 -1723073393
76.720 356 -1723073393
76.747 363 -1723073393
76.773 362 -1723073393
76.800 364 -1723073393
76.827 366 -1723073393
76.853 360 -1723073393
76.880 356 -1723073393
76.907 355 -1723073393
76.933 351 -1723073393
76.960 348 -1723073393
76.987 352 -1723073393
77.013 351 -1723073393
77.040 349 -1723073393
77.067 351 -1723073393
77.093 350 -1723073393
77.120 348 -1723073393
77.147 351 -1723073393
77.173 352 -1723073393
77.200 346 -1723073393
77.227 341 -1723073393
77.253 344 -1723073393
77.280 347 -1723073393
77.307 353 -1723073393
77.333 362 -1723073393
77.360 369 -1723073393
77.387 368 -1723073393
77.413 368 -1723073393
77.440 366 -1723073393
77.467 355 -1723073393
77.493 346 -1723073393
77.520 347 -1723073393
77.547 344 -1723073393
77.573 335 -1723073393
77.600 333 -1723073393
77.627 329 -1723073393
77.653 316 -1723073393
77.680 308 -1723073393
77.707 303 -1723073393
77.733 291 -1723073393
77.760 281 -1723073393
77.787 280 -1723073393
77.813 276 -1723073393
77.840 270 -1723073393
77.867 273 -1723073393
77.893 277 -1723073393
77.920 275 -1723073393
77.947 275 -1723073393
77.973 284 -1723073393
78.000 286 -1723073393
78.027 285 -1723073393
78.053 288 -1723073393
78.080 289 -1723073393
78.107 286 -1723073393
78.133 288 -1723073393
78.160 292 -1723073393
78.187 289 -1723073393
78.213 290 -1723073393
78.240 295 -1723073393
78.267 296 -1723073393
78.293 302 -1723073393
78.320 311 -1723073393
78.347 310 -1723073393
78.373 311 -1723073393
78.400 316 -1723073393
78.427 316 -1723073393
78.453 315 -1723073393
78.480 319 -1723073393
78.507 321 -1723073393
78.533 314 -1723073393
78.560 306 -1723073393
78.587 302 -1723073393
78.613 294 -1723073393
78.640 287 -1723073393
78.667 281 -1723073393
78.693 270 -1723073393
78.720 257 -1723073393
78.747 253 -1723073393
78.773 247 -1723073393
78.800 233 -1723073393
78.827 222 -1723073393
78.853 214 -1723073393
78.880 197 -1723073393
78.907 176 -1723073393
78.933 163 -1723073393
78.960 147 -1723073393
78.987 130 -1723073393
79.013 129 -1723073393
79.040 133 -1723073393
79.067 132 -1723073393
79.093 142 -1723073393
79.120 153 -1723073393
79.147 150 -1723073393
79.173 152 -1723073393
79.200 166 -1723073393
79.227 170 -1723073393
79.253 173 -1723073393
79.280 189 -1723073393
79.307 199 -1723073393
79.333 200 -1723073393
79.360 212 -1723073393
79.387 220 -1723073393
79.413 215 -1723073393
79.440 215 -1723073393
79.467 221 -1723073393
79.493 220 -1723073393
79.520 215 -1723073393
79.547 209 -1723073393
79.573 197 -1723073393
79.600 180 -1723073393
79.627 166 -1723073393
79.653 148 -1723073393
79.680 129 -1723073393
79.707 122 -1723073393
79.733 116 -1723073393
79.760 99 -1723073393
79.787 90 -1723073393
79.813 92 -1723073393
79.840 82 -1723073393
79.867 75 -1723073393
79.893 83 -1723073393
79.920 85 -1723073393
79.947 84 -1723073393
79.973 103 -1723073393
80.000 126 -1723073393
80.027 140 -1723073393
80.053 162 -1723073393
80.080 187 -1723073393
80.107 201 -1723073393
80.133 217 -1723073393
80.160 240 -1723073393
80.187 250 -1723073393
80.213 255 -1723073393
80.240 266 -1723073393
80.267 271 -1723073393
80.293 272 -1723073393
80.320 277 -1723073393
80.347 276 -1723073393
80.373 270 -1723073393
80.400 270 -1723073393
80.427 267 -1723073393
80.453 260 -1723073393
80.480 257 -1723073393
80.507 260 -1723073393
80.533 259 -1723073393
80.560 256 -1723073393
80.587 255 -1723073393
80.613 246 -1723073393
80.640 238 -1723073393
80.667 241 -1723073393
80.693 241 -1723073393
80.720 240 -1723073393
80.747 243 -1723073393
80.773 244 -1723073393
80.800 242 -1723073393
80.827 251 -1723073393
80.853 266 -1723073393
80.880 272 -1723073393
80.907 280 -1723073393
80.933 292 -1723073393
80.960 294 -1723073393
80.987 292 -1723073393
81.013 296 -1723073393
81.040 293 -1723073393
81.067 285 -1723073393
81.093 283 -1723073393
81.120 279 -1723073393
81.147 272 -1723073393
81.173 269 -1723073393
81.200 263 -1723073393
81.227 249 -1723073393
81.253 236 -1723073393
81.280 229 -1723073393
81.307 216 -1723073393
81.333 198 -1723073393
81.360 184 -1723073393
81.387 167 -1723073393
81.413 153 -1723073393
81.440 150 -1723073393
81.467 146 -1723073393
81.493 139 -1723073393
81.520 144 -1723073393
81.547 153 -1723073393
81.573 149 -1723073393
81.600 147 -1723073393
81.627 152 -1723073393
81.653 147 -1723073393
81.680 145 -1723073393
81.707 158 -1723073393
81.733 162 -1723073393
81.760 168 -1723073393
81.787 191 -1723073393
81.813 208 -1723073393
81.840 217 -1723073393
81.867 238 -1723073393
81.893 255 -1723073393
81.920 264 -1723073393
81.947 282 -1723073393
81.973 300 -1723073393
82.000 308 -1723073393
82.027 323 -1723073393
82.053 343 -1723073393
82.080 351 -1723073393
82.107 358 -1723073393
82.133 369 -1723073393
82.160 371 -1723073393
82.187 370 -1723073393
82.213 372 -1723073393
82.240 369 -1723073393
82.267 364 -1723073393
82.293 360 -1723073393
82.320 352 -1723073393
82.347 343 -1723073393
82.373 335 -1723073393
82.400 323 -1723073393
82.427 308 -1723073393
82.453 299 -1723073393
82.480 291 -1723073393
82.507 280 -1723073393
82.533 276 -1723073393
82.560 276 -1723073393
82.587 268 -1723073393
82.613 259 -1723073393
82.640 258 -1723073393
82.667 255 -1723073393
82.693 251 -1723073393
82.720 257 -1723073393
82.747 261 -1723073393
82.773 263 -1723073393
82.800 273 -1723073393
82.827 281 -1723073393
82.853 280 -1723073393
82.880 284 -1723073393
82.907 289 -1723073393
82.933 286 -1723073393
82.960 284 -1723073393
82.987 284 -1723073393
83.013 275 -1723073393
83.040 268 -1723073393
83.067 268 -1723073393
83.093 261 -1723073393
83.120 253 -1723073393
83.147 252 -1723073393
83.173 242 -1723073393
83.200 224 -1723073393
83.227 218 -1723073393
83.253 213 -1723073393
83.280 201 -1723073393
83.307 200 -1723073393
83.333 199 -1723073393
83.360 183 -1723073393
83.387 177 -1723073393
83.413 185 -1723073393
83.440 182 -1723073393
83.467 184 -1723073393
83.493 201 -1723073393
83.520 206 -1723073393
83.547 209 -1723073393
83.573 227 -1723073393
83.600 238 -1723073393
83.627 244 -1723073393
83.653 264 -1723073393
83.680 279 -1723073393
83.707 285 -1723073393
83.733 298 -1723073393
83.760 302 -1723073393
83.787 295 -1723073393
83.813 292 -1723073393
83.840 287 -1723073393
83.867 275 -1723073393
83.893 269 -1723073393
83.920 266 -1723073393
83.947 257 -1723073393
83.973 251 -1723073393
84.000 249 -1723073393
84.027 237 -1723073393
84.053 226 -1723073393
84.080 224 -1723073393
84.107 220 -1723073393
84.133 214 -1723073393
84.160 218 -1723073393
84.187 216 -1723073393
84.213 213 -1723073393
84.240 226 -1723073393
84.267 234 -1723073393
84.293 226 -1723073393
84.320 233 -1723073393
84.347 240 -1723073393
84.373 230 -1723073393
84.400 231 -1723073393
84.427 241 -1723073393
84.453 237 -1723073393
84.480 239 -1723073393
84.507 246 -1723073393
84.533 243 -1723073393
84.560 245 -1723073393
84.587 252 -1723073393
84.613 245 -1723073393
84.640 240 -1723073393
84.667 243 -1723073393
84.693 238 -1723073393
84.720 226 -1723073393
84.747 223 -1723073393
84.773 214 -1723073393
84.800 200 -1723073393
84.827 202 -1723073393
84.853 203 -1723073393
84.880 196 -1723073393
84.907 200 -1723073393
84.933 200 -1723073393
84.960 190 -1723073393
84.987 189 -1723073393
85.013 187 -1723073393
85.040 172 -1723073393
85.067 170 -1723073393
85.093 176 -1723073393
85.120 169 -1723073393
85.147 168 -1723073393
85.173 176 -1723073393
85.200 175 -1723073393
85.227 181 -1723073393
85.253 192 -1723073393
85.280 194 -1723073393
85.307 200 -1723073393
85.333 211 -1723073393
85.360 211 -1723073393
85.387 210 -1723073393
85.413 220 -1723073393
85.440 225 -1723073393
85.467 226 -1723073393
85.493 232 -1723073393
85.520 231 -1723073393
85.547 228 -1723073393
85.573 235 -1723073393
85.600 233 -1723073393
85.627 224 -1723073393
85.653 232 -1723073393
85.680 237 -1723073393
85.707 232 -1723073393
85.733 240 -1723073393
85.760 249 -1723073393
85.787 250 -1723073393
85.813 261 -1723073393
85.840 271 -1723073393
85.867 271 -1723073393
85.893 277 -1723073393
85.920 281 -1723073393
85.947 275 -1723073393
85.973 280 -1723073393
86.000 291 -1723073393
86.027 293 -1723073393
86.053 294 -1723073393
86.080 292 -1723073393
86.107 279 -1723073393
86.133 270 -1723073393
86.160 267 -1723073393
86.187 257 -1723073393
86.213 249 -1723073393
86.240 246 -1723073393
86.267 234 -1723073393
86.293 228 -1723073393
86.320 229 -1723073393
86.347 221 -1723073393
86.373 217 -1723073393
86.400 224 -1723073393
86.427 221 -1723073393
86.453 216 -1723073393
86.480 219 -1723073393
86.507 213 -1723073393
86.533 209 -1723073393
86.560 219 -1723073393
86.587 220 -1723073393
86.613 215 -1723073393
86.640 218 -1723073393
86.667 209 -1723073393
86.693 195 -1723073393
86.720 191 -1723073393
86.747 183 -1723073393
86.773 173 -1723073393
86.800 174 -1723073393
86.827 165 -1723073393
86.853 148 -1723073393
86.880 150 -1723073393
86.907 149 -1723073393
86.933 140 -1723073393
86.960 148 -1723073393
86.987 158 -1723073393
87.013 159 -1723073393
87.040 176 -1723073393
87.067 194 -1723073393
87.093 196 -1723073393
87.120 211 -1723073393
87.147 226 -1723073393
87.173 225 -1723073393
87.200 231 -1723073393
87.227 240 -1723073393
87.253 240 -1723073393
87.280 246 -1723073393
87.307 252 -1723073393
87.333 249 -1723073393
87.360 249 -1723073393
87.387 249 -1723073393
87.413 246 -1723073393
87.440 249 -1723073393
87.467 254 -1723073393
87.493 253 -1723073393
87.520 256 -1723073393
87.547 259 -1723073393
87.573 250 -1723073393
87.600 248 -1723073393
87.627 244 -1723073393
87.653 229 -1723073393
87.680 226 -1723073393
87.707 231 -1723073393
87.733 229 -1723073393
87.760 236 -1723073393
87.787 246 -1723073393
87.813 242 -1723073393
87.840 242 -1723073393
87.867 242 -1723073393
87.893 232 -1723073393
87.920 232 -1723073393
87.947 236 -1723073393
87.973 234 -1723073393
88.000 237 -1723073393
88.027 240 -1723073393
88.053 233 -1723073393
88.080 232 -1723073393
88.107 230 -1723073393
88.133 218 -1723073393
88.160 215 -1723073393
88.187 216 -1723073393
88.213 205 -1723073393
88.240 205 -1723073393
88.267 212 -1723073393
88.293 203 -1723073393
88.320 199 -1723073393
88.347 201 -1723073393
88.373 195 -1723073393
88.400 193 -1723073393
88.427 196 -1723073393
88.453 189 -1723073393
88.480 193 -1723073393
88.507 201 -1723073393
88.533 194 -1723073393
88.560 200 -1723073393
88.587 209 -1723073393
88.613 198 -1723073393
88.640 198 -1723073393
88.667 204 -1723073393
88.693 199 -1723073393
88.720 205 -1723073393
88.747 212 -1723073393
88.773 199 -1723073393
88.800 193 -1723073393
88.827 193 -1723073393
88.853 184 -1723073393
88.880 183 -1723073393
88.907 181 -1723073393
88.933 172 -1723073393
88.960 180 -1723073393
88.987 184 -1723073393
89.013 174 -1723073393
89.040 175 -1723073393
89.067 173 -1723073393
89.093 163 -1723073393
89.120 170 -1723073393
89.147 172 -1723073393
89.173 169 -1723073393
89.200 183 -1723073393
89.227 193 -1723073393
89.253 194 -1723073393
89.280 205 -1723073393
89.307 206 -1723073393
89.333 201 -1723073393
89.360 212 -1723073393
89.387 213 -1723073393
89.413 212 -1723073393
89.440 225 -1723073393
89.467 223 -1723073393
89.493 218 -1723073393
89.520 222 -1723073393
89.547 217 -1723073393
89.573 211 -1723073393
89.600 215 -1723073393
89.627 205 -1723073393
89.653 202 -1723073393
89.680 204 -1723073393
89.707 186 -1723073393
89.733 176 -1723073393
89.760 175 -1723073393
89.787 156 -1723073393
89.813 148 -1723073393
89.840 147 -1723073393
89.867 133 -1723073393
89.893 132 -1723073393
89.920 142 -1723073393
89.947 137 -1723073393
89.973 143 -1723073393
90.000 149 -1723073393
90.027 139 -1723073393
90.053 148 -1723073393
90.080 154 -1723073393
90.107 144 -1723073393
90.133 157 -1723073393
90.160 171 -1723073393
90.187 173 -1723073393
90.213 190 -1723073393
90.240 195 -1723073393
90.267 190 -1723073393
90.293 202 -1723073393
90.320 202 -1723073393
90.347 197 -1723073393
90.373 203 -1723073393
90.400 191 -1723073393
90.427 177 -1723073393
90.453 174 -1723073393
90.480 158 -1723073393
90.507 148 -1723073393
90.533 151 -1723073393
90.560 141 -1723073393
90.587 142 -1723073393
90.613 145 -1723073393
90.640 128 -1723073393
90.667 127 -1723073393
90.693 134 -1723073393
90.720 127 -1723073393
90.747 138 -1723073393
90.773 147 -1723073393
90.800 147 -1723073393
90.827 162 -1723073393
90.853 174 -1723073393
90.880 183 -1723073393
90.907 208 -1723073393
90.933 216 -1723073393
90.960 217 -1723073393
90.987 234 -1723073393
91.013 237 -1723073393
91.040 242 -1723073393
91.067 258 -1723073393
91.093 253 -1723073393
91.120 262 -1723073393
91.147 282 -1723073393
91.173 288 -1723073393
91.200 303 -1723073393
91.227 320 -1723073393
91.253 326 -1723073393
91.280 343 -1723073393
91.307 357 -1723073393
91.333 361 -1723073393
91.360 371 -1723073393
91.387 376 -1723073393
91.413 374 -1723073393
91.440 379 -1723073393
91.467 376 -1723073393
91.493 374 -1723073393
91.520 376 -1723073393
91.547 370 -1723073393
91.573 362 -1723073393
91.600 354 -1723073393
91.627 344 -1723073393
91.653 342 -1723073393
91.680 335 -1723073393
91.707 320 -1723073393
91.733 318 -1723073393
91.760 310 -1723073393
91.787 303 -1723073393
91.813 310 -1723073393
91.840 308 -1723073393
91.867 305 -1723073393
91.893 313 -1723073393
91.920 306 -1723073393
91.947 307 -1723073393
91.973 315 -1723073393
92.000 316 -1723073393
92.027 332 -1723073393
92.053 347 -1723073393
92.080 356 -1723073393
92.107 370 -1723073393
92.133 375 -1723073393
92.160 370 -1723073393
92.187 371 -1723073393
92.213 371 -1723073393
92.240 368 -1723073393
92.267 367 -1723073393
92.293 362 -1723073393
92.320 362 -1723073393
92.347 363 -1723073393
92.373 357 -1723073393
92.400 355 -1723073393
92.427 345 -1723073393
92.453 334 -1723073393
92.480 336 -1723073393
92.507 333 -1723073393
92.533 330 -1723073393
92.560 333 -1723073393
92.587 327 -1723073393
92.613 328 -1723073393
92.640 336 -1723073393
92.667 336 -1723073393
92.693 344 -1723073393
92.720 343 -1723073393
92.747 343 -1723073393
92.773 359 -1723073393
92.800 363 -1723073393
92.827 370 -1723073393
92.853 388 -1723073393
92.880 393 -1723073393
92.907 405 -1723073393
92.933 419 -1723073393
92.960 421 -1723073393
92.987 428 -1723073393
93.013 432 -1723073393
93.040 432 -1723073393
93.067 436 -1723073393
93.093 434 -1723073393
93.120 429 -1723073393
93.147 425 -1723073393
93.173 413 -1723073393
93.200 405 -1723073393
93.227 396 -1723073393
93.253 385 -1723073393
93.280 379 -1723073393
93.307 367 -1723073393
93.333 356 -1723073393
93.360 352 -1723073393
93.387 343 -1723073393
93.413 334 -1723073393
93.440 325 -1723073393
93.467 317 -1723073393
93.493 316 -1723073393
93.520 309 -1723073393
93.547 300 -1723073393
93.573 302 -1723073393
93.600 295 -1723073393
93.627 297 -1723073393
93.653 308 -1723073393
93.680 309 -1723073393
93.707 315 -1723073393
93.733 322 -1723073393
93.760 325 -1723073393
93.787 334 -1723073393
93.813 334 -1723073393
93.840 338 -1723073393
93.867 346 -1723073393
93.893 347 -1723073393
93.920 354 -1723073393
93.947 358 -1723073393
93.973 359 -1723073393
94.000 363 -1723073393
94.027 358 -1723073393
94.053 354 -1723073393
94.080 354 -1723073393
94.107 349 -1723073393
94.133 346 -1723073393
94.160 335 -1723073393
94.187 323 -1723073393
94.213 322 -1723073393
94.240 320 -1723073393
94.267 322 -1723073393
94.293 321 -1723073393
94.320 310 -1723073393
94.347 311 -1723073393
94.373 307 -1723073393
94.400 306 -1723073393
94.427 313 -1723073393
94.453 310 -1723073393
94.480 314 -1723073393
94.507 315 -1723073393
94.533 316 -1723073393
94.560 325 -1723073393
94.587 324 -1723073393
94.613 329 -1723073393
94.640 335 -1723073393
94.667 337 -1723073393
94.693 345 -1723073393
94.720 346 -1723073393
94.747 346 -1723073393
94.773 350 -1723073393
94.800 355 -1723073393
94.827 359 -1723073393
94.853 359 -1723073393
94.880 355 -1723073393
94.907 356 -1723073393
94.933 349 -1723073393
94.960 345 -1723073393
94.987 340 -1723073393
95.013 331 -1723073393
95.040 335 -1723073393
95.067 326 -1723073393
95.093 319 -1723073393
95.120 318 -1723073393
95.147 305 -1723073393
95.173 303 -1723073393
95.200 297 -1723073393
95.227 287 -1723073393
95.253 281 -1723073393
95.280 269 -1723073393
95.307 267 -1723073393
95.333 264 -1723073393
95.360 259 -1723073393
95.387 262 -1723073393
95.413 256 -1723073393
95.440 253 -1723073393
95.467 248 -1723073393
95.493 243 -1723073393
95.520 259 -1723073393
95.547 266 -1723073393
95.573 272 -1723073393
95.600 278 -1723073393
95.627 272 -1723073393
95.653 278 -1723073393
95.680 274 -1723073393
95.707 268 -1723073393
95.733 265 -1723073393
95.760 248 -1723073393
95.787 241 -1723073393
95.813 227 -1723073393
95.840 216 -1723073393
95.867 218 -1723073393
95.893 207 -1723073393
95.920 200 -1723073393
95.947 181 -1723073393
95.973 166 -1723073393
96.000 165 -1723073393
96.027 156 -1723073393
96.053 160 -1723073393
96.080 149 -1723073393
96.107 140 -1723073393
96.133 143 -1723073393
96.160 136 -1723073393
96.187 146 -1723073393
96.213 142 -1723073393
96.240 139 -1723073393
96.267 150 -1723073393
96.293 143 -1723073393
96.320 160 -1723073393
96.347 164 -1723073393
96.373 168 -1723073393
96.400 181 -1723073393
96.427 185 -1723073393
96.453 199 -1723073393
96.480 197 -1723073393
96.507 199 -1723073393
96.533 201 -1723073393
96.560 194 -1723073393
96.587 202 -1723073393
96.613 191 -1723073393
96.640 192 -1723073393
96.667 191 -1723073393
96.693 182 -1723073393
96.720 187 -1723073393
96.747 178 -1723073393
96.773 173 -1723073393
96.800 156 -1723073393
96.827 146 -1723073393
96.853 137 -1723073393
96.880 121 -1723073393
96.907 121 -1723073393
96.933 105 -1723073393
96.960 94 -1723073393
96.987 84 -1723073393
97.013 74 -1723073393
97.040 78 -1723073393
97.067 70 -1723073393
97.093 77 -1723073393
97.120 70 -1723073393
97.147 70 -1723073393
97.173 79 -1723073393
97.200 78 -1723073393
97.227 88 -1723073393
97.253 82 -1723073393
97.280 84 -1723073393
97.307 88 -1723073393
97.333 86 -1723073393
97.360 86 -1723073393
97.387 80 -1723073393
97.413 84 -1723073393
97.440 76 -1723073393
97.467 73 -1723073393
97.493 65 -1723073393
97.520 58 -1723073393
97.547 64 -1723073393
97.573 59 -1723073393
97.600 61 -1723073393
97.627 48 -1723073393
97.653 45 -1723073393
97.680 38 -1723073393
97.707 31 -1723073393
97.733 33 -1723073393
97.760 27 -1723073393
97.787 33 -1723073393
97.813 28 -1723073393
97.840 31 -1723073393
97.867 35 -1723073393
97.893 40 -1723073393
97.920 48 -1723073393
97.947 51 -1723073393
97.973 66 -1723073393
98.000 61 -1723073393
98.027 71 -1723073393
98.053 66 -1723073393
98.080 72 -1723073393
98.107 81 -1723073393
98.133 79 -1723073393
98.160 87 -1723073393
98.187 88 -1723073393
98.213 108 -1723073393
98.240 109 -1723073393
98.267 119 -1723073393
98.293 124 -1723073393
98.320 128 -1723073393
98.347 129 -1723073393
98.373 125 -1723073393
98.400 129 -1723073393
98.427 125 -1723073393
98.453 128 -1723073393
98.480 123 -1723073393
98.507 130 -1723073393
98.533 120 -1723073393
98.560 120 -1723073393
98.587 112 -1723073393
98.613 97 -1723073393
98.640 83 -1723073393
98.667 68 -1723073393
98.693 64 -1723073393
98.720 51 -1723073393
98.747 54 -1723073393
98.773 42 -1723073393
98.800 46 -1723073393
98.827 37 -1723073393
98.853 34 -1723073393
98.880 32 -1723073393
98.907 29 -1723073393
98.933 22 -1723073393
98.960 16 -1723073393
98.987 16 -1723073393
99.013 14 -1723073393
99.040 28 -1723073393
99.067 25 -1723073393
99.093 27 -1723073393
99.120 17 -1723073393
99.147 22 -1723073393
99.173 14 -1723073393
99.200 15 -1723073393
99.227 19 -1723073393
99.253 34 -1723073393
99.280 34 -1723073393
99.307 42 -1723073393
99.333 49 -1723073393
99.360 53 -1723073393
99.387 53 -1723073393
99.413 47 -1723073393
99.440 39 -1723073393
99.467 25 -1723073393
99.493 23 -1723073393
99.520 6 -1723073393
99.547 -2 -1723073393
99.573 -10 -1723073393
99.600 -7 -1723073393
99.627 -8 -1723073393
99.653 -8 -1723073393
99.680 -14 -1723073393
99.707 -7 -1723073393
99.733 -13 -1723073393
99.760 -12 -1723073393
99.787 -19 -1723073393
99.813 -13 -1723073393
99.840 -20 -1723073393
99.867 -4 -1723073393
99.893 0 -1723073393
99.920 8 -1723073393
99.947 5 -1723073393
99.973 21 -1723073393
100.000 0 -1723073393
