0.000 21 -1723073393
0.027 27 -1723073393
0.053 23 -1723073393
0.080 22 -1723073393
0.107 20 -1723073393
0.133 22 -1723073393
0.160 30 -1723073393
0.187 29 -1723073393
0.213 25 -1723073393
0.240 13 -1723073393
0.267 6 -1723073393
0.293 8 -1723073393
0.320 7 -1723073393
0.347 8 -1723073393
0.373 8 -1723073393
0.400 7 -1723073393
0.427 10 -1723073393
0.453 5 -1723073393
0.480 10 -1723073393
0.507 15 -1723073393
0.533 13 -1723073393
0.560 21 -1723073393
0.587 18 -1723073393
0.613 18 -1723073393
0.640 17 -1723073393
0.667 9 -1723073393
0.693 11 -1723073393
0.720 9 -1723073393
0.747 9 -1723073393
0.773 12 -1723073393
0.800 10 -1723073393
0.827 13 -1723073393
0.853 12 -1723073393
0.880 7 -1723073393
0.907 5 -1723073393
0.933 1 -1723073393
0.960 1 -1723073393
0.987 -2 -1723073393
1.013 -8 -1723073393
1.040 -7 -1723073393
1.067 -12 -1723073393
1.093 -12 -1723073393
1.120 -7 -1723073393
1.147 -7 -1723073393
1.173 -4 -1723073393
1.200 -3 -1723073393
1.227 0 -1723073393
1.253 1 -1723073393
1.280 -3 -1723073393
1.307 0 -1723073393
1.333 -1 -1723073393
1.360 -5 -1723073393
1.387 -6 -1723073393
1.413 -12 -1723073393
1.440 -12 -1723073393
1.467 -8 -1723073393
1.493 -1 -1723073393
1.520 0 -1723073393
1.547 -3 -1723073393
1.573 -1 -1723073393
1.600 -2 -1723073393
1.627 -9 -1723073393
1.653 -8 -1723073393
1.680 -9 -1723073393
1.707 -13 -1723073393
1.733 -11 -1723073393
1.760 -7 -1723073393
1.787 -4 -1723073393
1.813 -4 -1723073393
1.840 -9 -1723073393
1.867 -9 -1723073393
1.893 -8 -1723073393
1.920 -9 -1723073393
1.947 -14 -1723073393
1.973 -17 -1723073393
2.000 -13 -1723073393
2.027 -11 -1723073393
2.053 -11 -1723073393
2.080 -9 -1723073393
2.107 -9 -1723073393
2.133 -2 -1723073393
2.160 0 -1723073393
2.187 -4 -1723073393
2.213 -6 -1723073393
2.240 -10 -1723073393
2.267 -14 -1723073393
2.293 -20 -1723073393
2.320 -21 -1723073393
2.347 -12 -1723073393
2.373 -10 -1723073393
2.400 -9 -1723073393
2.427 -10 -1723073393
2.453 -10 -1723073393
2.480 -9 -1723073393
2.507 -13 -1723073393
2.533 -19 -1723073393
2.560 -19 -1723073393
2.587 -17 -1723073393
2.613 -14 -1723073393
2.640 -15 -1723073393
2.667 -22 -1723073393
2.693 -18 -1723073393
2.720 -20 -1723073393
2.747 -25 -1723073393
2.773 -28 -1723073393
2.800 -32 -1723073393
2.827 -27 -1723073393
2.853 -30 -1723073393
2.880 -33 -1723073393
2.907 -31 -1723073393
2.933 -33 -1723073393
2.960 -30 -1723073393
2.987 -29 -1723073393
3.013 -27 -1723073393
3.040 -20 -1723073393
3.067 -17 -1723073393
3.093 -15 -1723073393
3.120 -16 -1723073393
3.147 -18 -1723073393
3.173 -16 -1723073393
3.200 -18 -1723073393
3.227 -11 -1723073393
3.253 -2 -1723073393
3.280 -1 -1723073393
3.307 -2 -1723073393
3.333 -11 -1723073393
3.360 -16 -1723073393
3.387 -16 -1723073393
3.413 -20 -1723073393
3.440 -16 -1723073393
3.467 -15 -1723073393
3.493 -20 -1723073393
3.520 -11 -1723073393
3.547 -9 -1723073393
3.573 -14 -1723073393
3.600 -15 -1723073393
3.627 -19 -1723073393
3.653 -12 -1723073393
3.680 -8 -1723073393
3.707 -5 -1723073393
3.733 -4 -1723073393
3.760 -9 -1723073393
3.787 -12 -1723073393
3.813 -15 -1723073393
3.840 -19 -1723073393
3.867 -17 -1723073393
3.893 -21 -1723073393
3.920 -18 -1723073393
3.947 -18 -1723073393
3.973 -24 -1723073393
4.000 -22 -1723073393
4.027 -21 -1723073393
4.053 -15 -1723073393
4.080 -9 -1723073393
4.107 -12 -1723073393
4.133 -13 -1723073393
4.160 -14 -1723073393
4.187 -18 -1723073393
4.213 -18 -1723073393
4.240 -28 -1723073393
4.267 -38 -1723073393
4.293 -33 -1723073393
4.320 -32 -1723073393
4.347 -31 -1723073393
4.373 -31 -1723073393
4.400 -28 -1723073393
4.427 -25 -1723073393
4.453 -27 -1723073393
4.480 -24 -1723073393
4.507 -25 -1723073393
4.533 -23 -1723073393
4.560 -19 -1723073393
4.587 -22 -1723073393
4.613 -22 -1723073393
4.640 -22 -1723073393
4.667 -25 -1723073393
4.693 -25 -1723073393
4.720 -33 -1723073393
4.747 -35 -1723073393
4.773 -29 -1723073393
4.800 -29 -1723073393
4.827 -26 -1723073393
4.853 -23 -1723073393
4.880 -21 -1723073393
4.907 -13 -1723073393
4.933 -9 -1723073393
4.960 -8 -1723073393
4.987 -9 -1723073393
5.013 -15 -1723073393
5.040 -12 -1723073393
5.067 -14 -1723073393
5.093 -21 -1723073393
5.120 -24 -1723073393
5.147 -28 -1723073393
5.173 -25 -1723073393
5.200 -25 -1723073393
5.227 -27 -1723073393
5.253 -20 -1723073393
5.280 -20 -1723073393
5.307 -18 -1723073393
5.333 -19 -1723073393
5.360 -30 -1723073393
5.387 -26 -1723073393
5.413 -27 -1723073393
5.440 -27 -1723073393
5.467 -27 -1723073393
5.493 -33 -1723073393
5.520 -27 -1723073393
5.547 -25 -1723073393
5.573 -36 -1723073393
5.600 -38 -1723073393
5.627 -38 -1723073393
5.653 -35 -1723073393
5.680 -30 -1723073393
5.707 -33 -1723073393
5.733 -29 -1723073393
5.760 -21 -1723073393
5.787 -15 -1723073393
5.813 -7 -1723073393
5.840 0 -1723073393
5.867 3 -1723073393
5.893 6 -1723073393
5.920 0 -1723073393
5.947 -8 -1723073393
5.973 -17 -1723073393
6.000 -21 -1723073393
6.027 -23 -1723073393
6.053 -23 -1723073393
6.080 -13 -1723073393
6.107 -13 -1723073393
6.133 -16 -1723073393
6.160 -16 -1723073393
6.187 -22 -1723073393
6.213 -21 -1723073393
6.240 -22 -1723073393
6.267 -28 -1723073393
6.293 -29 -1723073393
6.320 -33 -1723073393
6.347 -24 -1723073393
6.373 -17 -1723073393
6.400 -17 -1723073393
6.427 -15 -1723073393
6.453 -18 -1723073393
6.480 -16 -1723073393
6.507 -14 -1723073393
6.533 -21 -1723073393
6.560 -20 -1723073393
6.587 -20 -1723073393
6.613 -17 -1723073393
6.640 -7 -1723073393
6.667 -9 -1723073393
6.693 -11 -1723073393
6.720 -14 -1723073393
6.747 -19 -1723073393
6.773 -15 -1723073393
6.800 -18 -1723073393
6.827 -22 -1723073393
6.853 -20 -1723073393
6.880 -23 -1723073393
6.907 -22 -1723073393
6.933 -23 -1723073393
6.960 -27 -1723073393
6.987 -22 -1723073393
7.013 -21 -1723073393
7.040 -20 -1723073393
7.067 -11 -1723073393
7.093 -7 -1723073393
7.120 -5 -1723073393
7.147 -9 -1723073393
7.173 -12 -1723073393
7.200 -9 -1723073393
7.227 -9 -1723073393
7.253 -7 -1723073393
7.280 -10 -1723073393
7.307 -17 -1723073393
7.333 -12 -1723073393
7.360 -12 -1723073393
7.387 -8 -1723073393
7.413 -4 -1723073393
7.440 -6 -1723073393
7.467 -4 -1723073393
7.493 -6 -1723073393
7.520 -8 -1723073393
7.547 -7 -1723073393
7.573 -15 -1723073393
7.600 -17 -1723073393
7.627 -22 -1723073393
7.653 -29 -1723073393
7.680 -27 -1723073393
7.707 -30 -1723073393
7.733 -26 -1723073393
7.760 -16 -1723073393
7.787 -13 -1723073393
7.813 -6 -1723073393
7.840 -6 -1723073393
7.867 -10 -1723073393
7.893 -9 -1723073393
7.920 -17 -1723073393
7.947 -19 -1723073393
7.973 -22 -1723073393
8.000 -22 -1723073393
8.027 -12 -1723073393
8.053 -14 -1723073393
8.080 -9 -1723073393
8.107 -2 -1723073393
8.133 -6 -1723073393
8.160 3 -1723073393
8.187 2 -1723073393
8.213 1 -1723073393
8.240 7 -1723073393
8.267 2 -1723073393
8.293 4 -1723073393
8.320 6 -1723073393
8.347 0 -1723073393
8.373 0 -1723073393
8.400 -6 -1723073393
8.427 -14 -1723073393
8.453 -13 -1723073393
8.480 -16 -1723073393
8.507 -11 -1723073393
8.533 -13 -1723073393
8.560 -20 -1723073393
8.587 -15 -1723073393
8.613 -17 -1723073393
8.640 -17 -1723073393
8.667 -21 -1723073393
8.693 -26 -1723073393
8.720 -22 -1723073393
8.747 -22 -1723073393
8.773 -16 -1723073393
8.800 -3 -1723073393
8.827 -5 -1723073393
8.853 -7 -1723073393
8.880 -11 -1723073393
8.907 -20 -1723073393
8.933 -19 -1723073393
8.960 -24 -1723073393
8.987 -24 -1723073393
9.013 -25 -1723073393
9.040 -38 -1723073393
9.067 -36 -1723073393
9.093 -39 -1723073393
9.120 -44 -1723073393
9.147 -40 -1723073393
9.173 -45 -1723073393
9.200 -46 -1723073393
9.227 -47 -1723073393
9.253 -52 -1723073393
9.280 -49 -1723073393
9.307 -53 -1723073393
9.333 -52 -1723073393
9.360 -48 -1723073393
9.387 -53 -1723073393
9.413 -49 -1723073393
9.440 -54 -1723073393
9.467 -60 -1723073393
9.493 -56 -1723073393
9.520 -59 -1723073393
9.547 -52 -1723073393
9.573 -46 -1723073393
9.600 -46 -1723073393
9.627 -38 -1723073393
9.653 -36 -1723073393
9.680 -35 -1723073393
9.707 -31 -1723073393
9.733 -42 -1723073393
9.760 -45 -1723073393
9.787 -42 -1723073393
9.813 -47 -1723073393
9.840 -37 -1723073393
9.867 -29 -1723073393
9.893 -29 -1723073393
9.920 -23 -1723073393
9.947 -24 -1723073393
9.973 -16 -1723073393
10.000 -6 -1723073393
10.027 5 -1723073393
10.053 27 -1723073393
10.080 33 -1723073393
10.107 42 -1723073393
10.133 56 -1723073393
10.160 66 -1723073393
10.187 88 -1723073393
10.213 106 -1723073393
10.240 120 -1723073393
10.267 136 -1723073393
10.293 140 -1723073393
10.320 146 -1723073393
10.347 149 -1723073393
10.373 147 -1723073393
10.400 149 -1723073393
10.427 134 -1723073393
10.453 117 -1723073393
10.480 104 -1723073393
10.507 85 -1723073393
10.533 67 -1723073393
10.560 45 -1723073393
10.587 16 -1723073393
10.613 3 -1723073393
10.640 -7 -1723073393
10.667 -16 -1723073393
10.693 -25 -1723073393
10.720 -40 -1723073393
10.747 -48 -1723073393
10.773 -58 -1723073393
10.800 -63 -1723073393
10.827 -60 -1723073393
10.853 -65 -1723073393
10.880 -65 -1723073393
10.907 -59 -1723073393
10.933 -55 -1723073393
10.960 -46 -1723073393
10.987 -44 -1723073393
11.013 -43 -1723073393
11.040 -35 -1723073393
11.067 -39 -1723073393
11.093 -35 -1723073393
11.120 -33 -1723073393
11.147 -36 -1723073393
11.173 -29 -1723073393
11.200 -30 -1723073393
11.227 -34 -1723073393
11.253 -29 -1723073393
11.280 -27 -1723073393
11.307 -18 -1723073393
11.333 -9 -1723073393
11.360 -5 -1723073393
11.387 5 -1723073393
11.413 10 -1723073393
11.440 18 -1723073393
11.467 29 -1723073393
11.493 32 -1723073393
11.520 46 -1723073393
11.547 56 -1723073393
11.573 63 -1723073393
11.600 78 -1723073393
11.627 81 -1723073393
11.653 79 -1723073393
11.680 81 -1723073393
11.707 76 -1723073393
11.733 76 -1723073393
11.760 65 -1723073393
11.787 56 -1723073393
11.813 50 -1723073393
11.840 30 -1723073393
11.867 16 -1723073393
11.893 0 -1723073393
11.920 -22 -1723073393
11.947 -40 -1723073393
11.973 -64 -1723073393
12.000 -83 -1723073393
12.027 -93 -1723073393
12.053 -102 -1723073393
12.080 -99 -1723073393
12.107 -106 -1723073393
12.133 -117 -1723073393
12.160 -116 -1723073393
12.187 -120 -1723073393
12.213 -114 -1723073393
12.240 -103 -1723073393
12.267 -94 -1723073393
12.293 -79 -1723073393
12.320 -77 -1723073393
12.347 -78 -1723073393
12.373 -71 -1723073393
12.400 -73 -1723073393
12.427 -74 -1723073393
12.453 -75 -1723073393
12.480 -85 -1723073393
12.507 -81 -1723073393
12.533 -87 -1723073393
12.560 -91 -1723073393
12.587 -86 -1723073393
12.613 -92 -1723073393
12.640 -86 -1723073393
12.667 -77 -1723073393
12.693 -74 -1723073393
12.720 -53 -1723073393
12.747 -38 -1723073393
12.773 -16 -1723073393
12.800 13 -1723073393
12.827 34 -1723073393
12.853 66 -1723073393
12.880 96 -1723073393
12.907 118 -1723073393
12.933 153 -1723073393
12.960 179 -1723073393
12.987 204 -1723073393
13.013 235 -1723073393
13.040 249 -1723073393
13.067 265 -1723073393
13.093 276 -1723073393
13.120 278 -1723073393
13.147 274 -1723073393
13.173 258 -1723073393
13.200 238 -1723073393
13.227 217 -1723073393
13.253 189 -1723073393
13.280 163 -1723073393
13.307 138 -1723073393
13.333 111 -1723073393
13.360 83 -1723073393
13.387 46 -1723073393
13.413 13 -1723073393
13.440 -12 -1723073393
13.467 -40 -1723073393
13.493 -60 -1723073393
13.520 -80 -1723073393
13.547 -105 -1723073393
13.573 -120 -1723073393
13.600 -134 -1723073393
13.627 -138 -1723073393
13.653 -139 -1723073393
13.680 -148 -1723073393
13.707 -149 -1723073393
13.733 -160 -1723073393
13.760 -170 -1723073393
13.787 -171 -1723073393
13.813 -184 -1723073393
13.840 -194 -1723073393
13.867 -203 -1723073393
13.893 -215 -1723073393
13.920 -208 -1723073393
13.947 -209 -1723073393
13.973 -213 -1723073393
14.000 -202 -1723073393
14.027 -205 -1723073393
14.053 -199 -1723073393
14.080 -182 -1723073393
14.107 -169 -1723073393
14.133 -136 -1723073393
14.160 -113 -1723073393
14.187 -91 -1723073393
14.213 -56 -1723073393
14.240 -34 -1723073393
14.267 -9 -1723073393
14.293 21 -1723073393
14.320 41 -1723073393
14.347 69 -1723073393
14.373 83 -1723073393
14.400 89 -1723073393
14.427 102 -1723073393
14.453 99 -1723073393
14.480 95 -1723073393
14.507 87 -1723073393
14.533 71 -1723073393
14.560 65 -1723073393
14.587 46 -1723073393
14.613 15 -1723073393
14.640 -11 -1723073393
14.667 -51 -1723073393
14.693 -83 -1723073393
14.720 -107 -1723073393
14.747 -140 -1723073393
14.773 -162 -1723073393
14.800 -187 -1723073393
14.827 -214 -1723073393
14.853 -233 -1723073393
14.880 -263 -1723073393
14.907 -280 -1723073393
14.933 -296 -1723073393
14.960 -321 -1723073393
14.987 -326 -1723073393
15.013 -340 -1723073393
15.040 -360 -1723073393
15.067 -367 -1723073393
15.093 -392 -1723073393
15.120 -407 -1723073393
15.147 -421 -1723073393
15.173 -455 -1723073393
15.200 -477 -1723073393
15.227 -508 -1723073393
15.253 -546 -1723073393
15.280 -567 -1723073393
15.307 -606 -1723073393
15.333 -637 -1723073393
15.360 -661 -1723073393
15.387 -709 -1723073393
15.413 -737 -1723073393
15.440 -772 -1723073393
15.467 -820 -1723073393
15.493 -845 -1723073393
15.520 -887 -1723073393
15.547 -921 -1723073393
15.573 -951 -1723073393
15.600 -1003 -1723073393
15.627 -1037 -1723073393
15.653 -1075 -1723073393
15.680 -1115 -1723073393
15.707 -1131 -1723073393
15.733 -1164 -1723073393
15.760 -1187 -1723073393
15.787 -1194 -1723073393
15.813 -1226 -1723073393
15.840 -1229 -1723073393
15.867 -1221 -1723073393
15.893 -1221 -1723073393
15.920 -1172 -1723073393
15.947 -1125 -1723073393
15.973 -1056 -1723073393
16.000 -929 -1723073393
16.027 -789 -1723073393
16.053 -586 -1723073393
16.080 -331 -1723073393
16.107 -38 -1723073393
16.133 339 -1723073393
16.160 776 -1723073393
16.187 1279 -1723073393
16.213 1848 -1723073393
16.240 2470 -1723073393
16.267 3131 -1723073393
16.293 3823 -1723073393
16.320 4548 -1723073393
16.347 5217 -1723073393
16.373 5864 -1723073393
16.400 6474 -1723073393
16.427 6934 -1723073393
16.453 7359 -1723073393
16.480 7623 -1723073393
16.507 7674 -1723073393
16.533 7695 -1723073393
16.560 7468 -1723073393
16.587 7096 -1723073393
16.613 6691 -1723073393
16.640 6036 -1723073393
16.667 5371 -1723073393
16.693 4650 -1723073393
16.720 3773 -1723073393
16.747 2998 -1723073393
16.773 2167 -1723073393
16.800 1317 -1723073393
16.827 549 -1723073393
16.853 -236 -1723073393
16.880 -945 -1723073393
16.907 -1584 -1723073393
16.933 -2168 -1723073393
16.960 -2698 -1723073393
16.987 -3144 -1723073393
17.013 -3490 -1723073393
17.040 -3803 -1723073393
17.067 -3990 -1723073393
17.093 -4132 -1723073393
17.120 -4251 -1723073393
17.147 -4234 -1723073393
17.173 -4244 -1723073393
17.200 -4211 -1723073393
17.227 -4089 -1723073393
17.253 -4041 -1723073393
17.280 -3904 -1723073393
17.307 -3754 -1723073393
17.333 -3671 -1723073393
17.360 -3500 -1723073393
17.387 -3387 -1723073393
17.413 -3303 -1723073393
17.440 -3163 -1723073393
17.467 -3111 -1723073393
17.493 -3027 -1723073393
17.520 -2921 -1723073393
17.547 -2886 -1723073393
17.573 -2783 -1723073393
17.600 -2701 -1723073393
17.627 -2646 -1723073393
17.653 -2513 -1723073393
17.680 -2442 -1723073393
17.707 -2355 -1723073393
17.733 -2216 -1723073393
17.760 -2141 -1723073393
17.787 -2021 -1723073393
17.813 -1914 -1723073393
17.840 -1860 -1723073393
17.867 -1758 -1723073393
17.893 -1702 -1723073393
17.920 -1670 -1723073393
17.947 -1605 -1723073393
17.973 -1600 -1723073393
18.000 -1582 -1723073393
18.027 -1560 -1723073393
18.053 -1600 -1723073393
18.080 -1608 -1723073393
18.107 -1626 -1723073393
18.133 -1661 -1723073393
18.160 -1646 -1723073393
18.187 -1657 -1723073393
18.213 -1640 -1723073393
18.240 -1564 -1723073393
18.267 -1515 -1723073393
18.293 -1403 -1723073393
18.320 -1255 -1723073393
18.347 -1128 -1723073393
18.373 -939 -1723073393
18.400 -764 -1723073393
18.427 -590 -1723073393
18.453 -373 -1723073393
18.480 -200 -1723073393
18.507 -26 -1723073393
18.533 146 -1723073393
18.560 287 -1723073393
18.587 435 -1723073393
18.613 556 -1723073393
18.640 655 -1723073393
18.667 766 -1723073393
18.693 898 -1723073393
18.720 1070 -1723073393
18.747 1284 -1723073393
18.773 1560 -1723073393
18.800 1908 -1723073393
18.827 2352 -1723073393
18.853 2923 -1723073393
18.880 3581 -1723073393
18.907 4372 -1723073393
18.933 5287 -1723073393
18.960 6263 -1723073393
18.987 7401 -1723073393
19.013 8562 -1723073393
19.040 9701 -1723073393
19.067 10979 -1723073393
19.093 12129 -1723073393
19.120 13209 -1723073393
19.147 14330 -1723073393
19.173 15069 -1723073393
19.200 15762 -1723073393
19.227 16362 -1723073393
19.253 16415 -1723073393
19.280 16547 -1723073393
19.307 16354 -1723073393
19.333 15681 -1723073393
19.360 15191 -1723073393
19.387 14202 -1723073393
19.413 13048 -1723073393
19.440 12076 -1723073393
19.467 10636 -1723073393
19.493 9281 -1723073393
19.520 8003 -1723073393
19.547 6456 -1723073393
19.573 5162 -1723073393
19.600 3871 -1723073393
19.627 2507 -1723073393
19.653 1367 -1723073393
19.680 240 -1723073393
19.707 -816 -1723073393
19.733 -1732 -1723073393
19.760 -2598 -1723073393
19.787 -3398 -1723073393
19.813 -4094 -1723073393
19.840 -4675 -1723073393
19.867 -5262 -1723073393
19.893 -5738 -1723073393
19.920 -6094 -1723073393
19.947 -6510 -1723073393
19.973 -6753 -1723073393
20.000 -6953 -1723073393
20.027 -7232 -1723073393
20.053 -7278 -1723073393
20.080 -7388 -1723073393
20.107 -7499 -1723073393
20.133 -7395 -1723073393
20.160 -7439 -1723073393
20.187 -7379 -1723073393
20.213 -7188 -1723073393
20.240 -7169 -1723073393
20.267 -6956 -1723073393
20.293 -6721 -1723073393
20.320 -6621 -1723073393
20.347 -6298 -1723073393
20.373 -6067 -1723073393
20.400 -5878 -1723073393
20.427 -5500 -1723073393
20.453 -5284 -1723073393
20.480 -5017 -1723073393
20.507 -4665 -1723073393
20.533 -4477 -1723073393
20.560 -4180 -1723073393
20.587 -3885 -1723073393
20.613 -3725 -1723073393
20.640 -3455 -1723073393
20.667 -3269 -1723073393
20.693 -3154 -1723073393
20.720 -2954 -1723073393
20.747 -2878 -1723073393
20.773 -2804 -1723073393
20.800 -2685 -1723073393
20.827 -2677 -1723073393
20.853 -2615 -1723073393
20.880 -2558 -1723073393
20.907 -2575 -1723073393
20.933 -2505 -1723073393
20.960 -2464 -1723073393
20.987 -2448 -1723073393
21.013 -2344 -1723073393
21.040 -2291 -1723073393
21.067 -2213 -1723073393
21.093 -2062 -1723073393
21.120 -1981 -1723073393
21.147 -1847 -1723073393
21.173 -1689 -1723073393
21.200 -1594 -1723073393
21.227 -1432 -1723073393
21.253 -1294 -1723073393
21.280 -1207 -1723073393
21.307 -1074 -1723073393
21.333 -1002 -1723073393
21.360 -953 -1723073393
21.387 -882 -1723073393
21.413 -887 -1723073393
21.440 -897 -1723073393
21.467 -915 -1723073393
21.493 -1001 -1723073393
21.520 -1087 -1723073393
21.547 -1209 -1723073393
21.573 -1384 -1723073393
21.600 -1544 -1723073393
21.627 -1760 -1723073393
21.653 -2021 -1723073393
21.680 -2264 -1723073393
21.707 -2583 -1723073393
21.733 -2899 -1723073393
21.760 -3191 -1723073393
21.787 -3570 -1723073393
21.813 -3870 -1723073393
21.840 -4155 -1723073393
21.867 -4497 -1723073393
21.893 -4697 -1723073393
21.920 -4924 -1723073393
21.947 -5147 -1723073393
21.973 -5187 -1723073393
22.000 -5307 -1723073393
22.027 -5348 -1723073393
22.053 -5215 -1723073393
22.080 -5204 -1723073393
22.107 -5032 -1723073393
22.133 -4755 -1723073393
22.160 -4582 -1723073393
22.187 -4190 -1723073393
22.213 -3806 -1723073393
22.240 -3487 -1723073393
22.267 -2982 -1723073393
22.293 -2546 -1723073393
22.320 -2115 -1723073393
22.347 -1581 -1723073393
22.373 -1154 -1723073393
22.400 -706 -1723073393
22.427 -221 -1723073393
22.453 165 -1723073393
22.480 548 -1723073393
22.507 909 -1723073393
22.533 1202 -1723073393
22.560 1464 -1723073393
22.587 1698 -1723073393
22.613 1893 -1723073393
22.640 2043 -1723073393
22.667 2185 -1723073393
22.693 2285 -1723073393
22.720 2328 -1723073393
22.747 2392 -1723073393
22.773 2415 -1723073393
22.800 2418 -1723073393
22.827 2465 -1723073393
22.853 2459 -1723073393
22.880 2471 -1723073393
22.907 2525 -1723073393
22.933 2520 -1723073393
22.960 2546 -1723073393
22.987 2580 -1723073393
23.013 2555 -1723073393
23.040 2581 -1723073393
23.067 2579 -1723073393
23.093 2529 -1723073393
23.120 2528 -1723073393
23.147 2459 -1723073393
23.173 2361 -1723073393
23.200 2305 -1723073393
23.227 2170 -1723073393
23.253 2040 -1723073393
23.280 1938 -1723073393
23.307 1776 -1723073393
23.333 1655 -1723073393
23.360 1547 -1723073393
23.387 1404 -1723073393
23.413 1314 -1723073393
23.440 1224 -1723073393
23.467 1135 -1723073393
23.493 1099 -1723073393
23.520 1056 -1723073393
23.547 1033 -1723073393
23.573 1041 -1723073393
23.600 1041 -1723073393
23.627 1063 -1723073393
23.653 1101 -1723073393
23.680 1123 -1723073393
23.707 1163 -1723073393
23.733 1202 -1723073393
23.760 1228 -1723073393
23.787 1282 -1723073393
23.813 1322 -1723073393
23.840 1345 -1723073393
23.867 1386 -1723073393
23.893 1393 -1723073393
23.920 1390 -1723073393
23.947 1410 -1723073393
23.973 1389 -1723073393
24.000 1372 -1723073393
24.027 1359 -1723073393
24.053 1304 -1723073393
24.080 1272 -1723073393
24.107 1238 -1723073393
24.133 1180 -1723073393
24.160 1158 -1723073393
24.187 1126 -1723073393
24.213 1086 -1723073393
24.240 1075 -1723073393
24.267 1050 -1723073393
24.293 1033 -1723073393
24.320 1043 -1723073393
24.347 1043 -1723073393
24.373 1062 -1723073393
24.400 1100 -1723073393
24.427 1130 -1723073393
24.453 1193 -1723073393
24.480 1267 -1723073393
24.507 1332 -1723073393
24.533 1427 -1723073393
24.560 1518 -1723073393
24.587 1598 -1723073393
24.613 1698 -1723073393
24.640 1765 -1723073393
24.667 1825 -1723073393
24.693 1912 -1723073393
24.720 1953 -1723073393
24.747 1999 -1723073393
24.773 2049 -1723073393
24.800 2039 -1723073393
24.827 2055 -1723073393
24.853 2062 -1723073393
24.880 2008 -1723073393
24.907 1990 -1723073393
24.933 1943 -1723073393
24.960 1852 -1723073393
24.987 1808 -1723073393
25.013 1727 -1723073393
25.040 1636 -1723073393
25.067 1588 -1723073393
25.093 1492 -1723073393
25.120 1400 -1723073393
25.147 1336 -1723073393
25.173 1235 -1723073393
25.200 1155 -1723073393
25.227 1093 -1723073393
25.253 1005 -1723073393
25.280 942 -1723073393
25.307 871 -1723073393
25.333 780 -1723073393
25.360 701 -1723073393
25.387 603 -1723073393
25.413 503 -1723073393
25.440 413 -1723073393
25.467 310 -1723073393
25.493 205 -1723073393
25.520 99 -1723073393
25.547 2 -1723073393
25.573 -93 -1723073393
25.600 -187 -1723073393
25.627 -255 -1723073393
25.653 -319 -1723073393
25.680 -376 -1723073393
25.707 -399 -1723073393
25.733 -431 -1723073393
25.760 -446 -1723073393
25.787 -426 -1723073393
25.813 -421 -1723073393
25.840 -389 -1723073393
25.867 -339 -1723073393
25.893 -313 -1723073393
25.920 -261 -1723073393
25.947 -207 -1723073393
25.973 -172 -1723073393
26.000 -118 -1723073393
26.027 -82 -1723073393
26.053 -68 -1723073393
26.080 -40 -1723073393
26.107 -36 -1723073393
26.133 -46 -1723073393
26.160 -49 -1723073393
26.187 -73 -1723073393
26.213 -93 -1723073393
26.240 -111 -1723073393
26.267 -152 -1723073393
26.293 -186 -1723073393
26.320 -212 -1723073393
26.347 -249 -1723073393
26.373 -262 -1723073393
26.400 -274 -1723073393
26.427 -297 -1723073393
26.453 -296 -1723073393
26.480 -304 -1723073393
26.507 -309 -1723073393
26.533 -282 -1723073393
26.560 -267 -1723073393
26.587 -243 -1723073393
26.613 -191 -1723073393
26.640 -160 -1723073393
26.667 -120 -1723073393
26.693 -69 -1723073393
26.720 -46 -1723073393
26.747 -13 -1723073393
26.773 16 -1723073393
26.800 26 -1723073393
26.827 49 -1723073393
26.853 64 -1723073393
26.880 61 -1723073393
26.907 62 -1723073393
26.933 46 -1723073393
26.960 21 -1723073393
26.987 13 -1723073393
27.013 -7 -1723073393
27.040 -30 -1723073393
27.067 -44 -1723073393
27.093 -77 -1723073393
27.120 -105 -1723073393
27.147 -122 -1723073393
27.173 -158 -1723073393
27.200 -185 -1723073393
27.227 -207 -1723073393
27.253 -246 -1723073393
27.280 -273 -1723073393
27.307 -311 -1723073393
27.333 -364 -1723073393
27.360 -395 -1723073393
27.387 -439 -1723073393
27.413 -493 -1723073393
27.440 -525 -1723073393
27.467 -579 -1723073393
27.493 -629 -1723073393
27.520 -647 -1723073393
27.547 -690 -1723073393
27.573 -714 -1723073393
27.600 -712 -1723073393
27.627 -739 -1723073393
27.653 -728 -1723073393
27.680 -697 -1723073393
27.707 -696 -1723073393
27.733 -655 -1723073393
27.760 -615 -1723073393
27.787 -603 -1723073393
27.813 -550 -1723073393
27.840 -503 -1723073393
27.867 -468 -1723073393
27.893 -400 -1723073393
27.920 -354 -1723073393
27.947 -320 -1723073393
27.973 -263 -1723073393
28.000 -231 -1723073393
28.027 -200 -1723073393
28.053 -151 -1723073393
28.080 -133 -1723073393
28.107 -113 -1723073393
28.133 -91 -1723073393
28.160 -94 -1723073393
28.187 -86 -1723073393
28.213 -80 -1723073393
28.240 -95 -1723073393
28.267 -95 -1723073393
28.293 -99 -1723073393
28.320 -118 -1723073393
28.347 -114 -1723073393
28.373 -112 -1723073393
28.400 -123 -1723073393
28.427 -112 -1723073393
28.453 -109 -1723073393
28.480 -106 -1723073393
28.507 -85 -1723073393
28.533 -75 -1723073393
28.560 -50 -1723073393
28.587 -10 -1723073393
28.613 9 -1723073393
28.640 46 -1723073393
28.667 98 -1723073393
28.693 134 -1723073393
28.720 183 -1723073393
28.747 232 -1723073393
28.773 270 -1723073393
28.800 314 -1723073393
28.827 349 -1723073393
28.853 371 -1723073393
28.880 390 -1723073393
28.907 393 -1723073393
28.933 392 -1723073393
28.960 390 -1723073393
28.987 377 -1723073393
29.013 355 -1723073393
29.040 336 -1723073393
29.067 313 -1723073393
29.093 286 -1723073393
29.120 258 -1723073393
29.147 221 -1723073393
29.173 180 -1723073393
29.200 138 -1723073393
29.227 96 -1723073393
29.253 64 -1723073393
29.280 35 -1723073393
29.307 4 -1723073393
29.333 -8 -1723073393
29.360 -18 -1723073393
29.387 -28 -1723073393
29.413 -15 -1723073393
29.440 -7 -1723073393
29.467 3 -1723073393
29.493 33 -1723073393
29.520 50 -1723073393
29.547 61 -1723073393
29.573 81 -1723073393
29.600 84 -1723073393
29.627 85 -1723073393
29.653 95 -1723073393
29.680 87 -1723073393
29.707 80 -1723073393
29.733 78 -1723073393
29.760 60 -1723073393
29.787 48 -1723073393
29.813 39 -1723073393
29.840 24 -1723073393
29.867 19 -1723073393
29.893 14 -1723073393
29.920 2 -1723073393
29.947 1 -1723073393
29.973 -4 -1723073393
30.000 -11 -1723073393
30.027 -3 -1723073393
30.053 -4 -1723073393
30.080 -3 -1723073393
30.107 13 -1723073393
30.133 14 -1723073393
30.160 19 -1723073393
30.187 38 -1723073393
30.213 48 -1723073393
30.240 66 -1723073393
30.267 92 -1723073393
30.293 107 -1723073393
30.320 136 -1723073393
30.347 167 -1723073393
30.373 184 -1723073393
30.400 213 -1723073393
30.427 238 -1723073393
30.453 257 -1723073393
30.480 294 -1723073393
30.507 327 -1723073393
30.533 351 -1723073393
30.560 376 -1723073393
30.587 394 -1723073393
30.613 412 -1723073393
30.640 434 -1723073393
30.667 453 -1723073393
30.693 464 -1723073393
30.720 475 -1723073393
30.747 481 -1723073393
30.773 483 -1723073393
30.800 477 -1723073393
30.827 457 -1723073393
30.853 428 -1723073393
30.880 390 -1723073393
30.907 347 -1723073393
30.933 306 -1723073393
30.960 262 -1723073393
30.987 209 -1723073393
31.013 159 -1723073393
31.040 112 -1723073393
31.067 64 -1723073393
31.093 30 -1723073393
31.120 0 -1723073393
31.147 -33 -1723073393
31.173 -49 -1723073393
31.200 -69 -1723073393
31.227 -92 -1723073393
31.253 -94 -1723073393
31.280 -107 -1723073393
31.307 -115 -1723073393
31.333 -93 -1723073393
31.360 -77 -1723073393
31.387 -55 -1723073393
31.413 -12 -1723073393
31.440 17 -1723073393
31.467 56 -1723073393
31.493 113 -1723073393
31.520 153 -1723073393
31.547 194 -1723073393
31.573 237 -1723073393
31.600 262 -1723073393
31.627 285 -1723073393
31.653 303 -1723073393
31.680 304 -1723073393
31.707 296 -1723073393
31.733 280 -1723073393
31.760 237 -1723073393
31.787 182 -1723073393
31.813 125 -1723073393
31.840 61 -1723073393
31.867 1 -1723073393
31.893 -60 -1723073393
31.920 -120 -1723073393
31.947 -157 -1723073393
31.973 -193 -1723073393
32.000 -226 -1723073393
32.027 -232 -1723073393
32.053 -241 -1723073393
32.080 -237 -1723073393
32.107 -206 -1723073393
32.133 -189 -1723073393
32.160 -157 -1723073393
32.187 -92 -1723073393
32.213 -50 -1723073393
32.240 -2 -1723073393
32.267 69 -1723073393
32.293 125 -1723073393
32.320 183 -1723073393
32.347 241 -1723073393
32.373 270 -1723073393
32.400 298 -1723073393
32.427 324 -1723073393
32.453 325 -1723073393
32.480 323 -1723073393
32.507 320 -1723073393
32.533 305 -1723073393
32.560 288 -1723073393
32.587 263 -1723073393
32.613 227 -1723073393
32.640 192 -1723073393
32.667 150 -1723073393
32.693 104 -1723073393
32.720 74 -1723073393
32.747 47 -1723073393
32.773 18 -1723073393
32.800 4 -1723073393
32.827 -13 -1723073393
32.853 -35 -1723073393
32.880 -34 -1723073393
32.907 -42 -1723073393
32.933 -51 -1723073393
32.960 -41 -1723073393
32.987 -43 -1723073393
33.013 -45 -1723073393
33.040 -29 -1723073393
33.067 -20 -1723073393
33.093 0 -1723073393
33.120 39 -1723073393
33.147 70 -1723073393
33.173 108 -1723073393
33.200 155 -1723073393
33.227 184 -1723073393
33.253 217 -1723073393
33.280 254 -1723073393
33.307 274 -1723073393
33.333 287 -1723073393
33.360 286 -1723073393
33.387 262 -1723073393
33.413 232 -1723073393
33.440 196 -1723073393
33.467 148 -1723073393
33.493 102 -1723073393
33.520 49 -1723073393
33.547 -16 -1723073393
33.573 -73 -1723073393
33.600 -134 -1723073393
33.627 -202 -1723073393
33.653 -244 -1723073393
33.680 -275 -1723073393
33.707 -304 -1723073393
33.733 -303 -1723073393
33.760 -295 -1723073393
33.787 -283 -1723073393
33.813 -238 -1723073393
33.840 -201 -1723073393
33.867 -165 -1723073393
33.893 -102 -1723073393
33.920 -55 -1723073393
33.947 -10 -1723073393
33.973 52 -1723073393
34.000 99 -1723073393
34.027 144 -1723073393
34.053 205 -1723073393
34.080 253 -1723073393
34.107 294 -1723073393
34.133 340 -1723073393
34.160 373 -1723073393
34.187 398 -1723073393
34.213 431 -1723073393
34.240 463 -1723073393
34.267 486 -1723073393
34.293 505 -1723073393
34.320 516 -1723073393
34.347 519 -1723073393
34.373 517 -1723073393
34.400 504 -1723073393
34.427 484 -1723073393
34.453 463 -1723073393
34.480 434 -1723073393
34.507 400 -1723073393
34.533 366 -1723073393
34.560 325 -1723073393
34.587 279 -1723073393
34.613 233 -1723073393
34.640 185 -1723073393
34.667 146 -1723073393
34.693 114 -1723073393
34.720 83 -1723073393
34.747 63 -1723073393
34.773 51 -1723073393
34.800 41 -1723073393
34.827 51 -1723073393
34.853 66 -1723073393
34.880 79 -1723073393
34.907 115 -1723073393
34.933 159 -1723073393
34.960 199 -1723073393
34.987 253 -1723073393
35.013 297 -1723073393
35.040 325 -1723073393
35.067 357 -1723073393
35.093 382 -1723073393
35.120 391 -1723073393
35.147 394 -1723073393
35.173 386 -1723073393
35.200 366 -1723073393
35.227 340 -1723073393
35.253 300 -1723073393
35.280 247 -1723073393
35.307 190 -1723073393
35.333 123 -1723073393
35.360 47 -1723073393
35.387 -20 -1723073393
35.413 -83 -1723073393
35.440 -137 -1723073393
35.467 -165 -1723073393
35.493 -192 -1723073393
35.520 -207 -1723073393
35.547 -201 -1723073393
35.573 -202 -1723073393
35.600 -189 -1723073393
35.627 -146 -1723073393
35.653 -107 -1723073393
35.680 -57 -1723073393
35.707 10 -1723073393
35.733 63 -1723073393
35.760 124 -1723073393
35.787 197 -1723073393
35.813 256 -1723073393
35.840 311 -1723073393
35.867 366 -1723073393
35.893 412 -1723073393
35.920 458 -1723073393
35.947 492 -1723073393
35.973 509 -1723073393
36.000 513 -1723073393
36.027 508 -1723073393
36.053 492 -1723073393
36.080 470 -1723073393
36.107 442 -1723073393
36.133 405 -1723073393
36.160 362 -1723073393
36.187 315 -1723073393
36.213 264 -1723073393
36.240 214 -1723073393
36.267 170 -1723073393
36.293 127 -1723073393
36.320 100 -1723073393
36.347 85 -1723073393
36.373 63 -1723073393
36.400 52 -1723073393
36.427 49 -1723073393
36.453 40 -1723073393
36.480 49 -1723073393
36.507 65 -1723073393
36.533 71 -1723073393
36.560 91 -1723073393
36.587 119 -1723073393
36.613 133 -1723073393
36.640 157 -1723073393
36.667 184 -1723073393
36.693 203 -1723073393
36.720 234 -1723073393
36.747 267 -1723073393
36.773 292 -1723073393
36.800 321 -1723073393
36.827 350 -1723073393
36.853 366 -1723073393
36.880 379 -1723073393
36.907 383 -1723073393
36.933 379 -1723073393
36.960 376 -1723073393
36.987 366 -1723073393
37.013 343 -1723073393
37.040 314 -1723073393
37.067 279 -1723073393
37.093 241 -1723073393
37.120 201 -1723073393
37.147 160 -1723073393
37.173 115 -1723073393
37.200 79 -1723073393
37.227 48 -1723073393
37.253 20 -1723073393
37.280 14 -1723073393
37.307 10 -1723073393
37.333 7 -1723073393
37.360 26 -1723073393
37.387 47 -1723073393
37.413 65 -1723073393
37.440 101 -1723073393
37.467 135 -1723073393
37.493 158 -1723073393
37.520 190 -1723073393
37.547 215 -1723073393
37.573 234 -1723073393
37.600 263 -1723073393
37.627 284 -1723073393
37.653 289 -1723073393
37.680 298 -1723073393
37.707 303 -1723073393
37.733 301 -1723073393
37.760 309 -1723073393
37.787 313 -1723073393
37.813 308 -1723073393
37.840 312 -1723073393
37.867 315 -1723073393
37.893 303 -1723073393
37.920 302 -1723073393
37.947 307 -1723073393
37.973 306 -1723073393
38.000 313 -1723073393
38.027 319 -1723073393
38.053 316 -1723073393
38.080 323 -1723073393
38.107 330 -1723073393
38.133 332 -1723073393
38.160 340 -1723073393
38.187 340 -1723073393
38.213 333 -1723073393
38.240 330 -1723073393
38.267 321 -1723073393
38.293 304 -1723073393
38.320 297 -1723073393
38.347 287 -1723073393
38.373 274 -1723073393
38.400 273 -1723073393
38.427 272 -1723073393
38.453 264 -1723073393
38.480 268 -1723073393
38.507 277 -1723073393
38.533 286 -1723073393
38.560 302 -1723073393
38.587 319 -1723073393
38.613 326 -1723073393
38.640 334 -1723073393
38.667 339 -1723073393
38.693 330 -1723073393
38.720 318 -1723073393
38.747 299 -1723073393
38.773 266 -1723073393
38.800 228 -1723073393
38.827 183 -1723073393
38.853 125 -1723073393
38.880 73 -1723073393
38.907 22 -1723073393
38.933 -33 -1723073393
38.960 -73 -1723073393
38.987 -108 -1723073393
39.013 -145 -1723073393
39.040 -161 -1723073393
39.067 -169 -1723073393
39.093 -174 -1723073393
39.120 -153 -1723073393
39.147 -128 -1723073393
39.173 -111 -1723073393
39.200 -71 -1723073393
39.227 -26 -1723073393
39.253 6 -1723073393
39.280 46 -1723073393
39.307 86 -1723073393
39.333 113 -1723073393
39.360 149 -1723073393
39.387 181 -1723073393
39.413 197 -1723073393
39.440 211 -1723073393
39.467 223 -1723073393
39.493 229 -1723073393
39.520 233 -1723073393
39.547 228 -1723073393
39.573 213 -1723073393
39.600 201 -1723073393
39.627 190 -1723073393
39.653 176 -1723073393
39.680 172 -1723073393
39.707 171 -1723073393
39.733 165 -1723073393
39.760 168 -1723073393
39.787 171 -1723073393
39.813 164 -1723073393
39.840 166 -1723073393
39.867 177 -1723073393
39.893 187 -1723073393
39.920 205 -1723073393
39.947 224 -1723073393
39.973 233 -1723073393
40.000 243 -1723073393
40.027 256 -1723073393
40.053 264 -1723073393
40.080 272 -1723073393
40.107 281 -1723073393
40.133 283 -1723073393
40.160 282 -1723073393
40.187 281 -1723073393
40.213 274 -1723073393
40.240 260 -1723073393
40.267 243 -1723073393
40.293 221 -1723073393
40.320 200 -1723073393
40.347 179 -1723073393
40.373 151 -1723073393
40.400 128 -1723073393
40.427 111 -1723073393
40.453 89 -1723073393
40.480 72 -1723073393
40.507 64 -1723073393
40.533 47 -1723073393
40.560 33 -1723073393
40.587 33 -1723073393
40.613 24 -1723073393
40.640 16 -1723073393
40.667 17 -1723073393
40.693 8 -1723073393
40.720 2 -1723073393
40.747 10 -1723073393
40.773 13 -1723073393
40.800 20 -1723073393
40.827 42 -1723073393
40.853 61 -1723073393
40.880 78 -1723073393
40.907 105 -1723073393
40.933 122 -1723073393
40.960 132 -1723073393
40.987 151 -1723073393
41.013 164 -1723073393
41.040 173 -1723073393
41.067 187 -1723073393
41.093 192 -1723073393
41.120 191 -1723073393
41.147 197 -1723073393
41.173 198 -1723073393
41.200 190 -1723073393
41.227 182 -1723073393
41.253 166 -1723073393
41.280 144 -1723073393
41.307 130 -1723073393
41.333 119 -1723073393
41.360 107 -1723073393
41.387 105 -1723073393
41.413 103 -1723073393
41.440 98 -1723073393
41.467 99 -1723073393
41.493 104 -1723073393
41.520 114 -1723073393
41.547 137 -1723073393
41.573 157 -1723073393
41.600 168 -1723073393
41.627 185 -1723073393
41.653 201 -1723073393
41.680 209 -1723073393
41.707 218 -1723073393
41.733 220 -1723073393
41.760 210 -1723073393
41.787 202 -1723073393
41.813 194 -1723073393
41.840 178 -1723073393
41.867 162 -1723073393
41.893 146 -1723073393
41.920 121 -1723073393
41.947 105 -1723073393
41.973 97 -1723073393
42.000 83 -1723073393
42.027 77 -1723073393
42.053 83 -1723073393
42.080 86 -1723073393
42.107 93 -1723073393
42.133 104 -1723073393
42.160 108 -1723073393
42.187 115 -1723073393
42.213 129 -1723073393
42.240 133 -1723073393
42.267 130 -1723073393
42.293 128 -1723073393
42.320 121 -1723073393
42.347 112 -1723073393
42.373 104 -1723073393
42.400 89 -1723073393
42.427 72 -1723073393
42.453 59 -1723073393
42.480 41 -1723073393
42.507 25 -1723073393
42.533 20 -1723073393
42.560 7 -1723073393
42.587 -8 -1723073393
42.613 -10 -1723073393
42.640 -11 -1723073393
42.667 -10 -1723073393
42.693 0 -1723073393
42.720 8 -1723073393
42.747 14 -1723073393
42.773 25 -1723073393
42.800 31 -1723073393
42.827 32 -1723073393
42.853 39 -1723073393
42.880 38 -1723073393
42.907 32 -1723073393
42.933 36 -1723073393
42.960 36 -1723073393
42.987 21 -1723073393
43.013 10 -1723073393
43.040 1 -1723073393
43.067 -13 -1723073393
43.093 -20 -1723073393
43.120 -32 -1723073393
43.147 -48 -1723073393
43.173 -48 -1723073393
43.200 -38 -1723073393
43.227 -37 -1723073393
43.253 -24 -1723073393
43.280 -4 -1723073393
43.307 6 -1723073393
43.333 27 -1723073393
43.360 55 -1723073393
43.387 75 -1723073393
43.413 97 -1723073393
43.440 120 -1723073393
43.467 135 -1723073393
43.493 150 -1723073393
43.520 168 -1723073393
43.547 174 -1723073393
43.573 176 -1723073393
43.600 175 -1723073393
43.627 165 -1723073393
43.653 154 -1723073393
43.680 150 -1723073393
43.707 136 -1723073393
43.733 117 -1723073393
43.760 103 -1723073393
43.787 85 -1723073393
43.813 65 -1723073393
43.840 49 -1723073393
43.867 27 -1723073393
43.893 3 -1723073393
43.920 -12 -1723073393
43.947 -31 -1723073393
43.973 -53 -1723073393
44.000 -63 -1723073393
44.027 -73 -1723073393
44.053 -91 -1723073393
44.080 -101 -1723073393
44.107 -108 -1723073393
44.133 -127 -1723073393
44.160 -136 -1723073393
44.187 -133 -1723073393
44.213 -134 -1723073393
44.240 -122 -1723073393
44.267 -101 -1723073393
44.293 -94 -1723073393
44.320 -78 -1723073393
44.347 -55 -1723073393
44.373 -43 -1723073393
44.400 -28 -1723073393
44.427 -7 -1723073393
44.453 1 -1723073393
44.480 4 -1723073393
44.507 10 -1723073393
44.533 2 -1723073393
44.560 -11 -1723073393
44.587 -21 -1723073393
44.613 -42 -1723073393
44.640 -70 -1723073393
44.667 -90 -1723073393
44.693 -113 -1723073393
44.720 -142 -1723073393
44.747 -158 -1723073393
44.773 -165 -1723073393
44.800 -171 -1723073393
44.827 -166 -1723073393
44.853 -154 -1723073393
44.880 -137 -1723073393
44.907 -103 -1723073393
44.933 -59 -1723073393
44.960 -19 -1723073393
44.987 28 -1723073393
45.013 77 -1723073393
45.040 120 -1723073393
45.067 162 -1723073393
45.093 205 -1723073393
45.120 237 -1723073393
45.147 263 -1723073393
45.173 289 -1723073393
45.200 309 -1723073393
45.227 317 -1723073393
45.253 317 -1723073393
45.280 313 -1723073393
45.307 303 -1723073393
45.333 287 -1723073393
45.360 264 -1723073393
45.387 241 -1723073393
45.413 220 -1723073393
45.440 195 -1723073393
45.467 168 -1723073393
45.493 142 -1723073393
45.520 114 -1723073393
45.547 89 -1723073393
45.573 69 -1723073393
45.600 49 -1723073393
45.627 33 -1723073393
45.653 24 -1723073393
45.680 17 -1723073393
45.707 10 -1723073393
45.733 8 -1723073393
45.760 6 -1723073393
45.787 2 -1723073393
45.813 7 -1723073393
45.840 14 -1723073393
45.867 13 -1723073393
45.893 16 -1723073393
45.920 22 -1723073393
45.947 29 -1723073393
45.973 45 -1723073393
46.000 62 -1723073393
46.027 75 -1723073393
46.053 94 -1723073393
46.080 116 -1723073393
46.107 130 -1723073393
46.133 145 -1723073393
46.160 164 -1723073393
46.187 173 -1723073393
46.213 179 -1723073393
46.240 185 -1723073393
46.267 183 -1723073393
46.293 180 -1723073393
46.320 178 -1723073393
46.347 167 -1723073393
46.373 150 -1723073393
46.400 131 -1723073393
46.427 103 -1723073393
46.453 73 -1723073393
46.480 52 -1723073393
46.507 33 -1723073393
46.533 18 -1723073393
46.560 13 -1723073393
46.587 7 -1723073393
46.613 -4 -1723073393
46.640 -7 -1723073393
46.667 -6 -1723073393
46.693 -6 -1723073393
46.720 4 -1723073393
46.747 23 -1723073393
46.773 39 -1723073393
46.800 60 -1723073393
46.827 86 -1723073393
46.853 105 -1723073393
46.880 122 -1723073393
46.907 142 -1723073393
46.933 157 -1723073393
46.960 174 -1723073393
46.987 197 -1723073393
47.013 214 -1723073393
47.040 231 -1723073393
47.067 248 -1723073393
47.093 259 -1723073393
47.120 263 -1723073393
47.147 269 -1723073393
47.173 269 -1723073393
47.200 257 -1723073393
47.227 242 -1723073393
47.253 222 -1723073393
47.280 202 -1723073393
47.307 186 -1723073393
47.333 163 -1723073393
47.360 133 -1723073393
47.387 109 -1723073393
47.413 86 -1723073393
47.440 63 -1723073393
47.467 46 -1723073393
47.493 35 -1723073393
47.520 23 -1723073393
47.547 17 -1723073393
47.573 19 -1723073393
47.600 23 -1723073393
47.627 29 -1723073393
47.653 44 -1723073393
47.680 55 -1723073393
47.707 70 -1723073393
47.733 97 -1723073393
47.760 122 -1723073393
47.787 145 -1723073393
47.813 172 -1723073393
47.840 194 -1723073393
47.867 209 -1723073393
47.893 223 -1723073393
47.920 232 -1723073393
47.947 236 -1723073393
47.973 241 -1723073393
48.000 238 -1723073393
48.027 225 -1723073393
48.053 211 -1723073393
48.080 189 -1723073393
48.107 163 -1723073393
48.133 141 -1723073393
48.160 118 -1723073393
48.187 93 -1723073393
48.213 71 -1723073393
48.240 54 -1723073393
48.267 32 -1723073393
48.293 14 -1723073393
48.320 7 -1723073393
48.347 5 -1723073393
48.373 10 -1723073393
48.400 26 -1723073393
48.427 45 -1723073393
48.453 62 -1723073393
48.480 89 -1723073393
48.507 119 -1723073393
48.533 146 -1723073393
48.560 185 -1723073393
48.587 229 -1723073393
48.613 270 -1723073393
48.640 312 -1723073393
48.667 355 -1723073393
48.693 391 -1723073393
48.720 425 -1723073393
48.747 453 -1723073393
48.773 477 -1723073393
48.800 499 -1723073393
48.827 517 -1723073393
48.853 529 -1723073393
48.880 535 -1723073393
48.907 534 -1723073393
48.933 526 -1723073393
48.960 518 -1723073393
48.987 509 -1723073393
49.013 498 -1723073393
49.040 486 -1723073393
49.067 475 -1723073393
49.093 464 -1723073393
49.120 456 -1723073393
49.147 444 -1723073393
49.173 430 -1723073393
49.200 422 -1723073393
49.227 423 -1723073393
49.253 426 -1723073393
49.280 429 -1723073393
49.307 435 -1723073393
49.333 440 -1723073393
49.360 445 -1723073393
49.387 453 -1723073393
49.413 460 -1723073393
49.440 460 -1723073393
49.467 458 -1723073393
49.493 450 -1723073393
49.520 438 -1723073393
49.547 426 -1723073393
49.573 415 -1723073393
49.600 398 -1723073393
49.627 380 -1723073393
49.653 364 -1723073393
49.680 348 -1723073393
49.707 328 -1723073393
49.733 311 -1723073393
49.760 296 -1723073393
49.787 282 -1723073393
49.813 274 -1723073393
49.840 270 -1723073393
49.867 261 -1723073393
49.893 258 -1723073393
49.920 258 -1723073393
49.947 250 -1723073393
49.973 240 -1723073393
50.000 232 -1723073393
50.027 218 -1723073393
50.053 203 -1723073393
50.080 194 -1723073393
50.107 183 -1723073393
50.133 173 -1723073393
50.160 170 -1723073393
50.187 164 -1723073393
50.213 161 -1723073393
50.240 165 -1723073393
50.267 168 -1723073393
50.293 172 -1723073393
50.320 182 -1723073393
50.347 193 -1723073393
50.373 200 -1723073393
50.400 209 -1723073393
50.427 220 -1723073393
50.453 225 -1723073393
50.480 225 -1723073393
50.507 228 -1723073393
50.533 229 -1723073393
50.560 227 -1723073393
50.587 226 -1723073393
50.613 221 -1723073393
50.640 214 -1723073393
50.667 208 -1723073393
50.693 200 -1723073393
50.720 186 -1723073393
50.747 170 -1723073393
50.773 150 -1723073393
50.800 124 -1723073393
50.827 98 -1723073393
50.853 68 -1723073393
50.880 37 -1723073393
50.907 10 -1723073393
50.933 -11 -1723073393
50.960 -37 -1723073393
50.987 -61 -1723073393
51.013 -77 -1723073393
51.040 -91 -1723073393
51.067 -101 -1723073393
51.093 -107 -1723073393
51.120 -118 -1723073393
51.147 -128 -1723073393
51.173 -127 -1723073393
51.200 -121 -1723073393
51.227 -113 -1723073393
51.253 -95 -1723073393
51.280 -74 -1723073393
51.307 -59 -1723073393
51.333 -42 -1723073393
51.360 -25 -1723073393
51.387 -15 -1723073393
51.413 -5 -1723073393
51.440 6 -1723073393
51.467 8 -1723073393
51.493 8 -1723073393
51.520 15 -1723073393
51.547 17 -1723073393
51.573 15 -1723073393
51.600 16 -1723073393
51.627 13 -1723073393
51.653 3 -1723073393
51.680 -5 -1723073393
51.707 -14 -1723073393
51.733 -23 -1723073393
51.760 -30 -1723073393
51.787 -39 -1723073393
51.813 -46 -1723073393
51.840 -50 -1723073393
51.867 -56 -1723073393
51.893 -63 -1723073393
51.920 -59 -1723073393
51.947 -45 -1723073393
51.973 -29 -1723073393
52.000 -6 -1723073393
52.027 24 -1723073393
52.053 49 -1723073393
52.080 71 -1723073393
52.107 98 -1723073393
52.133 122 -1723073393
52.160 144 -1723073393
52.187 169 -1723073393
52.213 191 -1723073393
52.240 211 -1723073393
52.267 227 -1723073393
52.293 234 -1723073393
52.320 236 -1723073393
52.347 240 -1723073393
52.373 242 -1723073393
52.400 239 -1723073393
52.427 235 -1723073393
52.453 229 -1723073393
52.480 218 -1723073393
52.507 215 -1723073393
52.533 220 -1723073393
52.560 222 -1723073393
52.587 225 -1723073393
52.613 233 -1723073393
52.640 236 -1723073393
52.667 237 -1723073393
52.693 238 -1723073393
52.720 237 -1723073393
52.747 232 -1723073393
52.773 228 -1723073393
52.800 225 -1723073393
52.827 218 -1723073393
52.853 215 -1723073393
52.880 213 -1723073393
52.907 210 -1723073393
52.933 210 -1723073393
52.960 208 -1723073393
52.987 204 -1723073393
53.013 201 -1723073393
53.040 197 -1723073393
53.067 190 -1723073393
53.093 184 -1723073393
53.120 182 -1723073393
53.147 177 -1723073393
53.173 174 -1723073393
53.200 173 -1723073393
53.227 169 -1723073393
53.253 161 -1723073393
53.280 155 -1723073393
53.307 148 -1723073393
53.333 140 -1723073393
53.360 134 -1723073393
53.387 125 -1723073393
53.413 116 -1723073393
53.440 111 -1723073393
53.467 108 -1723073393
53.493 108 -1723073393
53.520 110 -1723073393
53.547 110 -1723073393
53.573 107 -1723073393
53.600 106 -1723073393
53.627 108 -1723073393
53.653 106 -1723073393
53.680 109 -1723073393
53.707 114 -1723073393
53.733 114 -1723073393
53.760 114 -1723073393
53.787 116 -1723073393
53.813 110 -1723073393
53.840 102 -1723073393
53.867 98 -1723073393
53.893 94 -1723073393
53.920 90 -1723073393
53.947 88 -1723073393
53.973 88 -1723073393
54.000 87 -1723073393
54.027 91 -1723073393
54.053 101 -1723073393
54.080 113 -1723073393
54.107 125 -1723073393
54.133 138 -1723073393
54.160 153 -1723073393
54.187 165 -1723073393
54.213 173 -1723073393
54.240 180 -1723073393
54.267 183 -1723073393
54.293 187 -1723073393
54.320 191 -1723073393
54.347 188 -1723073393
54.373 184 -1723073393
54.400 182 -1723073393
54.427 176 -1723073393
54.453 162 -1723073393
54.480 148 -1723073393
54.507 129 -1723073393
54.533 108 -1723073393
54.560 92 -1723073393
54.587 74 -1723073393
54.613 53 -1723073393
54.640 34 -1723073393
54.667 17 -1723073393
54.693 0 -1723073393
54.720 -17 -1723073393
54.747 -30 -1723073393
54.773 -39 -1723073393
54.800 -43 -1723073393
54.827 -40 -1723073393
54.853 -38 -1723073393
54.880 -31 -1723073393
54.907 -17 -1723073393
54.933 0 -1723073393
54.960 18 -1723073393
54.987 40 -1723073393
55.013 60 -1723073393
55.040 73 -1723073393
55.067 86 -1723073393
55.093 98 -1723073393
55.120 103 -1723073393
55.147 109 -1723073393
55.173 117 -1723073393
55.200 122 -1723073393
55.227 127 -1723073393
55.253 135 -1723073393
55.280 145 -1723073393
55.307 155 -1723073393
55.333 166 -1723073393
55.360 178 -1723073393
55.387 194 -1723073393
55.413 214 -1723073393
55.440 234 -1723073393
55.467 253 -1723073393
55.493 272 -1723073393
55.520 291 -1723073393
55.547 313 -1723073393
55.573 338 -1723073393
55.600 360 -1723073393
55.627 379 -1723073393
55.653 403 -1723073393
55.680 429 -1723073393
55.707 453 -1723073393
55.733 476 -1723073393
55.760 496 -1723073393
55.787 508 -1723073393
55.813 516 -1723073393
55.840 522 -1723073393
55.867 527 -1723073393
55.893 531 -1723073393
55.920 534 -1723073393
55.947 532 -1723073393
55.973 530 -1723073393
56.000 531 -1723073393
56.027 528 -1723073393
56.053 526 -1723073393
56.080 530 -1723073393
56.107 534 -1723073393
56.133 538 -1723073393
56.160 546 -1723073393
56.187 554 -1723073393
56.213 560 -1723073393
56.240 570 -1723073393
56.267 581 -1723073393
56.293 587 -1723073393
56.320 587 -1723073393
56.347 583 -1723073393
56.373 570 -1723073393
56.400 553 -1723073393
56.427 534 -1723073393
56.453 506 -1723073393
56.480 473 -1723073393
56.507 445 -1723073393
56.533 419 -1723073393
56.560 390 -1723073393
56.587 359 -1723073393
56.613 330 -1723073393
56.640 303 -1723073393
56.667 280 -1723073393
56.693 255 -1723073393
56.720 228 -1723073393
56.747 205 -1723073393
56.773 184 -1723073393
56.800 159 -1723073393
56.827 133 -1723073393
56.853 114 -1723073393
56.880 91 -1723073393
56.907 66 -1723073393
56.933 47 -1723073393
56.960 32 -1723073393
56.987 14 -1723073393
57.013 0 -1723073393
57.040 -14 -1723073393
57.067 -29 -1723073393
57.093 -39 -1723073393
57.120 -40 -1723073393
57.147 -39 -1723073393
57.173 -42 -1723073393
57.200 -46 -1723073393
57.227 -48 -1723073393
57.253 -49 -1723073393
57.280 -54 -1723073393
57.307 -60 -1723073393
57.333 -69 -1723073393
57.360 -80 -1723073393
57.387 -91 -1723073393
57.413 -101 -1723073393
57.440 -110 -1723073393
57.467 -117 -1723073393
57.493 -118 -1723073393
57.520 -119 -1723073393
57.547 -121 -1723073393
57.573 -116 -1723073393
57.600 -108 -1723073393
57.627 -97 -1723073393
57.653 -77 -1723073393
57.680 -53 -1723073393
57.707 -32 -1723073393
57.733 -7 -1723073393
57.760 16 -1723073393
57.787 37 -1723073393
57.813 63 -1723073393
57.840 95 -1723073393
57.867 125 -1723073393
57.893 152 -1723073393
57.920 178 -1723073393
57.947 204 -1723073393
57.973 230 -1723073393
58.000 255 -1723073393
58.027 278 -1723073393
58.053 302 -1723073393
58.080 323 -1723073393
58.107 344 -1723073393
58.133 364 -1723073393
58.160 378 -1723073393
58.187 386 -1723073393
58.213 391 -1723073393
58.240 395 -1723073393
58.267 400 -1723073393
58.293 409 -1723073393
58.320 419 -1723073393
58.347 427 -1723073393
58.373 434 -1723073393
58.400 441 -1723073393
58.427 444 -1723073393
58.453 441 -1723073393
58.480 439 -1723073393
58.507 435 -1723073393
58.533 430 -1723073393
58.560 429 -1723073393
58.587 428 -1723073393
58.613 422 -1723073393
58.640 412 -1723073393
58.667 400 -1723073393
58.693 390 -1723073393
58.720 383 -1723073393
58.747 376 -1723073393
58.773 369 -1723073393
58.800 363 -1723073393
58.827 366 -1723073393
58.853 376 -1723073393
58.880 390 -1723073393
58.907 404 -1723073393
58.933 414 -1723073393
58.960 422 -1723073393
58.987 434 -1723073393
59.013 443 -1723073393
59.040 447 -1723073393
59.067 453 -1723073393
59.093 455 -1723073393
59.120 453 -1723073393
59.147 451 -1723073393
59.173 455 -1723073393
59.200 459 -1723073393
59.227 462 -1723073393
59.253 464 -1723073393
59.280 463 -1723073393
59.307 459 -1723073393
59.333 461 -1723073393
59.360 468 -1723073393
59.387 470 -1723073393
59.413 474 -1723073393
59.440 479 -1723073393
59.467 477 -1723073393
59.493 474 -1723073393
59.520 479 -1723073393
59.547 487 -1723073393
59.573 495 -1723073393
59.600 504 -1723073393
59.627 511 -1723073393
59.653 515 -1723073393
59.680 520 -1723073393
59.707 523 -1723073393
59.733 525 -1723073393
59.760 529 -1723073393
59.787 536 -1723073393
59.813 538 -1723073393
59.840 540 -1723073393
59.867 546 -1723073393
59.893 551 -1723073393
59.920 549 -1723073393
59.947 545 -1723073393
59.973 536 -1723073393
60.000 522 -1723073393
60.027 506 -1723073393
60.053 487 -1723073393
60.080 462 -1723073393
60.107 433 -1723073393
60.133 401 -1723073393
60.160 366 -1723073393
60.187 326 -1723073393
60.213 286 -1723073393
60.240 248 -1723073393
60.267 211 -1723073393
60.293 175 -1723073393
60.320 142 -1723073393
60.347 112 -1723073393
60.373 87 -1723073393
60.400 71 -1723073393
60.427 57 -1723073393
60.453 44 -1723073393
60.480 39 -1723073393
60.507 44 -1723073393
60.533 50 -1723073393
60.560 55 -1723073393
60.587 60 -1723073393
60.613 69 -1723073393
60.640 80 -1723073393
60.667 90 -1723073393
60.693 96 -1723073393
60.720 100 -1723073393
60.747 102 -1723073393
60.773 101 -1723073393
60.800 95 -1723073393
60.827 85 -1723073393
60.853 73 -1723073393
60.880 58 -1723073393
60.907 37 -1723073393
60.933 16 -1723073393
60.960 -7 -1723073393
60.987 -35 -1723073393
61.013 -57 -1723073393
61.040 -77 -1723073393
61.067 -100 -1723073393
61.093 -119 -1723073393
61.120 -131 -1723073393
61.147 -141 -1723073393
61.173 -150 -1723073393
61.200 -156 -1723073393
61.227 -164 -1723073393
61.253 -173 -1723073393
61.280 -169 -1723073393
61.307 -158 -1723073393
61.333 -156 -1723073393
61.360 -152 -1723073393
61.387 -140 -1723073393
61.413 -134 -1723073393
61.440 -128 -1723073393
61.467 -117 -1723073393
61.493 -108 -1723073393
61.520 -103 -1723073393
61.547 -91 -1723073393
61.573 -82 -1723073393
61.600 -80 -1723073393
61.627 -77 -1723073393
61.653 -76 -1723073393
61.680 -83 -1723073393
61.707 -90 -1723073393
61.733 -94 -1723073393
61.760 -103 -1723073393
61.787 -112 -1723073393
61.813 -118 -1723073393
61.840 -131 -1723073393
61.867 -150 -1723073393
61.893 -163 -1723073393
61.920 -179 -1723073393
61.947 -203 -1723073393
61.973 -224 -1723073393
62.000 -239 -1723073393
62.027 -253 -1723073393
62.053 -258 -1723073393
62.080 -258 -1723073393
62.107 -262 -1723073393
62.133 -262 -1723073393
62.160 -252 -1723073393
62.187 -245 -1723073393
62.213 -244 -1723073393
62.240 -238 -1723073393
62.267 -228 -1723073393
62.293 -224 -1723073393
62.320 -215 -1723073393
62.347 -200 -1723073393
62.373 -189 -1723073393
62.400 -175 -1723073393
62.427 -153 -1723073393
62.453 -132 -1723073393
62.480 -119 -1723073393
62.507 -106 -1723073393
62.533 -98 -1723073393
62.560 -98 -1723073393
62.587 -97 -1723073393
62.613 -99 -1723073393
62.640 -110 -1723073393
62.667 -124 -1723073393
62.693 -135 -1723073393
62.720 -150 -1723073393
62.747 -168 -1723073393
62.773 -183 -1723073393
62.800 -201 -1723073393
62.827 -224 -1723073393
62.853 -246 -1723073393
62.880 -269 -1723073393
62.907 -295 -1723073393
62.933 -307 -1723073393
62.960 -311 -1723073393
62.987 -317 -1723073393
63.013 -313 -1723073393
63.040 -296 -1723073393
63.067 -281 -1723073393
63.093 -265 -1723073393
63.120 -240 -1723073393
63.147 -218 -1723073393
63.173 -200 -1723073393
63.200 -173 -1723073393
63.227 -142 -1723073393
63.253 -116 -1723073393
63.280 -90 -1723073393
63.307 -63 -1723073393
63.333 -45 -1723073393
63.360 -27 -1723073393
63.387 -5 -1723073393
63.413 10 -1723073393
63.440 21 -1723073393
63.467 29 -1723073393
63.493 29 -1723073393
63.520 20 -1723073393
63.547 9 -1723073393
63.573 -7 -1723073393
63.600 -30 -1723073393
63.627 -49 -1723073393
63.653 -71 -1723073393
63.680 -104 -1723073393
63.707 -137 -1723073393
63.733 -167 -1723073393
63.760 -203 -1723073393
63.787 -235 -1723073393
63.813 -258 -1723073393
63.840 -282 -1723073393
63.867 -302 -1723073393
63.893 -305 -1723073393
63.920 -305 -1723073393
63.947 -309 -1723073393
63.973 -302 -1723073393
64.000 -286 -1723073393
64.027 -272 -1723073393
64.053 -252 -1723073393
64.080 -224 -1723073393
64.107 -203 -1723073393
64.133 -181 -1723073393
64.160 -149 -1723073393
64.187 -121 -1723073393
64.213 -101 -1723073393
64.240 -75 -1723073393
64.267 -47 -1723073393
64.293 -34 -1723073393
64.320 -22 -1723073393
64.347 -14 -1723073393
64.373 -20 -1723073393
64.400 -32 -1723073393
64.427 -42 -1723073393
64.453 -57 -1723073393
64.480 -71 -1723073393
64.507 -79 -1723073393
64.533 -91 -1723073393
64.560 -107 -1723073393
64.587 -117 -1723073393
64.613 -122 -1723073393
64.640 -129 -1723073393
64.667 -124 -1723073393
64.693 -107 -1723073393
64.720 -94 -1723073393
64.747 -81 -1723073393
64.773 -55 -1723073393
64.800 -29 -1723073393
64.827 -8 -1723073393
64.853 21 -1723073393
64.880 51 -1723073393
64.907 72 -1723073393
64.933 98 -1723073393
64.960 125 -1723073393
64.987 143 -1723073393
65.013 161 -1723073393
65.040 185 -1723073393
65.067 202 -1723073393
65.093 209 -1723073393
65.120 215 -1723073393
65.147 215 -1723073393
65.173 210 -1723073393
65.200 205 -1723073393
65.227 197 -1723073393
65.253 186 -1723073393
65.280 179 -1723073393
65.307 172 -1723073393
65.333 159 -1723073393
65.360 149 -1723073393
65.387 141 -1723073393
65.413 132 -1723073393
65.440 119 -1723073393
65.467 105 -1723073393
65.493 92 -1723073393
65.520 81 -1723073393
65.547 73 -1723073393
65.573 69 -1723073393
65.600 64 -1723073393
65.627 56 -1723073393
65.653 52 -1723073393
65.680 52 -1723073393
65.707 55 -1723073393
65.733 62 -1723073393
65.760 70 -1723073393
65.787 76 -1723073393
65.813 82 -1723073393
65.840 91 -1723073393
65.867 98 -1723073393
65.893 108 -1723073393
65.920 123 -1723073393
65.947 135 -1723073393
65.973 146 -1723073393
66.000 162 -1723073393
66.027 179 -1723073393
66.053 192 -1723073393
66.080 198 -1723073393
66.107 203 -1723073393
66.133 207 -1723073393
66.160 212 -1723073393
66.187 218 -1723073393
66.213 218 -1723073393
66.240 219 -1723073393
66.267 222 -1723073393
66.293 226 -1723073393
66.320 231 -1723073393
66.347 232 -1723073393
66.373 230 -1723073393
66.400 229 -1723073393
66.427 235 -1723073393
66.453 242 -1723073393
66.480 246 -1723073393
66.507 254 -1723073393
66.533 264 -1723073393
66.560 270 -1723073393
66.587 278 -1723073393
66.613 289 -1723073393
66.640 297 -1723073393
66.667 306 -1723073393
66.693 314 -1723073393
66.720 319 -1723073393
66.747 323 -1723073393
66.773 327 -1723073393
66.800 331 -1723073393
66.827 339 -1723073393
66.853 351 -1723073393
66.880 359 -1723073393
66.907 363 -1723073393
66.933 369 -1723073393
66.960 375 -1723073393
66.987 376 -1723073393
67.013 375 -1723073393
67.040 373 -1723073393
67.067 372 -1723073393
67.093 371 -1723073393
67.120 370 -1723073393
67.147 368 -1723073393
67.173 361 -1723073393
67.200 351 -1723073393
67.227 340 -1723073393
67.253 330 -1723073393
67.280 318 -1723073393
67.307 306 -1723073393
67.333 297 -1723073393
67.360 292 -1723073393
67.387 289 -1723073393
67.413 286 -1723073393
67.440 284 -1723073393
67.467 286 -1723073393
67.493 290 -1723073393
67.520 297 -1723073393
67.547 309 -1723073393
67.573 325 -1723073393
67.600 341 -1723073393
67.627 352 -1723073393
67.653 358 -1723073393
67.680 365 -1723073393
67.707 370 -1723073393
67.733 378 -1723073393
67.760 393 -1723073393
67.787 406 -1723073393
67.813 416 -1723073393
67.840 425 -1723073393
67.867 433 -1723073393
67.893 439 -1723073393
67.920 449 -1723073393
67.947 457 -1723073393
67.973 459 -1723073393
68.000 453 -1723073393
68.027 448 -1723073393
68.053 444 -1723073393
68.080 439 -1723073393
68.107 431 -1723073393
68.133 427 -1723073393
68.160 426 -1723073393
68.187 426 -1723073393
68.213 425 -1723073393
68.240 425 -1723073393
68.267 427 -1723073393
68.293 426 -1723073393
68.320 425 -1723073393
68.347 422 -1723073393
68.373 415 -1723073393
68.400 407 -1723073393
68.427 398 -1723073393
68.453 392 -1723073393
68.480 384 -1723073393
68.507 373 -1723073393
68.533 362 -1723073393
68.560 353 -1723073393
68.587 340 -1723073393
68.613 330 -1723073393
68.640 323 -1723073393
68.667 315 -1723073393
68.693 310 -1723073393
68.720 308 -1723073393
68.747 304 -1723073393
68.773 298 -1723073393
68.800 293 -1723073393
68.827 289 -1723073393
68.853 287 -1723073393
68.880 288 -1723073393
68.907 291 -1723073393
68.933 296 -1723073393
68.960 303 -1723073393
68.987 306 -1723073393
69.013 303 -1723073393
69.040 298 -1723073393
69.067 298 -1723073393
69.093 300 -1723073393
69.120 302 -1723073393
69.147 308 -1723073393
69.173 313 -1723073393
69.200 316 -1723073393
69.227 314 -1723073393
69.253 310 -1723073393
69.280 305 -1723073393
69.307 298 -1723073393
69.333 296 -1723073393
69.360 296 -1723073393
69.387 294 -1723073393
69.413 292 -1723073393
69.440 287 -1723073393
69.467 279 -1723073393
69.493 277 -1723073393
69.520 280 -1723073393
69.547 282 -1723073393
69.573 285 -1723073393
69.600 293 -1723073393
69.627 301 -1723073393
69.653 309 -1723073393
69.680 322 -1723073393
69.707 337 -1723073393
69.733 347 -1723073393
69.760 357 -1723073393
69.787 365 -1723073393
69.813 370 -1723073393
69.840 377 -1723073393
69.867 386 -1723073393
69.893 391 -1723073393
69.920 393 -1723073393
69.947 393 -1723073393
69.973 387 -1723073393
70.000 375 -1723073393
70.027 364 -1723073393
70.053 352 -1723073393
70.080 339 -1723073393
70.107 328 -1723073393
70.133 312 -1723073393
70.160 292 -1723073393
70.187 276 -1723073393
70.213 265 -1723073393
70.240 253 -1723073393
70.267 238 -1723073393
70.293 227 -1723073393
70.320 216 -1723073393
70.347 206 -1723073393
70.373 200 -1723073393
70.400 196 -1723073393
70.427 192 -1723073393
70.453 190 -1723073393
70.480 193 -1723073393
70.507 194 -1723073393
70.533 194 -1723073393
70.560 202 -1723073393
70.587 213 -1723073393
70.613 222 -1723073393
70.640 230 -1723073393
70.667 236 -1723073393
70.693 236 -1723073393
70.720 235 -1723073393
70.747 240 -1723073393
70.773 245 -1723073393
70.800 248 -1723073393
70.827 254 -1723073393
70.853 255 -1723073393
70.880 249 -1723073393
70.907 242 -1723073393
70.933 234 -1723073393
70.960 223 -1723073393
70.987 219 -1723073393
71.013 221 -1723073393
71.040 220 -1723073393
71.067 220 -1723073393
71.093 225 -1723073393
71.120 233 -1723073393
71.147 243 -1723073393
71.173 256 -1723073393
71.200 263 -1723073393
71.227 265 -1723073393
71.253 273 -1723073393
71.280 282 -1723073393
71.307 289 -1723073393
71.333 298 -1723073393
71.360 309 -1723073393
71.387 316 -1723073393
71.413 320 -1723073393
71.440 328 -1723073393
71.467 337 -1723073393
71.493 346 -1723073393
71.520 361 -1723073393
71.547 380 -1723073393
71.573 398 -1723073393
71.600 416 -1723073393
71.627 434 -1723073393
71.653 445 -1723073393
71.680 454 -1723073393
71.707 460 -1723073393
71.733 459 -1723073393
71.760 460 -1723073393
71.787 463 -1723073393
71.813 458 -1723073393
71.840 450 -1723073393
71.867 445 -1723073393
71.893 430 -1723073393
71.920 405 -1723073393
71.947 386 -1723073393
71.973 367 -1723073393
72.000 342 -1723073393
72.027 321 -1723073393
72.053 305 -1723073393
72.080 286 -1723073393
72.107 262 -1723073393
72.133 243 -1723073393
72.160 227 -1723073393
72.187 212 -1723073393
72.213 203 -1723073393
72.240 196 -1723073393
72.267 186 -1723073393
72.293 177 -1723073393
72.320 176 -1723073393
72.347 175 -1723073393
72.373 173 -1723073393
72.400 177 -1723073393
72.427 179 -1723073393
72.453 181 -1723073393
72.480 191 -1723073393
72.507 204 -1723073393
72.533 206 -1723073393
72.560 212 -1723073393
72.587 222 -1723073393
72.613 223 -1723073393
72.640 223 -1723073393
72.667 230 -1723073393
72.693 232 -1723073393
72.720 230 -1723073393
72.747 234 -1723073393
72.773 237 -1723073393
72.800 232 -1723073393
72.827 234 -1723073393
72.853 243 -1723073393
72.880 249 -1723073393
72.907 257 -1723073393
72.933 269 -1723073393
72.960 275 -1723073393
72.987 279 -1723073393
73.013 289 -1723073393
73.040 301 -1723073393
73.067 309 -1723073393
73.093 321 -1723073393
73.120 331 -1723073393
73.147 333 -1723073393
73.173 333 -1723073393
73.200 336 -1723073393
73.227 336 -1723073393
73.253 333 -1723073393
73.280 329 -1723073393
73.307 321 -1723073393
73.333 313 -1723073393
73.360 313 -1723073393
73.387 310 -1723073393
73.413 302 -1723073393
73.440 296 -1723073393
73.467 287 -1723073393
73.493 271 -1723073393
73.520 258 -1723073393
73.547 250 -1723073393
73.573 238 -1723073393
73.600 223 -1723073393
73.627 212 -1723073393
73.653 198 -1723073393
73.680 181 -1723073393
73.707 174 -1723073393
73.733 167 -1723073393
73.760 159 -1723073393
73.787 159 -1723073393
73.813 161 -1723073393
73.840 161 -1723073393
73.867 167 -1723073393
73.893 178 -1723073393
73.920 183 -1723073393
73.947 186 -1723073393
73.973 197 -1723073393
74.000 214 -1723073393
74.027 228 -1723073393
74.053 245 -1723073393
74.080 264 -1723073393
74.107 278 -1723073393
74.133 291 -1723073393
74.160 304 -1723073393
74.187 310 -1723073393
74.213 313 -1723073393
74.240 321 -1723073393
74.267 329 -1723073393
74.293 332 -1723073393
74.320 336 -1723073393
74.347 339 -1723073393
74.373 338 -1723073393
74.400 334 -1723073393
74.427 327 -1723073393
74.453 311 -1723073393
74.480 296 -1723073393
74.507 283 -1723073393
74.533 265 -1723073393
74.560 247 -1723073393
74.587 233 -1723073393
74.613 215 -1723073393
74.640 195 -1723073393
74.667 183 -1723073393
74.693 173 -1723073393
74.720 159 -1723073393
74.747 152 -1723073393
74.773 154 -1723073393
74.800 155 -1723073393
74.827 156 -1723073393
74.853 162 -1723073393
74.880 169 -1723073393
74.907 173 -1723073393
74.933 185 -1723073393
74.960 196 -1723073393
74.987 199 -1723073393
75.013 211 -1723073393
75.040 230 -1723073393
75.067 241 -1723073393
75.093 251 -1723073393
75.120 262 -1723073393
75.147 265 -1723073393
75.173 266 -1723073393
75.200 274 -1723073393
75.227 277 -1723073393
75.253 277 -1723073393
75.280 284 -1723073393
75.307 290 -1723073393
75.333 291 -1723073393
75.360 297 -1723073393
75.387 305 -1723073393
75.413 300 -1723073393
75.440 292 -1723073393
75.467 291 -1723073393
75.493 289 -1723073393
75.520 291 -1723073393
75.547 294 -1723073393
75.573 289 -1723073393
75.600 280 -1723073393
75.627 276 -1723073393
75.653 268 -1723073393
75.680 256 -1723073393
75.707 247 -1723073393
75.733 239 -1723073393
75.760 228 -1723073393
75.787 222 -1723073393
75.813 221 -1723073393
75.840 219 -1723073393
75.867 218 -1723073393
75.893 224 -1723073393
75.920 230 -1723073393
75.947 234 -1723073393
75.973 241 -1723073393
76.000 252 -1723073393
76.027 261 -1723073393
76.053 271 -1723073393
76.080 282 -1723073393
76.107 290 -1723073393
76.133 294 -1723073393
76.160 299 -1723073393
76.187 297 -1723073393
76.213 293 -1723073393
76.240 287 -1723073393
76.267 278 -1723073393
76.293 267 -1723073393
76.320 258 -1723073393
76.347 247 -1723073393
76.373 228 -1723073393
76.400 206 -1723073393
76.427 183 -1723073393
76.453 163 -1723073393
76.480 145 -1723073393
76.507 135 -1723073393
76.533 124 -1723073393
76.560 114 -1723073393
76.587 112 -1723073393
76.613 115 -1723073393
76.640 119 -1723073393
76.667 132 -1723073393
76.693 147 -1723073393
76.720 154 -1723073393
76.747 166 -1723073393
76.773 188 -1723073393
76.800 206 -1723073393
76.827 223 -1723073393
76.853 245 -1723073393
76.880 261 -1723073393
76.907 275 -1723073393
76.933 291 -1723073393
76.960 305 -1723073393
76.987 320 -1723073393
77.013 335 -1723073393
77.040 345 -1723073393
77.067 353 -1723073393
77.093 363 -1723073393
77.120 370 -1723073393
77.147 373 -1723073393
77.173 371 -1723073393
77.200 365 -1723073393
77.227 361 -1723073393
77.253 365 -1723073393
77.280 368 -1723073393
77.307 364 -1723073393
77.333 360 -1723073393
77.360 357 -1723073393
77.387 350 -1723073393
77.413 342 -1723073393
77.440 335 -1723073393
77.467 326 -1723073393
77.493 321 -1723073393
77.520 324 -1723073393
77.547 328 -1723073393
77.573 334 -1723073393
77.600 343 -1723073393
77.627 352 -1723073393
77.653 355 -1723073393
77.680 357 -1723073393
77.707 364 -1723073393
77.733 372 -1723073393
77.760 379 -1723073393
77.787 385 -1723073393
77.813 389 -1723073393
77.840 395 -1723073393
77.867 403 -1723073393
77.893 405 -1723073393
77.920 407 -1723073393
77.947 410 -1723073393
77.973 408 -1723073393
78.000 401 -1723073393
78.027 398 -1723073393
78.053 398 -1723073393
78.080 396 -1723073393
78.107 394 -1723073393
78.133 389 -1723073393
78.160 376 -1723073393
78.187 362 -1723073393
78.213 349 -1723073393
78.240 330 -1723073393
78.267 312 -1723073393
78.293 303 -1723073393
78.320 297 -1723073393
78.347 288 -1723073393
78.373 278 -1723073393
78.400 271 -1723073393
78.427 265 -1723073393
78.453 261 -1723073393
78.480 256 -1723073393
78.507 252 -1723073393
78.533 250 -1723073393
78.560 254 -1723073393
78.587 259 -1723073393
78.613 262 -1723073393
78.640 265 -1723073393
78.667 267 -1723073393
78.693 270 -1723073393
78.720 274 -1723073393
78.747 274 -1723073393
78.773 272 -1723073393
78.800 273 -1723073393
78.827 271 -1723073393
78.853 265 -1723073393
78.880 264 -1723073393
78.907 266 -1723073393
78.933 265 -1723073393
78.960 263 -1723073393
78.987 266 -1723073393
79.013 265 -1723073393
79.040 260 -1723073393
79.067 254 -1723073393
79.093 247 -1723073393
79.120 240 -1723073393
79.147 234 -1723073393
79.173 225 -1723073393
79.200 215 -1723073393
79.227 207 -1723073393
79.253 202 -1723073393
79.280 199 -1723073393
79.307 197 -1723073393
79.333 198 -1723073393
79.360 196 -1723073393
79.387 193 -1723073393
79.413 199 -1723073393
79.440 209 -1723073393
79.467 219 -1723073393
79.493 230 -1723073393
79.520 242 -1723073393
79.547 253 -1723073393
79.573 265 -1723073393
79.600 278 -1723073393
79.627 290 -1723073393
79.653 304 -1723073393
79.680 315 -1723073393
79.707 319 -1723073393
79.733 325 -1723073393
79.760 327 -1723073393
79.787 318 -1723073393
79.813 314 -1723073393
79.840 316 -1723073393
79.867 308 -1723073393
79.893 293 -1723073393
79.920 281 -1723073393
79.947 259 -1723073393
79.973 231 -1723073393
80.000 209 -1723073393
80.027 185 -1723073393
80.053 154 -1723073393
80.080 131 -1723073393
80.107 116 -1723073393
80.133 98 -1723073393
80.160 81 -1723073393
80.187 79 -1723073393
80.213 75 -1723073393
80.240 70 -1723073393
80.267 71 -1723073393
80.293 77 -1723073393
80.320 82 -1723073393
80.347 95 -1723073393
80.373 111 -1723073393
80.400 122 -1723073393
80.427 140 -1723073393
80.453 164 -1723073393
80.480 182 -1723073393
80.507 197 -1723073393
80.533 217 -1723073393
80.560 233 -1723073393
80.587 247 -1723073393
80.613 265 -1723073393
80.640 274 -1723073393
80.667 276 -1723073393
80.693 279 -1723073393
80.720 279 -1723073393
80.747 274 -1723073393
80.773 269 -1723073393
80.800 261 -1723073393
80.827 245 -1723073393
80.853 238 -1723073393
80.880 234 -1723073393
80.907 225 -1723073393
80.933 219 -1723073393
80.960 220 -1723073393
80.987 216 -1723073393
81.013 210 -1723073393
81.040 209 -1723073393
81.067 207 -1723073393
81.093 208 -1723073393
81.120 219 -1723073393
81.147 230 -1723073393
81.173 236 -1723073393
81.200 244 -1723073393
81.227 251 -1723073393
81.253 253 -1723073393
81.280 260 -1723073393
81.307 268 -1723073393
81.333 266 -1723073393
81.360 267 -1723073393
81.387 267 -1723073393
81.413 257 -1723073393
81.440 248 -1723073393
81.467 246 -1723073393
81.493 244 -1723073393
81.520 242 -1723073393
81.547 240 -1723073393
81.573 226 -1723073393
81.600 211 -1723073393
81.627 209 -1723073393
81.653 203 -1723073393
81.680 191 -1723073393
81.707 187 -1723073393
81.733 181 -1723073393
81.760 169 -1723073393
81.787 167 -1723073393
81.813 165 -1723073393
81.840 157 -1723073393
81.867 155 -1723073393
81.893 160 -1723073393
81.920 158 -1723073393
81.947 154 -1723073393
81.973 154 -1723073393
82.000 155 -1723073393
82.027 159 -1723073393
82.053 168 -1723073393
82.080 175 -1723073393
82.107 183 -1723073393
82.133 196 -1723073393
82.160 210 -1723073393
82.187 222 -1723073393
82.213 235 -1723073393
82.240 241 -1723073393
82.267 243 -1723073393
82.293 248 -1723073393
82.320 259 -1723073393
82.347 270 -1723073393
82.373 285 -1723073393
82.400 299 -1723073393
82.427 306 -1723073393
82.453 313 -1723073393
82.480 320 -1723073393
82.507 320 -1723073393
82.533 320 -1723073393
82.560 318 -1723073393
82.587 311 -1723073393
82.613 307 -1723073393
82.640 306 -1723073393
82.667 300 -1723073393
82.693 292 -1723073393
82.720 286 -1723073393
82.747 279 -1723073393
82.773 271 -1723073393
82.800 269 -1723073393
82.827 268 -1723073393
82.853 266 -1723073393
82.880 269 -1723073393
82.907 269 -1723073393
82.933 265 -1723073393
82.960 266 -1723073393
82.987 269 -1723073393
83.013 267 -1723073393
83.040 270 -1723073393
83.067 279 -1723073393
83.093 286 -1723073393
83.120 295 -1723073393
83.147 304 -1723073393
83.173 309 -1723073393
83.200 312 -1723073393
83.227 316 -1723073393
83.253 316 -1723073393
83.280 314 -1723073393
83.307 314 -1723073393
83.333 314 -1723073393
83.360 313 -1723073393
83.387 315 -1723073393
83.413 310 -1723073393
83.440 301 -1723073393
83.467 293 -1723073393
83.493 286 -1723073393
83.520 280 -1723073393
83.547 275 -1723073393
83.573 266 -1723073393
83.600 255 -1723073393
83.627 248 -1723073393
83.653 237 -1723073393
83.680 224 -1723073393
83.707 215 -1723073393
83.733 207 -1723073393
83.760 196 -1723073393
83.787 191 -1723073393
83.813 195 -1723073393
83.840 198 -1723073393
83.867 200 -1723073393
83.893 207 -1723073393
83.920 211 -1723073393
83.947 216 -1723073393
83.973 219 -1723073393
84.000 214 -1723073393
84.027 209 -1723073393
84.053 212 -1723073393
84.080 215 -1723073393
84.107 215 -1723073393
84.133 219 -1723073393
84.160 220 -1723073393
84.187 221 -1723073393
84.213 223 -1723073393
84.240 220 -1723073393
84.267 218 -1723073393
84.293 219 -1723073393
84.320 219 -1723073393
84.347 214 -1723073393
84.373 214 -1723073393
84.400 215 -1723073393
84.427 214 -1723073393
84.453 224 -1723073393
84.480 234 -1723073393
84.507 236 -1723073393
84.533 242 -1723073393
84.560 253 -1723073393
84.587 254 -1723073393
84.613 261 -1723073393
84.640 274 -1723073393
84.667 277 -1723073393
84.693 282 -1723073393
84.720 294 -1723073393
84.747 301 -1723073393
84.773 312 -1723073393
84.800 321 -1723073393
84.827 318 -1723073393
84.853 315 -1723073393
84.880 312 -1723073393
84.907 305 -1723073393
84.933 304 -1723073393
84.960 304 -1723073393
84.987 295 -1723073393
85.013 285 -1723073393
85.040 279 -1723073393
85.067 267 -1723073393
85.093 257 -1723073393
85.120 257 -1723073393
85.147 251 -1723073393
85.173 241 -1723073393
85.200 237 -1723073393
85.227 229 -1723073393
85.253 218 -1723073393
85.280 216 -1723073393
85.307 212 -1723073393
85.333 199 -1723073393
85.360 193 -1723073393
85.387 188 -1723073393
85.413 182 -1723073393
85.440 184 -1723073393
85.467 188 -1723073393
85.493 185 -1723073393
85.520 188 -1723073393
85.547 191 -1723073393
85.573 189 -1723073393
85.600 193 -1723073393
85.627 196 -1723073393
85.653 192 -1723073393
85.680 191 -1723073393
85.707 189 -1723073393
85.733 180 -1723073393
85.760 176 -1723073393
85.787 177 -1723073393
85.813 171 -1723073393
85.840 171 -1723073393
85.867 177 -1723073393
85.893 177 -1723073393
85.920 180 -1723073393
85.947 185 -1723073393
85.973 183 -1723073393
86.000 191 -1723073393
86.027 201 -1723073393
86.053 201 -1723073393
86.080 205 -1723073393
86.107 216 -1723073393
86.133 220 -1723073393
86.160 227 -1723073393
86.187 241 -1723073393
86.213 247 -1723073393
86.240 253 -1723073393
86.267 265 -1723073393
86.293 270 -1723073393
86.320 270 -1723073393
86.347 271 -1723073393
86.373 269 -1723073393
86.400 269 -1723073393
86.427 265 -1723073393
86.453 255 -1723073393
86.480 245 -1723073393
86.507 234 -1723073393
86.533 216 -1723073393
86.560 206 -1723073393
86.587 206 -1723073393
86.613 201 -1723073393
86.640 199 -1723073393
86.667 202 -1723073393
86.693 199 -1723073393
86.720 199 -1723073393
86.747 209 -1723073393
86.773 209 -1723073393
86.800 208 -1723073393
86.827 212 -1723073393
86.853 209 -1723073393
86.880 207 -1723073393
86.907 208 -1723073393
86.933 204 -1723073393
86.960 201 -1723073393
86.987 197 -1723073393
87.013 189 -1723073393
87.040 188 -1723073393
87.067 193 -1723073393
87.093 190 -1723073393
87.120 184 -1723073393
87.147 183 -1723073393
87.173 179 -1723073393
87.200 175 -1723073393
87.227 175 -1723073393
87.253 167 -1723073393
87.280 162 -1723073393
87.307 164 -1723073393
87.333 163 -1723073393
87.360 163 -1723073393
87.387 169 -1723073393
87.413 169 -1723073393
87.440 172 -1723073393
87.467 184 -1723073393
87.493 189 -1723073393
87.520 192 -1723073393
87.547 199 -1723073393
87.573 197 -1723073393
87.600 193 -1723073393
87.627 195 -1723073393
87.653 196 -1723073393
87.680 199 -1723073393
87.707 207 -1723073393
87.733 212 -1723073393
87.760 220 -1723073393
87.787 226 -1723073393
87.813 224 -1723073393
87.840 223 -1723073393
87.867 231 -1723073393
87.893 234 -1723073393
87.920 235 -1723073393
87.947 237 -1723073393
87.973 230 -1723073393
88.000 226 -1723073393
88.027 226 -1723073393
88.053 224 -1723073393
88.080 230 -1723073393
88.107 242 -1723073393
88.133 249 -1723073393
88.160 256 -1723073393
88.187 260 -1723073393
88.213 253 -1723073393
88.240 251 -1723073393
88.267 251 -1723073393
88.293 248 -1723073393
88.320 250 -1723073393
88.347 249 -1723073393
88.373 244 -1723073393
88.400 246 -1723073393
88.427 251 -1723073393
88.453 246 -1723073393
88.480 241 -1723073393
88.507 236 -1723073393
88.533 226 -1723073393
88.560 223 -1723073393
88.587 225 -1723073393
88.613 223 -1723073393
88.640 227 -1723073393
88.667 234 -1723073393
88.693 236 -1723073393
88.720 247 -1723073393
88.747 261 -1723073393
88.773 271 -1723073393
88.800 280 -1723073393
88.827 278 -1723073393
88.853 272 -1723073393
88.880 274 -1723073393
88.907 277 -1723073393
88.933 280 -1723073393
88.960 286 -1723073393
88.987 284 -1723073393
89.013 278 -1723073393
89.040 275 -1723073393
89.067 264 -1723073393
89.093 251 -1723073393
89.120 240 -1723073393
89.147 222 -1723073393
89.173 206 -1723073393
89.200 199 -1723073393
89.227 188 -1723073393
89.253 181 -1723073393
89.280 178 -1723073393
89.307 170 -1723073393
89.333 162 -1723073393
89.360 157 -1723073393
89.387 149 -1723073393
89.413 145 -1723073393
89.440 144 -1723073393
89.467 139 -1723073393
89.493 138 -1723073393
89.520 144 -1723073393
89.547 150 -1723073393
89.573 156 -1723073393
89.600 164 -1723073393
89.627 171 -1723073393
89.653 181 -1723073393
89.680 191 -1723073393
89.707 199 -1723073393
89.733 211 -1723073393
89.760 221 -1723073393
89.787 225 -1723073393
89.813 234 -1723073393
89.840 237 -1723073393
89.867 235 -1723073393
89.893 239 -1723073393
89.920 233 -1723073393
89.947 227 -1723073393
89.973 226 -1723073393
90.000 221 -1723073393
90.027 215 -1723073393
90.053 208 -1723073393
90.080 196 -1723073393
90.107 188 -1723073393
90.133 178 -1723073393
90.160 165 -1723073393
90.187 158 -1723073393
90.213 155 -1723073393
90.240 155 -1723073393
90.267 161 -1723073393
90.293 165 -1723073393
90.320 161 -1723073393
90.347 157 -1723073393
90.373 155 -1723073393
90.400 154 -1723073393
90.427 156 -1723073393
90.453 160 -1723073393
90.480 164 -1723073393
90.507 174 -1723073393
90.533 187 -1723073393
90.560 194 -1723073393
90.587 201 -1723073393
90.613 208 -1723073393
90.640 210 -1723073393
90.667 211 -1723073393
90.693 204 -1723073393
90.720 198 -1723073393
90.747 192 -1723073393
90.773 181 -1723073393
90.800 176 -1723073393
90.827 170 -1723073393
90.853 165 -1723073393
90.880 170 -1723073393
90.907 171 -1723073393
90.933 165 -1723073393
90.960 159 -1723073393
90.987 149 -1723073393
91.013 144 -1723073393
91.040 148 -1723073393
91.067 148 -1723073393
91.093 147 -1723073393
91.120 148 -1723073393
91.147 151 -1723073393
91.173 156 -1723073393
91.200 163 -1723073393
91.227 164 -1723073393
91.253 167 -1723073393
91.280 174 -1723073393
91.307 184 -1723073393
91.333 196 -1723073393
91.360 208 -1723073393
91.387 220 -1723073393
91.413 235 -1723073393
91.440 247 -1723073393
91.467 256 -1723073393
91.493 268 -1723073393
91.520 277 -1723073393
91.547 287 -1723073393
91.573 302 -1723073393
91.600 312 -1723073393
91.627 322 -1723073393
91.653 331 -1723073393
91.680 338 -1723073393
91.707 349 -1723073393
91.733 363 -1723073393
91.760 374 -1723073393
91.787 379 -1723073393
91.813 375 -1723073393
91.840 370 -1723073393
91.867 365 -1723073393
91.893 355 -1723073393
91.920 351 -1723073393
91.947 345 -1723073393
91.973 337 -1723073393
92.000 334 -1723073393
92.027 323 -1723073393
92.053 310 -1723073393
92.080 301 -1723073393
92.107 290 -1723073393
92.133 287 -1723073393
92.160 288 -1723073393
92.187 289 -1723073393
92.213 295 -1723073393
92.240 302 -1723073393
92.267 300 -1723073393
92.293 306 -1723073393
92.320 315 -1723073393
92.347 322 -1723073393
92.373 336 -1723073393
92.400 345 -1723073393
92.427 347 -1723073393
92.453 353 -1723073393
92.480 361 -1723073393
92.507 368 -1723073393
92.533 368 -1723073393
92.560 365 -1723073393
92.587 370 -1723073393
92.613 366 -1723073393
92.640 358 -1723073393
92.667 354 -1723073393
92.693 343 -1723073393
92.720 335 -1723073393
92.747 332 -1723073393
92.773 325 -1723073393
92.800 320 -1723073393
92.827 316 -1723073393
92.853 309 -1723073393
92.880 308 -1723073393
92.907 305 -1723073393
92.933 300 -1723073393
92.960 309 -1723073393
92.987 309 -1723073393
93.013 304 -1723073393
93.040 305 -1723073393
93.067 303 -1723073393
93.093 313 -1723073393
93.120 329 -1723073393
93.147 336 -1723073393
93.173 346 -1723073393
93.200 348 -1723073393
93.227 347 -1723073393
93.253 359 -1723073393
93.280 365 -1723073393
93.307 374 -1723073393
93.333 383 -1723073393
93.360 387 -1723073393
93.387 397 -1723073393
93.413 399 -1723073393
93.440 397 -1723073393
93.467 398 -1723073393
93.493 389 -1723073393
93.520 387 -1723073393
93.547 388 -1723073393
93.573 380 -1723073393
93.600 377 -1723073393
93.627 367 -1723073393
93.653 355 -1723073393
93.680 351 -1723073393
93.707 345 -1723073393
93.733 347 -1723073393
93.760 350 -1723073393
93.787 347 -1723073393
93.813 349 -1723073393
93.840 350 -1723073393
93.867 346 -1723073393
93.893 345 -1723073393
93.920 339 -1723073393
93.947 337 -1723073393
93.973 343 -1723073393
94.000 345 -1723073393
94.027 354 -1723073393
94.053 358 -1723073393
94.080 358 -1723073393
94.107 363 -1723073393
94.133 366 -1723073393
94.160 374 -1723073393
94.187 380 -1723073393
94.213 383 -1723073393
94.240 392 -1723073393
94.267 396 -1723073393
94.293 396 -1723073393
94.320 395 -1723073393
94.347 387 -1723073393
94.373 379 -1723073393
94.400 369 -1723073393
94.427 354 -1723073393
94.453 345 -1723073393
94.480 331 -1723073393
94.507 318 -1723073393
94.533 313 -1723073393
94.560 300 -1723073393
94.587 294 -1723073393
94.613 287 -1723073393
94.640 278 -1723073393
94.667 276 -1723073393
94.693 265 -1723073393
94.720 262 -1723073393
94.747 264 -1723073393
94.773 264 -1723073393
94.800 273 -1723073393
94.827 284 -1723073393
94.853 293 -1723073393
94.880 303 -1723073393
94.907 306 -1723073393
94.933 310 -1723073393
94.960 314 -1723073393
94.987 318 -1723073393
95.013 319 -1723073393
95.040 311 -1723073393
95.067 313 -1723073393
95.093 317 -1723073393
95.120 319 -1723073393
95.147 325 -1723073393
95.173 328 -1723073393
95.200 331 -1723073393
95.227 337 -1723073393
95.253 339 -1723073393
95.280 341 -1723073393
95.307 339 -1723073393
95.333 334 -1723073393
95.360 335 -1723073393
95.387 337 -1723073393
95.413 340 -1723073393
95.440 337 -1723073393
95.467 334 -1723073393
95.493 334 -1723073393
95.520 328 -1723073393
95.547 320 -1723073393
95.573 308 -1723073393
95.600 298 -1723073393
95.627 290 -1723073393
95.653 281 -1723073393
95.680 282 -1723073393
95.707 286 -1723073393
95.733 287 -1723073393
95.760 289 -1723073393
95.787 284 -1723073393
95.813 287 -1723073393
95.840 282 -1723073393
95.867 281 -1723073393
95.893 284 -1723073393
95.920 284 -1723073393
95.947 284 -1723073393
95.973 277 -1723073393
96.000 274 -1723073393
96.027 273 -1723073393
96.053 269 -1723073393
96.080 270 -1723073393
96.107 263 -1723073393
96.133 250 -1723073393
96.160 238 -1723073393
96.187 221 -1723073393
96.213 208 -1723073393
96.240 187 -1723073393
96.267 171 -1723073393
96.293 159 -1723073393
96.320 143 -1723073393
96.347 134 -1723073393
96.373 121 -1723073393
96.400 114 -1723073393
96.427 113 -1723073393
96.453 107 -1723073393
96.480 113 -1723073393
96.507 117 -1723073393
96.533 122 -1723073393
96.560 128 -1723073393
96.587 121 -1723073393
96.613 118 -1723073393
96.640 116 -1723073393
96.667 114 -1723073393
96.693 123 -1723073393
96.720 133 -1723073393
96.747 148 -1723073393
96.773 153 -1723073393
96.800 159 -1723073393
96.827 162 -1723073393
96.853 166 -1723073393
96.880 170 -1723073393
96.907 166 -1723073393
96.933 165 -1723073393
96.960 162 -1723073393
96.987 167 -1723073393
97.013 175 -1723073393
97.040 171 -1723073393
97.067 166 -1723073393
97.093 152 -1723073393
97.120 142 -1723073393
97.147 132 -1723073393
97.173 120 -1723073393
97.200 116 -1723073393
97.227 108 -1723073393
97.253 104 -1723073393
97.280 94 -1723073393
97.307 84 -1723073393
97.333 79 -1723073393
97.360 72 -1723073393
97.387 77 -1723073393
97.413 71 -1723073393
97.440 72 -1723073393
97.467 69 -1723073393
97.493 66 -1723073393
97.520 64 -1723073393
97.547 59 -1723073393
97.573 63 -1723073393
97.600 66 -1723073393
97.627 78 -1723073393
97.653 84 -1723073393
97.680 84 -1723073393
97.707 88 -1723073393
97.733 85 -1723073393
97.760 87 -1723073393
97.787 86 -1723073393
97.813 89 -1723073393
97.840 89 -1723073393
97.867 89 -1723073393
97.893 90 -1723073393
97.920 80 -1723073393
97.947 83 -1723073393
97.973 75 -1723073393
98.000 73 -1723073393
98.027 66 -1723073393
98.053 64 -1723073393
98.080 65 -1723073393
98.107 61 -1723073393
98.133 64 -1723073393
98.160 55 -1723073393
98.187 55 -1723073393
98.213 46 -1723073393
98.240 37 -1723073393
98.267 37 -1723073393
98.293 33 -1723073393
98.320 40 -1723073393
98.347 43 -1723073393
98.373 48 -1723073393
98.400 47 -1723073393
98.427 52 -1723073393
98.453 55 -1723073393
98.480 60 -1723073393
98.507 58 -1723073393
98.533 56 -1723073393
98.560 61 -1723073393
98.587 60 -1723073393
98.613 68 -1723073393
98.640 66 -1723073393
98.667 79 -1723073393
98.693 79 -1723073393
98.720 76 -1723073393
98.747 64 -1723073393
98.773 57 -1723073393
98.800 55 -1723073393
98.827 56 -1723073393
98.853 58 -1723073393
98.880 66 -1723073393
98.907 78 -1723073393
98.933 80 -1723073393
98.960 87 -1723073393
98.987 89 -1723073393
99.013 94 -1723073393
99.040 81 -1723073393
99.067 76 -1723073393
99.093 64 -1723073393
99.120 59 -1723073393
99.147 49 -1723073393
99.173 43 -1723073393
99.200 44 -1723073393
99.227 42 -1723073393
99.253 43 -1723073393
99.280 33 -1723073393
99.307 28 -1723073393
99.333 14 -1723073393
99.360 15 -1723073393
99.387 14 -1723073393
99.413 20 -1723073393
99.440 21 -1723073393
99.467 31 -1723073393
99.493 35 -1723073393
99.520 38 -1723073393
99.547 40 -1723073393
99.573 42 -1723073393
99.600 40 -1723073393
99.627 37 -1723073393
99.653 32 -1723073393
99.680 33 -1723073393
99.707 33 -1723073393
99.733 35 -1723073393
99.760 38 -1723073393
99.787 38 -1723073393
99.813 31 -1723073393
99.840 27 -1723073393
99.867 20 -1723073393
99.893 8 -1723073393
99.920 1 -1723073393
99.947 -3 -1723073393
99.973 -3 -1723073393
100.000 0 -1723073393
