0.000 21 -1723073393
0.027 19 -1723073393
0.053 24 -1723073393
0.080 27 -1723073393
0.107 25 -1723073393
0.133 24 -1723073393
0.160 20 -1723073393
0.187 19 -1723073393
0.213 19 -1723073393
0.240 14 -1723073393
0.267 14 -1723073393
0.293 15 -1723073393
0.320 13 -1723073393
0.347 19 -1723073393
0.373 20 -1723073393
0.400 20 -1723073393
0.427 26 -1723073393
0.453 25 -1723073393
0.480 26 -1723073393
0.507 28 -1723073393
0.533 23 -1723073393
0.560 20 -1723073393
0.587 19 -1723073393
0.613 17 -1723073393
0.640 19 -1723073393
0.667 12 -1723073393
0.693 7 -1723073393
0.720 6 -1723073393
0.747 -1 -1723073393
0.773 -6 -1723073393
0.800 -4 -1723073393
0.827 -5 -1723073393
0.853 -8 -1723073393
0.880 -8 -1723073393
0.907 -8 -1723073393
0.933 0 -1723073393
0.960 7 -1723073393
0.987 12 -1723073393
1.013 14 -1723073393
1.040 11 -1723073393
1.067 10 -1723073393
1.093 11 -1723073393
1.120 9 -1723073393
1.147 10 -1723073393
1.173 8 -1723073393
1.200 4 -1723073393
1.227 4 -1723073393
1.253 3 -1723073393
1.280 4 -1723073393
1.307 3 -1723073393
1.333 -1 -1723073393
1.360 -2 -1723073393
1.387 -1 -1723073393
1.413 -1 -1723073393
1.440 3 -1723073393
1.467 0 -1723073393
1.493 -5 -1723073393
1.520 -5 -1723073393
1.547 -10 -1723073393
1.573 -11 -1723073393
1.600 -8 -1723073393
1.627 -9 -1723073393
1.653 -5 -1723073393
1.680 -5 -1723073393
1.707 -7 -1723073393
1.733 -3 -1723073393
1.760 -3 -1723073393
1.787 -3 -1723073393
1.813 -3 -1723073393
1.840 -4 -1723073393
1.867 -2 -1723073393
1.893 -3 -1723073393
1.920 -10 -1723073393
1.947 -9 -1723073393
1.973 -10 -1723073393
2.000 -11 -1723073393
2.027 -3 -1723073393
2.053 -4 -1723073393
2.080 -6 -1723073393
2.107 -10 -1723073393
2.133 -23 -1723073393
2.160 -28 -1723073393
2.187 -31 -1723073393
2.213 -37 -1723073393
2.240 -35 -1723073393
2.267 -37 -1723073393
2.293 -38 -1723073393
2.320 -32 -1723073393
2.347 -35 -1723073393
2.373 -32 -1723073393
2.400 -22 -1723073393
2.427 -20 -1723073393
2.453 -10 -1723073393
2.480 -4 -1723073393
2.507 -11 -1723073393
2.533 -13 -1723073393
2.560 -20 -1723073393
2.587 -30 -1723073393
2.613 -26 -1723073393
2.640 -24 -1723073393
2.667 -17 -1723073393
2.693 -10 -1723073393
2.720 -17 -1723073393
2.747 -16 -1723073393
2.773 -17 -1723073393
2.800 -24 -1723073393
2.827 -19 -1723073393
2.853 -20 -1723073393
2.880 -24 -1723073393
2.907 -23 -1723073393
2.933 -25 -1723073393
2.960 -18 -1723073393
2.987 -11 -1723073393
3.013 -15 -1723073393
3.040 -12 -1723073393
3.067 -11 -1723073393
3.093 -18 -1723073393
3.120 -18 -1723073393
3.147 -20 -1723073393
3.173 -22 -1723073393
3.200 -19 -1723073393
3.227 -21 -1723073393
3.253 -18 -1723073393
3.280 -21 -1723073393
3.307 -27 -1723073393
3.333 -24 -1723073393
3.360 -23 -1723073393
3.387 -23 -1723073393
3.413 -16 -1723073393
3.440 -15 -1723073393
3.467 -12 -1723073393
3.493 -8 -1723073393
3.520 -17 -1723073393
3.547 -21 -1723073393
3.573 -24 -1723073393
3.600 -29 -1723073393
3.627 -30 -1723073393
3.653 -34 -1723073393
3.680 -33 -1723073393
3.707 -23 -1723073393
3.733 -24 -1723073393
3.760 -27 -1723073393
3.787 -23 -1723073393
3.813 -29 -1723073393
3.840 -28 -1723073393
3.867 -22 -1723073393
3.893 -23 -1723073393
3.920 -18 -1723073393
3.947 -16 -1723073393
3.973 -20 -1723073393
4.000 -16 -1723073393
4.027 -16 -1723073393
4.053 -17 -1723073393
4.080 -15 -1723073393
4.107 -24 -1723073393
4.133 -26 -1723073393
4.160 -24 -1723073393
4.187 -28 -1723073393
4.213 -20 -1723073393
4.240 -15 -1723073393
4.267 -15 -1723073393
4.293 -9 -1723073393
4.320 -12 -1723073393
4.347 -7 -1723073393
4.373 0 -1723073393
4.400 -4 -1723073393
4.427 -3 -1723073393
4.453 -6 -1723073393
4.480 -18 -1723073393
4.507 -16 -1723073393
4.533 -23 -1723073393
4.560 -33 -1723073393
4.587 -31 -1723073393
4.613 -36 -1723073393
4.640 -36 -1723073393
4.667 -28 -1723073393
4.693 -33 -1723073393
4.720 -31 -1723073393
4.747 -27 -1723073393
4.773 -33 -1723073393
4.800 -26 -1723073393
4.827 -24 -1723073393
4.853 -30 -1723073393
4.880 -29 -1723073393
4.907 -33 -1723073393
4.933 -34 -1723073393
4.960 -29 -1723073393
4.987 -32 -1723073393
5.013 -26 -1723073393
5.040 -20 -1723073393
5.067 -20 -1723073393
5.093 -11 -1723073393
5.120 -12 -1723073393
5.147 -20 -1723073393
5.173 -16 -1723073393
5.200 -19 -1723073393
5.227 -21 -1723073393
5.253 -14 -1723073393
5.280 -17 -1723073393
5.307 -14 -1723073393
5.333 -15 -1723073393
5.360 -22 -1723073393
5.387 -18 -1723073393
5.413 -24 -1723073393
5.440 -30 -1723073393
5.467 -21 -1723073393
5.493 -17 -1723073393
5.520 -12 -1723073393
5.547 -6 -1723073393
5.573 -12 -1723073393
5.600 -13 -1723073393
5.627 -12 -1723073393
5.653 -17 -1723073393
5.680 -16 -1723073393
5.707 -20 -1723073393
5.733 -24 -1723073393
5.760 -15 -1723073393
5.787 -9 -1723073393
5.813 -5 -1723073393
5.840 -1 -1723073393
5.867 -4 -1723073393
5.893 -1 -1723073393
5.920 1 -1723073393
5.947 -9 -1723073393
5.973 -12 -1723073393
6.000 -18 -1723073393
6.027 -26 -1723073393
6.053 -23 -1723073393
6.080 -25 -1723073393
6.107 -23 -1723073393
6.133 -15 -1723073393
6.160 -18 -1723073393
6.187 -18 -1723073393
6.213 -9 -1723073393
6.240 -8 -1723073393
6.267 -8 -1723073393
6.293 -9 -1723073393
6.320 -15 -1723073393
6.347 -13 -1723073393
6.373 -11 -1723073393
6.400 -17 -1723073393
6.427 -19 -1723073393
6.453 -23 -1723073393
6.480 -25 -1723073393
6.507 -20 -1723073393
6.533 -19 -1723073393
6.560 -16 -1723073393
6.587 -12 -1723073393
6.613 -11 -1723073393
6.640 -3 -1723073393
6.667 -1 -1723073393
6.693 -4 -1723073393
6.720 -2 -1723073393
6.747 -8 -1723073393
6.773 -11 -1723073393
6.800 -10 -1723073393
6.827 -21 -1723073393
6.853 -27 -1723073393
6.880 -26 -1723073393
6.907 -29 -1723073393
6.933 -26 -1723073393
6.960 -22 -1723073393
6.987 -24 -1723073393
7.013 -18 -1723073393
7.040 -22 -1723073393
7.067 -27 -1723073393
7.093 -25 -1723073393
7.120 -30 -1723073393
7.147 -31 -1723073393
7.173 -27 -1723073393
7.200 -25 -1723073393
7.227 -21 -1723073393
7.253 -24 -1723073393
7.280 -30 -1723073393
7.307 -24 -1723073393
7.333 -23 -1723073393
7.360 -26 -1723073393
7.387 -23 -1723073393
7.413 -30 -1723073393
7.440 -32 -1723073393
7.467 -30 -1723073393
7.493 -33 -1723073393
7.520 -26 -1723073393
7.547 -22 -1723073393
7.573 -28 -1723073393
7.600 -22 -1723073393
7.627 -19 -1723073393
7.653 -24 -1723073393
7.680 -18 -1723073393
7.707 -20 -1723073393
7.733 -22 -1723073393
7.760 -16 -1723073393
7.787 -25 -1723073393
7.813 -28 -1723073393
7.840 -24 -1723073393
7.867 -30 -1723073393
7.893 -29 -1723073393
7.920 -29 -1723073393
7.947 -33 -1723073393
7.973 -28 -1723073393
8.000 -33 -1723073393
8.027 -38 -1723073393
8.053 -28 -1723073393
8.080 -29 -1723073393
8.107 -31 -1723073393
8.133 -31 -1723073393
8.160 -36 -1723073393
8.187 -35 -1723073393
8.213 -36 -1723073393
8.240 -40 -1723073393
8.267 -32 -1723073393
8.293 -26 -1723073393
8.320 -26 -1723073393
8.347 -20 -1723073393
8.373 -21 -1723073393
8.400 -27 -1723073393
8.427 -28 -1723073393
8.453 -34 -1723073393
8.480 -36 -1723073393
8.507 -33 -1723073393
8.533 -31 -1723073393
8.560 -18 -1723073393
8.587 -9 -1723073393
8.613 -8 -1723073393
8.640 2 -1723073393
8.667 4 -1723073393
8.693 -1 -1723073393
8.720 -1 -1723073393
8.747 -5 -1723073393
8.773 -3 -1723073393
8.800 1 -1723073393
8.827 -7 -1723073393
8.853 -10 -1723073393
8.880 -5 -1723073393
8.907 -4 -1723073393
8.933 3 -1723073393
8.960 5 -1723073393
8.987 0 -1723073393
9.013 6 -1723073393
9.040 9 -1723073393
9.067 11 -1723073393
9.093 17 -1723073393
9.120 11 -1723073393
9.147 3 -1723073393
9.173 -3 -1723073393
9.200 -16 -1723073393
9.227 -18 -1723073393
9.253 -16 -1723073393
9.280 -19 -1723073393
9.307 -17 -1723073393
9.333 -13 -1723073393
9.360 -11 -1723073393
9.387 -6 -1723073393
9.413 -11 -1723073393
9.440 -17 -1723073393
9.467 -13 -1723073393
9.493 -16 -1723073393
9.520 -17 -1723073393
9.547 -16 -1723073393
9.573 -24 -1723073393
9.600 -26 -1723073393
9.627 -31 -1723073393
9.653 -40 -1723073393
9.680 -38 -1723073393
9.707 -41 -1723073393
9.733 -44 -1723073393
9.760 -35 -1723073393
9.787 -39 -1723073393
9.813 -41 -1723073393
9.840 -44 -1723073393
9.867 -55 -1723073393
9.893 -55 -1723073393
9.920 -52 -1723073393
9.947 -59 -1723073393
9.973 -53 -1723073393
10.000 -46 -1723073393
10.027 -51 -1723073393
10.053 -45 -1723073393
10.080 -45 -1723073393
10.107 -48 -1723073393
10.133 -46 -1723073393
10.160 -52 -1723073393
10.187 -52 -1723073393
10.213 -47 -1723073393
10.240 -53 -1723073393
10.267 -51 -1723073393
10.293 -45 -1723073393
10.320 -43 -1723073393
10.347 -34 -1723073393
10.373 -33 -1723073393
10.400 -37 -1723073393
10.427 -35 -1723073393
10.453 -40 -1723073393
10.480 -42 -1723073393
10.507 -35 -1723073393
10.533 -35 -1723073393
10.560 -23 -1723073393
10.587 -6 -1723073393
10.613 0 -1723073393
10.640 14 -1723073393
10.667 33 -1723073393
10.693 46 -1723073393
10.720 70 -1723073393
10.747 93 -1723073393
10.773 113 -1723073393
10.800 136 -1723073393
10.827 151 -1723073393
10.853 162 -1723073393
10.880 175 -1723073393
10.907 181 -1723073393
10.933 187 -1723073393
10.960 190 -1723073393
10.987 181 -1723073393
11.013 175 -1723073393
11.040 163 -1723073393
11.067 145 -1723073393
11.093 129 -1723073393
11.120 103 -1723073393
11.147 75 -1723073393
11.173 51 -1723073393
11.200 27 -1723073393
11.227 6 -1723073393
11.253 -10 -1723073393
11.280 -30 -1723073393
11.307 -41 -1723073393
11.333 -49 -1723073393
11.360 -65 -1723073393
11.387 -72 -1723073393
11.413 -76 -1723073393
11.440 -85 -1723073393
11.467 -88 -1723073393
11.493 -89 -1723073393
11.520 -99 -1723073393
11.547 -96 -1723073393
11.573 -95 -1723073393
11.600 -99 -1723073393
11.627 -94 -1723073393
11.653 -103 -1723073393
11.680 -108 -1723073393
11.707 -104 -1723073393
11.733 -113 -1723073393
11.760 -117 -1723073393
11.787 -116 -1723073393
11.813 -124 -1723073393
11.840 -117 -1723073393
11.867 -108 -1723073393
11.893 -105 -1723073393
11.920 -93 -1723073393
11.947 -89 -1723073393
11.973 -87 -1723073393
12.000 -69 -1723073393
12.027 -60 -1723073393
12.053 -49 -1723073393
12.080 -24 -1723073393
12.107 -8 -1723073393
12.133 12 -1723073393
12.160 38 -1723073393
12.187 50 -1723073393
12.213 63 -1723073393
12.240 78 -1723073393
12.267 84 -1723073393
12.293 96 -1723073393
12.320 102 -1723073393
12.347 95 -1723073393
12.373 92 -1723073393
12.400 83 -1723073393
12.427 74 -1723073393
12.453 73 -1723073393
12.480 63 -1723073393
12.507 50 -1723073393
12.533 52 -1723073393
12.560 53 -1723073393
12.587 60 -1723073393
12.613 78 -1723073393
12.640 91 -1723073393
12.667 113 -1723073393
12.693 140 -1723073393
12.720 158 -1723073393
12.747 178 -1723073393
12.773 206 -1723073393
12.800 226 -1723073393
12.827 249 -1723073393
12.853 269 -1723073393
12.880 283 -1723073393
12.907 294 -1723073393
12.933 296 -1723073393
12.960 287 -1723073393
12.987 277 -1723073393
13.013 257 -1723073393
13.040 229 -1723073393
13.067 202 -1723073393
13.093 168 -1723073393
13.120 133 -1723073393
13.147 92 -1723073393
13.173 45 -1723073393
13.200 5 -1723073393
13.227 -31 -1723073393
13.253 -70 -1723073393
13.280 -98 -1723073393
13.307 -126 -1723073393
13.333 -149 -1723073393
13.360 -152 -1723073393
13.387 -165 -1723073393
13.413 -174 -1723073393
13.440 -174 -1723073393
13.467 -185 -1723073393
13.493 -184 -1723073393
13.520 -171 -1723073393
13.547 -167 -1723073393
13.573 -155 -1723073393
13.600 -145 -1723073393
13.627 -152 -1723073393
13.653 -143 -1723073393
13.680 -134 -1723073393
13.707 -136 -1723073393
13.733 -129 -1723073393
13.760 -122 -1723073393
13.787 -118 -1723073393
13.813 -109 -1723073393
13.840 -111 -1723073393
13.867 -108 -1723073393
13.893 -97 -1723073393
13.920 -96 -1723073393
13.947 -85 -1723073393
13.973 -66 -1723073393
14.000 -57 -1723073393
14.027 -43 -1723073393
14.053 -28 -1723073393
14.080 -20 -1723073393
14.107 0 -1723073393
14.133 19 -1723073393
14.160 33 -1723073393
14.187 53 -1723073393
14.213 62 -1723073393
14.240 64 -1723073393
14.267 69 -1723073393
14.293 65 -1723073393
14.320 51 -1723073393
14.347 36 -1723073393
14.373 12 -1723073393
14.400 -12 -1723073393
14.427 -41 -1723073393
14.453 -84 -1723073393
14.480 -119 -1723073393
14.507 -147 -1723073393
14.533 -185 -1723073393
14.560 -217 -1723073393
14.587 -255 -1723073393
14.613 -296 -1723073393
14.640 -318 -1723073393
14.667 -342 -1723073393
14.693 -370 -1723073393
14.720 -381 -1723073393
14.747 -398 -1723073393
14.773 -417 -1723073393
14.800 -419 -1723073393
14.827 -426 -1723073393
14.853 -429 -1723073393
14.880 -424 -1723073393
14.907 -432 -1723073393
14.933 -432 -1723073393
14.960 -423 -1723073393
14.987 -430 -1723073393
15.013 -433 -1723073393
15.040 -435 -1723073393
15.067 -446 -1723073393
15.093 -444 -1723073393
15.120 -449 -1723073393
15.147 -453 -1723073393
15.173 -442 -1723073393
15.200 -446 -1723073393
15.227 -452 -1723073393
15.253 -444 -1723073393
15.280 -451 -1723073393
15.307 -453 -1723073393
15.333 -447 -1723073393
15.360 -458 -1723073393
15.387 -458 -1723073393
15.413 -447 -1723073393
15.440 -451 -1723073393
15.467 -442 -1723073393
15.493 -431 -1723073393
15.520 -440 -1723073393
15.547 -432 -1723073393
15.573 -428 -1723073393
15.600 -432 -1723073393
15.627 -424 -1723073393
15.653 -427 -1723073393
15.680 -436 -1723073393
15.707 -435 -1723073393
15.733 -447 -1723073393
15.760 -462 -1723073393
15.787 -469 -1723073393
15.813 -495 -1723073393
15.840 -522 -1723073393
15.867 -544 -1723073393
15.893 -585 -1723073393
15.920 -614 -1723073393
15.947 -639 -1723073393
15.973 -683 -1723073393
16.000 -720 -1723073393
16.027 -755 -1723073393
16.053 -801 -1723073393
16.080 -827 -1723073393
16.107 -863 -1723073393
16.133 -914 -1723073393
16.160 -947 -1723073393
16.187 -996 -1723073393
16.213 -1043 -1723073393
16.240 -1065 -1723073393
16.267 -1109 -1723073393
16.293 -1148 -1723073393
16.320 -1167 -1723073393
16.347 -1210 -1723073393
16.373 -1238 -1723073393
16.400 -1240 -1723073393
16.427 -1256 -1723073393
16.453 -1248 -1723073393
16.480 -1214 -1723073393
16.507 -1187 -1723073393
16.533 -1116 -1723073393
16.560 -1016 -1723073393
16.587 -894 -1723073393
16.613 -708 -1723073393
16.640 -482 -1723073393
16.667 -216 -1723073393
16.693 132 -1723073393
16.720 542 -1723073393
16.747 1006 -1723073393
16.773 1545 -1723073393
16.800 2142 -1723073393
16.827 2780 -1723073393
16.853 3476 -1723073393
16.880 4193 -1723073393
16.907 4892 -1723073393
16.933 5574 -1723073393
16.960 6233 -1723073393
16.987 6793 -1723073393
17.013 7239 -1723073393
17.040 7606 -1723073393
17.067 7772 -1723073393
17.093 7783 -1723073393
17.120 7690 -1723073393
17.147 7347 -1723073393
17.173 6889 -1723073393
17.200 6345 -1723073393
17.227 5582 -1723073393
17.253 4766 -1723073393
17.280 3936 -1723073393
17.307 2993 -1723073393
17.333 2085 -1723073393
17.360 1214 -1723073393
17.387 301 -1723073393
17.413 -513 -1723073393
17.440 -1244 -1723073393
17.467 -1933 -1723073393
17.493 -2532 -1723073393
17.520 -3039 -1723073393
17.547 -3452 -1723073393
17.573 -3796 -1723073393
17.600 -4031 -1723073393
17.627 -4187 -1723073393
17.653 -4328 -1723073393
17.680 -4369 -1723073393
17.707 -4376 -1723073393
17.733 -4397 -1723073393
17.760 -4341 -1723073393
17.787 -4296 -1723073393
17.813 -4280 -1723073393
17.840 -4198 -1723073393
17.867 -4154 -1723073393
17.893 -4133 -1723073393
17.920 -4052 -1723073393
17.947 -4026 -1723073393
17.973 -4004 -1723073393
18.000 -3929 -1723073393
18.027 -3908 -1723073393
18.053 -3866 -1723073393
18.080 -3765 -1723073393
18.107 -3704 -1723073393
18.133 -3592 -1723073393
18.160 -3419 -1723073393
18.187 -3269 -1723073393
18.213 -3055 -1723073393
18.240 -2793 -1723073393
18.267 -2559 -1723073393
18.293 -2267 -1723073393
18.320 -1945 -1723073393
18.347 -1655 -1723073393
18.373 -1325 -1723073393
18.400 -995 -1723073393
18.427 -693 -1723073393
18.453 -351 -1723073393
18.480 -19 -1723073393
18.507 299 -1723073393
18.533 659 -1723073393
18.560 1037 -1723073393
18.587 1457 -1723073393
18.613 1936 -1723073393
18.640 2474 -1723073393
18.667 3099 -1723073393
18.693 3834 -1723073393
18.720 4703 -1723073393
18.747 5667 -1723073393
18.773 6738 -1723073393
18.800 7943 -1723073393
18.827 9202 -1723073393
18.853 10538 -1723073393
18.880 11919 -1723073393
18.907 13208 -1723073393
18.933 14464 -1723073393
18.960 15665 -1723073393
18.987 16633 -1723073393
19.013 17425 -1723073393
19.040 18044 -1723073393
19.067 18274 -1723073393
19.093 18292 -1723073393
19.120 18088 -1723073393
19.147 17437 -1723073393
19.173 16649 -1723073393
19.200 15669 -1723073393
19.227 14305 -1723073393
19.253 12881 -1723073393
19.280 11376 -1723073393
19.307 9652 -1723073393
19.333 8000 -1723073393
19.360 6364 -1723073393
19.387 4617 -1723073393
19.413 3059 -1723073393
19.440 1600 -1723073393
19.467 160 -1723073393
19.493 -1100 -1723073393
19.520 -2261 -1723073393
19.547 -3314 -1723073393
19.573 -4204 -1723073393
19.600 -4963 -1723073393
19.627 -5615 -1723073393
19.653 -6172 -1723073393
19.680 -6574 -1723073393
19.707 -6885 -1723073393
19.733 -7141 -1723073393
19.760 -7267 -1723073393
19.787 -7350 -1723073393
19.813 -7414 -1723073393
19.840 -7370 -1723073393
19.867 -7325 -1723073393
19.893 -7280 -1723073393
19.920 -7142 -1723073393
19.947 -7032 -1723073393
19.973 -6925 -1723073393
20.000 -6747 -1723073393
20.027 -6617 -1723073393
20.053 -6485 -1723073393
20.080 -6287 -1723073393
20.107 -6138 -1723073393
20.133 -5966 -1723073393
20.160 -5740 -1723073393
20.187 -5560 -1723073393
20.213 -5348 -1723073393
20.240 -5096 -1723073393
20.267 -4890 -1723073393
20.293 -4654 -1723073393
20.320 -4401 -1723073393
20.347 -4210 -1723073393
20.373 -4002 -1723073393
20.400 -3800 -1723073393
20.427 -3664 -1723073393
20.453 -3529 -1723073393
20.480 -3431 -1723073393
20.507 -3406 -1723073393
20.533 -3399 -1723073393
20.560 -3450 -1723073393
20.587 -3572 -1723073393
20.613 -3713 -1723073393
20.640 -3913 -1723073393
20.667 -4166 -1723073393
20.693 -4428 -1723073393
20.720 -4739 -1723073393
20.747 -5066 -1723073393
20.773 -5370 -1723073393
20.800 -5702 -1723073393
20.827 -6020 -1723073393
20.853 -6300 -1723073393
20.880 -6592 -1723073393
20.907 -6838 -1723073393
20.933 -7021 -1723073393
20.960 -7200 -1723073393
20.987 -7310 -1723073393
21.013 -7345 -1723073393
21.040 -7379 -1723073393
21.067 -7330 -1723073393
21.093 -7205 -1723073393
21.120 -7074 -1723073393
21.147 -6853 -1723073393
21.173 -6572 -1723073393
21.200 -6292 -1723073393
21.227 -5927 -1723073393
21.253 -5513 -1723073393
21.280 -5114 -1723073393
21.307 -4643 -1723073393
21.333 -4148 -1723073393
21.360 -3677 -1723073393
21.387 -3149 -1723073393
21.413 -2632 -1723073393
21.440 -2153 -1723073393
21.467 -1650 -1723073393
21.493 -1180 -1723073393
21.520 -745 -1723073393
21.547 -331 -1723073393
21.573 34 -1723073393
21.600 361 -1723073393
21.627 667 -1723073393
21.653 941 -1723073393
21.680 1160 -1723073393
21.707 1337 -1723073393
21.733 1484 -1723073393
21.760 1595 -1723073393
21.787 1681 -1723073393
21.813 1744 -1723073393
21.840 1777 -1723073393
21.867 1792 -1723073393
21.893 1805 -1723073393
21.920 1803 -1723073393
21.947 1795 -1723073393
21.973 1795 -1723073393
22.000 1785 -1723073393
22.027 1777 -1723073393
22.053 1779 -1723073393
22.080 1777 -1723073393
22.107 1781 -1723073393
22.133 1789 -1723073393
22.160 1781 -1723073393
22.187 1772 -1723073393
22.213 1760 -1723073393
22.240 1723 -1723073393
22.267 1679 -1723073393
22.293 1623 -1723073393
22.320 1539 -1723073393
22.347 1450 -1723073393
22.373 1354 -1723073393
22.400 1237 -1723073393
22.427 1131 -1723073393
22.453 1030 -1723073393
22.480 927 -1723073393
22.507 853 -1723073393
22.533 800 -1723073393
22.560 765 -1723073393
22.587 765 -1723073393
22.613 796 -1723073393
22.640 852 -1723073393
22.667 944 -1723073393
22.693 1061 -1723073393
22.720 1206 -1723073393
22.747 1382 -1723073393
22.773 1573 -1723073393
22.800 1778 -1723073393
22.827 1994 -1723073393
22.853 2201 -1723073393
22.880 2402 -1723073393
22.907 2595 -1723073393
22.933 2754 -1723073393
22.960 2886 -1723073393
22.987 2995 -1723073393
23.013 3047 -1723073393
23.040 3071 -1723073393
23.067 3083 -1723073393
23.093 3042 -1723073393
23.120 2983 -1723073393
23.147 2922 -1723073393
23.173 2817 -1723073393
23.200 2703 -1723073393
23.227 2593 -1723073393
23.253 2442 -1723073393
23.280 2294 -1723073393
23.307 2163 -1723073393
23.333 2009 -1723073393
23.360 1870 -1723073393
23.387 1740 -1723073393
23.413 1600 -1723073393
23.440 1482 -1723073393
23.467 1378 -1723073393
23.493 1272 -1723073393
23.520 1191 -1723073393
23.547 1123 -1723073393
23.573 1055 -1723073393
23.600 1003 -1723073393
23.627 957 -1723073393
23.653 905 -1723073393
23.680 871 -1723073393
23.707 838 -1723073393
23.733 796 -1723073393
23.760 767 -1723073393
23.787 738 -1723073393
23.813 700 -1723073393
23.840 669 -1723073393
23.867 634 -1723073393
23.893 586 -1723073393
23.920 542 -1723073393
23.947 493 -1723073393
23.973 438 -1723073393
24.000 393 -1723073393
24.027 346 -1723073393
24.053 296 -1723073393
24.080 258 -1723073393
24.107 218 -1723073393
24.133 173 -1723073393
24.160 137 -1723073393
24.187 107 -1723073393
24.213 83 -1723073393
24.240 69 -1723073393
24.267 61 -1723073393
24.293 62 -1723073393
24.320 77 -1723073393
24.347 107 -1723073393
24.373 150 -1723073393
24.400 208 -1723073393
24.427 275 -1723073393
24.453 346 -1723073393
24.480 419 -1723073393
24.507 486 -1723073393
24.533 544 -1723073393
24.560 593 -1723073393
24.587 625 -1723073393
24.613 653 -1723073393
24.640 670 -1723073393
24.667 661 -1723073393
24.693 642 -1723073393
24.720 613 -1723073393
24.747 562 -1723073393
24.773 508 -1723073393
24.800 454 -1723073393
24.827 393 -1723073393
24.853 335 -1723073393
24.880 288 -1723073393
24.907 250 -1723073393
24.933 225 -1723073393
24.960 216 -1723073393
24.987 213 -1723073393
25.013 217 -1723073393
25.040 233 -1723073393
25.067 256 -1723073393
25.093 283 -1723073393
25.120 310 -1723073393
25.147 329 -1723073393
25.173 346 -1723073393
25.200 355 -1723073393
25.227 347 -1723073393
25.253 331 -1723073393
25.280 305 -1723073393
25.307 265 -1723073393
25.333 224 -1723073393
25.360 189 -1723073393
25.387 151 -1723073393
25.413 116 -1723073393
25.440 89 -1723073393
25.467 60 -1723073393
25.493 31 -1723073393
25.520 16 -1723073393
25.547 15 -1723073393
25.573 17 -1723073393
25.600 27 -1723073393
25.627 45 -1723073393
25.653 64 -1723073393
25.680 88 -1723073393
25.707 116 -1723073393
25.733 140 -1723073393
25.760 160 -1723073393
25.787 172 -1723073393
25.813 175 -1723073393
25.840 173 -1723073393
25.867 164 -1723073393
25.893 148 -1723073393
25.920 124 -1723073393
25.947 88 -1723073393
25.973 48 -1723073393
26.000 5 -1723073393
26.027 -44 -1723073393
26.053 -92 -1723073393
26.080 -138 -1723073393
26.107 -184 -1723073393
26.133 -227 -1723073393
26.160 -256 -1723073393
26.187 -276 -1723073393
26.213 -293 -1723073393
26.240 -287 -1723073393
26.267 -268 -1723073393
26.293 -247 -1723073393
26.320 -207 -1723073393
26.347 -159 -1723073393
26.373 -112 -1723073393
26.400 -50 -1723073393
26.427 12 -1723073393
26.453 70 -1723073393
26.480 134 -1723073393
26.507 189 -1723073393
26.533 233 -1723073393
26.560 278 -1723073393
26.587 314 -1723073393
26.613 338 -1723073393
26.640 349 -1723073393
26.667 345 -1723073393
26.693 335 -1723073393
26.720 323 -1723073393
26.747 304 -1723073393
26.773 286 -1723073393
26.800 267 -1723073393
26.827 242 -1723073393
26.853 221 -1723073393
26.880 202 -1723073393
26.907 178 -1723073393
26.933 157 -1723073393
26.960 141 -1723073393
26.987 122 -1723073393
27.013 108 -1723073393
27.040 97 -1723073393
27.067 80 -1723073393
27.093 59 -1723073393
27.120 39 -1723073393
27.147 16 -1723073393
27.173 -7 -1723073393
27.200 -28 -1723073393
27.227 -54 -1723073393
27.253 -88 -1723073393
27.280 -113 -1723073393
27.307 -134 -1723073393
27.333 -160 -1723073393
27.360 -178 -1723073393
27.387 -195 -1723073393
27.413 -211 -1723073393
27.440 -211 -1723073393
27.467 -212 -1723073393
27.493 -215 -1723073393
27.520 -204 -1723073393
27.547 -192 -1723073393
27.573 -185 -1723073393
27.600 -165 -1723073393
27.627 -146 -1723073393
27.653 -135 -1723073393
27.680 -117 -1723073393
27.707 -104 -1723073393
27.733 -103 -1723073393
27.760 -98 -1723073393
27.787 -100 -1723073393
27.813 -108 -1723073393
27.840 -104 -1723073393
27.867 -101 -1723073393
27.893 -108 -1723073393
27.920 -108 -1723073393
27.947 -114 -1723073393
27.973 -128 -1723073393
28.000 -135 -1723073393
28.027 -140 -1723073393
28.053 -154 -1723073393
28.080 -158 -1723073393
28.107 -159 -1723073393
28.133 -166 -1723073393
28.160 -161 -1723073393
28.187 -151 -1723073393
28.213 -145 -1723073393
28.240 -129 -1723073393
28.267 -110 -1723073393
28.293 -100 -1723073393
28.320 -74 -1723073393
28.347 -44 -1723073393
28.373 -18 -1723073393
28.400 19 -1723073393
28.427 57 -1723073393
28.453 87 -1723073393
28.480 128 -1723073393
28.507 170 -1723073393
28.533 205 -1723073393
28.560 245 -1723073393
28.587 281 -1723073393
28.613 303 -1723073393
28.640 324 -1723073393
28.667 338 -1723073393
28.693 344 -1723073393
28.720 348 -1723073393
28.747 341 -1723073393
28.773 328 -1723073393
28.800 314 -1723073393
28.827 289 -1723073393
28.853 259 -1723073393
28.880 229 -1723073393
28.907 184 -1723073393
28.933 137 -1723073393
28.960 100 -1723073393
28.987 62 -1723073393
29.013 24 -1723073393
29.040 -4 -1723073393
29.067 -35 -1723073393
29.093 -71 -1723073393
29.120 -95 -1723073393
29.147 -104 -1723073393
29.173 -107 -1723073393
29.200 -89 -1723073393
29.227 -52 -1723073393
29.253 -24 -1723073393
29.280 13 -1723073393
29.307 63 -1723073393
29.333 96 -1723073393
29.360 129 -1723073393
29.387 169 -1723073393
29.413 190 -1723073393
29.440 204 -1723073393
29.467 216 -1723073393
29.493 210 -1723073393
29.520 190 -1723073393
29.547 166 -1723073393
29.573 134 -1723073393
29.600 97 -1723073393
29.627 54 -1723073393
29.653 0 -1723073393
29.680 -49 -1723073393
29.707 -88 -1723073393
29.733 -131 -1723073393
29.760 -164 -1723073393
29.787 -187 -1723073393
29.813 -217 -1723073393
29.840 -237 -1723073393
29.867 -235 -1723073393
29.893 -239 -1723073393
29.920 -231 -1723073393
29.947 -197 -1723073393
29.973 -171 -1723073393
30.000 -139 -1723073393
30.027 -83 -1723073393
30.053 -38 -1723073393
30.080 3 -1723073393
30.107 61 -1723073393
30.133 102 -1723073393
30.160 133 -1723073393
30.187 173 -1723073393
30.213 201 -1723073393
30.240 220 -1723073393
30.267 242 -1723073393
30.293 251 -1723073393
30.320 256 -1723073393
30.347 265 -1723073393
30.373 266 -1723073393
30.400 267 -1723073393
30.427 274 -1723073393
30.453 278 -1723073393
30.480 286 -1723073393
30.507 303 -1723073393
30.533 314 -1723073393
30.560 321 -1723073393
30.587 332 -1723073393
30.613 338 -1723073393
30.640 340 -1723073393
30.667 341 -1723073393
30.693 326 -1723073393
30.720 300 -1723073393
30.747 270 -1723073393
30.773 234 -1723073393
30.800 194 -1723073393
30.827 149 -1723073393
30.853 94 -1723073393
30.880 43 -1723073393
30.907 0 -1723073393
30.933 -44 -1723073393
30.960 -82 -1723073393
30.987 -103 -1723073393
31.013 -116 -1723073393
31.040 -131 -1723073393
31.067 -128 -1723073393
31.093 -119 -1723073393
31.120 -120 -1723073393
31.147 -98 -1723073393
31.173 -68 -1723073393
31.200 -50 -1723073393
31.227 -17 -1723073393
31.253 23 -1723073393
31.280 45 -1723073393
31.307 76 -1723073393
31.333 112 -1723073393
31.360 127 -1723073393
31.387 139 -1723073393
31.413 148 -1723073393
31.440 133 -1723073393
31.467 111 -1723073393
31.493 88 -1723073393
31.520 53 -1723073393
31.547 22 -1723073393
31.573 -6 -1723073393
31.600 -39 -1723073393
31.627 -63 -1723073393
31.653 -80 -1723073393
31.680 -104 -1723073393
31.707 -117 -1723073393
31.733 -111 -1723073393
31.760 -118 -1723073393
31.787 -122 -1723073393
31.813 -107 -1723073393
31.840 -104 -1723073393
31.867 -95 -1723073393
31.893 -58 -1723073393
31.920 -29 -1723073393
31.947 -1 -1723073393
31.973 46 -1723073393
32.000 81 -1723073393
32.027 109 -1723073393
32.053 153 -1723073393
32.080 188 -1723073393
32.107 217 -1723073393
32.133 258 -1723073393
32.160 292 -1723073393
32.187 314 -1723073393
32.213 333 -1723073393
32.240 340 -1723073393
32.267 337 -1723073393
32.293 332 -1723073393
32.320 321 -1723073393
32.347 305 -1723073393
32.373 286 -1723073393
32.400 259 -1723073393
32.427 227 -1723073393
32.453 195 -1723073393
32.480 157 -1723073393
32.507 116 -1723073393
32.533 79 -1723073393
32.560 41 -1723073393
32.587 -3 -1723073393
32.613 -35 -1723073393
32.640 -65 -1723073393
32.667 -105 -1723073393
32.693 -125 -1723073393
32.720 -135 -1723073393
32.747 -153 -1723073393
32.773 -145 -1723073393
32.800 -119 -1723073393
32.827 -105 -1723073393
32.853 -74 -1723073393
32.880 -28 -1723073393
32.907 1 -1723073393
32.933 46 -1723073393
32.960 104 -1723073393
32.987 142 -1723073393
33.013 182 -1723073393
33.040 230 -1723073393
33.067 255 -1723073393
33.093 270 -1723073393
33.120 278 -1723073393
33.147 263 -1723073393
33.173 233 -1723073393
33.200 192 -1723073393
33.227 137 -1723073393
33.253 77 -1723073393
33.280 15 -1723073393
33.307 -53 -1723073393
33.333 -118 -1723073393
33.360 -172 -1723073393
33.387 -232 -1723073393
33.413 -279 -1723073393
33.440 -297 -1723073393
33.467 -319 -1723073393
33.493 -328 -1723073393
33.520 -300 -1723073393
33.547 -276 -1723073393
33.573 -248 -1723073393
33.600 -178 -1723073393
33.627 -115 -1723073393
33.653 -65 -1723073393
33.680 13 -1723073393
33.707 81 -1723073393
33.733 133 -1723073393
33.760 202 -1723073393
33.787 265 -1723073393
33.813 303 -1723073393
33.840 341 -1723073393
33.867 372 -1723073393
33.893 388 -1723073393
33.920 397 -1723073393
33.947 402 -1723073393
33.973 400 -1723073393
34.000 391 -1723073393
34.027 382 -1723073393
34.053 378 -1723073393
34.080 377 -1723073393
34.107 378 -1723073393
34.133 383 -1723073393
34.160 389 -1723073393
34.187 394 -1723073393
34.213 399 -1723073393
34.240 396 -1723073393
34.267 384 -1723073393
34.293 368 -1723073393
34.320 345 -1723073393
34.347 317 -1723073393
34.373 287 -1723073393
34.400 246 -1723073393
34.427 200 -1723073393
34.453 153 -1723073393
34.480 109 -1723073393
34.507 69 -1723073393
34.533 35 -1723073393
34.560 14 -1723073393
34.587 4 -1723073393
34.613 -7 -1723073393
34.640 -7 -1723073393
34.667 19 -1723073393
34.693 50 -1723073393
34.720 87 -1723073393
34.747 148 -1723073393
34.773 201 -1723073393
34.800 248 -1723073393
34.827 305 -1723073393
34.853 351 -1723073393
34.880 381 -1723073393
34.907 405 -1723073393
34.933 409 -1723073393
34.960 390 -1723073393
34.987 354 -1723073393
35.013 312 -1723073393
35.040 261 -1723073393
35.067 193 -1723073393
35.093 113 -1723073393
35.120 32 -1723073393
35.147 -45 -1723073393
35.173 -123 -1723073393
35.200 -194 -1723073393
35.227 -241 -1723073393
35.253 -276 -1723073393
35.280 -303 -1723073393
35.307 -290 -1723073393
35.333 -258 -1723073393
35.360 -235 -1723073393
35.387 -184 -1723073393
35.413 -114 -1723073393
35.440 -61 -1723073393
35.467 8 -1723073393
35.493 98 -1723073393
35.520 167 -1723073393
35.547 233 -1723073393
35.573 311 -1723073393
35.600 375 -1723073393
35.627 427 -1723073393
35.653 471 -1723073393
35.680 498 -1723073393
35.707 515 -1723073393
35.733 530 -1723073393
35.760 542 -1723073393
35.787 548 -1723073393
35.813 543 -1723073393
35.840 536 -1723073393
35.867 526 -1723073393
35.893 499 -1723073393
35.920 467 -1723073393
35.947 433 -1723073393
35.973 385 -1723073393
36.000 333 -1723073393
36.027 285 -1723073393
36.053 229 -1723073393
36.080 171 -1723073393
36.107 119 -1723073393
36.133 68 -1723073393
36.160 21 -1723073393
36.187 -26 -1723073393
36.213 -61 -1723073393
36.240 -88 -1723073393
36.267 -109 -1723073393
36.293 -106 -1723073393
36.320 -92 -1723073393
36.347 -80 -1723073393
36.373 -46 -1723073393
36.400 -1 -1723073393
36.427 33 -1723073393
36.453 84 -1723073393
36.480 140 -1723073393
36.507 181 -1723073393
36.533 225 -1723073393
36.560 273 -1723073393
36.587 306 -1723073393
36.613 331 -1723073393
36.640 354 -1723073393
36.667 364 -1723073393
36.693 365 -1723073393
36.720 355 -1723073393
36.747 330 -1723073393
36.773 295 -1723073393
36.800 250 -1723073393
36.827 201 -1723073393
36.853 149 -1723073393
36.880 97 -1723073393
36.907 50 -1723073393
36.933 6 -1723073393
36.960 -29 -1723073393
36.987 -61 -1723073393
37.013 -82 -1723073393
37.040 -80 -1723073393
37.067 -68 -1723073393
37.093 -55 -1723073393
37.120 -21 -1723073393
37.147 21 -1723073393
37.173 52 -1723073393
37.200 100 -1723073393
37.227 155 -1723073393
37.253 196 -1723073393
37.280 244 -1723073393
37.307 294 -1723073393
37.333 327 -1723073393
37.360 355 -1723073393
37.387 385 -1723073393
37.413 403 -1723073393
37.440 410 -1723073393
37.467 410 -1723073393
37.493 406 -1723073393
37.520 400 -1723073393
37.547 393 -1723073393
37.573 385 -1723073393
37.600 378 -1723073393
37.627 366 -1723073393
37.653 351 -1723073393
37.680 339 -1723073393
37.707 326 -1723073393
37.733 315 -1723073393
37.760 312 -1723073393
37.787 310 -1723073393
37.813 307 -1723073393
37.840 307 -1723073393
37.867 308 -1723073393
37.893 301 -1723073393
37.920 290 -1723073393
37.947 284 -1723073393
37.973 274 -1723073393
38.000 259 -1723073393
38.027 245 -1723073393
38.053 229 -1723073393
38.080 208 -1723073393
38.107 199 -1723073393
38.133 196 -1723073393
38.160 190 -1723073393
38.187 191 -1723073393
38.213 200 -1723073393
38.240 204 -1723073393
38.267 213 -1723073393
38.293 231 -1723073393
38.320 249 -1723073393
38.347 270 -1723073393
38.373 295 -1723073393
38.400 315 -1723073393
38.427 328 -1723073393
38.453 335 -1723073393
38.480 325 -1723073393
38.507 307 -1723073393
38.533 290 -1723073393
38.560 264 -1723073393
38.587 229 -1723073393
38.613 190 -1723073393
38.640 140 -1723073393
38.667 82 -1723073393
38.693 26 -1723073393
38.720 -32 -1723073393
38.747 -87 -1723073393
38.773 -122 -1723073393
38.800 -154 -1723073393
38.827 -193 -1723073393
38.853 -206 -1723073393
38.880 -196 -1723073393
38.907 -193 -1723073393
38.933 -174 -1723073393
38.960 -133 -1723073393
38.987 -103 -1723073393
39.013 -65 -1723073393
39.040 -1 -1723073393
39.067 49 -1723073393
39.093 85 -1723073393
39.120 137 -1723073393
39.147 177 -1723073393
39.173 197 -1723073393
39.200 227 -1723073393
39.227 254 -1723073393
39.253 268 -1723073393
39.280 283 -1723073393
39.307 291 -1723073393
39.333 286 -1723073393
39.360 278 -1723073393
39.387 270 -1723073393
39.413 260 -1723073393
39.440 255 -1723073393
39.467 250 -1723073393
39.493 237 -1723073393
39.520 228 -1723073393
39.547 223 -1723073393
39.573 216 -1723073393
39.600 213 -1723073393
39.627 213 -1723073393
39.653 204 -1723073393
39.680 197 -1723073393
39.707 198 -1723073393
39.733 195 -1723073393
39.760 192 -1723073393
39.787 196 -1723073393
39.813 197 -1723073393
39.840 196 -1723073393
39.867 201 -1723073393
39.893 204 -1723073393
39.920 204 -1723073393
39.947 214 -1723073393
39.973 222 -1723073393
40.000 221 -1723073393
40.027 228 -1723073393
40.053 236 -1723073393
40.080 231 -1723073393
40.107 224 -1723073393
40.133 216 -1723073393
40.160 196 -1723073393
40.187 168 -1723073393
40.213 140 -1723073393
40.240 104 -1723073393
40.267 66 -1723073393
40.293 37 -1723073393
40.320 2 -1723073393
40.347 -32 -1723073393
40.373 -54 -1723073393
40.400 -76 -1723073393
40.427 -97 -1723073393
40.453 -100 -1723073393
40.480 -102 -1723073393
40.507 -109 -1723073393
40.533 -94 -1723073393
40.560 -72 -1723073393
40.587 -55 -1723073393
40.613 -15 -1723073393
40.640 35 -1723073393
40.667 67 -1723073393
40.693 106 -1723073393
40.720 162 -1723073393
40.747 199 -1723073393
40.773 231 -1723073393
40.800 271 -1723073393
40.827 291 -1723073393
40.853 299 -1723073393
40.880 313 -1723073393
40.907 314 -1723073393
40.933 302 -1723073393
40.960 289 -1723073393
40.987 272 -1723073393
41.013 259 -1723073393
41.040 254 -1723073393
41.067 245 -1723073393
41.093 235 -1723073393
41.120 227 -1723073393
41.147 224 -1723073393
41.173 221 -1723073393
41.200 227 -1723073393
41.227 238 -1723073393
41.253 241 -1723073393
41.280 245 -1723073393
41.307 255 -1723073393
41.333 260 -1723073393
41.360 263 -1723073393
41.387 268 -1723073393
41.413 264 -1723073393
41.440 253 -1723073393
41.467 239 -1723073393
41.493 217 -1723073393
41.520 191 -1723073393
41.547 172 -1723073393
41.573 150 -1723073393
41.600 125 -1723073393
41.627 114 -1723073393
41.653 101 -1723073393
41.680 78 -1723073393
41.707 66 -1723073393
41.733 61 -1723073393
41.760 48 -1723073393
41.787 45 -1723073393
41.813 54 -1723073393
41.840 46 -1723073393
41.867 39 -1723073393
41.893 41 -1723073393
41.920 31 -1723073393
41.947 19 -1723073393
41.973 21 -1723073393
42.000 16 -1723073393
42.027 5 -1723073393
42.053 2 -1723073393
42.080 -4 -1723073393
42.107 -21 -1723073393
42.133 -25 -1723073393
42.160 -26 -1723073393
42.187 -36 -1723073393
42.213 -32 -1723073393
42.240 -24 -1723073393
42.267 -34 -1723073393
42.293 -40 -1723073393
42.320 -30 -1723073393
42.347 -33 -1723073393
42.373 -33 -1723073393
42.400 -20 -1723073393
42.427 -24 -1723073393
42.453 -33 -1723073393
42.480 -22 -1723073393
42.507 -21 -1723073393
42.533 -22 -1723073393
42.560 -7 -1723073393
42.587 3 -1723073393
42.613 2 -1723073393
42.640 17 -1723073393
42.667 34 -1723073393
42.693 39 -1723073393
42.720 52 -1723073393
42.747 70 -1723073393
42.773 69 -1723073393
42.800 69 -1723073393
42.827 78 -1723073393
42.853 75 -1723073393
42.880 68 -1723073393
42.907 72 -1723073393
42.933 69 -1723073393
42.960 63 -1723073393
42.987 71 -1723073393
43.013 74 -1723073393
43.040 68 -1723073393
43.067 75 -1723073393
43.093 82 -1723073393
43.120 77 -1723073393
43.147 78 -1723073393
43.173 82 -1723073393
43.200 77 -1723073393
43.227 79 -1723073393
43.253 86 -1723073393
43.280 80 -1723073393
43.307 76 -1723073393
43.333 80 -1723073393
43.360 72 -1723073393
43.387 63 -1723073393
43.413 69 -1723073393
43.440 69 -1723073393
43.467 67 -1723073393
43.493 80 -1723073393
43.520 88 -1723073393
43.547 82 -1723073393
43.573 80 -1723073393
43.600 76 -1723073393
43.627 65 -1723073393
43.653 58 -1723073393
43.680 52 -1723073393
43.707 36 -1723073393
43.733 21 -1723073393
43.760 9 -1723073393
43.787 -17 -1723073393
43.813 -44 -1723073393
43.840 -59 -1723073393
43.867 -85 -1723073393
43.893 -113 -1723073393
43.920 -125 -1723073393
43.947 -147 -1723073393
43.973 -171 -1723073393
44.000 -174 -1723073393
44.027 -173 -1723073393
44.053 -177 -1723073393
44.080 -157 -1723073393
44.107 -133 -1723073393
44.133 -125 -1723073393
44.160 -101 -1723073393
44.187 -65 -1723073393
44.213 -52 -1723073393
44.240 -41 -1723073393
44.267 -19 -1723073393
44.293 -13 -1723073393
44.320 -11 -1723073393
44.347 -1 -1723073393
44.373 -6 -1723073393
44.400 -21 -1723073393
44.427 -27 -1723073393
44.453 -44 -1723073393
44.480 -75 -1723073393
44.507 -96 -1723073393
44.533 -119 -1723073393
44.560 -146 -1723073393
44.587 -148 -1723073393
44.613 -135 -1723073393
44.640 -130 -1723073393
44.667 -108 -1723073393
44.693 -65 -1723073393
44.720 -35 -1723073393
44.747 1 -1723073393
44.773 57 -1723073393
44.800 102 -1723073393
44.827 138 -1723073393
44.853 189 -1723073393
44.880 235 -1723073393
44.907 267 -1723073393
44.933 302 -1723073393
44.960 330 -1723073393
44.987 342 -1723073393
45.013 346 -1723073393
45.040 344 -1723073393
45.067 329 -1723073393
45.093 308 -1723073393
45.120 283 -1723073393
45.147 252 -1723073393
45.173 214 -1723073393
45.200 178 -1723073393
45.227 142 -1723073393
45.253 102 -1723073393
45.280 65 -1723073393
45.307 30 -1723073393
45.333 -4 -1723073393
45.360 -26 -1723073393
45.387 -44 -1723073393
45.413 -67 -1723073393
45.440 -75 -1723073393
45.467 -76 -1723073393
45.493 -89 -1723073393
45.520 -91 -1723073393
45.547 -77 -1723073393
45.573 -73 -1723073393
45.600 -68 -1723073393
45.627 -53 -1723073393
45.653 -53 -1723073393
45.680 -56 -1723073393
45.707 -40 -1723073393
45.733 -29 -1723073393
45.760 -27 -1723073393
45.787 -9 -1723073393
45.813 6 -1723073393
45.840 10 -1723073393
45.867 24 -1723073393
45.893 44 -1723073393
45.920 54 -1723073393
45.947 67 -1723073393
45.973 88 -1723073393
46.000 94 -1723073393
46.027 93 -1723073393
46.053 100 -1723073393
46.080 97 -1723073393
46.107 84 -1723073393
46.133 79 -1723073393
46.160 68 -1723073393
46.187 51 -1723073393
46.213 45 -1723073393
46.240 40 -1723073393
46.267 26 -1723073393
46.293 18 -1723073393
46.320 17 -1723073393
46.347 7 -1723073393
46.373 6 -1723073393
46.400 17 -1723073393
46.427 22 -1723073393
46.453 29 -1723073393
46.480 52 -1723073393
46.507 72 -1723073393
46.533 88 -1723073393
46.560 115 -1723073393
46.587 140 -1723073393
46.613 153 -1723073393
46.640 173 -1723073393
46.667 195 -1723073393
46.693 209 -1723073393
46.720 225 -1723073393
46.747 241 -1723073393
46.773 249 -1723073393
46.800 254 -1723073393
46.827 260 -1723073393
46.853 261 -1723073393
46.880 259 -1723073393
46.907 256 -1723073393
46.933 252 -1723073393
46.960 244 -1723073393
46.987 235 -1723073393
47.013 220 -1723073393
47.040 198 -1723073393
47.067 177 -1723073393
47.093 156 -1723073393
47.120 133 -1723073393
47.147 109 -1723073393
47.173 86 -1723073393
47.200 61 -1723073393
47.227 40 -1723073393
47.253 22 -1723073393
47.280 4 -1723073393
47.307 -4 -1723073393
47.333 -3 -1723073393
47.360 -12 -1723073393
47.387 -23 -1723073393
47.413 -14 -1723073393
47.440 0 -1723073393
47.467 14 -1723073393
47.493 41 -1723073393
47.520 71 -1723073393
47.547 92 -1723073393
47.573 123 -1723073393
47.600 163 -1723073393
47.627 191 -1723073393
47.653 215 -1723073393
47.680 242 -1723073393
47.707 257 -1723073393
47.733 266 -1723073393
47.760 278 -1723073393
47.787 283 -1723073393
47.813 283 -1723073393
47.840 281 -1723073393
47.867 269 -1723073393
47.893 252 -1723073393
47.920 237 -1723073393
47.947 220 -1723073393
47.973 196 -1723073393
48.000 175 -1723073393
48.027 154 -1723073393
48.053 128 -1723073393
48.080 110 -1723073393
48.107 104 -1723073393
48.133 98 -1723073393
48.160 97 -1723073393
48.187 109 -1723073393
48.213 126 -1723073393
48.240 144 -1723073393
48.267 174 -1723073393
48.293 206 -1723073393
48.320 233 -1723073393
48.347 269 -1723073393
48.373 308 -1723073393
48.400 340 -1723073393
48.427 374 -1723073393
48.453 412 -1723073393
48.480 442 -1723073393
48.507 468 -1723073393
48.533 498 -1723073393
48.560 523 -1723073393
48.587 541 -1723073393
48.613 551 -1723073393
48.640 554 -1723073393
48.667 554 -1723073393
48.693 546 -1723073393
48.720 532 -1723073393
48.747 514 -1723073393
48.773 492 -1723073393
48.800 466 -1723073393
48.827 440 -1723073393
48.853 414 -1723073393
48.880 388 -1723073393
48.907 365 -1723073393
48.933 345 -1723073393
48.960 327 -1723073393
48.987 312 -1723073393
49.013 302 -1723073393
49.040 298 -1723073393
49.067 298 -1723073393
49.093 298 -1723073393
49.120 306 -1723073393
49.147 317 -1723073393
49.173 320 -1723073393
49.200 324 -1723073393
49.227 334 -1723073393
49.253 341 -1723073393
49.280 348 -1723073393
49.307 354 -1723073393
49.333 354 -1723073393
49.360 347 -1723073393
49.387 338 -1723073393
49.413 328 -1723073393
49.440 315 -1723073393
49.467 301 -1723073393
49.493 283 -1723073393
49.520 259 -1723073393
49.547 239 -1723073393
49.573 226 -1723073393
49.600 213 -1723073393
49.627 200 -1723073393
49.653 193 -1723073393
49.680 187 -1723073393
49.707 182 -1723073393
49.733 187 -1723073393
49.760 188 -1723073393
49.787 181 -1723073393
49.813 181 -1723073393
49.840 186 -1723073393
49.867 187 -1723073393
49.893 196 -1723073393
49.920 214 -1723073393
49.947 226 -1723073393
49.973 237 -1723073393
50.000 257 -1723073393
50.027 270 -1723073393
50.053 278 -1723073393
50.080 290 -1723073393
50.107 297 -1723073393
50.133 296 -1723073393
50.160 296 -1723073393
50.187 298 -1723073393
50.213 296 -1723073393
50.240 293 -1723073393
50.267 290 -1723073393
50.293 284 -1723073393
50.320 282 -1723073393
50.347 281 -1723073393
50.373 277 -1723073393
50.400 270 -1723073393
50.427 263 -1723073393
50.453 257 -1723073393
50.480 245 -1723073393
50.507 228 -1723073393
50.533 209 -1723073393
50.560 185 -1723073393
50.587 158 -1723073393
50.613 128 -1723073393
50.640 89 -1723073393
50.667 46 -1723073393
50.693 2 -1723073393
50.720 -49 -1723073393
50.747 -96 -1723073393
50.773 -126 -1723073393
50.800 -158 -1723073393
50.827 -193 -1723073393
50.853 -216 -1723073393
50.880 -226 -1723073393
50.907 -242 -1723073393
50.933 -246 -1723073393
50.960 -233 -1723073393
50.987 -231 -1723073393
51.013 -227 -1723073393
51.040 -199 -1723073393
51.067 -178 -1723073393
51.093 -172 -1723073393
51.120 -152 -1723073393
51.147 -131 -1723073393
51.173 -126 -1723073393
51.200 -111 -1723073393
51.227 -89 -1723073393
51.253 -83 -1723073393
51.280 -77 -1723073393
51.307 -63 -1723073393
51.333 -62 -1723073393
51.360 -66 -1723073393
51.387 -58 -1723073393
51.413 -53 -1723073393
51.440 -54 -1723073393
51.467 -44 -1723073393
51.493 -36 -1723073393
51.520 -40 -1723073393
51.547 -36 -1723073393
51.573 -27 -1723073393
51.600 -28 -1723073393
51.627 -27 -1723073393
51.653 -17 -1723073393
51.680 -8 -1723073393
51.707 3 -1723073393
51.733 31 -1723073393
51.760 54 -1723073393
51.787 73 -1723073393
51.813 103 -1723073393
51.840 137 -1723073393
51.867 165 -1723073393
51.893 200 -1723073393
51.920 237 -1723073393
51.947 267 -1723073393
51.973 299 -1723073393
52.000 328 -1723073393
52.027 344 -1723073393
52.053 353 -1723073393
52.080 356 -1723073393
52.107 353 -1723073393
52.133 348 -1723073393
52.160 341 -1723073393
52.187 327 -1723073393
52.213 316 -1723073393
52.240 305 -1723073393
52.267 287 -1723073393
52.293 267 -1723073393
52.320 254 -1723073393
52.347 239 -1723073393
52.373 222 -1723073393
52.400 208 -1723073393
52.427 198 -1723073393
52.453 191 -1723073393
52.480 182 -1723073393
52.507 179 -1723073393
52.533 177 -1723073393
52.560 172 -1723073393
52.587 168 -1723073393
52.613 167 -1723073393
52.640 161 -1723073393
52.667 156 -1723073393
52.693 156 -1723073393
52.720 156 -1723073393
52.747 155 -1723073393
52.773 160 -1723073393
52.800 167 -1723073393
52.827 171 -1723073393
52.853 177 -1723073393
52.880 186 -1723073393
52.907 189 -1723073393
52.933 190 -1723073393
52.960 194 -1723073393
52.987 194 -1723073393
53.013 182 -1723073393
53.040 169 -1723073393
53.067 154 -1723073393
53.093 137 -1723073393
53.120 121 -1723073393
53.147 106 -1723073393
53.173 89 -1723073393
53.200 75 -1723073393
53.227 67 -1723073393
53.253 53 -1723073393
53.280 42 -1723073393
53.307 43 -1723073393
53.333 45 -1723073393
53.360 43 -1723073393
53.387 51 -1723073393
53.413 65 -1723073393
53.440 74 -1723073393
53.467 87 -1723073393
53.493 105 -1723073393
53.520 118 -1723073393
53.547 131 -1723073393
53.573 149 -1723073393
53.600 156 -1723073393
53.627 157 -1723073393
53.653 165 -1723073393
53.680 170 -1723073393
53.707 167 -1723073393
53.733 169 -1723073393
53.760 176 -1723073393
53.787 176 -1723073393
53.813 177 -1723073393
53.840 187 -1723073393
53.867 192 -1723073393
53.893 189 -1723073393
53.920 193 -1723073393
53.947 198 -1723073393
53.973 204 -1723073393
54.000 220 -1723073393
54.027 239 -1723073393
54.053 254 -1723073393
54.080 271 -1723073393
54.107 286 -1723073393
54.133 291 -1723073393
54.160 289 -1723073393
54.187 286 -1723073393
54.213 275 -1723073393
54.240 258 -1723073393
54.267 239 -1723073393
54.293 213 -1723073393
54.320 184 -1723073393
54.347 156 -1723073393
54.373 126 -1723073393
54.400 95 -1723073393
54.427 66 -1723073393
54.453 38 -1723073393
54.480 5 -1723073393
54.507 -17 -1723073393
54.533 -29 -1723073393
54.560 -46 -1723073393
54.587 -64 -1723073393
54.613 -63 -1723073393
54.640 -61 -1723073393
54.667 -65 -1723073393
54.693 -56 -1723073393
54.720 -41 -1723073393
54.747 -38 -1723073393
54.773 -29 -1723073393
54.800 -12 -1723073393
54.827 -9 -1723073393
54.853 -11 -1723073393
54.880 -2 -1723073393
54.907 2 -1723073393
54.933 -3 -1723073393
54.960 -1 -1723073393
54.987 1 -1723073393
55.013 -6 -1723073393
55.040 -9 -1723073393
55.067 2 -1723073393
55.093 5 -1723073393
55.120 6 -1723073393
55.147 16 -1723073393
55.173 21 -1723073393
55.200 18 -1723073393
55.227 31 -1723073393
55.253 54 -1723073393
55.280 68 -1723073393
55.307 90 -1723073393
55.333 123 -1723073393
55.360 148 -1723073393
55.387 174 -1723073393
55.413 213 -1723073393
55.440 247 -1723073393
55.467 274 -1723073393
55.493 306 -1723073393
55.520 339 -1723073393
55.547 365 -1723073393
55.573 392 -1723073393
55.600 417 -1723073393
55.627 434 -1723073393
55.653 446 -1723073393
55.680 456 -1723073393
55.707 463 -1723073393
55.733 470 -1723073393
55.760 475 -1723073393
55.787 475 -1723073393
55.813 479 -1723073393
55.840 486 -1723073393
55.867 490 -1723073393
55.893 495 -1723073393
55.920 501 -1723073393
55.947 504 -1723073393
55.973 508 -1723073393
56.000 516 -1723073393
56.027 518 -1723073393
56.053 515 -1723073393
56.080 515 -1723073393
56.107 515 -1723073393
56.133 514 -1723073393
56.160 512 -1723073393
56.187 503 -1723073393
56.213 485 -1723073393
56.240 468 -1723073393
56.267 449 -1723073393
56.293 424 -1723073393
56.320 395 -1723073393
56.347 372 -1723073393
56.373 352 -1723073393
56.400 326 -1723073393
56.427 300 -1723073393
56.453 276 -1723073393
56.480 250 -1723073393
56.507 221 -1723073393
56.533 199 -1723073393
56.560 178 -1723073393
56.587 157 -1723073393
56.613 140 -1723073393
56.640 132 -1723073393
56.667 120 -1723073393
56.693 99 -1723073393
56.720 86 -1723073393
56.747 81 -1723073393
56.773 70 -1723073393
56.800 61 -1723073393
56.827 57 -1723073393
56.853 48 -1723073393
56.880 38 -1723073393
56.907 41 -1723073393
56.933 39 -1723073393
56.960 28 -1723073393
56.987 22 -1723073393
57.013 17 -1723073393
57.040 3 -1723073393
57.067 -8 -1723073393
57.093 -11 -1723073393
57.120 -22 -1723073393
57.147 -40 -1723073393
57.173 -44 -1723073393
57.200 -48 -1723073393
57.227 -57 -1723073393
57.253 -54 -1723073393
57.280 -45 -1723073393
57.307 -46 -1723073393
57.333 -45 -1723073393
57.360 -34 -1723073393
57.387 -28 -1723073393
57.413 -26 -1723073393
57.440 -12 -1723073393
57.467 0 -1723073393
57.493 4 -1723073393
57.520 22 -1723073393
57.547 47 -1723073393
57.573 60 -1723073393
57.600 76 -1723073393
57.627 102 -1723073393
57.653 126 -1723073393
57.680 150 -1723073393
57.707 183 -1723073393
57.733 212 -1723073393
57.760 228 -1723073393
57.787 246 -1723073393
57.813 271 -1723073393
57.840 290 -1723073393
57.867 303 -1723073393
57.893 315 -1723073393
57.920 320 -1723073393
57.947 321 -1723073393
57.973 324 -1723073393
58.000 325 -1723073393
58.027 322 -1723073393
58.053 320 -1723073393
58.080 318 -1723073393
58.107 317 -1723073393
58.133 321 -1723073393
58.160 327 -1723073393
58.187 333 -1723073393
58.213 341 -1723073393
58.240 352 -1723073393
58.267 363 -1723073393
58.293 375 -1723073393
58.320 387 -1723073393
58.347 400 -1723073393
58.373 414 -1723073393
58.400 432 -1723073393
58.427 446 -1723073393
58.453 458 -1723073393
58.480 470 -1723073393
58.507 479 -1723073393
58.533 488 -1723073393
58.560 499 -1723073393
58.587 512 -1723073393
58.613 521 -1723073393
58.640 529 -1723073393
58.667 537 -1723073393
58.693 545 -1723073393
58.720 557 -1723073393
58.747 572 -1723073393
58.773 586 -1723073393
58.800 596 -1723073393
58.827 609 -1723073393
58.853 619 -1723073393
58.880 627 -1723073393
58.907 637 -1723073393
58.933 643 -1723073393
58.960 645 -1723073393
58.987 653 -1723073393
59.013 663 -1723073393
59.040 661 -1723073393
59.067 658 -1723073393
59.093 660 -1723073393
59.120 657 -1723073393
59.147 652 -1723073393
59.173 653 -1723073393
59.200 652 -1723073393
59.227 647 -1723073393
59.253 647 -1723073393
59.280 646 -1723073393
59.307 638 -1723073393
59.333 631 -1723073393
59.360 629 -1723073393
59.387 619 -1723073393
59.413 603 -1723073393
59.440 595 -1723073393
59.467 584 -1723073393
59.493 566 -1723073393
59.520 546 -1723073393
59.547 529 -1723073393
59.573 510 -1723073393
59.600 492 -1723073393
59.627 482 -1723073393
59.653 471 -1723073393
59.680 459 -1723073393
59.707 453 -1723073393
59.733 448 -1723073393
59.760 438 -1723073393
59.787 428 -1723073393
59.813 417 -1723073393
59.840 401 -1723073393
59.867 380 -1723073393
59.893 353 -1723073393
59.920 315 -1723073393
59.947 270 -1723073393
59.973 226 -1723073393
60.000 189 -1723073393
60.027 156 -1723073393
60.053 120 -1723073393
60.080 86 -1723073393
60.107 58 -1723073393
60.133 28 -1723073393
60.160 1 -1723073393
60.187 -14 -1723073393
60.213 -25 -1723073393
60.240 -38 -1723073393
60.267 -41 -1723073393
60.293 -32 -1723073393
60.320 -29 -1723073393
60.347 -26 -1723073393
60.373 -13 -1723073393
60.400 -4 -1723073393
60.427 4 -1723073393
60.453 23 -1723073393
60.480 36 -1723073393
60.507 33 -1723073393
60.533 36 -1723073393
60.560 43 -1723073393
60.587 38 -1723073393
60.613 28 -1723073393
60.640 25 -1723073393
60.667 14 -1723073393
60.693 -6 -1723073393
60.720 -26 -1723073393
60.747 -49 -1723073393
60.773 -78 -1723073393
60.800 -99 -1723073393
60.827 -114 -1723073393
60.853 -133 -1723073393
60.880 -146 -1723073393
60.907 -147 -1723073393
60.933 -152 -1723073393
60.960 -162 -1723073393
60.987 -159 -1723073393
61.013 -152 -1723073393
61.040 -153 -1723073393
61.067 -147 -1723073393
61.093 -132 -1723073393
61.120 -128 -1723073393
61.147 -128 -1723073393
61.173 -117 -1723073393
61.200 -114 -1723073393
61.227 -118 -1723073393
61.253 -112 -1723073393
61.280 -110 -1723073393
61.307 -119 -1723073393
61.333 -122 -1723073393
61.360 -122 -1723073393
61.387 -138 -1723073393
61.413 -156 -1723073393
61.440 -161 -1723073393
61.467 -174 -1723073393
61.493 -195 -1723073393
61.520 -203 -1723073393
61.547 -213 -1723073393
61.573 -235 -1723073393
61.600 -253 -1723073393
61.627 -261 -1723073393
61.653 -277 -1723073393
61.680 -293 -1723073393
61.707 -295 -1723073393
61.733 -303 -1723073393
61.760 -321 -1723073393
61.787 -325 -1723073393
61.813 -323 -1723073393
61.840 -332 -1723073393
61.867 -329 -1723073393
61.893 -310 -1723073393
61.920 -301 -1723073393
61.947 -291 -1723073393
61.973 -263 -1723073393
62.000 -241 -1723073393
62.027 -231 -1723073393
62.053 -205 -1723073393
62.080 -171 -1723073393
62.107 -154 -1723073393
62.133 -137 -1723073393
62.160 -108 -1723073393
62.187 -90 -1723073393
62.213 -80 -1723073393
62.240 -58 -1723073393
62.267 -37 -1723073393
62.293 -30 -1723073393
62.320 -22 -1723073393
62.347 -14 -1723073393
62.373 -18 -1723073393
62.400 -26 -1723073393
62.427 -29 -1723073393
62.453 -40 -1723073393
62.480 -54 -1723073393
62.507 -61 -1723073393
62.533 -68 -1723073393
62.560 -82 -1723073393
62.587 -97 -1723073393
62.613 -112 -1723073393
62.640 -129 -1723073393
62.667 -140 -1723073393
62.693 -141 -1723073393
62.720 -150 -1723073393
62.747 -164 -1723073393
62.773 -166 -1723073393
62.800 -167 -1723073393
62.827 -176 -1723073393
62.853 -176 -1723073393
62.880 -167 -1723073393
62.907 -166 -1723073393
62.933 -165 -1723073393
62.960 -145 -1723073393
62.987 -126 -1723073393
63.013 -117 -1723073393
63.040 -96 -1723073393
63.067 -73 -1723073393
63.093 -69 -1723073393
63.120 -63 -1723073393
63.147 -50 -1723073393
63.173 -46 -1723073393
63.200 -43 -1723073393
63.227 -34 -1723073393
63.253 -35 -1723073393
63.280 -46 -1723073393
63.307 -49 -1723073393
63.333 -52 -1723073393
63.360 -71 -1723073393
63.387 -90 -1723073393
63.413 -104 -1723073393
63.440 -131 -1723073393
63.467 -161 -1723073393
63.493 -181 -1723073393
63.520 -207 -1723073393
63.547 -242 -1723073393
63.573 -265 -1723073393
63.600 -280 -1723073393
63.627 -306 -1723073393
63.653 -326 -1723073393
63.680 -327 -1723073393
63.707 -328 -1723073393
63.733 -332 -1723073393
63.760 -315 -1723073393
63.787 -294 -1723073393
63.813 -284 -1723073393
63.840 -260 -1723073393
63.867 -222 -1723073393
63.893 -196 -1723073393
63.920 -173 -1723073393
63.947 -134 -1723073393
63.973 -101 -1723073393
64.000 -83 -1723073393
64.027 -62 -1723073393
64.053 -43 -1723073393
64.080 -39 -1723073393
64.107 -37 -1723073393
64.133 -24 -1723073393
64.160 -18 -1723073393
64.187 -26 -1723073393
64.213 -36 -1723073393
64.240 -57 -1723073393
64.267 -88 -1723073393
64.293 -112 -1723073393
64.320 -131 -1723073393
64.347 -154 -1723073393
64.373 -170 -1723073393
64.400 -176 -1723073393
64.427 -189 -1723073393
64.453 -202 -1723073393
64.480 -200 -1723073393
64.507 -194 -1723073393
64.533 -193 -1723073393
64.560 -178 -1723073393
64.587 -149 -1723073393
64.613 -126 -1723073393
64.640 -104 -1723073393
64.667 -70 -1723073393
64.693 -43 -1723073393
64.720 -20 -1723073393
64.747 13 -1723073393
64.773 47 -1723073393
64.800 65 -1723073393
64.827 81 -1723073393
64.853 102 -1723073393
64.880 116 -1723073393
64.907 122 -1723073393
64.933 127 -1723073393
64.960 127 -1723073393
64.987 119 -1723073393
65.013 112 -1723073393
65.040 103 -1723073393
65.067 86 -1723073393
65.093 69 -1723073393
65.120 54 -1723073393
65.147 29 -1723073393
65.173 4 -1723073393
65.200 -7 -1723073393
65.227 -20 -1723073393
65.253 -38 -1723073393
65.280 -46 -1723073393
65.307 -49 -1723073393
65.333 -55 -1723073393
65.360 -55 -1723073393
65.387 -40 -1723073393
65.413 -32 -1723073393
65.440 -28 -1723073393
65.467 -8 -1723073393
65.493 12 -1723073393
65.520 23 -1723073393
65.547 42 -1723073393
65.573 71 -1723073393
65.600 91 -1723073393
65.627 112 -1723073393
65.653 146 -1723073393
65.680 176 -1723073393
65.707 195 -1723073393
65.733 218 -1723073393
65.760 240 -1723073393
65.787 249 -1723073393
65.813 262 -1723073393
65.840 279 -1723073393
65.867 290 -1723073393
65.893 298 -1723073393
65.920 311 -1723073393
65.947 319 -1723073393
65.973 319 -1723073393
66.000 321 -1723073393
66.027 320 -1723073393
66.053 307 -1723073393
66.080 296 -1723073393
66.107 288 -1723073393
66.133 274 -1723073393
66.160 264 -1723073393
66.187 262 -1723073393
66.213 257 -1723073393
66.240 249 -1723073393
66.267 248 -1723073393
66.293 247 -1723073393
66.320 241 -1723073393
66.347 234 -1723073393
66.373 232 -1723073393
66.400 224 -1723073393
66.427 218 -1723073393
66.453 217 -1723073393
66.480 212 -1723073393
66.507 207 -1723073393
66.533 207 -1723073393
66.560 206 -1723073393
66.587 200 -1723073393
66.613 199 -1723073393
66.640 207 -1723073393
66.667 215 -1723073393
66.693 222 -1723073393
66.720 233 -1723073393
66.747 243 -1723073393
66.773 247 -1723073393
66.800 247 -1723073393
66.827 248 -1723073393
66.853 249 -1723073393
66.880 249 -1723073393
66.907 248 -1723073393
66.933 241 -1723073393
66.960 234 -1723073393
66.987 233 -1723073393
67.013 233 -1723073393
67.040 229 -1723073393
67.067 229 -1723073393
67.093 233 -1723073393
67.120 231 -1723073393
67.147 233 -1723073393
67.173 245 -1723073393
67.200 256 -1723073393
67.227 264 -1723073393
67.253 286 -1723073393
67.280 315 -1723073393
67.307 337 -1723073393
67.333 365 -1723073393
67.360 395 -1723073393
67.387 417 -1723073393
67.413 439 -1723073393
67.440 466 -1723073393
67.467 489 -1723073393
67.493 505 -1723073393
67.520 524 -1723073393
67.547 537 -1723073393
67.573 541 -1723073393
67.600 548 -1723073393
67.627 552 -1723073393
67.653 548 -1723073393
67.680 544 -1723073393
67.707 542 -1723073393
67.733 529 -1723073393
67.760 510 -1723073393
67.787 497 -1723073393
67.813 480 -1723073393
67.840 457 -1723073393
67.867 440 -1723073393
67.893 422 -1723073393
67.920 397 -1723073393
67.947 376 -1723073393
67.973 363 -1723073393
68.000 348 -1723073393
68.027 334 -1723073393
68.053 329 -1723073393
68.080 327 -1723073393
68.107 324 -1723073393
68.133 325 -1723073393
68.160 332 -1723073393
68.187 330 -1723073393
68.213 324 -1723073393
68.240 322 -1723073393
68.267 317 -1723073393
68.293 303 -1723073393
68.320 297 -1723073393
68.347 297 -1723073393
68.373 294 -1723073393
68.400 292 -1723073393
68.427 298 -1723073393
68.453 298 -1723073393
68.480 284 -1723073393
68.507 276 -1723073393
68.533 273 -1723073393
68.560 264 -1723073393
68.587 252 -1723073393
68.613 250 -1723073393
68.640 246 -1723073393
68.667 236 -1723073393
68.693 234 -1723073393
68.720 237 -1723073393
68.747 231 -1723073393
68.773 225 -1723073393
68.800 226 -1723073393
68.827 224 -1723073393
68.853 220 -1723073393
68.880 228 -1723073393
68.907 237 -1723073393
68.933 242 -1723073393
68.960 252 -1723073393
68.987 264 -1723073393
69.013 270 -1723073393
69.040 273 -1723073393
69.067 278 -1723073393
69.093 280 -1723073393
69.120 282 -1723073393
69.147 293 -1723073393
69.173 310 -1723073393
69.200 323 -1723073393
69.227 334 -1723073393
69.253 347 -1723073393
69.280 357 -1723073393
69.307 368 -1723073393
69.333 379 -1723073393
69.360 388 -1723073393
69.387 394 -1723073393
69.413 400 -1723073393
69.440 402 -1723073393
69.467 399 -1723073393
69.493 400 -1723073393
69.520 405 -1723073393
69.547 403 -1723073393
69.573 403 -1723073393
69.600 406 -1723073393
69.627 405 -1723073393
69.653 400 -1723073393
69.680 403 -1723073393
69.707 403 -1723073393
69.733 396 -1723073393
69.760 389 -1723073393
69.787 383 -1723073393
69.813 366 -1723073393
69.840 348 -1723073393
69.867 336 -1723073393
69.893 317 -1723073393
69.920 286 -1723073393
69.947 257 -1723073393
69.973 232 -1723073393
70.000 205 -1723073393
70.027 184 -1723073393
70.053 176 -1723073393
70.080 166 -1723073393
70.107 149 -1723073393
70.133 139 -1723073393
70.160 134 -1723073393
70.187 126 -1723073393
70.213 124 -1723073393
70.240 133 -1723073393
70.267 146 -1723073393
70.293 161 -1723073393
70.320 182 -1723073393
70.347 204 -1723073393
70.373 224 -1723073393
70.400 247 -1723073393
70.427 271 -1723073393
70.453 287 -1723073393
70.480 295 -1723073393
70.507 303 -1723073393
70.533 308 -1723073393
70.560 310 -1723073393
70.587 318 -1723073393
70.613 327 -1723073393
70.640 330 -1723073393
70.667 334 -1723073393
70.693 340 -1723073393
70.720 341 -1723073393
70.747 335 -1723073393
70.773 332 -1723073393
70.800 327 -1723073393
70.827 318 -1723073393
70.853 311 -1723073393
70.880 308 -1723073393
70.907 304 -1723073393
70.933 302 -1723073393
70.960 303 -1723073393
70.987 302 -1723073393
71.013 298 -1723073393
71.040 297 -1723073393
71.067 296 -1723073393
71.093 290 -1723073393
71.120 289 -1723073393
71.147 292 -1723073393
71.173 294 -1723073393
71.200 296 -1723073393
71.227 300 -1723073393
71.253 301 -1723073393
71.280 303 -1723073393
71.307 312 -1723073393
71.333 321 -1723073393
71.360 326 -1723073393
71.387 334 -1723073393
71.413 343 -1723073393
71.440 345 -1723073393
71.467 348 -1723073393
71.493 356 -1723073393
71.520 362 -1723073393
71.547 366 -1723073393
71.573 375 -1723073393
71.600 383 -1723073393
71.627 383 -1723073393
71.653 387 -1723073393
71.680 392 -1723073393
71.707 388 -1723073393
71.733 379 -1723073393
71.760 374 -1723073393
71.787 368 -1723073393
71.813 358 -1723073393
71.840 348 -1723073393
71.867 334 -1723073393
71.893 313 -1723073393
71.920 290 -1723073393
71.947 272 -1723073393
71.973 257 -1723073393
72.000 244 -1723073393
72.027 238 -1723073393
72.053 236 -1723073393
72.080 230 -1723073393
72.107 226 -1723073393
72.133 228 -1723073393
72.160 230 -1723073393
72.187 235 -1723073393
72.213 242 -1723073393
72.240 250 -1723073393
72.267 253 -1723073393
72.293 256 -1723073393
72.320 260 -1723073393
72.347 263 -1723073393
72.373 262 -1723073393
72.400 257 -1723073393
72.427 247 -1723073393
72.453 234 -1723073393
72.480 225 -1723073393
72.507 217 -1723073393
72.533 205 -1723073393
72.560 199 -1723073393
72.587 195 -1723073393
72.613 191 -1723073393
72.640 190 -1723073393
72.667 194 -1723073393
72.693 197 -1723073393
72.720 202 -1723073393
72.747 212 -1723073393
72.773 227 -1723073393
72.800 235 -1723073393
72.827 246 -1723073393
72.853 257 -1723073393
72.880 262 -1723073393
72.907 265 -1723073393
72.933 275 -1723073393
72.960 282 -1723073393
72.987 284 -1723073393
73.013 287 -1723073393
73.040 290 -1723073393
73.067 290 -1723073393
73.093 288 -1723073393
73.120 285 -1723073393
73.147 279 -1723073393
73.173 274 -1723073393
73.200 268 -1723073393
73.227 261 -1723073393
73.253 250 -1723073393
73.280 239 -1723073393
73.307 230 -1723073393
73.333 218 -1723073393
73.360 203 -1723073393
73.387 192 -1723073393
73.413 185 -1723073393
73.440 181 -1723073393
73.467 181 -1723073393
73.493 181 -1723073393
73.520 177 -1723073393
73.547 176 -1723073393
73.573 178 -1723073393
73.600 177 -1723073393
73.627 179 -1723073393
73.653 186 -1723073393
73.680 191 -1723073393
73.707 199 -1723073393
73.733 211 -1723073393
73.760 222 -1723073393
73.787 229 -1723073393
73.813 243 -1723073393
73.840 260 -1723073393
73.867 266 -1723073393
73.893 273 -1723073393
73.920 285 -1723073393
73.947 293 -1723073393
73.973 298 -1723073393
74.000 306 -1723073393
74.027 315 -1723073393
74.053 320 -1723073393
74.080 320 -1723073393
74.107 318 -1723073393
74.133 310 -1723073393
74.160 301 -1723073393
74.187 294 -1723073393
74.213 281 -1723073393
74.240 263 -1723073393
74.267 249 -1723073393
74.293 233 -1723073393
74.320 210 -1723073393
74.347 193 -1723073393
74.373 182 -1723073393
74.400 169 -1723073393
74.427 152 -1723073393
74.453 139 -1723073393
74.480 130 -1723073393
74.507 118 -1723073393
74.533 115 -1723073393
74.560 118 -1723073393
74.587 115 -1723073393
74.613 113 -1723073393
74.640 121 -1723073393
74.667 129 -1723073393
74.693 138 -1723073393
74.720 155 -1723073393
74.747 172 -1723073393
74.773 179 -1723073393
74.800 185 -1723073393
74.827 192 -1723073393
74.853 191 -1723073393
74.880 195 -1723073393
74.907 206 -1723073393
74.933 210 -1723073393
74.960 209 -1723073393
74.987 215 -1723073393
75.013 224 -1723073393
75.040 230 -1723073393
75.067 240 -1723073393
75.093 248 -1723073393
75.120 247 -1723073393
75.147 248 -1723073393
75.173 254 -1723073393
75.200 254 -1723073393
75.227 252 -1723073393
75.253 257 -1723073393
75.280 259 -1723073393
75.307 260 -1723073393
75.333 268 -1723073393
75.360 279 -1723073393
75.387 285 -1723073393
75.413 292 -1723073393
75.440 299 -1723073393
75.467 297 -1723073393
75.493 294 -1723073393
75.520 293 -1723073393
75.547 287 -1723073393
75.573 277 -1723073393
75.600 272 -1723073393
75.627 268 -1723073393
75.653 262 -1723073393
75.680 258 -1723073393
75.707 263 -1723073393
75.733 265 -1723073393
75.760 268 -1723073393
75.787 275 -1723073393
75.813 278 -1723073393
75.840 278 -1723073393
75.867 287 -1723073393
75.893 294 -1723073393
75.920 289 -1723073393
75.947 287 -1723073393
75.973 289 -1723073393
76.000 281 -1723073393
76.027 269 -1723073393
76.053 261 -1723073393
76.080 247 -1723073393
76.107 226 -1723073393
76.133 205 -1723073393
76.160 183 -1723073393
76.187 153 -1723073393
76.213 127 -1723073393
76.240 105 -1723073393
76.267 83 -1723073393
76.293 65 -1723073393
76.320 55 -1723073393
76.347 50 -1723073393
76.373 49 -1723073393
76.400 60 -1723073393
76.427 79 -1723073393
76.453 97 -1723073393
76.480 117 -1723073393
76.507 142 -1723073393
76.533 165 -1723073393
76.560 187 -1723073393
76.587 215 -1723073393
76.613 243 -1723073393
76.640 267 -1723073393
76.667 291 -1723073393
76.693 313 -1723073393
76.720 328 -1723073393
76.747 342 -1723073393
76.773 352 -1723073393
76.800 354 -1723073393
76.827 359 -1723073393
76.853 365 -1723073393
76.880 364 -1723073393
76.907 365 -1723073393
76.933 369 -1723073393
76.960 366 -1723073393
76.987 359 -1723073393
77.013 356 -1723073393
77.040 351 -1723073393
77.067 344 -1723073393
77.093 336 -1723073393
77.120 327 -1723073393
77.147 315 -1723073393
77.173 308 -1723073393
77.200 307 -1723073393
77.227 305 -1723073393
77.253 302 -1723073393
77.280 307 -1723073393
77.307 311 -1723073393
77.333 307 -1723073393
77.360 307 -1723073393
77.387 310 -1723073393
77.413 310 -1723073393
77.440 318 -1723073393
77.467 334 -1723073393
77.493 346 -1723073393
77.520 351 -1723073393
77.547 361 -1723073393
77.573 372 -1723073393
77.600 375 -1723073393
77.627 375 -1723073393
77.653 377 -1723073393
77.680 374 -1723073393
77.707 365 -1723073393
77.733 358 -1723073393
77.760 348 -1723073393
77.787 335 -1723073393
77.813 322 -1723073393
77.840 308 -1723073393
77.867 295 -1723073393
77.893 287 -1723073393
77.920 282 -1723073393
77.947 275 -1723073393
77.973 271 -1723073393
78.000 268 -1723073393
78.027 262 -1723073393
78.053 254 -1723073393
78.080 251 -1723073393
78.107 247 -1723073393
78.133 243 -1723073393
78.160 245 -1723073393
78.187 250 -1723073393
78.213 255 -1723073393
78.240 265 -1723073393
78.267 276 -1723073393
78.293 279 -1723073393
78.320 282 -1723073393
78.347 288 -1723073393
78.373 287 -1723073393
78.400 284 -1723073393
78.427 286 -1723073393
78.453 287 -1723073393
78.480 286 -1723073393
78.507 292 -1723073393
78.533 299 -1723073393
78.560 302 -1723073393
78.587 306 -1723073393
78.613 306 -1723073393
78.640 300 -1723073393
78.667 292 -1723073393
78.693 285 -1723073393
78.720 273 -1723073393
78.747 262 -1723073393
78.773 257 -1723073393
78.800 252 -1723073393
78.827 242 -1723073393
78.853 234 -1723073393
78.880 226 -1723073393
78.907 214 -1723073393
78.933 201 -1723073393
78.960 189 -1723073393
78.987 173 -1723073393
79.013 159 -1723073393
79.040 153 -1723073393
79.067 148 -1723073393
79.093 142 -1723073393
79.120 138 -1723073393
79.147 137 -1723073393
79.173 133 -1723073393
79.200 135 -1723073393
79.227 141 -1723073393
79.253 146 -1723073393
79.280 150 -1723073393
79.307 158 -1723073393
79.333 166 -1723073393
79.360 170 -1723073393
79.387 177 -1723073393
79.413 184 -1723073393
79.440 184 -1723073393
79.467 188 -1723073393
79.493 195 -1723073393
79.520 199 -1723073393
79.547 204 -1723073393
79.573 206 -1723073393
79.600 199 -1723073393
79.627 191 -1723073393
79.653 189 -1723073393
79.680 184 -1723073393
79.707 174 -1723073393
79.733 165 -1723073393
79.760 154 -1723073393
79.787 133 -1723073393
79.813 111 -1723073393
79.840 94 -1723073393
79.867 75 -1723073393
79.893 59 -1723073393
79.920 50 -1723073393
79.947 36 -1723073393
79.973 26 -1723073393
80.000 28 -1723073393
80.027 31 -1723073393
80.053 36 -1723073393
80.080 49 -1723073393
80.107 69 -1723073393
80.133 85 -1723073393
80.160 105 -1723073393
80.187 130 -1723073393
80.213 151 -1723073393
80.240 173 -1723073393
80.267 198 -1723073393
80.293 215 -1723073393
80.320 230 -1723073393
80.347 247 -1723073393
80.373 261 -1723073393
80.400 272 -1723073393
80.427 283 -1723073393
80.453 293 -1723073393
80.480 296 -1723073393
80.507 299 -1723073393
80.533 301 -1723073393
80.560 296 -1723073393
80.587 289 -1723073393
80.613 284 -1723073393
80.640 274 -1723073393
80.667 263 -1723073393
80.693 253 -1723073393
80.720 244 -1723073393
80.747 237 -1723073393
80.773 239 -1723073393
80.800 241 -1723073393
80.827 241 -1723073393
80.853 245 -1723073393
80.880 250 -1723073393
80.907 253 -1723073393
80.933 260 -1723073393
80.960 270 -1723073393
80.987 274 -1723073393
81.013 272 -1723073393
81.040 275 -1723073393
81.067 280 -1723073393
81.093 282 -1723073393
81.120 285 -1723073393
81.147 289 -1723073393
81.173 287 -1723073393
81.200 281 -1723073393
81.227 278 -1723073393
81.253 272 -1723073393
81.280 264 -1723073393
81.307 257 -1723073393
81.333 247 -1723073393
81.360 235 -1723073393
81.387 220 -1723073393
81.413 201 -1723073393
81.440 182 -1723073393
81.467 168 -1723073393
81.493 156 -1723073393
81.520 141 -1723073393
81.547 128 -1723073393
81.573 117 -1723073393
81.600 106 -1723073393
81.627 104 -1723073393
81.653 106 -1723073393
81.680 101 -1723073393
81.707 102 -1723073393
81.733 111 -1723073393
81.760 115 -1723073393
81.787 124 -1723073393
81.813 141 -1723073393
81.840 154 -1723073393
81.867 163 -1723073393
81.893 177 -1723073393
81.920 190 -1723073393
81.947 202 -1723073393
81.973 219 -1723073393
82.000 238 -1723073393
82.027 252 -1723073393
82.053 268 -1723073393
82.080 284 -1723073393
82.107 298 -1723073393
82.133 313 -1723073393
82.160 324 -1723073393
82.187 330 -1723073393
82.213 338 -1723073393
82.240 346 -1723073393
82.267 353 -1723073393
82.293 360 -1723073393
82.320 363 -1723073393
82.347 361 -1723073393
82.373 358 -1723073393
82.400 353 -1723073393
82.427 342 -1723073393
82.453 328 -1723073393
82.480 317 -1723073393
82.507 306 -1723073393
82.533 295 -1723073393
82.560 286 -1723073393
82.587 274 -1723073393
82.613 259 -1723073393
82.640 252 -1723073393
82.667 242 -1723073393
82.693 228 -1723073393
82.720 224 -1723073393
82.747 226 -1723073393
82.773 220 -1723073393
82.800 218 -1723073393
82.827 227 -1723073393
82.853 230 -1723073393
82.880 232 -1723073393
82.907 241 -1723073393
82.933 250 -1723073393
82.960 256 -1723073393
82.987 265 -1723073393
83.013 272 -1723073393
83.040 271 -1723073393
83.067 272 -1723073393
83.093 272 -1723073393
83.120 265 -1723073393
83.147 260 -1723073393
83.173 258 -1723073393
83.200 250 -1723073393
83.227 241 -1723073393
83.253 235 -1723073393
83.280 225 -1723073393
83.307 215 -1723073393
83.333 212 -1723073393
83.360 205 -1723073393
83.387 194 -1723073393
83.413 191 -1723073393
83.440 187 -1723073393
83.467 177 -1723073393
83.493 176 -1723073393
83.520 181 -1723073393
83.547 176 -1723073393
83.573 176 -1723073393
83.600 182 -1723073393
83.627 179 -1723073393
83.653 182 -1723073393
83.680 194 -1723073393
83.707 201 -1723073393
83.733 211 -1723073393
83.760 225 -1723073393
83.787 234 -1723073393
83.813 241 -1723073393
83.840 253 -1723073393
83.867 262 -1723073393
83.893 267 -1723073393
83.920 273 -1723073393
83.947 272 -1723073393
83.973 263 -1723073393
84.000 260 -1723073393
84.027 261 -1723073393
84.053 259 -1723073393
84.080 254 -1723073393
84.107 244 -1723073393
84.133 231 -1723073393
84.160 221 -1723073393
84.187 211 -1723073393
84.213 203 -1723073393
84.240 204 -1723073393
84.267 206 -1723073393
84.293 202 -1723073393
84.320 203 -1723073393
84.347 210 -1723073393
84.373 214 -1723073393
84.400 214 -1723073393
84.427 218 -1723073393
84.453 219 -1723073393
84.480 220 -1723073393
84.507 228 -1723073393
84.533 234 -1723073393
84.560 235 -1723073393
84.587 239 -1723073393
84.613 238 -1723073393
84.640 235 -1723073393
84.667 238 -1723073393
84.693 240 -1723073393
84.720 237 -1723073393
84.747 240 -1723073393
84.773 246 -1723073393
84.800 248 -1723073393
84.827 253 -1723073393
84.853 253 -1723073393
84.880 242 -1723073393
84.907 231 -1723073393
84.933 218 -1723073393
84.960 202 -1723073393
84.987 191 -1723073393
85.013 182 -1723073393
85.040 172 -1723073393
85.067 167 -1723073393
85.093 168 -1723073393
85.120 168 -1723073393
85.147 165 -1723073393
85.173 163 -1723073393
85.200 161 -1723073393
85.227 161 -1723073393
85.253 166 -1723073393
85.280 167 -1723073393
85.307 166 -1723073393
85.333 173 -1723073393
85.360 178 -1723073393
85.387 177 -1723073393
85.413 178 -1723073393
85.440 177 -1723073393
85.467 174 -1723073393
85.493 175 -1723073393
85.520 178 -1723073393
85.547 176 -1723073393
85.573 178 -1723073393
85.600 180 -1723073393
85.627 180 -1723073393
85.653 183 -1723073393
85.680 189 -1723073393
85.707 190 -1723073393
85.733 195 -1723073393
85.760 202 -1723073393
85.787 203 -1723073393
85.813 208 -1723073393
85.840 219 -1723073393
85.867 223 -1723073393
85.893 227 -1723073393
85.920 239 -1723073393
85.947 245 -1723073393
85.973 248 -1723073393
86.000 255 -1723073393
86.027 259 -1723073393
86.053 265 -1723073393
86.080 272 -1723073393
86.107 273 -1723073393
86.133 274 -1723073393
86.160 282 -1723073393
86.187 285 -1723073393
86.213 282 -1723073393
86.240 279 -1723073393
86.267 272 -1723073393
86.293 261 -1723073393
86.320 256 -1723073393
86.347 245 -1723073393
86.373 232 -1723073393
86.400 225 -1723073393
86.427 216 -1723073393
86.453 208 -1723073393
86.480 212 -1723073393
86.507 217 -1723073393
86.533 215 -1723073393
86.560 219 -1723073393
86.587 220 -1723073393
86.613 216 -1723073393
86.640 216 -1723073393
86.667 215 -1723073393
86.693 211 -1723073393
86.720 205 -1723073393
86.747 196 -1723073393
86.773 185 -1723073393
86.800 178 -1723073393
86.827 172 -1723073393
86.853 167 -1723073393
86.880 165 -1723073393
86.907 159 -1723073393
86.933 152 -1723073393
86.960 146 -1723073393
86.987 140 -1723073393
87.013 133 -1723073393
87.040 129 -1723073393
87.067 132 -1723073393
87.093 133 -1723073393
87.120 132 -1723073393
87.147 140 -1723073393
87.173 147 -1723073393
87.200 153 -1723073393
87.227 164 -1723073393
87.253 179 -1723073393
87.280 187 -1723073393
87.307 195 -1723073393
87.333 203 -1723073393
87.360 209 -1723073393
87.387 219 -1723073393
87.413 231 -1723073393
87.440 241 -1723073393
87.467 248 -1723073393
87.493 255 -1723073393
87.520 262 -1723073393
87.547 265 -1723073393
87.573 261 -1723073393
87.600 260 -1723073393
87.627 261 -1723073393
87.653 261 -1723073393
87.680 259 -1723073393
87.707 255 -1723073393
87.733 253 -1723073393
87.760 254 -1723073393
87.787 252 -1723073393
87.813 248 -1723073393
87.840 245 -1723073393
87.867 243 -1723073393
87.893 240 -1723073393
87.920 238 -1723073393
87.947 239 -1723073393
87.973 238 -1723073393
88.000 238 -1723073393
88.027 236 -1723073393
88.053 230 -1723073393
88.080 223 -1723073393
88.107 220 -1723073393
88.133 217 -1723073393
88.160 217 -1723073393
88.187 219 -1723073393
88.213 219 -1723073393
88.240 221 -1723073393
88.267 222 -1723073393
88.293 222 -1723073393
88.320 225 -1723073393
88.347 227 -1723073393
88.373 224 -1723073393
88.400 217 -1723073393
88.427 214 -1723073393
88.453 210 -1723073393
88.480 206 -1723073393
88.507 206 -1723073393
88.533 205 -1723073393
88.560 202 -1723073393
88.587 198 -1723073393
88.613 196 -1723073393
88.640 199 -1723073393
88.667 200 -1723073393
88.693 199 -1723073393
88.720 198 -1723073393
88.747 197 -1723073393
88.773 196 -1723073393
88.800 193 -1723073393
88.827 189 -1723073393
88.853 186 -1723073393
88.880 185 -1723073393
88.907 178 -1723073393
88.933 168 -1723073393
88.960 159 -1723073393
88.987 151 -1723073393
89.013 144 -1723073393
89.040 140 -1723073393
89.067 137 -1723073393
89.093 135 -1723073393
89.120 132 -1723073393
89.147 135 -1723073393
89.173 137 -1723073393
89.200 137 -1723073393
89.227 139 -1723073393
89.253 137 -1723073393
89.280 135 -1723073393
89.307 139 -1723073393
89.333 145 -1723073393
89.360 150 -1723073393
89.387 160 -1723073393
89.413 169 -1723073393
89.440 174 -1723073393
89.467 182 -1723073393
89.493 190 -1723073393
89.520 197 -1723073393
89.547 207 -1723073393
89.573 213 -1723073393
89.600 213 -1723073393
89.627 214 -1723073393
89.653 213 -1723073393
89.680 209 -1723073393
89.707 203 -1723073393
89.733 193 -1723073393
89.760 186 -1723073393
89.787 184 -1723073393
89.813 182 -1723073393
89.840 177 -1723073393
89.867 167 -1723073393
89.893 159 -1723073393
89.920 152 -1723073393
89.947 145 -1723073393
89.973 140 -1723073393
90.000 137 -1723073393
90.027 130 -1723073393
90.053 126 -1723073393
90.080 125 -1723073393
90.107 125 -1723073393
90.133 131 -1723073393
90.160 138 -1723073393
90.187 142 -1723073393
90.213 144 -1723073393
90.240 150 -1723073393
90.267 155 -1723073393
90.293 163 -1723073393
90.320 168 -1723073393
90.347 174 -1723073393
90.373 184 -1723073393
90.400 188 -1723073393
90.427 184 -1723073393
90.453 183 -1723073393
90.480 180 -1723073393
90.507 176 -1723073393
90.533 171 -1723073393
90.560 159 -1723073393
90.587 151 -1723073393
90.613 149 -1723073393
90.640 138 -1723073393
90.667 131 -1723073393
90.693 127 -1723073393
90.720 117 -1723073393
90.747 111 -1723073393
90.773 109 -1723073393
90.800 106 -1723073393
90.827 109 -1723073393
90.853 113 -1723073393
90.880 118 -1723073393
90.907 127 -1723073393
90.933 132 -1723073393
90.960 138 -1723073393
90.987 155 -1723073393
91.013 170 -1723073393
91.040 185 -1723073393
91.067 199 -1723073393
91.093 210 -1723073393
91.120 222 -1723073393
91.147 237 -1723073393
91.173 247 -1723073393
91.200 255 -1723073393
91.227 264 -1723073393
91.253 273 -1723073393
91.280 291 -1723073393
91.307 308 -1723073393
91.333 311 -1723073393
91.360 321 -1723073393
91.387 335 -1723073393
91.413 341 -1723073393
91.440 347 -1723073393
91.467 349 -1723073393
91.493 349 -1723073393
91.520 357 -1723073393
91.547 356 -1723073393
91.573 352 -1723073393
91.600 354 -1723073393
91.627 349 -1723073393
91.653 347 -1723073393
91.680 350 -1723073393
91.707 345 -1723073393
91.733 340 -1723073393
91.760 333 -1723073393
91.787 324 -1723073393
91.813 323 -1723073393
91.840 318 -1723073393
91.867 306 -1723073393
91.893 297 -1723073393
91.920 286 -1723073393
91.947 280 -1723073393
91.973 278 -1723073393
92.000 272 -1723073393
92.027 278 -1723073393
92.053 291 -1723073393
92.080 300 -1723073393
92.107 311 -1723073393
92.133 318 -1723073393
92.160 326 -1723073393
92.187 334 -1723073393
92.213 339 -1723073393
92.240 347 -1723073393
92.267 351 -1723073393
92.293 349 -1723073393
92.320 351 -1723073393
92.347 350 -1723073393
92.373 348 -1723073393
92.400 352 -1723073393
92.427 351 -1723073393
92.453 346 -1723073393
92.480 341 -1723073393
92.507 327 -1723073393
92.533 315 -1723073393
92.560 309 -1723073393
92.587 297 -1723073393
92.613 291 -1723073393
92.640 292 -1723073393
92.667 291 -1723073393
92.693 294 -1723073393
92.720 296 -1723073393
92.747 296 -1723073393
92.773 298 -1723073393
92.800 298 -1723073393
92.827 301 -1723073393
92.853 307 -1723073393
92.880 310 -1723073393
92.907 316 -1723073393
92.933 329 -1723073393
92.960 344 -1723073393
92.987 357 -1723073393
93.013 372 -1723073393
93.040 384 -1723073393
93.067 390 -1723073393
93.093 394 -1723073393
93.120 399 -1723073393
93.147 404 -1723073393
93.173 408 -1723073393
93.200 409 -1723073393
93.227 410 -1723073393
93.253 410 -1723073393
93.280 409 -1723073393
93.307 407 -1723073393
93.333 406 -1723073393
93.360 405 -1723073393
93.387 401 -1723073393
93.413 394 -1723073393
93.440 381 -1723073393
93.467 363 -1723073393
93.493 349 -1723073393
93.520 337 -1723073393
93.547 325 -1723073393
93.573 317 -1723073393
93.600 312 -1723073393
93.627 313 -1723073393
93.653 313 -1723073393
93.680 308 -1723073393
93.707 301 -1723073393
93.733 298 -1723073393
93.760 306 -1723073393
93.787 318 -1723073393
93.813 328 -1723073393
93.840 336 -1723073393
93.867 338 -1723073393
93.893 341 -1723073393
93.920 343 -1723073393
93.947 344 -1723073393
93.973 349 -1723073393
94.000 353 -1723073393
94.027 352 -1723073393
94.053 351 -1723073393
94.080 347 -1723073393
94.107 345 -1723073393
94.133 343 -1723073393
94.160 338 -1723073393
94.187 327 -1723073393
94.213 322 -1723073393
94.240 320 -1723073393
94.267 317 -1723073393
94.293 315 -1723073393
94.320 312 -1723073393
94.347 309 -1723073393
94.373 303 -1723073393
94.400 297 -1723073393
94.427 292 -1723073393
94.453 287 -1723073393
94.480 288 -1723073393
94.507 292 -1723073393
94.533 290 -1723073393
94.560 283 -1723073393
94.587 278 -1723073393
94.613 282 -1723073393
94.640 290 -1723073393
94.667 300 -1723073393
94.693 305 -1723073393
94.720 309 -1723073393
94.747 315 -1723073393
94.773 317 -1723073393
94.800 318 -1723073393
94.827 325 -1723073393
94.853 339 -1723073393
94.880 348 -1723073393
94.907 349 -1723073393
94.933 343 -1723073393
94.960 337 -1723073393
94.987 331 -1723073393
95.013 329 -1723073393
95.040 331 -1723073393
95.067 331 -1723073393
95.093 330 -1723073393
95.120 332 -1723073393
95.147 329 -1723073393
95.173 323 -1723073393
95.200 320 -1723073393
95.227 321 -1723073393
95.253 321 -1723073393
95.280 322 -1723073393
95.307 320 -1723073393
95.333 315 -1723073393
95.360 304 -1723073393
95.387 295 -1723073393
95.413 290 -1723073393
95.440 285 -1723073393
95.467 280 -1723073393
95.493 273 -1723073393
95.520 264 -1723073393
95.547 256 -1723073393
95.573 251 -1723073393
95.600 252 -1723073393
95.627 253 -1723073393
95.653 253 -1723073393
95.680 254 -1723073393
95.707 253 -1723073393
95.733 251 -1723073393
95.760 244 -1723073393
95.787 239 -1723073393
95.813 245 -1723073393
95.840 248 -1723073393
95.867 249 -1723073393
95.893 241 -1723073393
95.920 229 -1723073393
95.947 219 -1723073393
95.973 209 -1723073393
96.000 201 -1723073393
96.027 196 -1723073393
96.053 186 -1723073393
96.080 174 -1723073393
96.107 156 -1723073393
96.133 140 -1723073393
96.160 132 -1723073393
96.187 126 -1723073393
96.213 121 -1723073393
96.240 109 -1723073393
96.267 96 -1723073393
96.293 92 -1723073393
96.320 90 -1723073393
96.347 95 -1723073393
96.373 105 -1723073393
96.400 117 -1723073393
96.427 131 -1723073393
96.453 140 -1723073393
96.480 154 -1723073393
96.507 159 -1723073393
96.533 160 -1723073393
96.560 165 -1723073393
96.587 177 -1723073393
96.613 189 -1723073393
96.640 201 -1723073393
96.667 205 -1723073393
96.693 204 -1723073393
96.720 203 -1723073393
96.747 205 -1723073393
96.773 206 -1723073393
96.800 202 -1723073393
96.827 195 -1723073393
96.853 186 -1723073393
96.880 175 -1723073393
96.907 165 -1723073393
96.933 149 -1723073393
96.960 137 -1723073393
96.987 127 -1723073393
97.013 121 -1723073393
97.040 109 -1723073393
97.067 101 -1723073393
97.093 89 -1723073393
97.120 81 -1723073393
97.147 74 -1723073393
97.173 65 -1723073393
97.200 64 -1723073393
97.227 57 -1723073393
97.253 57 -1723073393
97.280 54 -1723073393
97.307 54 -1723073393
97.333 53 -1723073393
97.360 54 -1723073393
97.387 66 -1723073393
97.413 73 -1723073393
97.440 86 -1723073393
97.467 87 -1723073393
97.493 85 -1723073393
97.520 89 -1723073393
97.547 83 -1723073393
97.573 83 -1723073393
97.600 77 -1723073393
97.627 76 -1723073393
97.653 66 -1723073393
97.680 57 -1723073393
97.707 45 -1723073393
97.733 31 -1723073393
97.760 29 -1723073393
97.787 19 -1723073393
97.813 13 -1723073393
97.840 4 -1723073393
97.867 0 -1723073393
97.893 -1 -1723073393
97.920 3 -1723073393
97.947 2 -1723073393
97.973 0 -1723073393
98.000 8 -1723073393
98.027 12 -1723073393
98.053 22 -1723073393
98.080 23 -1723073393
98.107 29 -1723073393
98.133 38 -1723073393
98.160 44 -1723073393
98.187 54 -1723073393
98.213 58 -1723073393
98.240 71 -1723073393
98.267 78 -1723073393
98.293 88 -1723073393
98.320 90 -1723073393
98.347 92 -1723073393
98.373 90 -1723073393
98.400 97 -1723073393
98.427 103 -1723073393
98.453 100 -1723073393
98.480 99 -1723073393
98.507 98 -1723073393
98.533 104 -1723073393
98.560 106 -1723073393
98.587 110 -1723073393
98.613 107 -1723073393
98.640 94 -1723073393
98.667 85 -1723073393
98.693 79 -1723073393
98.720 79 -1723073393
98.747 83 -1723073393
98.773 87 -1723073393
98.800 74 -1723073393
98.827 65 -1723073393
98.853 49 -1723073393
98.880 38 -1723073393
98.907 31 -1723073393
98.933 29 -1723073393
98.960 24 -1723073393
98.987 25 -1723073393
99.013 19 -1723073393
99.040 16 -1723073393
99.067 18 -1723073393
99.093 17 -1723073393
99.120 18 -1723073393
99.147 12 -1723073393
99.173 14 -1723073393
99.200 9 -1723073393
99.227 17 -1723073393
99.253 12 -1723073393
99.280 16 -1723073393
99.307 10 -1723073393
99.333 13 -1723073393
99.360 8 -1723073393
99.387 6 -1723073393
99.413 1 -1723073393
99.440 7 -1723073393
99.467 3 -1723073393
99.493 0 -1723073393
99.520 -7 -1723073393
99.547 -11 -1723073393
99.573 -12 -1723073393
99.600 -18 -1723073393
99.627 -19 -1723073393
99.653 -22 -1723073393
99.680 -21 -1723073393
99.707 -31 -1723073393
99.733 -28 -1723073393
99.760 -31 -1723073393
99.787 -28 -1723073393
99.813 -36 -1723073393
99.840 -40 -1723073393
99.867 -47 -1723073393
99.893 -52 -1723073393
99.920 -58 -1723073393
99.947 -61 -1723073393
99.973 -59 -1723073393
100.000 0 -1723073393
