0.000 28 -1723073393
0.027 30 -1723073393
0.053 24 -1723073393
0.080 30 -1723073393
0.107 30 -1723073393
0.133 25 -1723073393
0.160 27 -1723073393
0.187 21 -1723073393
0.213 20 -1723073393
0.240 23 -1723073393
0.267 16 -1723073393
0.293 15 -1723073393
0.320 11 -1723073393
0.347 10 -1723073393
0.373 18 -1723073393
0.400 19 -1723073393
0.427 25 -1723073393
0.453 29 -1723073393
0.480 22 -1723073393
0.507 28 -1723073393
0.533 25 -1723073393
0.560 15 -1723073393
0.587 12 -1723073393
0.613 0 -1723073393
0.640 -5 -1723073393
0.667 -13 -1723073393
0.693 -22 -1723073393
0.720 -16 -1723073393
0.747 -15 -1723073393
0.773 -10 -1723073393
0.800 -3 -1723073393
0.827 -6 -1723073393
0.853 0 -1723073393
0.880 5 -1723073393
0.907 4 -1723073393
0.933 8 -1723073393
0.960 7 -1723073393
0.987 11 -1723073393
1.013 17 -1723073393
1.040 16 -1723073393
1.067 16 -1723073393
1.093 9 -1723073393
1.120 3 -1723073393
1.147 2 -1723073393
1.173 -4 -1723073393
1.200 -11 -1723073393
1.227 -14 -1723073393
1.253 -13 -1723073393
1.280 -6 -1723073393
1.307 -4 -1723073393
1.333 -6 -1723073393
1.360 -4 -1723073393
1.387 -8 -1723073393
1.413 -11 -1723073393
1.440 -5 -1723073393
1.467 -5 -1723073393
1.493 -1 -1723073393
1.520 3 -1723073393
1.547 7 -1723073393
1.573 14 -1723073393
1.600 12 -1723073393
1.627 10 -1723073393
1.653 1 -1723073393
1.680 -10 -1723073393
1.707 -11 -1723073393
1.733 -11 -1723073393
1.760 -7 -1723073393
1.787 -5 -1723073393
1.813 -11 -1723073393
1.840 -10 -1723073393
1.867 -10 -1723073393
1.893 -16 -1723073393
1.920 -18 -1723073393
1.947 -31 -1723073393
1.973 -34 -1723073393
2.000 -25 -1723073393
2.027 -18 -1723073393
2.053 -7 -1723073393
2.080 -5 -1723073393
2.107 -7 -1723073393
2.133 -5 -1723073393
2.160 -12 -1723073393
2.187 -15 -1723073393
2.213 -15 -1723073393
2.240 -19 -1723073393
2.267 -14 -1723073393
2.293 -12 -1723073393
2.320 -15 -1723073393
2.347 -12 -1723073393
2.373 -15 -1723073393
2.400 -13 -1723073393
2.427 -8 -1723073393
2.453 -16 -1723073393
2.480 -13 -1723073393
2.507 -10 -1723073393
2.533 -10 -1723073393
2.560 -5 -1723073393
2.587 -14 -1723073393
2.613 -21 -1723073393
2.640 -24 -1723073393
2.667 -27 -1723073393
2.693 -19 -1723073393
2.720 -17 -1723073393
2.747 -17 -1723073393
2.773 -12 -1723073393
2.800 -14 -1723073393
2.827 -8 -1723073393
2.853 -3 -1723073393
2.880 -7 -1723073393
2.907 -6 -1723073393
2.933 -12 -1723073393
2.960 -15 -1723073393
2.987 -12 -1723073393
3.013 -18 -1723073393
3.040 -15 -1723073393
3.067 -12 -1723073393
3.093 -15 -1723073393
3.120 -8 -1723073393
3.147 -15 -1723073393
3.173 -18 -1723073393
3.200 -11 -1723073393
3.227 -19 -1723073393
3.253 -23 -1723073393
3.280 -27 -1723073393
3.307 -31 -1723073393
3.333 -23 -1723073393
3.360 -25 -1723073393
3.387 -24 -1723073393
3.413 -18 -1723073393
3.440 -24 -1723073393
3.467 -20 -1723073393
3.493 -22 -1723073393
3.520 -30 -1723073393
3.547 -28 -1723073393
3.573 -29 -1723073393
3.600 -25 -1723073393
3.627 -20 -1723073393
3.653 -29 -1723073393
3.680 -29 -1723073393
3.707 -29 -1723073393
3.733 -26 -1723073393
3.760 -16 -1723073393
3.787 -22 -1723073393
3.813 -19 -1723073393
3.840 -11 -1723073393
3.867 -15 -1723073393
3.893 -9 -1723073393
3.920 -12 -1723073393
3.947 -16 -1723073393
3.973 -12 -1723073393
4.000 -24 -1723073393
4.027 -29 -1723073393
4.053 -31 -1723073393
4.080 -42 -1723073393
4.107 -40 -1723073393
4.133 -47 -1723073393
4.160 -48 -1723073393
4.187 -37 -1723073393
4.213 -39 -1723073393
4.240 -35 -1723073393
4.267 -32 -1723073393
4.293 -39 -1723073393
4.320 -34 -1723073393
4.347 -31 -1723073393
4.373 -29 -1723073393
4.400 -21 -1723073393
4.427 -28 -1723073393
4.453 -24 -1723073393
4.480 -20 -1723073393
4.507 -29 -1723073393
4.533 -25 -1723073393
4.560 -27 -1723073393
4.587 -27 -1723073393
4.613 -16 -1723073393
4.640 -19 -1723073393
4.667 -11 -1723073393
4.693 -9 -1723073393
4.720 -19 -1723073393
4.747 -14 -1723073393
4.773 -22 -1723073393
4.800 -29 -1723073393
4.827 -26 -1723073393
4.853 -32 -1723073393
4.880 -19 -1723073393
4.907 -14 -1723073393
4.933 -18 -1723073393
4.960 -10 -1723073393
4.987 -17 -1723073393
5.013 -19 -1723073393
5.040 -15 -1723073393
5.067 -24 -1723073393
5.093 -21 -1723073393
5.120 -18 -1723073393
5.147 -19 -1723073393
5.173 -16 -1723073393
5.200 -21 -1723073393
5.227 -22 -1723073393
5.253 -15 -1723073393
5.280 -19 -1723073393
5.307 -19 -1723073393
5.333 -16 -1723073393
5.360 -15 -1723073393
5.387 -13 -1723073393
5.413 -21 -1723073393
5.440 -24 -1723073393
5.467 -21 -1723073393
5.493 -30 -1723073393
5.520 -31 -1723073393
5.547 -31 -1723073393
5.573 -30 -1723073393
5.600 -21 -1723073393
5.627 -18 -1723073393
5.653 -14 -1723073393
5.680 -11 -1723073393
5.707 -17 -1723073393
5.733 -14 -1723073393
5.760 -11 -1723073393
5.787 -13 -1723073393
5.813 -8 -1723073393
5.840 -7 -1723073393
5.867 -4 -1723073393
5.893 0 -1723073393
5.920 -3 -1723073393
5.947 -3 -1723073393
5.973 -5 -1723073393
6.000 -9 -1723073393
6.027 -4 -1723073393
6.053 -5 -1723073393
6.080 -5 -1723073393
6.107 -2 -1723073393
6.133 -7 -1723073393
6.160 -7 -1723073393
6.187 -11 -1723073393
6.213 -22 -1723073393
6.240 -23 -1723073393
6.267 -24 -1723073393
6.293 -24 -1723073393
6.320 -21 -1723073393
6.347 -27 -1723073393
6.373 -29 -1723073393
6.400 -30 -1723073393
6.427 -31 -1723073393
6.453 -18 -1723073393
6.480 -8 -1723073393
6.507 -2 -1723073393
6.533 2 -1723073393
6.560 0 -1723073393
6.587 6 -1723073393
6.613 10 -1723073393
6.640 4 -1723073393
6.667 4 -1723073393
6.693 2 -1723073393
6.720 0 -1723073393
6.747 8 -1723073393
6.773 6 -1723073393
6.800 4 -1723073393
6.827 3 -1723073393
6.853 -7 -1723073393
6.880 -10 -1723073393
6.907 -12 -1723073393
6.933 -16 -1723073393
6.960 -12 -1723073393
6.987 -17 -1723073393
7.013 -17 -1723073393
7.040 -13 -1723073393
7.067 -18 -1723073393
7.093 -15 -1723073393
7.120 -14 -1723073393
7.147 -15 -1723073393
7.173 -6 -1723073393
7.200 -11 -1723073393
7.227 -12 -1723073393
7.253 -13 -1723073393
7.280 -26 -1723073393
7.307 -25 -1723073393
7.333 -28 -1723073393
7.360 -33 -1723073393
7.387 -30 -1723073393
7.413 -38 -1723073393
7.440 -42 -1723073393
7.467 -35 -1723073393
7.493 -31 -1723073393
7.520 -22 -1723073393
7.547 -23 -1723073393
7.573 -31 -1723073393
7.600 -29 -1723073393
7.627 -38 -1723073393
7.653 -42 -1723073393
7.680 -40 -1723073393
7.707 -47 -1723073393
7.733 -37 -1723073393
7.760 -29 -1723073393
7.787 -29 -1723073393
7.813 -20 -1723073393
7.840 -22 -1723073393
7.867 -24 -1723073393
7.893 -12 -1723073393
7.920 -18 -1723073393
7.947 -15 -1723073393
7.973 -10 -1723073393
8.000 -14 -1723073393
8.027 -10 -1723073393
8.053 -16 -1723073393
8.080 -17 -1723073393
8.107 -13 -1723073393
8.133 -17 -1723073393
8.160 -14 -1723073393
8.187 -13 -1723073393
8.213 -23 -1723073393
8.240 -20 -1723073393
8.267 -26 -1723073393
8.293 -33 -1723073393
8.320 -25 -1723073393
8.347 -25 -1723073393
8.373 -20 -1723073393
8.400 -16 -1723073393
8.427 -20 -1723073393
8.453 -11 -1723073393
8.480 -13 -1723073393
8.507 -20 -1723073393
8.533 -16 -1723073393
8.560 -20 -1723073393
8.587 -19 -1723073393
8.613 -18 -1723073393
8.640 -24 -1723073393
8.667 -21 -1723073393
8.693 -26 -1723073393
8.720 -36 -1723073393
8.747 -36 -1723073393
8.773 -41 -1723073393
8.800 -41 -1723073393
8.827 -40 -1723073393
8.853 -48 -1723073393
8.880 -40 -1723073393
8.907 -35 -1723073393
8.933 -34 -1723073393
8.960 -26 -1723073393
8.987 -32 -1723073393
9.013 -34 -1723073393
9.040 -29 -1723073393
9.067 -39 -1723073393
9.093 -40 -1723073393
9.120 -40 -1723073393
9.147 -45 -1723073393
9.173 -38 -1723073393
9.200 -39 -1723073393
9.227 -39 -1723073393
9.253 -34 -1723073393
9.280 -42 -1723073393
9.307 -38 -1723073393
9.333 -32 -1723073393
9.360 -36 -1723073393
9.387 -30 -1723073393
9.413 -33 -1723073393
9.440 -36 -1723073393
9.467 -30 -1723073393
9.493 -34 -1723073393
9.520 -31 -1723073393
9.547 -24 -1723073393
9.573 -27 -1723073393
9.600 -24 -1723073393
9.627 -27 -1723073393
9.653 -31 -1723073393
9.680 -27 -1723073393
9.707 -33 -1723073393
9.733 -34 -1723073393
9.760 -27 -1723073393
9.787 -31 -1723073393
9.813 -22 -1723073393
9.840 -20 -1723073393
9.867 -26 -1723073393
9.893 -17 -1723073393
9.920 -17 -1723073393
9.947 -12 -1723073393
9.973 6 -1723073393
10.000 12 -1723073393
10.027 30 -1723073393
10.053 49 -1723073393
10.080 56 -1723073393
10.107 77 -1723073393
10.133 92 -1723073393
10.160 108 -1723073393
10.187 130 -1723073393
10.213 140 -1723073393
10.240 150 -1723073393
10.267 157 -1723073393
10.293 153 -1723073393
10.320 149 -1723073393
10.347 139 -1723073393
10.373 123 -1723073393
10.400 111 -1723073393
10.427 94 -1723073393
10.453 84 -1723073393
10.480 78 -1723073393
10.507 65 -1723073393
10.533 55 -1723073393
10.560 40 -1723073393
10.587 26 -1723073393
10.613 25 -1723073393
10.640 14 -1723073393
10.667 4 -1723073393
10.693 -2 -1723073393
10.720 -19 -1723073393
10.747 -22 -1723073393
10.773 -22 -1723073393
10.800 -35 -1723073393
10.827 -36 -1723073393
10.853 -42 -1723073393
10.880 -47 -1723073393
10.907 -39 -1723073393
10.933 -40 -1723073393
10.960 -35 -1723073393
10.987 -33 -1723073393
11.013 -44 -1723073393
11.040 -35 -1723073393
11.067 -33 -1723073393
11.093 -47 -1723073393
11.120 -49 -1723073393
11.147 -64 -1723073393
11.173 -72 -1723073393
11.200 -64 -1723073393
11.227 -67 -1723073393
11.253 -63 -1723073393
11.280 -64 -1723073393
11.307 -70 -1723073393
11.333 -56 -1723073393
11.360 -47 -1723073393
11.387 -42 -1723073393
11.413 -26 -1723073393
11.440 -22 -1723073393
11.467 -11 -1723073393
11.493 1 -1723073393
11.520 -2 -1723073393
11.547 4 -1723073393
11.573 8 -1723073393
11.600 8 -1723073393
11.627 23 -1723073393
11.653 22 -1723073393
11.680 17 -1723073393
11.707 17 -1723073393
11.733 8 -1723073393
11.760 5 -1723073393
11.787 1 -1723073393
11.813 -11 -1723073393
11.840 -20 -1723073393
11.867 -38 -1723073393
11.893 -58 -1723073393
11.920 -66 -1723073393
11.947 -82 -1723073393
11.973 -92 -1723073393
12.000 -96 -1723073393
12.027 -110 -1723073393
12.053 -108 -1723073393
12.080 -103 -1723073393
12.107 -104 -1723073393
12.133 -90 -1723073393
12.160 -78 -1723073393
12.187 -62 -1723073393
12.213 -38 -1723073393
12.240 -32 -1723073393
12.267 -16 -1723073393
12.293 -2 -1723073393
12.320 0 -1723073393
12.347 18 -1723073393
12.373 33 -1723073393
12.400 45 -1723073393
12.427 75 -1723073393
12.453 92 -1723073393
12.480 111 -1723073393
12.507 137 -1723073393
12.533 153 -1723073393
12.560 178 -1723073393
12.587 199 -1723073393
12.613 208 -1723073393
12.640 221 -1723073393
12.667 230 -1723073393
12.693 233 -1723073393
12.720 238 -1723073393
12.747 232 -1723073393
12.773 221 -1723073393
12.800 206 -1723073393
12.827 181 -1723073393
12.853 160 -1723073393
12.880 137 -1723073393
12.907 108 -1723073393
12.933 84 -1723073393
12.960 58 -1723073393
12.987 34 -1723073393
13.013 18 -1723073393
13.040 -5 -1723073393
13.067 -26 -1723073393
13.093 -43 -1723073393
13.120 -64 -1723073393
13.147 -74 -1723073393
13.173 -92 -1723073393
13.200 -108 -1723073393
13.227 -106 -1723073393
13.253 -119 -1723073393
13.280 -126 -1723073393
13.307 -124 -1723073393
13.333 -137 -1723073393
13.360 -137 -1723073393
13.387 -147 -1723073393
13.413 -166 -1723073393
13.440 -161 -1723073393
13.467 -163 -1723073393
13.493 -163 -1723073393
13.520 -154 -1723073393
13.547 -160 -1723073393
13.573 -154 -1723073393
13.600 -146 -1723073393
13.627 -151 -1723073393
13.653 -134 -1723073393
13.680 -126 -1723073393
13.707 -124 -1723073393
13.733 -102 -1723073393
13.760 -96 -1723073393
13.787 -77 -1723073393
13.813 -47 -1723073393
13.840 -36 -1723073393
13.867 -10 -1723073393
13.893 9 -1723073393
13.920 19 -1723073393
13.947 44 -1723073393
13.973 53 -1723073393
14.000 58 -1723073393
14.027 74 -1723073393
14.053 74 -1723073393
14.080 74 -1723073393
14.107 69 -1723073393
14.133 46 -1723073393
14.160 33 -1723073393
14.187 16 -1723073393
14.213 -2 -1723073393
14.240 -16 -1723073393
14.267 -49 -1723073393
14.293 -80 -1723073393
14.320 -104 -1723073393
14.347 -145 -1723073393
14.373 -171 -1723073393
14.400 -196 -1723073393
14.427 -226 -1723073393
14.453 -232 -1723073393
14.480 -245 -1723073393
14.507 -261 -1723073393
14.533 -265 -1723073393
14.560 -292 -1723073393
14.587 -302 -1723073393
14.613 -301 -1723073393
14.640 -317 -1723073393
14.667 -315 -1723073393
14.693 -323 -1723073393
14.720 -342 -1723073393
14.747 -339 -1723073393
14.773 -355 -1723073393
14.800 -371 -1723073393
14.827 -377 -1723073393
14.853 -408 -1723073393
14.880 -424 -1723073393
14.907 -438 -1723073393
14.933 -474 -1723073393
14.960 -489 -1723073393
14.987 -519 -1723073393
15.013 -555 -1723073393
15.040 -563 -1723073393
15.067 -601 -1723073393
15.093 -633 -1723073393
15.120 -644 -1723073393
15.147 -681 -1723073393
15.173 -690 -1723073393
15.200 -692 -1723073393
15.227 -710 -1723073393
15.253 -694 -1723073393
15.280 -698 -1723073393
15.307 -707 -1723073393
15.333 -688 -1723073393
15.360 -698 -1723073393
15.387 -697 -1723073393
15.413 -684 -1723073393
15.440 -706 -1723073393
15.467 -700 -1723073393
15.493 -699 -1723073393
15.520 -731 -1723073393
15.547 -735 -1723073393
15.573 -766 -1723073393
15.600 -802 -1723073393
15.627 -811 -1723073393
15.653 -857 -1723073393
15.680 -888 -1723073393
15.707 -903 -1723073393
15.733 -945 -1723073393
15.760 -953 -1723073393
15.787 -972 -1723073393
15.813 -1002 -1723073393
15.840 -988 -1723073393
15.867 -996 -1723073393
15.893 -974 -1723073393
15.920 -893 -1723073393
15.947 -826 -1723073393
15.973 -700 -1723073393
16.000 -527 -1723073393
16.027 -344 -1723073393
16.053 -60 -1723073393
16.080 268 -1723073393
16.107 633 -1723073393
16.133 1095 -1723073393
16.160 1603 -1723073393
16.187 2167 -1723073393
16.213 2778 -1723073393
16.240 3423 -1723073393
16.267 4063 -1723073393
16.293 4711 -1723073393
16.320 5373 -1723073393
16.347 5886 -1723073393
16.373 6381 -1723073393
16.400 6785 -1723073393
16.427 6944 -1723073393
16.453 7119 -1723073393
16.480 7057 -1723073393
16.507 6763 -1723073393
16.533 6523 -1723073393
16.560 5987 -1723073393
16.587 5337 -1723073393
16.613 4735 -1723073393
16.640 3901 -1723073393
16.667 3100 -1723073393
16.693 2322 -1723073393
16.720 1420 -1723073393
16.747 640 -1723073393
16.773 -103 -1723073393
16.800 -839 -1723073393
16.827 -1472 -1723073393
16.853 -2028 -1723073393
16.880 -2512 -1723073393
16.907 -2921 -1723073393
16.933 -3199 -1723073393
16.960 -3447 -1723073393
16.987 -3617 -1723073393
17.013 -3639 -1723073393
17.040 -3706 -1723073393
17.067 -3676 -1723073393
17.093 -3569 -1723073393
17.120 -3555 -1723073393
17.147 -3434 -1723073393
17.173 -3324 -1723073393
17.200 -3287 -1723073393
17.227 -3146 -1723073393
17.253 -3077 -1723073393
17.280 -3036 -1723073393
17.307 -2925 -1723073393
17.333 -2918 -1723073393
17.360 -2885 -1723073393
17.387 -2825 -1723073393
17.413 -2864 -1723073393
17.440 -2832 -1723073393
17.467 -2810 -1723073393
17.493 -2841 -1723073393
17.520 -2769 -1723073393
17.547 -2746 -1723073393
17.573 -2725 -1723073393
17.600 -2626 -1723073393
17.627 -2605 -1723073393
17.653 -2531 -1723073393
17.680 -2418 -1723073393
17.707 -2388 -1723073393
17.733 -2278 -1723073393
17.760 -2173 -1723073393
17.787 -2127 -1723073393
17.813 -2013 -1723073393
17.840 -1944 -1723073393
17.867 -1884 -1723073393
17.893 -1770 -1723073393
17.920 -1719 -1723073393
17.947 -1646 -1723073393
17.973 -1547 -1723073393
18.000 -1508 -1723073393
18.027 -1411 -1723073393
18.053 -1305 -1723073393
18.080 -1231 -1723073393
18.107 -1091 -1723073393
18.133 -956 -1723073393
18.160 -816 -1723073393
18.187 -606 -1723073393
18.213 -417 -1723073393
18.240 -195 -1723073393
18.267 82 -1723073393
18.293 355 -1723073393
18.320 686 -1723073393
18.347 1062 -1723073393
18.373 1469 -1723073393
18.400 1944 -1723073393
18.427 2498 -1723073393
18.453 3142 -1723073393
18.480 3853 -1723073393
18.507 4686 -1723073393
18.533 5590 -1723073393
18.560 6545 -1723073393
18.587 7675 -1723073393
18.613 8763 -1723073393
18.640 9875 -1723073393
18.667 11134 -1723073393
18.693 12183 -1723073393
18.720 13302 -1723073393
18.747 14393 -1723073393
18.773 15073 -1723073393
18.800 15866 -1723073393
18.827 16399 -1723073393
18.853 16459 -1723073393
18.880 16677 -1723073393
18.907 16394 -1723073393
18.933 15751 -1723073393
18.960 15299 -1723073393
18.987 14229 -1723073393
19.013 13078 -1723073393
19.040 12066 -1723073393
19.067 10540 -1723073393
19.093 9156 -1723073393
19.120 7771 -1723073393
19.147 6149 -1723073393
19.173 4800 -1723073393
19.200 3413 -1723073393
19.227 1991 -1723073393
19.253 780 -1723073393
19.280 -383 -1723073393
19.307 -1455 -1723073393
19.333 -2393 -1723073393
19.360 -3210 -1723073393
19.387 -3963 -1723073393
19.413 -4600 -1723073393
19.440 -5057 -1723073393
19.467 -5518 -1723073393
19.493 -5859 -1723073393
19.520 -6049 -1723073393
19.547 -6308 -1723073393
19.573 -6400 -1723073393
19.600 -6419 -1723073393
19.627 -6553 -1723073393
19.653 -6503 -1723073393
19.680 -6482 -1723073393
19.707 -6546 -1723073393
19.733 -6438 -1723073393
19.760 -6438 -1723073393
19.787 -6440 -1723073393
19.813 -6305 -1723073393
19.840 -6324 -1723073393
19.867 -6255 -1723073393
19.893 -6095 -1723073393
19.920 -6081 -1723073393
19.947 -5919 -1723073393
19.973 -5738 -1723073393
20.000 -5662 -1723073393
20.027 -5409 -1723073393
20.053 -5193 -1723073393
20.080 -5005 -1723073393
20.107 -4661 -1723073393
20.133 -4412 -1723073393
20.160 -4149 -1723073393
20.187 -3798 -1723073393
20.213 -3575 -1723073393
20.240 -3309 -1723073393
20.267 -3030 -1723073393
20.293 -2885 -1723073393
20.320 -2696 -1723073393
20.347 -2560 -1723073393
20.373 -2519 -1723073393
20.400 -2443 -1723073393
20.427 -2442 -1723073393
20.453 -2488 -1723073393
20.480 -2499 -1723073393
20.507 -2581 -1723073393
20.533 -2645 -1723073393
20.560 -2672 -1723073393
20.587 -2755 -1723073393
20.613 -2764 -1723073393
20.640 -2739 -1723073393
20.667 -2762 -1723073393
20.693 -2699 -1723073393
20.720 -2640 -1723073393
20.747 -2615 -1723073393
20.773 -2522 -1723073393
20.800 -2478 -1723073393
20.827 -2459 -1723073393
20.853 -2413 -1723073393
20.880 -2466 -1723073393
20.907 -2540 -1723073393
20.933 -2628 -1723073393
20.960 -2826 -1723073393
20.987 -3019 -1723073393
21.013 -3242 -1723073393
21.040 -3549 -1723073393
21.067 -3816 -1723073393
21.093 -4125 -1723073393
21.120 -4482 -1723073393
21.147 -4739 -1723073393
21.173 -5037 -1723073393
21.200 -5317 -1723073393
21.227 -5469 -1723073393
21.253 -5691 -1723073393
21.280 -5804 -1723073393
21.307 -5778 -1723073393
21.333 -5820 -1723073393
21.360 -5699 -1723073393
21.387 -5488 -1723073393
21.413 -5338 -1723073393
21.440 -5006 -1723073393
21.467 -4652 -1723073393
21.493 -4342 -1723073393
21.520 -3871 -1723073393
21.547 -3450 -1723073393
21.573 -3049 -1723073393
21.600 -2551 -1723073393
21.627 -2131 -1723073393
21.653 -1691 -1723073393
21.680 -1223 -1723073393
21.707 -843 -1723073393
21.733 -447 -1723073393
21.760 -62 -1723073393
21.787 270 -1723073393
21.813 598 -1723073393
21.840 904 -1723073393
21.867 1184 -1723073393
21.893 1440 -1723073393
21.920 1687 -1723073393
21.947 1902 -1723073393
21.973 2062 -1723073393
22.000 2213 -1723073393
22.027 2327 -1723073393
22.053 2392 -1723073393
22.080 2466 -1723073393
22.107 2497 -1723073393
22.133 2489 -1723073393
22.160 2495 -1723073393
22.187 2446 -1723073393
22.213 2378 -1723073393
22.240 2329 -1723073393
22.267 2231 -1723073393
22.293 2133 -1723073393
22.320 2043 -1723073393
22.347 1921 -1723073393
22.373 1829 -1723073393
22.400 1748 -1723073393
22.427 1655 -1723073393
22.453 1603 -1723073393
22.480 1552 -1723073393
22.507 1499 -1723073393
22.533 1481 -1723073393
22.560 1461 -1723073393
22.587 1446 -1723073393
22.613 1451 -1723073393
22.640 1445 -1723073393
22.667 1446 -1723073393
22.693 1455 -1723073393
22.720 1437 -1723073393
22.747 1418 -1723073393
22.773 1400 -1723073393
22.800 1362 -1723073393
22.827 1335 -1723073393
22.853 1303 -1723073393
22.880 1254 -1723073393
22.907 1217 -1723073393
22.933 1176 -1723073393
22.960 1136 -1723073393
22.987 1111 -1723073393
23.013 1085 -1723073393
23.040 1070 -1723073393
23.067 1079 -1723073393
23.093 1086 -1723073393
23.120 1102 -1723073393
23.147 1135 -1723073393
23.173 1160 -1723073393
23.200 1196 -1723073393
23.227 1246 -1723073393
23.253 1298 -1723073393
23.280 1367 -1723073393
23.307 1444 -1723073393
23.333 1521 -1723073393
23.360 1614 -1723073393
23.387 1701 -1723073393
23.413 1782 -1723073393
23.440 1880 -1723073393
23.467 1968 -1723073393
23.493 2052 -1723073393
23.520 2150 -1723073393
23.547 2220 -1723073393
23.573 2293 -1723073393
23.600 2372 -1723073393
23.627 2414 -1723073393
23.653 2465 -1723073393
23.680 2508 -1723073393
23.707 2519 -1723073393
23.733 2550 -1723073393
23.760 2556 -1723073393
23.787 2527 -1723073393
23.813 2515 -1723073393
23.840 2460 -1723073393
23.867 2379 -1723073393
23.893 2317 -1723073393
23.920 2211 -1723073393
23.947 2094 -1723073393
23.973 1985 -1723073393
24.000 1836 -1723073393
24.027 1684 -1723073393
24.053 1535 -1723073393
24.080 1361 -1723073393
24.107 1201 -1723073393
24.133 1042 -1723073393
24.160 878 -1723073393
24.187 732 -1723073393
24.213 600 -1723073393
24.240 479 -1723073393
24.267 368 -1723073393
24.293 273 -1723073393
24.320 195 -1723073393
24.347 130 -1723073393
24.373 81 -1723073393
24.400 45 -1723073393
24.427 18 -1723073393
24.453 8 -1723073393
24.480 0 -1723073393
24.507 1 -1723073393
24.533 15 -1723073393
24.560 23 -1723073393
24.587 35 -1723073393
24.613 57 -1723073393
24.640 77 -1723073393
24.667 109 -1723073393
24.693 150 -1723073393
24.720 192 -1723073393
24.747 247 -1723073393
24.773 308 -1723073393
24.800 365 -1723073393
24.827 426 -1723073393
24.853 482 -1723073393
24.880 527 -1723073393
24.907 564 -1723073393
24.933 597 -1723073393
24.960 627 -1723073393
24.987 648 -1723073393
25.013 657 -1723073393
25.040 656 -1723073393
25.067 642 -1723073393
25.093 620 -1723073393
25.120 588 -1723073393
25.147 546 -1723073393
25.173 501 -1723073393
25.200 448 -1723073393
25.227 388 -1723073393
25.253 336 -1723073393
25.280 292 -1723073393
25.307 248 -1723073393
25.333 203 -1723073393
25.360 165 -1723073393
25.387 135 -1723073393
25.413 111 -1723073393
25.440 99 -1723073393
25.467 85 -1723073393
25.493 68 -1723073393
25.520 56 -1723073393
25.547 42 -1723073393
25.573 29 -1723073393
25.600 19 -1723073393
25.627 -2 -1723073393
25.653 -31 -1723073393
25.680 -61 -1723073393
25.707 -100 -1723073393
25.733 -136 -1723073393
25.760 -175 -1723073393
25.787 -228 -1723073393
25.813 -274 -1723073393
25.840 -323 -1723073393
25.867 -382 -1723073393
25.893 -427 -1723073393
25.920 -477 -1723073393
25.947 -530 -1723073393
25.973 -563 -1723073393
26.000 -597 -1723073393
26.027 -630 -1723073393
26.053 -642 -1723073393
26.080 -658 -1723073393
26.107 -664 -1723073393
26.133 -648 -1723073393
26.160 -637 -1723073393
26.187 -608 -1723073393
26.213 -558 -1723073393
26.240 -516 -1723073393
26.267 -455 -1723073393
26.293 -386 -1723073393
26.320 -333 -1723073393
26.347 -277 -1723073393
26.373 -227 -1723073393
26.400 -191 -1723073393
26.427 -151 -1723073393
26.453 -118 -1723073393
26.480 -94 -1723073393
26.507 -68 -1723073393
26.533 -47 -1723073393
26.560 -29 -1723073393
26.587 -11 -1723073393
26.613 3 -1723073393
26.640 21 -1723073393
26.667 36 -1723073393
26.693 52 -1723073393
26.720 71 -1723073393
26.747 90 -1723073393
26.773 103 -1723073393
26.800 118 -1723073393
26.827 130 -1723073393
26.853 137 -1723073393
26.880 139 -1723073393
26.907 133 -1723073393
26.933 123 -1723073393
26.960 108 -1723073393
26.987 78 -1723073393
27.013 39 -1723073393
27.040 0 -1723073393
27.067 -47 -1723073393
27.093 -98 -1723073393
27.120 -147 -1723073393
27.147 -202 -1723073393
27.173 -252 -1723073393
27.200 -292 -1723073393
27.227 -332 -1723073393
27.253 -364 -1723073393
27.280 -383 -1723073393
27.307 -401 -1723073393
27.333 -400 -1723073393
27.360 -389 -1723073393
27.387 -383 -1723073393
27.413 -362 -1723073393
27.440 -332 -1723073393
27.467 -308 -1723073393
27.493 -276 -1723073393
27.520 -244 -1723073393
27.547 -214 -1723073393
27.573 -174 -1723073393
27.600 -142 -1723073393
27.627 -121 -1723073393
27.653 -96 -1723073393
27.680 -82 -1723073393
27.707 -76 -1723073393
27.733 -62 -1723073393
27.760 -55 -1723073393
27.787 -55 -1723073393
27.813 -58 -1723073393
27.840 -71 -1723073393
27.867 -80 -1723073393
27.893 -80 -1723073393
27.920 -78 -1723073393
27.947 -69 -1723073393
27.973 -56 -1723073393
28.000 -50 -1723073393
28.027 -36 -1723073393
28.053 -14 -1723073393
28.080 2 -1723073393
28.107 23 -1723073393
28.133 45 -1723073393
28.160 66 -1723073393
28.187 91 -1723073393
28.213 114 -1723073393
28.240 141 -1723073393
28.267 176 -1723073393
28.293 207 -1723073393
28.320 235 -1723073393
28.347 260 -1723073393
28.373 274 -1723073393
28.400 284 -1723073393
28.427 297 -1723073393
28.453 304 -1723073393
28.480 312 -1723073393
28.507 317 -1723073393
28.533 320 -1723073393
28.560 329 -1723073393
28.587 338 -1723073393
28.613 347 -1723073393
28.640 356 -1723073393
28.667 359 -1723073393
28.693 359 -1723073393
28.720 360 -1723073393
28.747 358 -1723073393
28.773 349 -1723073393
28.800 333 -1723073393
28.827 308 -1723073393
28.853 282 -1723073393
28.880 253 -1723073393
28.907 218 -1723073393
28.933 182 -1723073393
28.960 145 -1723073393
28.987 105 -1723073393
29.013 67 -1723073393
29.040 30 -1723073393
29.067 -8 -1723073393
29.093 -40 -1723073393
29.120 -64 -1723073393
29.147 -88 -1723073393
29.173 -106 -1723073393
29.200 -116 -1723073393
29.227 -128 -1723073393
29.253 -136 -1723073393
29.280 -134 -1723073393
29.307 -136 -1723073393
29.333 -137 -1723073393
29.360 -128 -1723073393
29.387 -116 -1723073393
29.413 -94 -1723073393
29.440 -61 -1723073393
29.467 -33 -1723073393
29.493 -4 -1723073393
29.520 30 -1723073393
29.547 54 -1723073393
29.573 72 -1723073393
29.600 82 -1723073393
29.627 85 -1723073393
29.653 93 -1723073393
29.680 100 -1723073393
29.707 102 -1723073393
29.733 111 -1723073393
29.760 119 -1723073393
29.787 117 -1723073393
29.813 117 -1723073393
29.840 120 -1723073393
29.867 122 -1723073393
29.893 129 -1723073393
29.920 136 -1723073393
29.947 139 -1723073393
29.973 148 -1723073393
30.000 152 -1723073393
30.027 152 -1723073393
30.053 158 -1723073393
30.080 159 -1723073393
30.107 157 -1723073393
30.133 162 -1723073393
30.160 164 -1723073393
30.187 166 -1723073393
30.213 176 -1723073393
30.240 190 -1723073393
30.267 212 -1723073393
30.293 242 -1723073393
30.320 272 -1723073393
30.347 302 -1723073393
30.373 329 -1723073393
30.400 349 -1723073393
30.427 367 -1723073393
30.453 387 -1723073393
30.480 404 -1723073393
30.507 416 -1723073393
30.533 420 -1723073393
30.560 413 -1723073393
30.587 390 -1723073393
30.613 349 -1723073393
30.640 298 -1723073393
30.667 243 -1723073393
30.693 178 -1723073393
30.720 102 -1723073393
30.747 27 -1723073393
30.773 -44 -1723073393
30.800 -117 -1723073393
30.827 -185 -1723073393
30.853 -251 -1723073393
30.880 -310 -1723073393
30.907 -347 -1723073393
30.933 -381 -1723073393
30.960 -401 -1723073393
30.987 -385 -1723073393
31.013 -359 -1723073393
31.040 -318 -1723073393
31.067 -254 -1723073393
31.093 -188 -1723073393
31.120 -118 -1723073393
31.147 -45 -1723073393
31.173 19 -1723073393
31.200 83 -1723073393
31.227 146 -1723073393
31.253 191 -1723073393
31.280 227 -1723073393
31.307 254 -1723073393
31.333 264 -1723073393
31.360 267 -1723073393
31.387 265 -1723073393
31.413 250 -1723073393
31.440 232 -1723073393
31.467 209 -1723073393
31.493 175 -1723073393
31.520 144 -1723073393
31.547 121 -1723073393
31.573 97 -1723073393
31.600 84 -1723073393
31.627 76 -1723073393
31.653 62 -1723073393
31.680 58 -1723073393
31.707 60 -1723073393
31.733 59 -1723073393
31.760 70 -1723073393
31.787 79 -1723073393
31.813 80 -1723073393
31.840 87 -1723073393
31.867 88 -1723073393
31.893 88 -1723073393
31.920 92 -1723073393
31.947 84 -1723073393
31.973 76 -1723073393
32.000 79 -1723073393
32.027 81 -1723073393
32.053 87 -1723073393
32.080 106 -1723073393
32.107 120 -1723073393
32.133 132 -1723073393
32.160 152 -1723073393
32.187 172 -1723073393
32.213 198 -1723073393
32.240 232 -1723073393
32.267 261 -1723073393
32.293 286 -1723073393
32.320 304 -1723073393
32.347 311 -1723073393
32.373 308 -1723073393
32.400 296 -1723073393
32.427 269 -1723073393
32.453 230 -1723073393
32.480 181 -1723073393
32.507 119 -1723073393
32.533 55 -1723073393
32.560 -14 -1723073393
32.587 -98 -1723073393
32.613 -169 -1723073393
32.640 -225 -1723073393
32.667 -279 -1723073393
32.693 -308 -1723073393
32.720 -323 -1723073393
32.747 -333 -1723073393
32.773 -310 -1723073393
32.800 -271 -1723073393
32.827 -235 -1723073393
32.853 -176 -1723073393
32.880 -110 -1723073393
32.907 -53 -1723073393
32.933 18 -1723073393
32.960 88 -1723073393
32.987 144 -1723073393
33.013 201 -1723073393
33.040 245 -1723073393
33.067 272 -1723073393
33.093 289 -1723073393
33.120 291 -1723073393
33.147 281 -1723073393
33.173 264 -1723073393
33.200 232 -1723073393
33.227 191 -1723073393
33.253 157 -1723073393
33.280 122 -1723073393
33.307 84 -1723073393
33.333 54 -1723073393
33.360 25 -1723073393
33.387 0 -1723073393
33.413 -6 -1723073393
33.440 -17 -1723073393
33.467 -25 -1723073393
33.493 -16 -1723073393
33.520 -14 -1723073393
33.547 -10 -1723073393
33.573 8 -1723073393
33.600 19 -1723073393
33.627 30 -1723073393
33.653 56 -1723073393
33.680 75 -1723073393
33.707 93 -1723073393
33.733 124 -1723073393
33.760 150 -1723073393
33.787 180 -1723073393
33.813 217 -1723073393
33.840 247 -1723073393
33.867 278 -1723073393
33.893 317 -1723073393
33.920 359 -1723073393
33.947 410 -1723073393
33.973 464 -1723073393
34.000 507 -1723073393
34.027 544 -1723073393
34.053 577 -1723073393
34.080 594 -1723073393
34.107 599 -1723073393
34.133 597 -1723073393
34.160 574 -1723073393
34.187 531 -1723073393
34.213 473 -1723073393
34.240 405 -1723073393
34.267 330 -1723073393
34.293 254 -1723073393
34.320 170 -1723073393
34.347 93 -1723073393
34.373 27 -1723073393
34.400 -42 -1723073393
34.427 -97 -1723073393
34.453 -136 -1723073393
34.480 -170 -1723073393
34.507 -176 -1723073393
34.533 -153 -1723073393
34.560 -132 -1723073393
34.587 -95 -1723073393
34.613 -37 -1723073393
34.640 17 -1723073393
34.667 84 -1723073393
34.693 153 -1723073393
34.720 204 -1723073393
34.747 258 -1723073393
34.773 304 -1723073393
34.800 325 -1723073393
34.827 338 -1723073393
34.853 341 -1723073393
34.880 324 -1723073393
34.907 300 -1723073393
34.933 263 -1723073393
34.960 212 -1723073393
34.987 163 -1723073393
35.013 112 -1723073393
35.040 60 -1723073393
35.067 18 -1723073393
35.093 -15 -1723073393
35.120 -47 -1723073393
35.147 -56 -1723073393
35.173 -52 -1723073393
35.200 -48 -1723073393
35.227 -27 -1723073393
35.253 3 -1723073393
35.280 30 -1723073393
35.307 66 -1723073393
35.333 108 -1723073393
35.360 145 -1723073393
35.387 189 -1723073393
35.413 231 -1723073393
35.440 262 -1723073393
35.467 296 -1723073393
35.493 322 -1723073393
35.520 347 -1723073393
35.547 374 -1723073393
35.573 396 -1723073393
35.600 410 -1723073393
35.627 425 -1723073393
35.653 433 -1723073393
35.680 431 -1723073393
35.707 431 -1723073393
35.733 428 -1723073393
35.760 426 -1723073393
35.787 420 -1723073393
35.813 406 -1723073393
35.840 391 -1723073393
35.867 376 -1723073393
35.893 353 -1723073393
35.920 321 -1723073393
35.947 286 -1723073393
35.973 250 -1723073393
36.000 210 -1723073393
36.027 172 -1723073393
36.053 130 -1723073393
36.080 84 -1723073393
36.107 36 -1723073393
36.133 -9 -1723073393
36.160 -50 -1723073393
36.187 -82 -1723073393
36.213 -111 -1723073393
36.240 -135 -1723073393
36.267 -139 -1723073393
36.293 -135 -1723073393
36.320 -124 -1723073393
36.347 -92 -1723073393
36.373 -57 -1723073393
36.400 -23 -1723073393
36.427 25 -1723073393
36.453 78 -1723073393
36.480 126 -1723073393
36.507 183 -1723073393
36.533 232 -1723073393
36.560 271 -1723073393
36.587 311 -1723073393
36.613 340 -1723073393
36.640 354 -1723073393
36.667 359 -1723073393
36.693 348 -1723073393
36.720 326 -1723073393
36.747 303 -1723073393
36.773 271 -1723073393
36.800 234 -1723073393
36.827 204 -1723073393
36.853 173 -1723073393
36.880 140 -1723073393
36.907 116 -1723073393
36.933 99 -1723073393
36.960 85 -1723073393
36.987 87 -1723073393
37.013 96 -1723073393
37.040 103 -1723073393
37.067 121 -1723073393
37.093 142 -1723073393
37.120 163 -1723073393
37.147 189 -1723073393
37.173 213 -1723073393
37.200 230 -1723073393
37.227 256 -1723073393
37.253 282 -1723073393
37.280 299 -1723073393
37.307 321 -1723073393
37.333 348 -1723073393
37.360 368 -1723073393
37.387 388 -1723073393
37.413 406 -1723073393
37.440 417 -1723073393
37.467 428 -1723073393
37.493 437 -1723073393
37.520 439 -1723073393
37.547 440 -1723073393
37.573 438 -1723073393
37.600 428 -1723073393
37.627 418 -1723073393
37.653 401 -1723073393
37.680 374 -1723073393
37.707 349 -1723073393
37.733 328 -1723073393
37.760 297 -1723073393
37.787 264 -1723073393
37.813 229 -1723073393
37.840 189 -1723073393
37.867 152 -1723073393
37.893 117 -1723073393
37.920 81 -1723073393
37.947 59 -1723073393
37.973 43 -1723073393
38.000 30 -1723073393
38.027 33 -1723073393
38.053 46 -1723073393
38.080 63 -1723073393
38.107 86 -1723073393
38.133 113 -1723073393
38.160 138 -1723073393
38.187 171 -1723073393
38.213 211 -1723073393
38.240 243 -1723073393
38.267 272 -1723073393
38.293 296 -1723073393
38.320 309 -1723073393
38.347 314 -1723073393
38.373 312 -1723073393
38.400 299 -1723073393
38.427 278 -1723073393
38.453 250 -1723073393
38.480 214 -1723073393
38.507 169 -1723073393
38.533 125 -1723073393
38.560 79 -1723073393
38.587 35 -1723073393
38.613 -1 -1723073393
38.640 -32 -1723073393
38.667 -51 -1723073393
38.693 -57 -1723073393
38.720 -62 -1723073393
38.747 -55 -1723073393
38.773 -31 -1723073393
38.800 -9 -1723073393
38.827 12 -1723073393
38.853 38 -1723073393
38.880 62 -1723073393
38.907 86 -1723073393
38.933 116 -1723073393
38.960 134 -1723073393
38.987 148 -1723073393
39.013 166 -1723073393
39.040 175 -1723073393
39.067 182 -1723073393
39.093 198 -1723073393
39.120 205 -1723073393
39.147 207 -1723073393
39.173 217 -1723073393
39.200 222 -1723073393
39.227 224 -1723073393
39.253 238 -1723073393
39.280 247 -1723073393
39.307 250 -1723073393
39.333 258 -1723073393
39.360 268 -1723073393
39.387 277 -1723073393
39.413 289 -1723073393
39.440 291 -1723073393
39.467 284 -1723073393
39.493 280 -1723073393
39.520 270 -1723073393
39.547 254 -1723073393
39.573 239 -1723073393
39.600 219 -1723073393
39.627 197 -1723073393
39.653 179 -1723073393
39.680 154 -1723073393
39.707 126 -1723073393
39.733 112 -1723073393
39.760 97 -1723073393
39.787 80 -1723073393
39.813 74 -1723073393
39.840 70 -1723073393
39.867 63 -1723073393
39.893 67 -1723073393
39.920 75 -1723073393
39.947 77 -1723073393
39.973 85 -1723073393
40.000 97 -1723073393
40.027 101 -1723073393
40.053 103 -1723073393
40.080 104 -1723073393
40.107 98 -1723073393
40.133 93 -1723073393
40.160 87 -1723073393
40.187 73 -1723073393
40.213 62 -1723073393
40.240 55 -1723073393
40.267 39 -1723073393
40.293 26 -1723073393
40.320 20 -1723073393
40.347 8 -1723073393
40.373 1 -1723073393
40.400 11 -1723073393
40.427 18 -1723073393
40.453 26 -1723073393
40.480 44 -1723073393
40.507 61 -1723073393
40.533 78 -1723073393
40.560 101 -1723073393
40.587 120 -1723073393
40.613 132 -1723073393
40.640 150 -1723073393
40.667 168 -1723073393
40.693 183 -1723073393
40.720 201 -1723073393
40.747 212 -1723073393
40.773 220 -1723073393
40.800 232 -1723073393
40.827 242 -1723073393
40.853 248 -1723073393
40.880 255 -1723073393
40.907 258 -1723073393
40.933 256 -1723073393
40.960 258 -1723073393
40.987 259 -1723073393
41.013 257 -1723073393
41.040 262 -1723073393
41.067 272 -1723073393
41.093 275 -1723073393
41.120 275 -1723073393
41.147 275 -1723073393
41.173 265 -1723073393
41.200 251 -1723073393
41.227 231 -1723073393
41.253 201 -1723073393
41.280 176 -1723073393
41.307 154 -1723073393
41.333 123 -1723073393
41.360 93 -1723073393
41.387 67 -1723073393
41.413 39 -1723073393
41.440 16 -1723073393
41.467 5 -1723073393
41.493 -3 -1723073393
41.520 -4 -1723073393
41.547 0 -1723073393
41.573 3 -1723073393
41.600 6 -1723073393
41.627 15 -1723073393
41.653 26 -1723073393
41.680 41 -1723073393
41.707 62 -1723073393
41.733 79 -1723073393
41.760 87 -1723073393
41.787 91 -1723073393
41.813 87 -1723073393
41.840 74 -1723073393
41.867 61 -1723073393
41.893 45 -1723073393
41.920 17 -1723073393
41.947 -7 -1723073393
41.973 -28 -1723073393
42.000 -48 -1723073393
42.027 -60 -1723073393
42.053 -63 -1723073393
42.080 -69 -1723073393
42.107 -73 -1723073393
42.133 -73 -1723073393
42.160 -74 -1723073393
42.187 -63 -1723073393
42.213 -42 -1723073393
42.240 -24 -1723073393
42.267 -2 -1723073393
42.293 26 -1723073393
42.320 53 -1723073393
42.347 84 -1723073393
42.373 117 -1723073393
42.400 141 -1723073393
42.427 157 -1723073393
42.453 173 -1723073393
42.480 185 -1723073393
42.507 193 -1723073393
42.533 200 -1723073393
42.560 196 -1723073393
42.587 183 -1723073393
42.613 169 -1723073393
42.640 146 -1723073393
42.667 118 -1723073393
42.693 98 -1723073393
42.720 77 -1723073393
42.747 55 -1723073393
42.773 38 -1723073393
42.800 26 -1723073393
42.827 13 -1723073393
42.853 9 -1723073393
42.880 8 -1723073393
42.907 2 -1723073393
42.933 5 -1723073393
42.960 15 -1723073393
42.987 18 -1723073393
43.013 25 -1723073393
43.040 38 -1723073393
43.067 46 -1723073393
43.093 56 -1723073393
43.120 66 -1723073393
43.147 66 -1723073393
43.173 67 -1723073393
43.200 73 -1723073393
43.227 73 -1723073393
43.253 73 -1723073393
43.280 77 -1723073393
43.307 75 -1723073393
43.333 69 -1723073393
43.360 70 -1723073393
43.387 71 -1723073393
43.413 66 -1723073393
43.440 66 -1723073393
43.467 66 -1723073393
43.493 57 -1723073393
43.520 46 -1723073393
43.547 30 -1723073393
43.573 8 -1723073393
43.600 -12 -1723073393
43.627 -34 -1723073393
43.653 -68 -1723073393
43.680 -101 -1723073393
43.707 -130 -1723073393
43.733 -167 -1723073393
43.760 -202 -1723073393
43.787 -227 -1723073393
43.813 -247 -1723073393
43.840 -250 -1723073393
43.867 -235 -1723073393
43.893 -222 -1723073393
43.920 -202 -1723073393
43.947 -171 -1723073393
43.973 -147 -1723073393
44.000 -124 -1723073393
44.027 -91 -1723073393
44.053 -66 -1723073393
44.080 -44 -1723073393
44.107 -15 -1723073393
44.133 3 -1723073393
44.160 12 -1723073393
44.187 26 -1723073393
44.213 34 -1723073393
44.240 33 -1723073393
44.267 37 -1723073393
44.293 38 -1723073393
44.320 32 -1723073393
44.347 29 -1723073393
44.373 29 -1723073393
44.400 24 -1723073393
44.427 22 -1723073393
44.453 23 -1723073393
44.480 22 -1723073393
44.507 27 -1723073393
44.533 41 -1723073393
44.560 49 -1723073393
44.587 58 -1723073393
44.613 75 -1723073393
44.640 85 -1723073393
44.667 92 -1723073393
44.693 107 -1723073393
44.720 115 -1723073393
44.747 122 -1723073393
44.773 133 -1723073393
44.800 139 -1723073393
44.827 141 -1723073393
44.853 147 -1723073393
44.880 153 -1723073393
44.907 159 -1723073393
44.933 173 -1723073393
44.960 181 -1723073393
44.987 178 -1723073393
45.013 176 -1723073393
45.040 174 -1723073393
45.067 171 -1723073393
45.093 170 -1723073393
45.120 167 -1723073393
45.147 158 -1723073393
45.173 145 -1723073393
45.200 130 -1723073393
45.227 112 -1723073393
45.253 94 -1723073393
45.280 78 -1723073393
45.307 56 -1723073393
45.333 35 -1723073393
45.360 19 -1723073393
45.387 -5 -1723073393
45.413 -32 -1723073393
45.440 -52 -1723073393
45.467 -75 -1723073393
45.493 -98 -1723073393
45.520 -108 -1723073393
45.547 -117 -1723073393
45.573 -129 -1723073393
45.600 -123 -1723073393
45.627 -113 -1723073393
45.653 -106 -1723073393
45.680 -82 -1723073393
45.707 -47 -1723073393
45.733 -18 -1723073393
45.760 19 -1723073393
45.787 64 -1723073393
45.813 94 -1723073393
45.840 123 -1723073393
45.867 156 -1723073393
45.893 177 -1723073393
45.920 195 -1723073393
45.947 219 -1723073393
45.973 228 -1723073393
46.000 231 -1723073393
46.027 239 -1723073393
46.053 235 -1723073393
46.080 221 -1723073393
46.107 216 -1723073393
46.133 207 -1723073393
46.160 191 -1723073393
46.187 181 -1723073393
46.213 169 -1723073393
46.240 151 -1723073393
46.267 139 -1723073393
46.293 129 -1723073393
46.320 111 -1723073393
46.347 102 -1723073393
46.373 100 -1723073393
46.400 91 -1723073393
46.427 85 -1723073393
46.453 94 -1723073393
46.480 100 -1723073393
46.507 108 -1723073393
46.533 129 -1723073393
46.560 145 -1723073393
46.587 161 -1723073393
46.613 189 -1723073393
46.640 211 -1723073393
46.667 220 -1723073393
46.693 236 -1723073393
46.720 250 -1723073393
46.747 249 -1723073393
46.773 249 -1723073393
46.800 246 -1723073393
46.827 234 -1723073393
46.853 226 -1723073393
46.880 216 -1723073393
46.907 193 -1723073393
46.933 168 -1723073393
46.960 143 -1723073393
46.987 113 -1723073393
47.013 89 -1723073393
47.040 70 -1723073393
47.067 38 -1723073393
47.093 4 -1723073393
47.120 -20 -1723073393
47.147 -47 -1723073393
47.173 -67 -1723073393
47.200 -68 -1723073393
47.227 -67 -1723073393
47.253 -64 -1723073393
47.280 -45 -1723073393
47.307 -29 -1723073393
47.333 -14 -1723073393
47.360 12 -1723073393
47.387 43 -1723073393
47.413 68 -1723073393
47.440 101 -1723073393
47.467 139 -1723073393
47.493 167 -1723073393
47.520 191 -1723073393
47.547 219 -1723073393
47.573 237 -1723073393
47.600 247 -1723073393
47.627 260 -1723073393
47.653 265 -1723073393
47.680 263 -1723073393
47.707 266 -1723073393
47.733 267 -1723073393
47.760 262 -1723073393
47.787 265 -1723073393
47.813 267 -1723073393
47.840 256 -1723073393
47.867 240 -1723073393
47.893 225 -1723073393
47.920 207 -1723073393
47.947 198 -1723073393
47.973 195 -1723073393
48.000 188 -1723073393
48.027 185 -1723073393
48.053 188 -1723073393
48.080 182 -1723073393
48.107 177 -1723073393
48.133 181 -1723073393
48.160 182 -1723073393
48.187 187 -1723073393
48.213 205 -1723073393
48.240 223 -1723073393
48.267 240 -1723073393
48.293 266 -1723073393
48.320 290 -1723073393
48.347 307 -1723073393
48.373 331 -1723073393
48.400 358 -1723073393
48.427 379 -1723073393
48.453 404 -1723073393
48.480 432 -1723073393
48.507 453 -1723073393
48.533 472 -1723073393
48.560 490 -1723073393
48.587 499 -1723073393
48.613 505 -1723073393
48.640 507 -1723073393
48.667 499 -1723073393
48.693 486 -1723073393
48.720 472 -1723073393
48.747 455 -1723073393
48.773 433 -1723073393
48.800 414 -1723073393
48.827 394 -1723073393
48.853 373 -1723073393
48.880 356 -1723073393
48.907 339 -1723073393
48.933 320 -1723073393
48.960 310 -1723073393
48.987 307 -1723073393
49.013 301 -1723073393
49.040 296 -1723073393
49.067 295 -1723073393
49.093 290 -1723073393
49.120 284 -1723073393
49.147 282 -1723073393
49.173 276 -1723073393
49.200 272 -1723073393
49.227 282 -1723073393
49.253 291 -1723073393
49.280 292 -1723073393
49.307 297 -1723073393
49.333 305 -1723073393
49.360 310 -1723073393
49.387 323 -1723073393
49.413 339 -1723073393
49.440 347 -1723073393
49.467 356 -1723073393
49.493 364 -1723073393
49.520 359 -1723073393
49.547 351 -1723073393
49.573 344 -1723073393
49.600 328 -1723073393
49.627 311 -1723073393
49.653 301 -1723073393
49.680 285 -1723073393
49.707 263 -1723073393
49.733 251 -1723073393
49.760 241 -1723073393
49.787 230 -1723073393
49.813 228 -1723073393
49.840 226 -1723073393
49.867 217 -1723073393
49.893 215 -1723073393
49.920 215 -1723073393
49.947 210 -1723073393
49.973 208 -1723073393
50.000 211 -1723073393
50.027 207 -1723073393
50.053 205 -1723073393
50.080 209 -1723073393
50.107 209 -1723073393
50.133 207 -1723073393
50.160 210 -1723073393
50.187 210 -1723073393
50.213 207 -1723073393
50.240 214 -1723073393
50.267 219 -1723073393
50.293 212 -1723073393
50.320 208 -1723073393
50.347 204 -1723073393
50.373 190 -1723073393
50.400 175 -1723073393
50.427 161 -1723073393
50.453 132 -1723073393
50.480 96 -1723073393
50.507 62 -1723073393
50.533 23 -1723073393
50.560 -19 -1723073393
50.587 -52 -1723073393
50.613 -87 -1723073393
50.640 -128 -1723073393
50.667 -153 -1723073393
50.693 -173 -1723073393
50.720 -202 -1723073393
50.747 -219 -1723073393
50.773 -222 -1723073393
50.800 -231 -1723073393
50.827 -230 -1723073393
50.853 -216 -1723073393
50.880 -210 -1723073393
50.907 -201 -1723073393
50.933 -181 -1723073393
50.960 -170 -1723073393
50.987 -165 -1723073393
51.013 -147 -1723073393
51.040 -132 -1723073393
51.067 -125 -1723073393
51.093 -104 -1723073393
51.120 -81 -1723073393
51.147 -69 -1723073393
51.173 -54 -1723073393
51.200 -39 -1723073393
51.227 -32 -1723073393
51.253 -19 -1723073393
51.280 -2 -1723073393
51.307 0 -1723073393
51.333 5 -1723073393
51.360 23 -1723073393
51.387 31 -1723073393
51.413 35 -1723073393
51.440 54 -1723073393
51.467 71 -1723073393
51.493 81 -1723073393
51.520 100 -1723073393
51.547 118 -1723073393
51.573 129 -1723073393
51.600 148 -1723073393
51.627 169 -1723073393
51.653 185 -1723073393
51.680 205 -1723073393
51.707 226 -1723073393
51.733 236 -1723073393
51.760 241 -1723073393
51.787 249 -1723073393
51.813 247 -1723073393
51.840 242 -1723073393
51.867 240 -1723073393
51.893 231 -1723073393
51.920 218 -1723073393
51.947 217 -1723073393
51.973 215 -1723073393
52.000 203 -1723073393
52.027 198 -1723073393
52.053 198 -1723073393
52.080 197 -1723073393
52.107 204 -1723073393
52.133 218 -1723073393
52.160 226 -1723073393
52.187 232 -1723073393
52.213 240 -1723073393
52.240 241 -1723073393
52.267 238 -1723073393
52.293 239 -1723073393
52.320 236 -1723073393
52.347 226 -1723073393
52.373 220 -1723073393
52.400 209 -1723073393
52.427 191 -1723073393
52.453 176 -1723073393
52.480 163 -1723073393
52.507 145 -1723073393
52.533 129 -1723073393
52.560 120 -1723073393
52.587 109 -1723073393
52.613 102 -1723073393
52.640 106 -1723073393
52.667 105 -1723073393
52.693 102 -1723073393
52.720 109 -1723073393
52.747 117 -1723073393
52.773 116 -1723073393
52.800 119 -1723073393
52.827 129 -1723073393
52.853 132 -1723073393
52.880 136 -1723073393
52.907 147 -1723073393
52.933 152 -1723073393
52.960 157 -1723073393
52.987 167 -1723073393
53.013 172 -1723073393
53.040 171 -1723073393
53.067 175 -1723073393
53.093 180 -1723073393
53.120 179 -1723073393
53.147 184 -1723073393
53.173 189 -1723073393
53.200 188 -1723073393
53.227 193 -1723073393
53.253 200 -1723073393
53.280 195 -1723073393
53.307 191 -1723073393
53.333 198 -1723073393
53.360 201 -1723073393
53.387 201 -1723073393
53.413 207 -1723073393
53.440 212 -1723073393
53.467 211 -1723073393
53.493 217 -1723073393
53.520 227 -1723073393
53.547 231 -1723073393
53.573 239 -1723073393
53.600 247 -1723073393
53.627 246 -1723073393
53.653 246 -1723073393
53.680 248 -1723073393
53.707 242 -1723073393
53.733 236 -1723073393
53.760 238 -1723073393
53.787 238 -1723073393
53.813 233 -1723073393
53.840 231 -1723073393
53.867 225 -1723073393
53.893 213 -1723073393
53.920 207 -1723073393
53.947 199 -1723073393
53.973 184 -1723073393
54.000 173 -1723073393
54.027 161 -1723073393
54.053 137 -1723073393
54.080 115 -1723073393
54.107 101 -1723073393
54.133 78 -1723073393
54.160 54 -1723073393
54.187 39 -1723073393
54.213 19 -1723073393
54.240 -6 -1723073393
54.267 -24 -1723073393
54.293 -39 -1723073393
54.320 -59 -1723073393
54.347 -70 -1723073393
54.373 -76 -1723073393
54.400 -92 -1723073393
54.427 -96 -1723073393
54.453 -91 -1723073393
54.480 -96 -1723073393
54.507 -93 -1723073393
54.533 -79 -1723073393
54.560 -75 -1723073393
54.587 -71 -1723073393
54.613 -54 -1723073393
54.640 -47 -1723073393
54.667 -47 -1723073393
54.693 -34 -1723073393
54.720 -18 -1723073393
54.747 -8 -1723073393
54.773 8 -1723073393
54.800 27 -1723073393
54.827 33 -1723073393
54.853 42 -1723073393
54.880 57 -1723073393
54.907 69 -1723073393
54.933 84 -1723073393
54.960 109 -1723073393
54.987 124 -1723073393
55.013 135 -1723073393
55.040 163 -1723073393
55.067 193 -1723073393
55.093 216 -1723073393
55.120 244 -1723073393
55.147 273 -1723073393
55.173 294 -1723073393
55.200 319 -1723073393
55.227 351 -1723073393
55.253 376 -1723073393
55.280 401 -1723073393
55.307 426 -1723073393
55.333 442 -1723073393
55.360 454 -1723073393
55.387 470 -1723073393
55.413 484 -1723073393
55.440 493 -1723073393
55.467 504 -1723073393
55.493 509 -1723073393
55.520 511 -1723073393
55.547 513 -1723073393
55.573 517 -1723073393
55.600 518 -1723073393
55.627 520 -1723073393
55.653 523 -1723073393
55.680 520 -1723073393
55.707 517 -1723073393
55.733 515 -1723073393
55.760 512 -1723073393
55.787 511 -1723073393
55.813 515 -1723073393
55.840 515 -1723073393
55.867 507 -1723073393
55.893 501 -1723073393
55.920 493 -1723073393
55.947 481 -1723073393
55.973 470 -1723073393
56.000 455 -1723073393
56.027 430 -1723073393
56.053 406 -1723073393
56.080 383 -1723073393
56.107 359 -1723073393
56.133 334 -1723073393
56.160 317 -1723073393
56.187 301 -1723073393
56.213 280 -1723073393
56.240 263 -1723073393
56.267 246 -1723073393
56.293 223 -1723073393
56.320 204 -1723073393
56.347 187 -1723073393
56.373 165 -1723073393
56.400 148 -1723073393
56.427 139 -1723073393
56.453 126 -1723073393
56.480 111 -1723073393
56.507 102 -1723073393
56.533 90 -1723073393
56.560 78 -1723073393
56.587 75 -1723073393
56.613 73 -1723073393
56.640 63 -1723073393
56.667 55 -1723073393
56.693 49 -1723073393
56.720 39 -1723073393
56.747 32 -1723073393
56.773 28 -1723073393
56.800 16 -1723073393
56.827 6 -1723073393
56.853 5 -1723073393
56.880 -1 -1723073393
56.907 -15 -1723073393
56.933 -17 -1723073393
56.960 -21 -1723073393
56.987 -31 -1723073393
57.013 -33 -1723073393
57.040 -28 -1723073393
57.067 -30 -1723073393
57.093 -24 -1723073393
57.120 -12 -1723073393
57.147 -7 -1723073393
57.173 1 -1723073393
57.200 17 -1723073393
57.227 26 -1723073393
57.253 34 -1723073393
57.280 51 -1723073393
57.307 64 -1723073393
57.333 71 -1723073393
57.360 83 -1723073393
57.387 96 -1723073393
57.413 103 -1723073393
57.440 113 -1723073393
57.467 125 -1723073393
57.493 127 -1723073393
57.520 129 -1723073393
57.547 136 -1723073393
57.573 141 -1723073393
57.600 144 -1723073393
57.627 158 -1723073393
57.653 173 -1723073393
57.680 180 -1723073393
57.707 193 -1723073393
57.733 209 -1723073393
57.760 219 -1723073393
57.787 234 -1723073393
57.813 255 -1723073393
57.840 270 -1723073393
57.867 291 -1723073393
57.893 320 -1723073393
57.920 343 -1723073393
57.947 362 -1723073393
57.973 384 -1723073393
58.000 399 -1723073393
58.027 405 -1723073393
58.053 416 -1723073393
58.080 424 -1723073393
58.107 423 -1723073393
58.133 423 -1723073393
58.160 424 -1723073393
58.187 421 -1723073393
58.213 415 -1723073393
58.240 409 -1723073393
58.267 401 -1723073393
58.293 391 -1723073393
58.320 381 -1723073393
58.347 374 -1723073393
58.373 368 -1723073393
58.400 370 -1723073393
58.427 379 -1723073393
58.453 390 -1723073393
58.480 401 -1723073393
58.507 414 -1723073393
58.533 426 -1723073393
58.560 441 -1723073393
58.587 461 -1723073393
58.613 477 -1723073393
58.640 489 -1723073393
58.667 504 -1723073393
58.693 517 -1723073393
58.720 527 -1723073393
58.747 539 -1723073393
58.773 552 -1723073393
58.800 561 -1723073393
58.827 569 -1723073393
58.853 578 -1723073393
58.880 582 -1723073393
58.907 586 -1723073393
58.933 591 -1723073393
58.960 594 -1723073393
58.987 590 -1723073393
59.013 586 -1723073393
59.040 583 -1723073393
59.067 575 -1723073393
59.093 568 -1723073393
59.120 560 -1723073393
59.147 548 -1723073393
59.173 534 -1723073393
59.200 523 -1723073393
59.227 512 -1723073393
59.253 496 -1723073393
59.280 481 -1723073393
59.307 467 -1723073393
59.333 453 -1723073393
59.360 442 -1723073393
59.387 433 -1723073393
59.413 425 -1723073393
59.440 425 -1723073393
59.467 430 -1723073393
59.493 432 -1723073393
59.520 435 -1723073393
59.547 441 -1723073393
59.573 443 -1723073393
59.600 441 -1723073393
59.627 437 -1723073393
59.653 430 -1723073393
59.680 416 -1723073393
59.707 404 -1723073393
59.733 389 -1723073393
59.760 368 -1723073393
59.787 347 -1723073393
59.813 324 -1723073393
59.840 292 -1723073393
59.867 260 -1723073393
59.893 230 -1723073393
59.920 192 -1723073393
59.947 148 -1723073393
59.973 108 -1723073393
60.000 68 -1723073393
60.027 28 -1723073393
60.053 -2 -1723073393
60.080 -24 -1723073393
60.107 -50 -1723073393
60.133 -66 -1723073393
60.160 -68 -1723073393
60.187 -75 -1723073393
60.213 -78 -1723073393
60.240 -68 -1723073393
60.267 -64 -1723073393
60.293 -60 -1723073393
60.320 -38 -1723073393
60.347 -18 -1723073393
60.373 -8 -1723073393
60.400 8 -1723073393
60.427 26 -1723073393
60.453 28 -1723073393
60.480 31 -1723073393
60.507 41 -1723073393
60.533 40 -1723073393
60.560 32 -1723073393
60.587 40 -1723073393
60.613 47 -1723073393
60.640 44 -1723073393
60.667 42 -1723073393
60.693 35 -1723073393
60.720 18 -1723073393
60.747 9 -1723073393
60.773 5 -1723073393
60.800 -8 -1723073393
60.827 -27 -1723073393
60.853 -44 -1723073393
60.880 -70 -1723073393
60.907 -102 -1723073393
60.933 -125 -1723073393
60.960 -144 -1723073393
60.987 -174 -1723073393
61.013 -194 -1723073393
61.040 -209 -1723073393
61.067 -233 -1723073393
61.093 -248 -1723073393
61.120 -246 -1723073393
61.147 -253 -1723073393
61.173 -261 -1723073393
61.200 -256 -1723073393
61.227 -253 -1723073393
61.253 -253 -1723073393
61.280 -237 -1723073393
61.307 -215 -1723073393
61.333 -206 -1723073393
61.360 -193 -1723073393
61.387 -170 -1723073393
61.413 -159 -1723073393
61.440 -152 -1723073393
61.467 -140 -1723073393
61.493 -139 -1723073393
61.520 -147 -1723073393
61.547 -147 -1723073393
61.573 -154 -1723073393
61.600 -173 -1723073393
61.627 -184 -1723073393
61.653 -195 -1723073393
61.680 -219 -1723073393
61.707 -241 -1723073393
61.733 -255 -1723073393
61.760 -278 -1723073393
61.787 -298 -1723073393
61.813 -298 -1723073393
61.840 -298 -1723073393
61.867 -303 -1723073393
61.893 -299 -1723073393
61.920 -287 -1723073393
61.947 -279 -1723073393
61.973 -260 -1723073393
62.000 -232 -1723073393
62.027 -212 -1723073393
62.053 -188 -1723073393
62.080 -153 -1723073393
62.107 -125 -1723073393
62.133 -104 -1723073393
62.160 -72 -1723073393
62.187 -41 -1723073393
62.213 -24 -1723073393
62.240 -7 -1723073393
62.267 10 -1723073393
62.293 12 -1723073393
62.320 9 -1723073393
62.347 9 -1723073393
62.373 0 -1723073393
62.400 -13 -1723073393
62.427 -23 -1723073393
62.453 -41 -1723073393
62.480 -69 -1723073393
62.507 -90 -1723073393
62.533 -110 -1723073393
62.560 -139 -1723073393
62.587 -166 -1723073393
62.613 -186 -1723073393
62.640 -209 -1723073393
62.667 -227 -1723073393
62.693 -231 -1723073393
62.720 -237 -1723073393
62.747 -240 -1723073393
62.773 -230 -1723073393
62.800 -220 -1723073393
62.827 -218 -1723073393
62.853 -208 -1723073393
62.880 -189 -1723073393
62.907 -179 -1723073393
62.933 -169 -1723073393
62.960 -149 -1723073393
62.987 -132 -1723073393
63.013 -122 -1723073393
63.040 -104 -1723073393
63.067 -86 -1723073393
63.093 -81 -1723073393
63.120 -73 -1723073393
63.147 -61 -1723073393
63.173 -59 -1723073393
63.200 -59 -1723073393
63.227 -59 -1723073393
63.253 -68 -1723073393
63.280 -80 -1723073393
63.307 -88 -1723073393
63.333 -104 -1723073393
63.360 -127 -1723073393
63.387 -148 -1723073393
63.413 -166 -1723073393
63.440 -191 -1723073393
63.467 -210 -1723073393
63.493 -219 -1723073393
63.520 -234 -1723073393
63.547 -246 -1723073393
63.573 -248 -1723073393
63.600 -253 -1723073393
63.627 -260 -1723073393
63.653 -254 -1723073393
63.680 -239 -1723073393
63.707 -227 -1723073393
63.733 -208 -1723073393
63.760 -182 -1723073393
63.787 -161 -1723073393
63.813 -141 -1723073393
63.840 -114 -1723073393
63.867 -90 -1723073393
63.893 -72 -1723073393
63.920 -50 -1723073393
63.947 -35 -1723073393
63.973 -31 -1723073393
64.000 -24 -1723073393
64.027 -15 -1723073393
64.053 -13 -1723073393
64.080 -15 -1723073393
64.107 -14 -1723073393
64.133 -22 -1723073393
64.160 -34 -1723073393
64.187 -40 -1723073393
64.213 -45 -1723073393
64.240 -57 -1723073393
64.267 -65 -1723073393
64.293 -67 -1723073393
64.320 -74 -1723073393
64.347 -78 -1723073393
64.373 -71 -1723073393
64.400 -67 -1723073393
64.427 -66 -1723073393
64.453 -53 -1723073393
64.480 -41 -1723073393
64.507 -34 -1723073393
64.533 -22 -1723073393
64.560 -8 -1723073393
64.587 -1 -1723073393
64.613 9 -1723073393
64.640 22 -1723073393
64.667 31 -1723073393
64.693 43 -1723073393
64.720 66 -1723073393
64.747 84 -1723073393
64.773 95 -1723073393
64.800 109 -1723073393
64.827 124 -1723073393
64.853 135 -1723073393
64.880 146 -1723073393
64.907 153 -1723073393
64.933 150 -1723073393
64.960 147 -1723073393
64.987 147 -1723073393
65.013 141 -1723073393
65.040 131 -1723073393
65.067 126 -1723073393
65.093 120 -1723073393
65.120 108 -1723073393
65.147 95 -1723073393
65.173 87 -1723073393
65.200 79 -1723073393
65.227 73 -1723073393
65.253 67 -1723073393
65.280 61 -1723073393
65.307 57 -1723073393
65.333 56 -1723073393
65.360 55 -1723073393
65.387 54 -1723073393
65.413 62 -1723073393
65.440 74 -1723073393
65.467 87 -1723073393
65.493 104 -1723073393
65.520 126 -1723073393
65.547 147 -1723073393
65.573 172 -1723073393
65.600 202 -1723073393
65.627 231 -1723073393
65.653 257 -1723073393
65.680 276 -1723073393
65.707 289 -1723073393
65.733 298 -1723073393
65.760 303 -1723073393
65.787 308 -1723073393
65.813 311 -1723073393
65.840 311 -1723073393
65.867 305 -1723073393
65.893 297 -1723073393
65.920 289 -1723073393
65.947 280 -1723073393
65.973 270 -1723073393
66.000 260 -1723073393
66.027 250 -1723073393
66.053 241 -1723073393
66.080 233 -1723073393
66.107 225 -1723073393
66.133 217 -1723073393
66.160 213 -1723073393
66.187 211 -1723073393
66.213 210 -1723073393
66.240 212 -1723073393
66.267 214 -1723073393
66.293 216 -1723073393
66.320 219 -1723073393
66.347 224 -1723073393
66.373 229 -1723073393
66.400 233 -1723073393
66.427 241 -1723073393
66.453 249 -1723073393
66.480 253 -1723073393
66.507 256 -1723073393
66.533 265 -1723073393
66.560 277 -1723073393
66.587 287 -1723073393
66.613 296 -1723073393
66.640 307 -1723073393
66.667 317 -1723073393
66.693 323 -1723073393
66.720 325 -1723073393
66.747 322 -1723073393
66.773 317 -1723073393
66.800 311 -1723073393
66.827 307 -1723073393
66.853 303 -1723073393
66.880 300 -1723073393
66.907 297 -1723073393
66.933 295 -1723073393
66.960 299 -1723073393
66.987 306 -1723073393
67.013 311 -1723073393
67.040 311 -1723073393
67.067 313 -1723073393
67.093 321 -1723073393
67.120 330 -1723073393
67.147 344 -1723073393
67.173 360 -1723073393
67.200 373 -1723073393
67.227 384 -1723073393
67.253 392 -1723073393
67.280 399 -1723073393
67.307 405 -1723073393
67.333 411 -1723073393
67.360 420 -1723073393
67.387 425 -1723073393
67.413 428 -1723073393
67.440 429 -1723073393
67.467 429 -1723073393
67.493 428 -1723073393
67.520 424 -1723073393
67.547 422 -1723073393
67.573 417 -1723073393
67.600 411 -1723073393
67.627 407 -1723073393
67.653 403 -1723073393
67.680 403 -1723073393
67.707 408 -1723073393
67.733 414 -1723073393
67.760 420 -1723073393
67.787 422 -1723073393
67.813 423 -1723073393
67.840 425 -1723073393
67.867 427 -1723073393
67.893 432 -1723073393
67.920 433 -1723073393
67.947 434 -1723073393
67.973 431 -1723073393
68.000 423 -1723073393
68.027 411 -1723073393
68.053 397 -1723073393
68.080 377 -1723073393
68.107 352 -1723073393
68.133 327 -1723073393
68.160 305 -1723073393
68.187 281 -1723073393
68.213 257 -1723073393
68.240 238 -1723073393
68.267 221 -1723073393
68.293 206 -1723073393
68.320 193 -1723073393
68.347 183 -1723073393
68.373 177 -1723073393
68.400 176 -1723073393
68.427 180 -1723073393
68.453 187 -1723073393
68.480 194 -1723073393
68.507 199 -1723073393
68.533 208 -1723073393
68.560 219 -1723073393
68.587 235 -1723073393
68.613 251 -1723073393
68.640 262 -1723073393
68.667 268 -1723073393
68.693 273 -1723073393
68.720 279 -1723073393
68.747 282 -1723073393
68.773 284 -1723073393
68.800 292 -1723073393
68.827 306 -1723073393
68.853 321 -1723073393
68.880 334 -1723073393
68.907 346 -1723073393
68.933 354 -1723073393
68.960 362 -1723073393
68.987 370 -1723073393
69.013 379 -1723073393
69.040 386 -1723073393
69.067 392 -1723073393
69.093 398 -1723073393
69.120 404 -1723073393
69.147 406 -1723073393
69.173 406 -1723073393
69.200 402 -1723073393
69.227 397 -1723073393
69.253 387 -1723073393
69.280 373 -1723073393
69.307 362 -1723073393
69.333 349 -1723073393
69.360 339 -1723073393
69.387 336 -1723073393
69.413 334 -1723073393
69.440 327 -1723073393
69.467 319 -1723073393
69.493 313 -1723073393
69.520 307 -1723073393
69.547 303 -1723073393
69.573 302 -1723073393
69.600 299 -1723073393
69.627 293 -1723073393
69.653 288 -1723073393
69.680 280 -1723073393
69.707 268 -1723073393
69.733 255 -1723073393
69.760 241 -1723073393
69.787 228 -1723073393
69.813 217 -1723073393
69.840 208 -1723073393
69.867 197 -1723073393
69.893 186 -1723073393
69.920 180 -1723073393
69.947 176 -1723073393
69.973 173 -1723073393
70.000 172 -1723073393
70.027 172 -1723073393
70.053 169 -1723073393
70.080 167 -1723073393
70.107 173 -1723073393
70.133 183 -1723073393
70.160 195 -1723073393
70.187 210 -1723073393
70.213 224 -1723073393
70.240 236 -1723073393
70.267 248 -1723073393
70.293 260 -1723073393
70.320 268 -1723073393
70.347 273 -1723073393
70.373 278 -1723073393
70.400 283 -1723073393
70.427 284 -1723073393
70.453 286 -1723073393
70.480 288 -1723073393
70.507 288 -1723073393
70.533 287 -1723073393
70.560 287 -1723073393
70.587 287 -1723073393
70.613 284 -1723073393
70.640 280 -1723073393
70.667 274 -1723073393
70.693 265 -1723073393
70.720 258 -1723073393
70.747 259 -1723073393
70.773 263 -1723073393
70.800 266 -1723073393
70.827 272 -1723073393
70.853 281 -1723073393
70.880 289 -1723073393
70.907 296 -1723073393
70.933 301 -1723073393
70.960 303 -1723073393
70.987 308 -1723073393
71.013 315 -1723073393
71.040 323 -1723073393
71.067 330 -1723073393
71.093 335 -1723073393
71.120 343 -1723073393
71.147 354 -1723073393
71.173 366 -1723073393
71.200 377 -1723073393
71.227 387 -1723073393
71.253 399 -1723073393
71.280 407 -1723073393
71.307 410 -1723073393
71.333 414 -1723073393
71.360 418 -1723073393
71.387 418 -1723073393
71.413 418 -1723073393
71.440 419 -1723073393
71.467 416 -1723073393
71.493 409 -1723073393
71.520 399 -1723073393
71.547 388 -1723073393
71.573 374 -1723073393
71.600 359 -1723073393
71.627 344 -1723073393
71.653 324 -1723073393
71.680 299 -1723073393
71.707 274 -1723073393
71.733 249 -1723073393
71.760 221 -1723073393
71.787 192 -1723073393
71.813 166 -1723073393
71.840 144 -1723073393
71.867 124 -1723073393
71.893 109 -1723073393
71.920 101 -1723073393
71.947 98 -1723073393
71.973 100 -1723073393
72.000 107 -1723073393
72.027 114 -1723073393
72.053 127 -1723073393
72.080 145 -1723073393
72.107 163 -1723073393
72.133 178 -1723073393
72.160 194 -1723073393
72.187 211 -1723073393
72.213 226 -1723073393
72.240 241 -1723073393
72.267 254 -1723073393
72.293 261 -1723073393
72.320 267 -1723073393
72.347 275 -1723073393
72.373 283 -1723073393
72.400 291 -1723073393
72.427 301 -1723073393
72.453 306 -1723073393
72.480 306 -1723073393
72.507 306 -1723073393
72.533 305 -1723073393
72.560 305 -1723073393
72.587 306 -1723073393
72.613 311 -1723073393
72.640 316 -1723073393
72.667 319 -1723073393
72.693 319 -1723073393
72.720 319 -1723073393
72.747 320 -1723073393
72.773 322 -1723073393
72.800 321 -1723073393
72.827 316 -1723073393
72.853 311 -1723073393
72.880 302 -1723073393
72.907 293 -1723073393
72.933 288 -1723073393
72.960 282 -1723073393
72.987 269 -1723073393
73.013 255 -1723073393
73.040 242 -1723073393
73.067 229 -1723073393
73.093 223 -1723073393
73.120 221 -1723073393
73.147 220 -1723073393
73.173 222 -1723073393
73.200 225 -1723073393
73.227 229 -1723073393
73.253 230 -1723073393
73.280 230 -1723073393
73.307 230 -1723073393
73.333 228 -1723073393
73.360 232 -1723073393
73.387 238 -1723073393
73.413 240 -1723073393
73.440 237 -1723073393
73.467 233 -1723073393
73.493 227 -1723073393
73.520 224 -1723073393
73.547 219 -1723073393
73.573 215 -1723073393
73.600 208 -1723073393
73.627 199 -1723073393
73.653 192 -1723073393
73.680 182 -1723073393
73.707 173 -1723073393
73.733 167 -1723073393
73.760 162 -1723073393
73.787 159 -1723073393
73.813 163 -1723073393
73.840 174 -1723073393
73.867 185 -1723073393
73.893 200 -1723073393
73.920 216 -1723073393
73.947 230 -1723073393
73.973 245 -1723073393
74.000 265 -1723073393
74.027 281 -1723073393
74.053 291 -1723073393
74.080 299 -1723073393
74.107 306 -1723073393
74.133 310 -1723073393
74.160 311 -1723073393
74.187 311 -1723073393
74.213 310 -1723073393
74.240 304 -1723073393
74.267 293 -1723073393
74.293 280 -1723073393
74.320 268 -1723073393
74.347 256 -1723073393
74.373 245 -1723073393
74.400 231 -1723073393
74.427 220 -1723073393
74.453 213 -1723073393
74.480 208 -1723073393
74.507 205 -1723073393
74.533 209 -1723073393
74.560 209 -1723073393
74.587 203 -1723073393
74.613 197 -1723073393
74.640 192 -1723073393
74.667 191 -1723073393
74.693 192 -1723073393
74.720 194 -1723073393
74.747 199 -1723073393
74.773 203 -1723073393
74.800 208 -1723073393
74.827 214 -1723073393
74.853 221 -1723073393
74.880 226 -1723073393
74.907 229 -1723073393
74.933 230 -1723073393
74.960 233 -1723073393
74.987 235 -1723073393
75.013 239 -1723073393
75.040 246 -1723073393
75.067 251 -1723073393
75.093 253 -1723073393
75.120 257 -1723073393
75.147 260 -1723073393
75.173 261 -1723073393
75.200 258 -1723073393
75.227 258 -1723073393
75.253 260 -1723073393
75.280 262 -1723073393
75.307 263 -1723073393
75.333 265 -1723073393
75.360 268 -1723073393
75.387 269 -1723073393
75.413 269 -1723073393
75.440 266 -1723073393
75.467 259 -1723073393
75.493 254 -1723073393
75.520 249 -1723073393
75.547 241 -1723073393
75.573 235 -1723073393
75.600 235 -1723073393
75.627 236 -1723073393
75.653 237 -1723073393
75.680 242 -1723073393
75.707 247 -1723073393
75.733 252 -1723073393
75.760 257 -1723073393
75.787 257 -1723073393
75.813 252 -1723073393
75.840 247 -1723073393
75.867 244 -1723073393
75.893 238 -1723073393
75.920 229 -1723073393
75.947 218 -1723073393
75.973 206 -1723073393
76.000 191 -1723073393
76.027 176 -1723073393
76.053 164 -1723073393
76.080 156 -1723073393
76.107 150 -1723073393
76.133 146 -1723073393
76.160 142 -1723073393
76.187 139 -1723073393
76.213 138 -1723073393
76.240 136 -1723073393
76.267 135 -1723073393
76.293 134 -1723073393
76.320 140 -1723073393
76.347 151 -1723073393
76.373 161 -1723073393
76.400 172 -1723073393
76.427 183 -1723073393
76.453 192 -1723073393
76.480 202 -1723073393
76.507 213 -1723073393
76.533 225 -1723073393
76.560 240 -1723073393
76.587 259 -1723073393
76.613 278 -1723073393
76.640 296 -1723073393
76.667 314 -1723073393
76.693 328 -1723073393
76.720 339 -1723073393
76.747 352 -1723073393
76.773 364 -1723073393
76.800 372 -1723073393
76.827 379 -1723073393
76.853 385 -1723073393
76.880 390 -1723073393
76.907 396 -1723073393
76.933 399 -1723073393
76.960 400 -1723073393
76.987 401 -1723073393
77.013 400 -1723073393
77.040 394 -1723073393
77.067 392 -1723073393
77.093 390 -1723073393
77.120 383 -1723073393
77.147 373 -1723073393
77.173 361 -1723073393
77.200 341 -1723073393
77.227 325 -1723073393
77.253 314 -1723073393
77.280 305 -1723073393
77.307 297 -1723073393
77.333 289 -1723073393
77.360 284 -1723073393
77.387 281 -1723073393
77.413 280 -1723073393
77.440 281 -1723073393
77.467 282 -1723073393
77.493 283 -1723073393
77.520 283 -1723073393
77.547 285 -1723073393
77.573 295 -1723073393
77.600 309 -1723073393
77.627 321 -1723073393
77.653 336 -1723073393
77.680 353 -1723073393
77.707 365 -1723073393
77.733 373 -1723073393
77.760 378 -1723073393
77.787 381 -1723073393
77.813 378 -1723073393
77.840 374 -1723073393
77.867 369 -1723073393
77.893 359 -1723073393
77.920 349 -1723073393
77.947 338 -1723073393
77.973 331 -1723073393
78.000 321 -1723073393
78.027 302 -1723073393
78.053 282 -1723073393
78.080 262 -1723073393
78.107 244 -1723073393
78.133 229 -1723073393
78.160 218 -1723073393
78.187 209 -1723073393
78.213 203 -1723073393
78.240 201 -1723073393
78.267 203 -1723073393
78.293 213 -1723073393
78.320 227 -1723073393
78.347 240 -1723073393
78.373 252 -1723073393
78.400 267 -1723073393
78.427 279 -1723073393
78.453 284 -1723073393
78.480 288 -1723073393
78.507 294 -1723073393
78.533 300 -1723073393
78.560 307 -1723073393
78.587 313 -1723073393
78.613 315 -1723073393
78.640 315 -1723073393
78.667 313 -1723073393
78.693 305 -1723073393
78.720 292 -1723073393
78.747 277 -1723073393
78.773 258 -1723073393
78.800 238 -1723073393
78.827 224 -1723073393
78.853 210 -1723073393
78.880 190 -1723073393
78.907 173 -1723073393
78.933 160 -1723073393
78.960 148 -1723073393
78.987 137 -1723073393
79.013 130 -1723073393
79.040 121 -1723073393
79.067 117 -1723073393
79.093 121 -1723073393
79.120 127 -1723073393
79.147 132 -1723073393
79.173 136 -1723073393
79.200 136 -1723073393
79.227 137 -1723073393
79.253 144 -1723073393
79.280 154 -1723073393
79.307 169 -1723073393
79.333 188 -1723073393
79.360 205 -1723073393
79.387 222 -1723073393
79.413 235 -1723073393
79.440 243 -1723073393
79.467 247 -1723073393
79.493 248 -1723073393
79.520 247 -1723073393
79.547 242 -1723073393
79.573 235 -1723073393
79.600 232 -1723073393
79.627 227 -1723073393
79.653 216 -1723073393
79.680 202 -1723073393
79.707 190 -1723073393
79.733 175 -1723073393
79.760 159 -1723073393
79.787 147 -1723073393
79.813 133 -1723073393
79.840 121 -1723073393
79.867 116 -1723073393
79.893 113 -1723073393
79.920 108 -1723073393
79.947 108 -1723073393
79.973 113 -1723073393
80.000 118 -1723073393
80.027 129 -1723073393
80.053 144 -1723073393
80.080 155 -1723073393
80.107 166 -1723073393
80.133 182 -1723073393
80.160 193 -1723073393
80.187 205 -1723073393
80.213 216 -1723073393
80.240 228 -1723073393
80.267 240 -1723073393
80.293 254 -1723073393
80.320 263 -1723073393
80.347 268 -1723073393
80.373 278 -1723073393
80.400 286 -1723073393
80.427 287 -1723073393
80.453 291 -1723073393
80.480 295 -1723073393
80.507 293 -1723073393
80.533 295 -1723073393
80.560 296 -1723073393
80.587 286 -1723073393
80.613 277 -1723073393
80.640 272 -1723073393
80.667 265 -1723073393
80.693 256 -1723073393
80.720 252 -1723073393
80.747 251 -1723073393
80.773 249 -1723073393
80.800 247 -1723073393
80.827 243 -1723073393
80.853 230 -1723073393
80.880 219 -1723073393
80.907 211 -1723073393
80.933 201 -1723073393
80.960 196 -1723073393
80.987 195 -1723073393
81.013 193 -1723073393
81.040 189 -1723073393
81.067 187 -1723073393
81.093 183 -1723073393
81.120 181 -1723073393
81.147 185 -1723073393
81.173 190 -1723073393
81.200 194 -1723073393
81.227 202 -1723073393
81.253 209 -1723073393
81.280 209 -1723073393
81.307 205 -1723073393
81.333 201 -1723073393
81.360 192 -1723073393
81.387 188 -1723073393
81.413 188 -1723073393
81.440 179 -1723073393
81.467 165 -1723073393
81.493 157 -1723073393
81.520 148 -1723073393
81.547 142 -1723073393
81.573 143 -1723073393
81.600 144 -1723073393
81.627 141 -1723073393
81.653 142 -1723073393
81.680 146 -1723073393
81.707 150 -1723073393
81.733 158 -1723073393
81.760 167 -1723073393
81.787 175 -1723073393
81.813 188 -1723073393
81.840 208 -1723073393
81.867 224 -1723073393
81.893 243 -1723073393
81.920 265 -1723073393
81.947 281 -1723073393
81.973 296 -1723073393
82.000 314 -1723073393
82.027 330 -1723073393
82.053 345 -1723073393
82.080 360 -1723073393
82.107 369 -1723073393
82.133 376 -1723073393
82.160 386 -1723073393
82.187 392 -1723073393
82.213 391 -1723073393
82.240 392 -1723073393
82.267 392 -1723073393
82.293 384 -1723073393
82.320 374 -1723073393
82.347 360 -1723073393
82.373 340 -1723073393
82.400 320 -1723073393
82.427 303 -1723073393
82.453 287 -1723073393
82.480 273 -1723073393
82.507 264 -1723073393
82.533 254 -1723073393
82.560 243 -1723073393
82.587 234 -1723073393
82.613 231 -1723073393
82.640 229 -1723073393
82.667 230 -1723073393
82.693 231 -1723073393
82.720 228 -1723073393
82.747 229 -1723073393
82.773 239 -1723073393
82.800 251 -1723073393
82.827 257 -1723073393
82.853 263 -1723073393
82.880 267 -1723073393
82.907 271 -1723073393
82.933 275 -1723073393
82.960 271 -1723073393
82.987 266 -1723073393
83.013 263 -1723073393
83.040 257 -1723073393
83.067 247 -1723073393
83.093 243 -1723073393
83.120 237 -1723073393
83.147 232 -1723073393
83.173 229 -1723073393
83.200 223 -1723073393
83.227 213 -1723073393
83.253 209 -1723073393
83.280 208 -1723073393
83.307 206 -1723073393
83.333 207 -1723073393
83.360 207 -1723073393
83.387 200 -1723073393
83.413 197 -1723073393
83.440 203 -1723073393
83.467 210 -1723073393
83.493 222 -1723073393
83.520 237 -1723073393
83.547 244 -1723073393
83.573 248 -1723073393
83.600 256 -1723073393
83.627 257 -1723073393
83.653 256 -1723073393
83.680 257 -1723073393
83.707 256 -1723073393
83.733 255 -1723073393
83.760 258 -1723073393
83.787 260 -1723073393
83.813 256 -1723073393
83.840 255 -1723073393
83.867 254 -1723073393
83.893 251 -1723073393
83.920 249 -1723073393
83.947 249 -1723073393
83.973 248 -1723073393
84.000 249 -1723073393
84.027 252 -1723073393
84.053 254 -1723073393
84.080 258 -1723073393
84.107 262 -1723073393
84.133 261 -1723073393
84.160 255 -1723073393
84.187 253 -1723073393
84.213 250 -1723073393
84.240 250 -1723073393
84.267 253 -1723073393
84.293 254 -1723073393
84.320 249 -1723073393
84.347 242 -1723073393
84.373 232 -1723073393
84.400 224 -1723073393
84.427 218 -1723073393
84.453 209 -1723073393
84.480 200 -1723073393
84.507 196 -1723073393
84.533 196 -1723073393
84.560 200 -1723073393
84.587 202 -1723073393
84.613 207 -1723073393
84.640 209 -1723073393
84.667 211 -1723073393
84.693 212 -1723073393
84.720 217 -1723073393
84.747 219 -1723073393
84.773 218 -1723073393
84.800 215 -1723073393
84.827 212 -1723073393
84.853 210 -1723073393
84.880 206 -1723073393
84.907 203 -1723073393
84.933 202 -1723073393
84.960 200 -1723073393
84.987 194 -1723073393
85.013 190 -1723073393
85.040 186 -1723073393
85.067 185 -1723073393
85.093 187 -1723073393
85.120 187 -1723073393
85.147 189 -1723073393
85.173 193 -1723073393
85.200 194 -1723073393
85.227 191 -1723073393
85.253 186 -1723073393
85.280 185 -1723073393
85.307 186 -1723073393
85.333 188 -1723073393
85.360 191 -1723073393
85.387 197 -1723073393
85.413 207 -1723073393
85.440 217 -1723073393
85.467 222 -1723073393
85.493 228 -1723073393
85.520 234 -1723073393
85.547 236 -1723073393
85.573 238 -1723073393
85.600 243 -1723073393
85.627 245 -1723073393
85.653 249 -1723073393
85.680 251 -1723073393
85.707 253 -1723073393
85.733 255 -1723073393
85.760 260 -1723073393
85.787 265 -1723073393
85.813 270 -1723073393
85.840 276 -1723073393
85.867 281 -1723073393
85.893 286 -1723073393
85.920 287 -1723073393
85.947 280 -1723073393
85.973 277 -1723073393
86.000 284 -1723073393
86.027 288 -1723073393
86.053 285 -1723073393
86.080 276 -1723073393
86.107 269 -1723073393
86.133 263 -1723073393
86.160 258 -1723073393
86.187 251 -1723073393
86.213 242 -1723073393
86.240 232 -1723073393
86.267 223 -1723073393
86.293 215 -1723073393
86.320 209 -1723073393
86.347 200 -1723073393
86.373 189 -1723073393
86.400 181 -1723073393
86.427 173 -1723073393
86.453 161 -1723073393
86.480 158 -1723073393
86.507 159 -1723073393
86.533 159 -1723073393
86.560 161 -1723073393
86.587 161 -1723073393
86.613 153 -1723073393
86.640 148 -1723073393
86.667 144 -1723073393
86.693 137 -1723073393
86.720 136 -1723073393
86.747 139 -1723073393
86.773 140 -1723073393
86.800 146 -1723073393
86.827 156 -1723073393
86.853 164 -1723073393
86.880 171 -1723073393
86.907 181 -1723073393
86.933 187 -1723073393
86.960 195 -1723073393
86.987 203 -1723073393
87.013 206 -1723073393
87.040 212 -1723073393
87.067 223 -1723073393
87.093 233 -1723073393
87.120 241 -1723073393
87.147 248 -1723073393
87.173 252 -1723073393
87.200 253 -1723073393
87.227 252 -1723073393
87.253 249 -1723073393
87.280 251 -1723073393
87.307 253 -1723073393
87.333 249 -1723073393
87.360 240 -1723073393
87.387 234 -1723073393
87.413 227 -1723073393
87.440 224 -1723073393
87.467 227 -1723073393
87.493 229 -1723073393
87.520 229 -1723073393
87.547 230 -1723073393
87.573 230 -1723073393
87.600 236 -1723073393
87.627 245 -1723073393
87.653 254 -1723073393
87.680 260 -1723073393
87.707 265 -1723073393
87.733 269 -1723073393
87.760 269 -1723073393
87.787 271 -1723073393
87.813 275 -1723073393
87.840 275 -1723073393
87.867 270 -1723073393
87.893 262 -1723073393
87.920 253 -1723073393
87.947 245 -1723073393
87.973 242 -1723073393
88.000 238 -1723073393
88.027 234 -1723073393
88.053 228 -1723073393
88.080 221 -1723073393
88.107 217 -1723073393
88.133 212 -1723073393
88.160 205 -1723073393
88.187 196 -1723073393
88.213 185 -1723073393
88.240 180 -1723073393
88.267 178 -1723073393
88.293 172 -1723073393
88.320 167 -1723073393
88.347 170 -1723073393
88.373 177 -1723073393
88.400 185 -1723073393
88.427 191 -1723073393
88.453 193 -1723073393
88.480 194 -1723073393
88.507 200 -1723073393
88.533 205 -1723073393
88.560 208 -1723073393
88.587 217 -1723073393
88.613 223 -1723073393
88.640 226 -1723073393
88.667 230 -1723073393
88.693 228 -1723073393
88.720 224 -1723073393
88.747 221 -1723073393
88.773 217 -1723073393
88.800 217 -1723073393
88.827 215 -1723073393
88.853 211 -1723073393
88.880 208 -1723073393
88.907 211 -1723073393
88.933 214 -1723073393
88.960 211 -1723073393
88.987 209 -1723073393
89.013 205 -1723073393
89.040 203 -1723073393
89.067 201 -1723073393
89.093 197 -1723073393
89.120 197 -1723073393
89.147 196 -1723073393
89.173 194 -1723073393
89.200 194 -1723073393
89.227 190 -1723073393
89.253 183 -1723073393
89.280 181 -1723073393
89.307 182 -1723073393
89.333 181 -1723073393
89.360 182 -1723073393
89.387 183 -1723073393
89.413 182 -1723073393
89.440 184 -1723073393
89.467 186 -1723073393
89.493 187 -1723073393
89.520 192 -1723073393
89.547 198 -1723073393
89.573 200 -1723073393
89.600 204 -1723073393
89.627 204 -1723073393
89.653 201 -1723073393
89.680 200 -1723073393
89.707 199 -1723073393
89.733 195 -1723073393
89.760 196 -1723073393
89.787 192 -1723073393
89.813 184 -1723073393
89.840 183 -1723073393
89.867 180 -1723073393
89.893 174 -1723073393
89.920 169 -1723073393
89.947 161 -1723073393
89.973 151 -1723073393
90.000 146 -1723073393
90.027 143 -1723073393
90.053 145 -1723073393
90.080 147 -1723073393
90.107 148 -1723073393
90.133 150 -1723073393
90.160 152 -1723073393
90.187 151 -1723073393
90.213 151 -1723073393
90.240 152 -1723073393
90.267 154 -1723073393
90.293 156 -1723073393
90.320 160 -1723073393
90.347 165 -1723073393
90.373 170 -1723073393
90.400 173 -1723073393
90.427 177 -1723073393
90.453 181 -1723073393
90.480 183 -1723073393
90.507 186 -1723073393
90.533 190 -1723073393
90.560 192 -1723073393
90.587 191 -1723073393
90.613 190 -1723073393
90.640 188 -1723073393
90.667 186 -1723073393
90.693 187 -1723073393
90.720 191 -1723073393
90.747 196 -1723073393
90.773 196 -1723073393
90.800 193 -1723073393
90.827 194 -1723073393
90.853 202 -1723073393
90.880 210 -1723073393
90.907 214 -1723073393
90.933 215 -1723073393
90.960 222 -1723073393
90.987 229 -1723073393
91.013 237 -1723073393
91.040 246 -1723073393
91.067 250 -1723073393
91.093 252 -1723073393
91.120 258 -1723073393
91.147 272 -1723073393
91.173 287 -1723073393
91.200 301 -1723073393
91.227 316 -1723073393
91.253 332 -1723073393
91.280 344 -1723073393
91.307 350 -1723073393
91.333 357 -1723073393
91.360 365 -1723073393
91.387 376 -1723073393
91.413 382 -1723073393
91.440 384 -1723073393
91.467 385 -1723073393
91.493 384 -1723073393
91.520 381 -1723073393
91.547 373 -1723073393
91.573 366 -1723073393
91.600 358 -1723073393
91.627 351 -1723073393
91.653 344 -1723073393
91.680 330 -1723073393
91.707 318 -1723073393
91.733 311 -1723073393
91.760 302 -1723073393
91.787 295 -1723073393
91.813 288 -1723073393
91.840 281 -1723073393
91.867 274 -1723073393
91.893 266 -1723073393
91.920 264 -1723073393
91.947 270 -1723073393
91.973 276 -1723073393
92.000 284 -1723073393
92.027 294 -1723073393
92.053 299 -1723073393
92.080 306 -1723073393
92.107 315 -1723073393
92.133 322 -1723073393
92.160 329 -1723073393
92.187 340 -1723073393
92.213 346 -1723073393
92.240 348 -1723073393
92.267 353 -1723073393
92.293 357 -1723073393
92.320 360 -1723073393
92.347 359 -1723073393
92.373 358 -1723073393
92.400 355 -1723073393
92.427 350 -1723073393
92.453 348 -1723073393
92.480 349 -1723073393
92.507 346 -1723073393
92.533 343 -1723073393
92.560 338 -1723073393
92.587 329 -1723073393
92.613 322 -1723073393
92.640 316 -1723073393
92.667 321 -1723073393
92.693 335 -1723073393
92.720 343 -1723073393
92.747 348 -1723073393
92.773 350 -1723073393
92.800 349 -1723073393
92.827 350 -1723073393
92.853 346 -1723073393
92.880 345 -1723073393
92.907 353 -1723073393
92.933 360 -1723073393
92.960 370 -1723073393
92.987 384 -1723073393
93.013 394 -1723073393
93.040 401 -1723073393
93.067 402 -1723073393
93.093 401 -1723073393
93.120 409 -1723073393
93.147 414 -1723073393
93.173 415 -1723073393
93.200 416 -1723073393
93.227 411 -1723073393
93.253 403 -1723073393
93.280 394 -1723073393
93.307 384 -1723073393
93.333 377 -1723073393
93.360 371 -1723073393
93.387 363 -1723073393
93.413 354 -1723073393
93.440 343 -1723073393
93.467 330 -1723073393
93.493 317 -1723073393
93.520 303 -1723073393
93.547 297 -1723073393
93.573 290 -1723073393
93.600 280 -1723073393
93.627 277 -1723073393
93.653 277 -1723073393
93.680 278 -1723073393
93.707 279 -1723073393
93.733 281 -1723073393
93.760 283 -1723073393
93.787 285 -1723073393
93.813 292 -1723073393
93.840 303 -1723073393
93.867 312 -1723073393
93.893 319 -1723073393
93.920 326 -1723073393
93.947 332 -1723073393
93.973 340 -1723073393
94.000 347 -1723073393
94.027 351 -1723073393
94.053 355 -1723073393
94.080 354 -1723073393
94.107 354 -1723073393
94.133 352 -1723073393
94.160 342 -1723073393
94.187 339 -1723073393
94.213 337 -1723073393
94.240 331 -1723073393
94.267 327 -1723073393
94.293 318 -1723073393
94.320 310 -1723073393
94.347 304 -1723073393
94.373 297 -1723073393
94.400 290 -1723073393
94.427 283 -1723073393
94.453 281 -1723073393
94.480 283 -1723073393
94.507 277 -1723073393
94.533 278 -1723073393
94.560 283 -1723073393
94.587 282 -1723073393
94.613 291 -1723073393
94.640 294 -1723073393
94.667 298 -1723073393
94.693 303 -1723073393
94.720 299 -1723073393
94.747 300 -1723073393
94.773 297 -1723073393
94.800 295 -1723073393
94.827 302 -1723073393
94.853 307 -1723073393
94.880 316 -1723073393
94.907 327 -1723073393
94.933 330 -1723073393
94.960 334 -1723073393
94.987 337 -1723073393
95.013 338 -1723073393
95.040 335 -1723073393
95.067 328 -1723073393
95.093 325 -1723073393
95.120 322 -1723073393
95.147 317 -1723073393
95.173 309 -1723073393
95.200 294 -1723073393
95.227 283 -1723073393
95.253 272 -1723073393
95.280 262 -1723073393
95.307 256 -1723073393
95.333 244 -1723073393
95.360 239 -1723073393
95.387 237 -1723073393
95.413 234 -1723073393
95.440 231 -1723073393
95.467 225 -1723073393
95.493 227 -1723073393
95.520 230 -1723073393
95.547 227 -1723073393
95.573 226 -1723073393
95.600 221 -1723073393
95.627 219 -1723073393
95.653 222 -1723073393
95.680 221 -1723073393
95.707 223 -1723073393
95.733 220 -1723073393
95.760 216 -1723073393
95.787 212 -1723073393
95.813 200 -1723073393
95.840 198 -1723073393
95.867 194 -1723073393
95.893 191 -1723073393
95.920 193 -1723073393
95.947 190 -1723073393
95.973 184 -1723073393
96.000 175 -1723073393
96.027 166 -1723073393
96.053 160 -1723073393
96.080 150 -1723073393
96.107 144 -1723073393
96.133 134 -1723073393
96.160 130 -1723073393
96.187 125 -1723073393
96.213 120 -1723073393
96.240 123 -1723073393
96.267 123 -1723073393
96.293 130 -1723073393
96.320 136 -1723073393
96.347 136 -1723073393
96.373 141 -1723073393
96.400 141 -1723073393
96.427 146 -1723073393
96.453 152 -1723073393
96.480 150 -1723073393
96.507 146 -1723073393
96.533 142 -1723073393
96.560 144 -1723073393
96.587 150 -1723073393
96.613 148 -1723073393
96.640 143 -1723073393
96.667 144 -1723073393
96.693 152 -1723073393
96.720 148 -1723073393
96.747 142 -1723073393
96.773 134 -1723073393
96.800 127 -1723073393
96.827 126 -1723073393
96.853 121 -1723073393
96.880 115 -1723073393
96.907 108 -1723073393
96.933 100 -1723073393
96.960 98 -1723073393
96.987 88 -1723073393
97.013 78 -1723073393
97.040 71 -1723073393
97.067 68 -1723073393
97.093 67 -1723073393
97.120 52 -1723073393
97.147 50 -1723073393
97.173 44 -1723073393
97.200 43 -1723073393
97.227 44 -1723073393
97.253 31 -1723073393
97.280 32 -1723073393
97.307 32 -1723073393
97.333 40 -1723073393
97.360 38 -1723073393
97.387 26 -1723073393
97.413 22 -1723073393
97.440 15 -1723073393
97.467 20 -1723073393
97.493 18 -1723073393
97.520 22 -1723073393
97.547 29 -1723073393
97.573 29 -1723073393
97.600 35 -1723073393
97.627 29 -1723073393
97.653 36 -1723073393
97.680 40 -1723073393
97.707 52 -1723073393
97.733 62 -1723073393
97.760 64 -1723073393
97.787 69 -1723073393
97.813 65 -1723073393
97.840 69 -1723073393
97.867 68 -1723073393
97.893 72 -1723073393
97.920 76 -1723073393
97.947 72 -1723073393
97.973 77 -1723073393
98.000 73 -1723073393
98.027 77 -1723073393
98.053 73 -1723073393
98.080 72 -1723073393
98.107 67 -1723073393
98.133 63 -1723073393
98.160 71 -1723073393
98.187 71 -1723073393
98.213 77 -1723073393
98.240 72 -1723073393
98.267 74 -1723073393
98.293 71 -1723073393
98.320 76 -1723073393
98.347 84 -1723073393
98.373 89 -1723073393
98.400 98 -1723073393
98.427 95 -1723073393
98.453 103 -1723073393
98.480 103 -1723073393
98.507 103 -1723073393
98.533 99 -1723073393
98.560 92 -1723073393
98.587 85 -1723073393
98.613 77 -1723073393
98.640 71 -1723073393
98.667 65 -1723073393
98.693 63 -1723073393
98.720 53 -1723073393
98.747 43 -1723073393
98.773 30 -1723073393
98.800 24 -1723073393
98.827 14 -1723073393
98.853 10 -1723073393
98.880 7 -1723073393
98.907 -6 -1723073393
98.933 -16 -1723073393
98.960 -21 -1723073393
98.987 -20 -1723073393
99.013 -19 -1723073393
99.040 -3 -1723073393
99.067 0 -1723073393
99.093 6 -1723073393
99.120 7 -1723073393
99.147 14 -1723073393
99.173 13 -1723073393
99.200 9 -1723073393
99.227 1 -1723073393
99.253 3 -1723073393
99.280 0 -1723073393
99.307 -4 -1723073393
99.333 0 -1723073393
99.360 0 -1723073393
99.387 8 -1723073393
99.413 4 -1723073393
99.440 7 -1723073393
99.467 2 -1723073393
99.493 4 -1723073393
99.520 -3 -1723073393
99.547 1 -1723073393
99.573 -3 -1723073393
99.600 0 -1723073393
99.627 -5 -1723073393
99.653 -1 -1723073393
99.680 2 -1723073393
99.707 -5 -1723073393
99.733 -13 -1723073393
99.760 -1 -1723073393
99.787 11 -1723073393
99.813 9 -1723073393
99.840 7 -1723073393
99.867 3 -1723073393
99.893 3 -1723073393
99.920 9 -1723073393
99.947 18 -1723073393
99.973 17 -1723073393
100.000 0 -1723073393
