0.000 20 -1723073393
0.027 21 -1723073393
0.053 20 -1723073393
0.080 26 -1723073393
0.107 28 -1723073393
0.133 25 -1723073393
0.160 32 -1723073393
0.187 35 -1723073393
0.213 33 -1723073393
0.240 36 -1723073393
0.267 39 -1723073393
0.293 42 -1723073393
0.320 43 -1723073393
0.347 37 -1723073393
0.373 34 -1723073393
0.400 28 -1723073393
0.427 20 -1723073393
0.453 29 -1723073393
0.480 32 -1723073393
0.507 30 -1723073393
0.533 34 -1723073393
0.560 26 -1723073393
0.587 19 -1723073393
0.613 15 -1723073393
0.640 7 -1723073393
0.667 5 -1723073393
0.693 4 -1723073393
0.720 -1 -1723073393
0.747 1 -1723073393
0.773 5 -1723073393
0.800 2 -1723073393
0.827 0 -1723073393
0.853 -5 -1723073393
0.880 -7 -1723073393
0.907 0 -1723073393
0.933 6 -1723073393
0.960 9 -1723073393
0.987 13 -1723073393
1.013 13 -1723073393
1.040 9 -1723073393
1.067 4 -1723073393
1.093 -4 -1723073393
1.120 -8 -1723073393
1.147 -10 -1723073393
1.173 -11 -1723073393
1.200 -10 -1723073393
1.227 -11 -1723073393
1.253 -11 -1723073393
1.280 -10 -1723073393
1.307 -13 -1723073393
1.333 -15 -1723073393
1.360 -13 -1723073393
1.387 -11 -1723073393
1.413 -11 -1723073393
1.440 -12 -1723073393
1.467 -16 -1723073393
1.493 -17 -1723073393
1.520 -17 -1723073393
1.547 -18 -1723073393
1.573 -18 -1723073393
1.600 -16 -1723073393
1.627 -16 -1723073393
1.653 -13 -1723073393
1.680 -14 -1723073393
1.707 -15 -1723073393
1.733 -13 -1723073393
1.760 -15 -1723073393
1.787 -19 -1723073393
1.813 -22 -1723073393
1.840 -23 -1723073393
1.867 -19 -1723073393
1.893 -15 -1723073393
1.920 -13 -1723073393
1.947 -8 -1723073393
1.973 -7 -1723073393
2.000 -10 -1723073393
2.027 -12 -1723073393
2.053 -15 -1723073393
2.080 -15 -1723073393
2.107 -10 -1723073393
2.133 -7 -1723073393
2.160 -5 -1723073393
2.187 -6 -1723073393
2.213 -13 -1723073393
2.240 -10 -1723073393
2.267 -9 -1723073393
2.293 -12 -1723073393
2.320 -15 -1723073393
2.347 -19 -1723073393
2.373 -22 -1723073393
2.400 -25 -1723073393
2.427 -29 -1723073393
2.453 -27 -1723073393
2.480 -21 -1723073393
2.507 -19 -1723073393
2.533 -14 -1723073393
2.560 -10 -1723073393
2.587 -9 -1723073393
2.613 -8 -1723073393
2.640 -9 -1723073393
2.667 -9 -1723073393
2.693 -12 -1723073393
2.720 -18 -1723073393
2.747 -21 -1723073393
2.773 -23 -1723073393
2.800 -23 -1723073393
2.827 -19 -1723073393
2.853 -20 -1723073393
2.880 -24 -1723073393
2.907 -20 -1723073393
2.933 -20 -1723073393
2.960 -23 -1723073393
2.987 -26 -1723073393
3.013 -27 -1723073393
3.040 -22 -1723073393
3.067 -20 -1723073393
3.093 -19 -1723073393
3.120 -19 -1723073393
3.147 -23 -1723073393
3.173 -29 -1723073393
3.200 -30 -1723073393
3.227 -33 -1723073393
3.253 -34 -1723073393
3.280 -29 -1723073393
3.307 -21 -1723073393
3.333 -16 -1723073393
3.360 -14 -1723073393
3.387 -12 -1723073393
3.413 -11 -1723073393
3.440 -15 -1723073393
3.467 -18 -1723073393
3.493 -19 -1723073393
3.520 -22 -1723073393
3.547 -25 -1723073393
3.573 -24 -1723073393
3.600 -24 -1723073393
3.627 -26 -1723073393
3.653 -27 -1723073393
3.680 -31 -1723073393
3.707 -34 -1723073393
3.733 -31 -1723073393
3.760 -26 -1723073393
3.787 -21 -1723073393
3.813 -15 -1723073393
3.840 -12 -1723073393
3.867 -7 -1723073393
3.893 -5 -1723073393
3.920 -9 -1723073393
3.947 -9 -1723073393
3.973 -10 -1723073393
4.000 -15 -1723073393
4.027 -17 -1723073393
4.053 -23 -1723073393
4.080 -25 -1723073393
4.107 -22 -1723073393
4.133 -28 -1723073393
4.160 -32 -1723073393
4.187 -29 -1723073393
4.213 -30 -1723073393
4.240 -28 -1723073393
4.267 -32 -1723073393
4.293 -36 -1723073393
4.320 -33 -1723073393
4.347 -30 -1723073393
4.373 -28 -1723073393
4.400 -21 -1723073393
4.427 -20 -1723073393
4.453 -21 -1723073393
4.480 -18 -1723073393
4.507 -21 -1723073393
4.533 -24 -1723073393
4.560 -25 -1723073393
4.587 -25 -1723073393
4.613 -18 -1723073393
4.640 -11 -1723073393
4.667 -10 -1723073393
4.693 -10 -1723073393
4.720 -14 -1723073393
4.747 -15 -1723073393
4.773 -10 -1723073393
4.800 -18 -1723073393
4.827 -23 -1723073393
4.853 -23 -1723073393
4.880 -32 -1723073393
4.907 -32 -1723073393
4.933 -29 -1723073393
4.960 -24 -1723073393
4.987 -11 -1723073393
5.013 -4 -1723073393
5.040 -6 -1723073393
5.067 -5 -1723073393
5.093 -9 -1723073393
5.120 -14 -1723073393
5.147 -12 -1723073393
5.173 -9 -1723073393
5.200 -7 -1723073393
5.227 -6 -1723073393
5.253 -7 -1723073393
5.280 -9 -1723073393
5.307 -14 -1723073393
5.333 -16 -1723073393
5.360 -15 -1723073393
5.387 -16 -1723073393
5.413 -10 -1723073393
5.440 -2 -1723073393
5.467 0 -1723073393
5.493 8 -1723073393
5.520 8 -1723073393
5.547 1 -1723073393
5.573 0 -1723073393
5.600 -3 -1723073393
5.627 -5 -1723073393
5.653 -9 -1723073393
5.680 -13 -1723073393
5.707 -12 -1723073393
5.733 -3 -1723073393
5.760 1 -1723073393
5.787 6 -1723073393
5.813 4 -1723073393
5.840 -5 -1723073393
5.867 -9 -1723073393
5.893 -11 -1723073393
5.920 -15 -1723073393
5.947 -12 -1723073393
5.973 -12 -1723073393
6.000 -13 -1723073393
6.027 -6 -1723073393
6.053 -4 -1723073393
6.080 -3 -1723073393
6.107 0 -1723073393
6.133 -1 -1723073393
6.160 -4 -1723073393
6.187 -6 -1723073393
6.213 -9 -1723073393
6.240 -10 -1723073393
6.267 -12 -1723073393
6.293 -16 -1723073393
6.320 -17 -1723073393
6.347 -16 -1723073393
6.373 -14 -1723073393
6.400 -8 -1723073393
6.427 -8 -1723073393
6.453 -11 -1723073393
6.480 -12 -1723073393
6.507 -14 -1723073393
6.533 -15 -1723073393
6.560 -16 -1723073393
6.587 -18 -1723073393
6.613 -14 -1723073393
6.640 -14 -1723073393
6.667 -12 -1723073393
6.693 -7 -1723073393
6.720 -10 -1723073393
6.747 -14 -1723073393
6.773 -9 -1723073393
6.800 -11 -1723073393
6.827 -15 -1723073393
6.853 -17 -1723073393
6.880 -26 -1723073393
6.907 -26 -1723073393
6.933 -21 -1723073393
6.960 -25 -1723073393
6.987 -25 -1723073393
7.013 -23 -1723073393
7.040 -20 -1723073393
7.067 -16 -1723073393
7.093 -21 -1723073393
7.120 -21 -1723073393
7.147 -16 -1723073393
7.173 -26 -1723073393
7.200 -32 -1723073393
7.227 -32 -1723073393
7.253 -39 -1723073393
7.280 -36 -1723073393
7.307 -30 -1723073393
7.333 -28 -1723073393
7.360 -19 -1723073393
7.387 -17 -1723073393
7.413 -24 -1723073393
7.440 -25 -1723073393
7.467 -34 -1723073393
7.493 -40 -1723073393
7.520 -39 -1723073393
7.547 -45 -1723073393
7.573 -45 -1723073393
7.600 -40 -1723073393
7.627 -43 -1723073393
7.653 -40 -1723073393
7.680 -36 -1723073393
7.707 -36 -1723073393
7.733 -28 -1723073393
7.760 -23 -1723073393
7.787 -24 -1723073393
7.813 -20 -1723073393
7.840 -23 -1723073393
7.867 -27 -1723073393
7.893 -26 -1723073393
7.920 -29 -1723073393
7.947 -28 -1723073393
7.973 -25 -1723073393
8.000 -25 -1723073393
8.027 -21 -1723073393
8.053 -24 -1723073393
8.080 -30 -1723073393
8.107 -26 -1723073393
8.133 -27 -1723073393
8.160 -31 -1723073393
8.187 -29 -1723073393
8.213 -36 -1723073393
8.240 -42 -1723073393
8.267 -41 -1723073393
8.293 -40 -1723073393
8.320 -32 -1723073393
8.347 -23 -1723073393
8.373 -22 -1723073393
8.400 -16 -1723073393
8.427 -14 -1723073393
8.453 -18 -1723073393
8.480 -14 -1723073393
8.507 -11 -1723073393
8.533 -7 -1723073393
8.560 2 -1723073393
8.587 4 -1723073393
8.613 1 -1723073393
8.640 -2 -1723073393
8.667 -11 -1723073393
8.693 -15 -1723073393
8.720 -17 -1723073393
8.747 -19 -1723073393
8.773 -10 -1723073393
8.800 -3 -1723073393
8.827 -5 -1723073393
8.853 -2 -1723073393
8.880 -7 -1723073393
8.907 -13 -1723073393
8.933 -9 -1723073393
8.960 -14 -1723073393
8.987 -19 -1723073393
9.013 -17 -1723073393
9.040 -22 -1723073393
9.067 -19 -1723073393
9.093 -14 -1723073393
9.120 -24 -1723073393
9.147 -27 -1723073393
9.173 -32 -1723073393
9.200 -34 -1723073393
9.227 -24 -1723073393
9.253 -24 -1723073393
9.280 -30 -1723073393
9.307 -28 -1723073393
9.333 -33 -1723073393
9.360 -38 -1723073393
9.387 -35 -1723073393
9.413 -43 -1723073393
9.440 -50 -1723073393
9.467 -47 -1723073393
9.493 -43 -1723073393
9.520 -36 -1723073393
9.547 -37 -1723073393
9.573 -45 -1723073393
9.600 -44 -1723073393
9.627 -43 -1723073393
9.653 -44 -1723073393
9.680 -41 -1723073393
9.707 -45 -1723073393
9.733 -46 -1723073393
9.760 -39 -1723073393
9.787 -43 -1723073393
9.813 -43 -1723073393
9.840 -36 -1723073393
9.867 -42 -1723073393
9.893 -44 -1723073393
9.920 -43 -1723073393
9.947 -55 -1723073393
9.973 -58 -1723073393
10.000 -60 -1723073393
10.027 -67 -1723073393
10.053 -62 -1723073393
10.080 -61 -1723073393
10.107 -60 -1723073393
10.133 -47 -1723073393
10.160 -45 -1723073393
10.187 -42 -1723073393
10.213 -32 -1723073393
10.240 -28 -1723073393
10.267 -19 -1723073393
10.293 -4 -1723073393
10.320 4 -1723073393
10.347 22 -1723073393
10.373 44 -1723073393
10.400 58 -1723073393
10.427 77 -1723073393
10.453 98 -1723073393
10.480 112 -1723073393
10.507 133 -1723073393
10.533 151 -1723073393
10.560 166 -1723073393
10.587 181 -1723073393
10.613 184 -1723073393
10.640 180 -1723073393
10.667 176 -1723073393
10.693 165 -1723073393
10.720 150 -1723073393
10.747 135 -1723073393
10.773 117 -1723073393
10.800 99 -1723073393
10.827 77 -1723073393
10.853 49 -1723073393
10.880 30 -1723073393
10.907 8 -1723073393
10.933 -14 -1723073393
10.960 -24 -1723073393
10.987 -38 -1723073393
11.013 -49 -1723073393
11.040 -53 -1723073393
11.067 -68 -1723073393
11.093 -73 -1723073393
11.120 -69 -1723073393
11.147 -75 -1723073393
11.173 -72 -1723073393
11.200 -69 -1723073393
11.227 -77 -1723073393
11.253 -73 -1723073393
11.280 -73 -1723073393
11.307 -83 -1723073393
11.333 -84 -1723073393
11.360 -95 -1723073393
11.387 -109 -1723073393
11.413 -106 -1723073393
11.440 -112 -1723073393
11.467 -115 -1723073393
11.493 -108 -1723073393
11.520 -115 -1723073393
11.547 -111 -1723073393
11.573 -105 -1723073393
11.600 -109 -1723073393
11.627 -104 -1723073393
11.653 -103 -1723073393
11.680 -101 -1723073393
11.707 -83 -1723073393
11.733 -68 -1723073393
11.760 -52 -1723073393
11.787 -29 -1723073393
11.813 -16 -1723073393
11.840 -3 -1723073393
11.867 12 -1723073393
11.893 19 -1723073393
11.920 33 -1723073393
11.947 47 -1723073393
11.973 52 -1723073393
12.000 54 -1723073393
12.027 50 -1723073393
12.053 42 -1723073393
12.080 38 -1723073393
12.107 34 -1723073393
12.133 30 -1723073393
12.160 33 -1723073393
12.187 31 -1723073393
12.213 28 -1723073393
12.240 32 -1723073393
12.267 33 -1723073393
12.293 35 -1723073393
12.320 44 -1723073393
12.347 50 -1723073393
12.373 67 -1723073393
12.400 95 -1723073393
12.427 120 -1723073393
12.453 153 -1723073393
12.480 188 -1723073393
12.507 214 -1723073393
12.533 240 -1723073393
12.560 268 -1723073393
12.587 290 -1723073393
12.613 303 -1723073393
12.640 310 -1723073393
12.667 313 -1723073393
12.693 305 -1723073393
12.720 288 -1723073393
12.747 268 -1723073393
12.773 239 -1723073393
12.800 201 -1723073393
12.827 161 -1723073393
12.853 121 -1723073393
12.880 82 -1723073393
12.907 46 -1723073393
12.933 11 -1723073393
12.960 -26 -1723073393
12.987 -54 -1723073393
13.013 -84 -1723073393
13.040 -118 -1723073393
13.067 -134 -1723073393
13.093 -155 -1723073393
13.120 -171 -1723073393
13.147 -164 -1723073393
13.173 -169 -1723073393
13.200 -172 -1723073393
13.227 -163 -1723073393
13.253 -167 -1723073393
13.280 -161 -1723073393
13.307 -142 -1723073393
13.333 -140 -1723073393
13.360 -127 -1723073393
13.387 -113 -1723073393
13.413 -120 -1723073393
13.440 -113 -1723073393
13.467 -107 -1723073393
13.493 -109 -1723073393
13.520 -103 -1723073393
13.547 -110 -1723073393
13.573 -117 -1723073393
13.600 -108 -1723073393
13.627 -114 -1723073393
13.653 -114 -1723073393
13.680 -98 -1723073393
13.707 -95 -1723073393
13.733 -83 -1723073393
13.760 -65 -1723073393
13.787 -52 -1723073393
13.813 -25 -1723073393
13.840 -2 -1723073393
13.867 9 -1723073393
13.893 28 -1723073393
13.920 41 -1723073393
13.947 48 -1723073393
13.973 62 -1723073393
14.000 69 -1723073393
14.027 69 -1723073393
14.053 69 -1723073393
14.080 54 -1723073393
14.107 31 -1723073393
14.133 8 -1723073393
14.160 -24 -1723073393
14.187 -57 -1723073393
14.213 -85 -1723073393
14.240 -120 -1723073393
14.267 -148 -1723073393
14.293 -177 -1723073393
14.320 -214 -1723073393
14.347 -238 -1723073393
14.373 -262 -1723073393
14.400 -294 -1723073393
14.427 -312 -1723073393
14.453 -332 -1723073393
14.480 -351 -1723073393
14.507 -355 -1723073393
14.533 -369 -1723073393
14.560 -385 -1723073393
14.587 -383 -1723073393
14.613 -393 -1723073393
14.640 -404 -1723073393
14.667 -404 -1723073393
14.693 -424 -1723073393
14.720 -431 -1723073393
14.747 -428 -1723073393
14.773 -443 -1723073393
14.800 -446 -1723073393
14.827 -448 -1723073393
14.853 -459 -1723073393
14.880 -449 -1723073393
14.907 -448 -1723073393
14.933 -463 -1723073393
14.960 -459 -1723073393
14.987 -464 -1723073393
15.013 -475 -1723073393
15.040 -463 -1723073393
15.067 -466 -1723073393
15.093 -469 -1723073393
15.120 -457 -1723073393
15.147 -468 -1723073393
15.173 -475 -1723073393
15.200 -465 -1723073393
15.227 -471 -1723073393
15.253 -463 -1723073393
15.280 -451 -1723073393
15.307 -463 -1723073393
15.333 -459 -1723073393
15.360 -451 -1723073393
15.387 -460 -1723073393
15.413 -453 -1723073393
15.440 -458 -1723073393
15.467 -479 -1723073393
15.493 -479 -1723073393
15.520 -493 -1723073393
15.547 -517 -1723073393
15.573 -528 -1723073393
15.600 -562 -1723073393
15.627 -595 -1723073393
15.653 -615 -1723073393
15.680 -660 -1723073393
15.707 -698 -1723073393
15.733 -724 -1723073393
15.760 -777 -1723073393
15.787 -817 -1723073393
15.813 -850 -1723073393
15.840 -906 -1723073393
15.867 -937 -1723073393
15.893 -974 -1723073393
15.920 -1035 -1723073393
15.947 -1066 -1723073393
15.973 -1108 -1723073393
16.000 -1166 -1723073393
16.027 -1186 -1723073393
16.053 -1221 -1723073393
16.080 -1257 -1723073393
16.107 -1252 -1723073393
16.133 -1270 -1723073393
16.160 -1279 -1723073393
16.187 -1239 -1723073393
16.213 -1219 -1723073393
16.240 -1164 -1723073393
16.267 -1057 -1723073393
16.293 -950 -1723073393
16.320 -768 -1723073393
16.347 -527 -1723073393
16.373 -268 -1723073393
16.400 76 -1723073393
16.427 485 -1723073393
16.453 941 -1723073393
16.480 1477 -1723073393
16.507 2076 -1723073393
16.533 2718 -1723073393
16.560 3403 -1723073393
16.587 4130 -1723073393
16.613 4839 -1723073393
16.640 5497 -1723073393
16.667 6165 -1723073393
16.693 6739 -1723073393
16.720 7140 -1723073393
16.747 7521 -1723073393
16.773 7697 -1723073393
16.800 7624 -1723073393
16.827 7552 -1723073393
16.853 7195 -1723073393
16.880 6615 -1723073393
16.907 6097 -1723073393
16.933 5312 -1723073393
16.960 4396 -1723073393
16.987 3586 -1723073393
17.013 2624 -1723073393
17.040 1670 -1723073393
17.067 859 -1723073393
17.093 -1 -1723073393
17.120 -797 -1723073393
17.147 -1440 -1723073393
17.173 -2026 -1723073393
17.200 -2541 -1723073393
17.227 -2940 -1723073393
17.253 -3232 -1723073393
17.280 -3493 -1723073393
17.307 -3658 -1723073393
17.333 -3714 -1723073393
17.360 -3806 -1723073393
17.387 -3819 -1723073393
17.413 -3768 -1723073393
17.440 -3805 -1723073393
17.467 -3762 -1723073393
17.493 -3696 -1723073393
17.520 -3730 -1723073393
17.547 -3684 -1723073393
17.573 -3654 -1723073393
17.600 -3710 -1723073393
17.627 -3679 -1723073393
17.653 -3685 -1723073393
17.680 -3752 -1723073393
17.707 -3726 -1723073393
17.733 -3753 -1723073393
17.760 -3809 -1723073393
17.787 -3765 -1723073393
17.813 -3782 -1723073393
17.840 -3783 -1723073393
17.867 -3686 -1723073393
17.893 -3657 -1723073393
17.920 -3569 -1723073393
17.947 -3393 -1723073393
17.973 -3292 -1723073393
18.000 -3115 -1723073393
18.027 -2864 -1723073393
18.053 -2673 -1723073393
18.080 -2390 -1723073393
18.107 -2064 -1723073393
18.133 -1792 -1723073393
18.160 -1425 -1723073393
18.187 -1030 -1723073393
18.213 -676 -1723073393
18.240 -242 -1723073393
18.267 204 -1723073393
18.293 646 -1723073393
18.320 1168 -1723073393
18.347 1721 -1723073393
18.373 2314 -1723073393
18.400 2979 -1723073393
18.427 3737 -1723073393
18.453 4587 -1723073393
18.480 5499 -1723073393
18.507 6553 -1723073393
18.533 7669 -1723073393
18.560 8838 -1723073393
18.587 10181 -1723073393
18.613 11456 -1723073393
18.640 12699 -1723073393
18.667 14065 -1723073393
18.693 15179 -1723073393
18.720 16176 -1723073393
18.747 17209 -1723073393
18.773 17741 -1723073393
18.800 18100 -1723073393
18.827 18451 -1723073393
18.853 18116 -1723073393
18.880 17667 -1723073393
18.907 17168 -1723073393
18.933 15970 -1723073393
18.960 14802 -1723073393
18.987 13582 -1723073393
19.013 11823 -1723073393
19.040 10274 -1723073393
19.067 8723 -1723073393
19.093 6824 -1723073393
19.120 5211 -1723073393
19.147 3680 -1723073393
19.173 2034 -1723073393
19.200 686 -1723073393
19.227 -571 -1723073393
19.253 -1810 -1723073393
19.280 -2802 -1723073393
19.307 -3650 -1723073393
19.333 -4410 -1723073393
19.360 -5052 -1723073393
19.387 -5511 -1723073393
19.413 -5887 -1723073393
19.440 -6237 -1723073393
19.467 -6391 -1723073393
19.493 -6530 -1723073393
19.520 -6692 -1723073393
19.547 -6654 -1723073393
19.573 -6673 -1723073393
19.600 -6725 -1723073393
19.627 -6587 -1723073393
19.653 -6553 -1723073393
19.680 -6536 -1723073393
19.707 -6365 -1723073393
19.733 -6329 -1723073393
19.760 -6265 -1723073393
19.787 -6062 -1723073393
19.813 -6011 -1723073393
19.840 -5893 -1723073393
19.867 -5665 -1723073393
19.893 -5583 -1723073393
19.920 -5400 -1723073393
19.947 -5152 -1723073393
19.973 -5044 -1723073393
20.000 -4821 -1723073393
20.027 -4574 -1723073393
20.053 -4460 -1723073393
20.080 -4247 -1723073393
20.107 -4054 -1723073393
20.133 -3971 -1723073393
20.160 -3796 -1723073393
20.187 -3681 -1723073393
20.213 -3653 -1723073393
20.240 -3556 -1723073393
20.267 -3547 -1723073393
20.293 -3605 -1723073393
20.320 -3606 -1723073393
20.347 -3705 -1723073393
20.373 -3840 -1723073393
20.400 -3920 -1723073393
20.427 -4104 -1723073393
20.453 -4297 -1723073393
20.480 -4440 -1723073393
20.507 -4693 -1723073393
20.533 -4909 -1723073393
20.560 -5084 -1723073393
20.587 -5379 -1723073393
20.613 -5594 -1723073393
20.640 -5771 -1723073393
20.667 -6063 -1723073393
20.693 -6235 -1723073393
20.720 -6385 -1723073393
20.747 -6628 -1723073393
20.773 -6693 -1723073393
20.800 -6749 -1723073393
20.827 -6879 -1723073393
20.853 -6791 -1723073393
20.880 -6728 -1723073393
20.907 -6700 -1723073393
20.933 -6433 -1723073393
20.960 -6220 -1723073393
20.987 -6006 -1723073393
21.013 -5567 -1723073393
21.040 -5228 -1723073393
21.067 -4868 -1723073393
21.093 -4319 -1723073393
21.120 -3889 -1723073393
21.147 -3439 -1723073393
21.173 -2869 -1723073393
21.200 -2440 -1723073393
21.227 -1992 -1723073393
21.253 -1486 -1723073393
21.280 -1113 -1723073393
21.307 -731 -1723073393
21.333 -345 -1723073393
21.360 -58 -1723073393
21.387 214 -1723073393
21.413 456 -1723073393
21.440 643 -1723073393
21.467 805 -1723073393
21.493 942 -1723073393
21.520 1052 -1723073393
21.547 1125 -1723073393
21.573 1184 -1723073393
21.600 1239 -1723073393
21.627 1258 -1723073393
21.653 1280 -1723073393
21.680 1312 -1723073393
21.707 1313 -1723073393
21.733 1336 -1723073393
21.760 1371 -1723073393
21.787 1378 -1723073393
21.813 1417 -1723073393
21.840 1455 -1723073393
21.867 1464 -1723073393
21.893 1506 -1723073393
21.920 1538 -1723073393
21.947 1541 -1723073393
21.973 1573 -1723073393
22.000 1574 -1723073393
22.027 1537 -1723073393
22.053 1527 -1723073393
22.080 1475 -1723073393
22.107 1398 -1723073393
22.133 1354 -1723073393
22.160 1273 -1723073393
22.187 1180 -1723073393
22.213 1123 -1723073393
22.240 1038 -1723073393
22.267 962 -1723073393
22.293 926 -1723073393
22.320 873 -1723073393
22.347 839 -1723073393
22.373 843 -1723073393
22.400 854 -1723073393
22.427 896 -1723073393
22.453 975 -1723073393
22.480 1063 -1723073393
22.507 1178 -1723073393
22.533 1319 -1723073393
22.560 1468 -1723073393
22.587 1649 -1723073393
22.613 1823 -1723073393
22.640 1975 -1723073393
22.667 2152 -1723073393
22.693 2308 -1723073393
22.720 2430 -1723073393
22.747 2573 -1723073393
22.773 2656 -1723073393
22.800 2686 -1723073393
22.827 2752 -1723073393
22.853 2750 -1723073393
22.880 2706 -1723073393
22.907 2711 -1723073393
22.933 2636 -1723073393
22.960 2534 -1723073393
22.987 2487 -1723073393
23.013 2368 -1723073393
23.040 2248 -1723073393
23.067 2178 -1723073393
23.093 2038 -1723073393
23.120 1911 -1723073393
23.147 1838 -1723073393
23.173 1717 -1723073393
23.200 1628 -1723073393
23.227 1574 -1723073393
23.253 1477 -1723073393
23.280 1416 -1723073393
23.307 1379 -1723073393
23.333 1313 -1723073393
23.360 1282 -1723073393
23.387 1254 -1723073393
23.413 1190 -1723073393
23.440 1157 -1723073393
23.467 1121 -1723073393
23.493 1056 -1723073393
23.520 1020 -1723073393
23.547 976 -1723073393
23.573 909 -1723073393
23.600 867 -1723073393
23.627 813 -1723073393
23.653 738 -1723073393
23.680 687 -1723073393
23.707 622 -1723073393
23.733 548 -1723073393
23.760 495 -1723073393
23.787 435 -1723073393
23.813 376 -1723073393
23.840 335 -1723073393
23.867 295 -1723073393
23.893 258 -1723073393
23.920 228 -1723073393
23.947 199 -1723073393
23.973 173 -1723073393
24.000 153 -1723073393
24.027 145 -1723073393
24.053 148 -1723073393
24.080 160 -1723073393
24.107 186 -1723073393
24.133 221 -1723073393
24.160 259 -1723073393
24.187 306 -1723073393
24.213 360 -1723073393
24.240 417 -1723073393
24.267 477 -1723073393
24.293 538 -1723073393
24.320 584 -1723073393
24.347 618 -1723073393
24.373 652 -1723073393
24.400 670 -1723073393
24.427 672 -1723073393
24.453 679 -1723073393
24.480 670 -1723073393
24.507 649 -1723073393
24.533 634 -1723073393
24.560 600 -1723073393
24.587 553 -1723073393
24.613 523 -1723073393
24.640 485 -1723073393
24.667 448 -1723073393
24.693 431 -1723073393
24.720 411 -1723073393
24.747 398 -1723073393
24.773 399 -1723073393
24.800 399 -1723073393
24.827 403 -1723073393
24.853 411 -1723073393
24.880 411 -1723073393
24.907 408 -1723073393
24.933 402 -1723073393
24.960 384 -1723073393
24.987 360 -1723073393
25.013 330 -1723073393
25.040 285 -1723073393
25.067 237 -1723073393
25.093 192 -1723073393
25.120 143 -1723073393
25.147 101 -1723073393
25.173 59 -1723073393
25.200 20 -1723073393
25.227 -10 -1723073393
25.253 -32 -1723073393
25.280 -40 -1723073393
25.307 -41 -1723073393
25.333 -33 -1723073393
25.360 0 -1723073393
25.387 26 -1723073393
25.413 47 -1723073393
25.440 80 -1723073393
25.467 100 -1723073393
25.493 106 -1723073393
25.520 114 -1723073393
25.547 113 -1723073393
25.573 107 -1723073393
25.600 103 -1723073393
25.627 88 -1723073393
25.653 67 -1723073393
25.680 42 -1723073393
25.707 7 -1723073393
25.733 -35 -1723073393
25.760 -78 -1723073393
25.787 -126 -1723073393
25.813 -167 -1723073393
25.840 -203 -1723073393
25.867 -243 -1723073393
25.893 -266 -1723073393
25.920 -273 -1723073393
25.947 -281 -1723073393
25.973 -267 -1723073393
26.000 -241 -1723073393
26.027 -219 -1723073393
26.053 -171 -1723073393
26.080 -114 -1723073393
26.107 -68 -1723073393
26.133 -3 -1723073393
26.160 66 -1723073393
26.187 125 -1723073393
26.213 190 -1723073393
26.240 246 -1723073393
26.267 287 -1723073393
26.293 324 -1723073393
26.320 353 -1723073393
26.347 366 -1723073393
26.373 364 -1723073393
26.400 362 -1723073393
26.427 351 -1723073393
26.453 323 -1723073393
26.480 296 -1723073393
26.507 264 -1723073393
26.533 227 -1723073393
26.560 193 -1723073393
26.587 157 -1723073393
26.613 120 -1723073393
26.640 90 -1723073393
26.667 64 -1723073393
26.693 44 -1723073393
26.720 28 -1723073393
26.747 16 -1723073393
26.773 9 -1723073393
26.800 -6 -1723073393
26.827 -21 -1723073393
26.853 -26 -1723073393
26.880 -39 -1723073393
26.907 -51 -1723073393
26.933 -58 -1723073393
26.960 -78 -1723073393
26.987 -92 -1723073393
27.013 -99 -1723073393
27.040 -117 -1723073393
27.067 -131 -1723073393
27.093 -139 -1723073393
27.120 -158 -1723073393
27.147 -168 -1723073393
27.173 -173 -1723073393
27.200 -187 -1723073393
27.227 -185 -1723073393
27.253 -178 -1723073393
27.280 -182 -1723073393
27.307 -165 -1723073393
27.333 -154 -1723073393
27.360 -155 -1723073393
27.387 -137 -1723073393
27.413 -119 -1723073393
27.440 -119 -1723073393
27.467 -102 -1723073393
27.493 -88 -1723073393
27.520 -91 -1723073393
27.547 -81 -1723073393
27.573 -83 -1723073393
27.600 -100 -1723073393
27.627 -105 -1723073393
27.653 -112 -1723073393
27.680 -125 -1723073393
27.707 -127 -1723073393
27.733 -137 -1723073393
27.760 -151 -1723073393
27.787 -154 -1723073393
27.813 -160 -1723073393
27.840 -167 -1723073393
27.867 -158 -1723073393
27.893 -153 -1723073393
27.920 -147 -1723073393
27.947 -127 -1723073393
27.973 -110 -1723073393
28.000 -93 -1723073393
28.027 -61 -1723073393
28.053 -36 -1723073393
28.080 -13 -1723073393
28.107 21 -1723073393
28.133 47 -1723073393
28.160 69 -1723073393
28.187 104 -1723073393
28.213 137 -1723073393
28.240 168 -1723073393
28.267 205 -1723073393
28.293 236 -1723073393
28.320 262 -1723073393
28.347 287 -1723073393
28.373 305 -1723073393
28.400 315 -1723073393
28.427 318 -1723073393
28.453 316 -1723073393
28.480 304 -1723073393
28.507 283 -1723073393
28.533 262 -1723073393
28.560 236 -1723073393
28.587 204 -1723073393
28.613 178 -1723073393
28.640 150 -1723073393
28.667 120 -1723073393
28.693 89 -1723073393
28.720 55 -1723073393
28.747 22 -1723073393
28.773 -8 -1723073393
28.800 -31 -1723073393
28.827 -52 -1723073393
28.853 -72 -1723073393
28.880 -77 -1723073393
28.907 -68 -1723073393
28.933 -56 -1723073393
28.960 -27 -1723073393
28.987 7 -1723073393
29.013 37 -1723073393
29.040 79 -1723073393
29.067 125 -1723073393
29.093 157 -1723073393
29.120 186 -1723073393
29.147 208 -1723073393
29.173 214 -1723073393
29.200 215 -1723073393
29.227 211 -1723073393
29.253 197 -1723073393
29.280 170 -1723073393
29.307 130 -1723073393
29.333 88 -1723073393
29.360 42 -1723073393
29.387 -11 -1723073393
29.413 -69 -1723073393
29.440 -117 -1723073393
29.467 -159 -1723073393
29.493 -194 -1723073393
29.520 -215 -1723073393
29.547 -233 -1723073393
29.573 -252 -1723073393
29.600 -249 -1723073393
29.627 -234 -1723073393
29.653 -221 -1723073393
29.680 -185 -1723073393
29.707 -150 -1723073393
29.733 -122 -1723073393
29.760 -70 -1723073393
29.787 -13 -1723073393
29.813 32 -1723073393
29.840 87 -1723073393
29.867 130 -1723073393
29.893 156 -1723073393
29.920 187 -1723073393
29.947 209 -1723073393
29.973 221 -1723073393
30.000 235 -1723073393
30.027 245 -1723073393
30.053 253 -1723073393
30.080 265 -1723073393
30.107 272 -1723073393
30.133 278 -1723073393
30.160 281 -1723073393
30.187 282 -1723073393
30.213 284 -1723073393
30.240 286 -1723073393
30.267 288 -1723073393
30.293 296 -1723073393
30.320 301 -1723073393
30.347 301 -1723073393
30.373 297 -1723073393
30.400 285 -1723073393
30.427 270 -1723073393
30.453 256 -1723073393
30.480 235 -1723073393
30.507 205 -1723073393
30.533 175 -1723073393
30.560 141 -1723073393
30.587 101 -1723073393
30.613 63 -1723073393
30.640 35 -1723073393
30.667 7 -1723073393
30.693 -20 -1723073393
30.720 -39 -1723073393
30.747 -53 -1723073393
30.773 -61 -1723073393
30.800 -56 -1723073393
30.827 -55 -1723073393
30.853 -54 -1723073393
30.880 -38 -1723073393
30.907 -25 -1723073393
30.933 -15 -1723073393
30.960 8 -1723073393
30.987 27 -1723073393
31.013 38 -1723073393
31.040 54 -1723073393
31.067 65 -1723073393
31.093 67 -1723073393
31.120 72 -1723073393
31.147 68 -1723073393
31.173 58 -1723073393
31.200 47 -1723073393
31.227 29 -1723073393
31.253 4 -1723073393
31.280 -16 -1723073393
31.307 -38 -1723073393
31.333 -56 -1723073393
31.360 -62 -1723073393
31.387 -74 -1723073393
31.413 -82 -1723073393
31.440 -76 -1723073393
31.467 -76 -1723073393
31.493 -87 -1723073393
31.520 -82 -1723073393
31.547 -73 -1723073393
31.573 -69 -1723073393
31.600 -52 -1723073393
31.627 -35 -1723073393
31.653 -21 -1723073393
31.680 6 -1723073393
31.707 34 -1723073393
31.733 63 -1723073393
31.760 104 -1723073393
31.787 145 -1723073393
31.813 178 -1723073393
31.840 213 -1723073393
31.867 244 -1723073393
31.893 272 -1723073393
31.920 299 -1723073393
31.947 321 -1723073393
31.973 332 -1723073393
32.000 328 -1723073393
32.027 320 -1723073393
32.053 309 -1723073393
32.080 287 -1723073393
32.107 261 -1723073393
32.133 232 -1723073393
32.160 188 -1723073393
32.187 141 -1723073393
32.213 101 -1723073393
32.240 60 -1723073393
32.267 24 -1723073393
32.293 -5 -1723073393
32.320 -28 -1723073393
32.347 -49 -1723073393
32.373 -70 -1723073393
32.400 -83 -1723073393
32.427 -93 -1723073393
32.453 -98 -1723073393
32.480 -87 -1723073393
32.507 -67 -1723073393
32.533 -49 -1723073393
32.560 -17 -1723073393
32.587 14 -1723073393
32.613 36 -1723073393
32.640 66 -1723073393
32.667 96 -1723073393
32.693 119 -1723073393
32.720 140 -1723073393
32.747 161 -1723073393
32.773 178 -1723073393
32.800 190 -1723073393
32.827 189 -1723073393
32.853 175 -1723073393
32.880 154 -1723073393
32.907 124 -1723073393
32.933 90 -1723073393
32.960 48 -1723073393
32.987 3 -1723073393
33.013 -38 -1723073393
33.040 -76 -1723073393
33.067 -114 -1723073393
33.093 -152 -1723073393
33.120 -179 -1723073393
33.147 -200 -1723073393
33.173 -222 -1723073393
33.200 -228 -1723073393
33.227 -218 -1723073393
33.253 -213 -1723073393
33.280 -197 -1723073393
33.307 -168 -1723073393
33.333 -148 -1723073393
33.360 -111 -1723073393
33.387 -53 -1723073393
33.413 -7 -1723073393
33.440 43 -1723073393
33.467 105 -1723073393
33.493 154 -1723073393
33.520 201 -1723073393
33.547 251 -1723073393
33.573 291 -1723073393
33.600 323 -1723073393
33.627 349 -1723073393
33.653 367 -1723073393
33.680 378 -1723073393
33.707 378 -1723073393
33.733 379 -1723073393
33.760 380 -1723073393
33.787 367 -1723073393
33.813 353 -1723073393
33.840 343 -1723073393
33.867 323 -1723073393
33.893 314 -1723073393
33.920 315 -1723073393
33.947 309 -1723073393
33.973 308 -1723073393
34.000 310 -1723073393
34.027 306 -1723073393
34.053 299 -1723073393
34.080 291 -1723073393
34.107 275 -1723073393
34.133 257 -1723073393
34.160 239 -1723073393
34.187 209 -1723073393
34.213 182 -1723073393
34.240 160 -1723073393
34.267 134 -1723073393
34.293 105 -1723073393
34.320 81 -1723073393
34.347 70 -1723073393
34.373 68 -1723073393
34.400 72 -1723073393
34.427 90 -1723073393
34.453 113 -1723073393
34.480 136 -1723073393
34.507 168 -1723073393
34.533 206 -1723073393
34.560 238 -1723073393
34.587 270 -1723073393
34.613 300 -1723073393
34.640 320 -1723073393
34.667 325 -1723073393
34.693 316 -1723073393
34.720 302 -1723073393
34.747 272 -1723073393
34.773 230 -1723073393
34.800 185 -1723073393
34.827 129 -1723073393
34.853 62 -1723073393
34.880 0 -1723073393
34.907 -55 -1723073393
34.933 -108 -1723073393
34.960 -157 -1723073393
34.987 -197 -1723073393
35.013 -224 -1723073393
35.040 -243 -1723073393
35.067 -241 -1723073393
35.093 -206 -1723073393
35.120 -171 -1723073393
35.147 -128 -1723073393
35.173 -52 -1723073393
35.200 18 -1723073393
35.227 80 -1723073393
35.253 157 -1723073393
35.280 228 -1723073393
35.307 289 -1723073393
35.333 351 -1723073393
35.360 404 -1723073393
35.387 445 -1723073393
35.413 475 -1723073393
35.440 499 -1723073393
35.467 519 -1723073393
35.493 524 -1723073393
35.520 524 -1723073393
35.547 528 -1723073393
35.573 511 -1723073393
35.600 486 -1723073393
35.627 465 -1723073393
35.653 428 -1723073393
35.680 387 -1723073393
35.707 356 -1723073393
35.733 314 -1723073393
35.760 258 -1723073393
35.787 208 -1723073393
35.813 158 -1723073393
35.840 105 -1723073393
35.867 60 -1723073393
35.893 22 -1723073393
35.920 -13 -1723073393
35.947 -44 -1723073393
35.973 -60 -1723073393
36.000 -60 -1723073393
36.027 -59 -1723073393
36.053 -45 -1723073393
36.080 -14 -1723073393
36.107 11 -1723073393
36.133 37 -1723073393
36.160 74 -1723073393
36.187 105 -1723073393
36.213 136 -1723073393
36.240 175 -1723073393
36.267 209 -1723073393
36.293 236 -1723073393
36.320 264 -1723073393
36.347 286 -1723073393
36.373 303 -1723073393
36.400 313 -1723073393
36.427 313 -1723073393
36.453 302 -1723073393
36.480 278 -1723073393
36.507 249 -1723073393
36.533 220 -1723073393
36.560 187 -1723073393
36.587 149 -1723073393
36.613 112 -1723073393
36.640 79 -1723073393
36.667 48 -1723073393
36.693 18 -1723073393
36.720 -1 -1723073393
36.747 -11 -1723073393
36.773 -22 -1723073393
36.800 -17 -1723073393
36.827 1 -1723073393
36.853 13 -1723073393
36.880 31 -1723073393
36.907 62 -1723073393
36.933 88 -1723073393
36.960 119 -1723073393
36.987 166 -1723073393
37.013 205 -1723073393
37.040 240 -1723073393
37.067 281 -1723073393
37.093 318 -1723073393
37.120 348 -1723073393
37.147 373 -1723073393
37.173 396 -1723073393
37.200 415 -1723073393
37.227 426 -1723073393
37.253 431 -1723073393
37.280 431 -1723073393
37.307 419 -1723073393
37.333 405 -1723073393
37.360 397 -1723073393
37.387 385 -1723073393
37.413 373 -1723073393
37.440 365 -1723073393
37.467 350 -1723073393
37.493 327 -1723073393
37.520 303 -1723073393
37.547 281 -1723073393
37.573 264 -1723073393
37.600 255 -1723073393
37.627 249 -1723073393
37.653 245 -1723073393
37.680 243 -1723073393
37.707 240 -1723073393
37.733 235 -1723073393
37.760 229 -1723073393
37.787 223 -1723073393
37.813 216 -1723073393
37.840 209 -1723073393
37.867 203 -1723073393
37.893 201 -1723073393
37.920 203 -1723073393
37.947 200 -1723073393
37.973 201 -1723073393
38.000 207 -1723073393
38.027 212 -1723073393
38.053 223 -1723073393
38.080 235 -1723073393
38.107 242 -1723073393
38.133 252 -1723073393
38.160 265 -1723073393
38.187 273 -1723073393
38.213 280 -1723073393
38.240 287 -1723073393
38.267 285 -1723073393
38.293 274 -1723073393
38.320 257 -1723073393
38.347 230 -1723073393
38.373 191 -1723073393
38.400 148 -1723073393
38.427 100 -1723073393
38.453 48 -1723073393
38.480 -2 -1723073393
38.507 -54 -1723073393
38.533 -100 -1723073393
38.560 -129 -1723073393
38.587 -156 -1723073393
38.613 -174 -1723073393
38.640 -166 -1723073393
38.667 -155 -1723073393
38.693 -144 -1723073393
38.720 -105 -1723073393
38.747 -64 -1723073393
38.773 -33 -1723073393
38.800 20 -1723073393
38.827 77 -1723073393
38.853 119 -1723073393
38.880 166 -1723073393
38.907 216 -1723073393
38.933 247 -1723073393
38.960 270 -1723073393
38.987 293 -1723073393
39.013 306 -1723073393
39.040 312 -1723073393
39.067 314 -1723073393
39.093 312 -1723073393
39.120 301 -1723073393
39.147 287 -1723073393
39.173 275 -1723073393
39.200 263 -1723073393
39.227 245 -1723073393
39.253 228 -1723073393
39.280 214 -1723073393
39.307 202 -1723073393
39.333 189 -1723073393
39.360 179 -1723073393
39.387 177 -1723073393
39.413 178 -1723073393
39.440 181 -1723073393
39.467 187 -1723073393
39.493 189 -1723073393
39.520 191 -1723073393
39.547 196 -1723073393
39.573 200 -1723073393
39.600 204 -1723073393
39.627 208 -1723073393
39.653 211 -1723073393
39.680 213 -1723073393
39.707 218 -1723073393
39.733 219 -1723073393
39.760 215 -1723073393
39.787 212 -1723073393
39.813 206 -1723073393
39.840 197 -1723073393
39.867 186 -1723073393
39.893 173 -1723073393
39.920 155 -1723073393
39.947 135 -1723073393
39.973 117 -1723073393
40.000 94 -1723073393
40.027 68 -1723073393
40.053 43 -1723073393
40.080 16 -1723073393
40.107 -9 -1723073393
40.133 -28 -1723073393
40.160 -40 -1723073393
40.187 -51 -1723073393
40.213 -55 -1723073393
40.240 -53 -1723073393
40.267 -53 -1723073393
40.293 -48 -1723073393
40.320 -30 -1723073393
40.347 -18 -1723073393
40.373 -1 -1723073393
40.400 34 -1723073393
40.427 66 -1723073393
40.453 94 -1723073393
40.480 130 -1723073393
40.507 165 -1723073393
40.533 193 -1723073393
40.560 221 -1723073393
40.587 243 -1723073393
40.613 254 -1723073393
40.640 261 -1723073393
40.667 265 -1723073393
40.693 262 -1723073393
40.720 258 -1723073393
40.747 254 -1723073393
40.773 248 -1723073393
40.800 242 -1723073393
40.827 232 -1723073393
40.853 222 -1723073393
40.880 215 -1723073393
40.907 212 -1723073393
40.933 213 -1723073393
40.960 215 -1723073393
40.987 216 -1723073393
41.013 219 -1723073393
41.040 223 -1723073393
41.067 227 -1723073393
41.093 229 -1723073393
41.120 230 -1723073393
41.147 231 -1723073393
41.173 231 -1723073393
41.200 228 -1723073393
41.227 216 -1723073393
41.253 196 -1723073393
41.280 176 -1723073393
41.307 157 -1723073393
41.333 141 -1723073393
41.360 126 -1723073393
41.387 111 -1723073393
41.413 98 -1723073393
41.440 84 -1723073393
41.467 69 -1723073393
41.493 63 -1723073393
41.520 57 -1723073393
41.547 46 -1723073393
41.573 40 -1723073393
41.600 37 -1723073393
41.627 31 -1723073393
41.653 27 -1723073393
41.680 23 -1723073393
41.707 14 -1723073393
41.733 11 -1723073393
41.760 15 -1723073393
41.787 11 -1723073393
41.813 7 -1723073393
41.840 10 -1723073393
41.867 2 -1723073393
41.893 -3 -1723073393
41.920 1 -1723073393
41.947 1 -1723073393
41.973 -2 -1723073393
42.000 0 -1723073393
42.027 -2 -1723073393
42.053 -11 -1723073393
42.080 -16 -1723073393
42.107 -25 -1723073393
42.133 -39 -1723073393
42.160 -42 -1723073393
42.187 -46 -1723073393
42.213 -54 -1723073393
42.240 -48 -1723073393
42.267 -37 -1723073393
42.293 -37 -1723073393
42.320 -25 -1723073393
42.347 0 -1723073393
42.373 14 -1723073393
42.400 32 -1723073393
42.427 60 -1723073393
42.453 78 -1723073393
42.480 91 -1723073393
42.507 107 -1723073393
42.533 115 -1723073393
42.560 120 -1723073393
42.587 124 -1723073393
42.613 119 -1723073393
42.640 106 -1723073393
42.667 95 -1723073393
42.693 93 -1723073393
42.720 85 -1723073393
42.747 73 -1723073393
42.773 62 -1723073393
42.800 50 -1723073393
42.827 45 -1723073393
42.853 50 -1723073393
42.880 50 -1723073393
42.907 49 -1723073393
42.933 57 -1723073393
42.960 59 -1723073393
42.987 59 -1723073393
43.013 71 -1723073393
43.040 82 -1723073393
43.067 84 -1723073393
43.093 89 -1723073393
43.120 90 -1723073393
43.147 85 -1723073393
43.173 84 -1723073393
43.200 83 -1723073393
43.227 77 -1723073393
43.253 72 -1723073393
43.280 68 -1723073393
43.307 58 -1723073393
43.333 48 -1723073393
43.360 41 -1723073393
43.387 29 -1723073393
43.413 19 -1723073393
43.440 16 -1723073393
43.467 4 -1723073393
43.493 -10 -1723073393
43.520 -16 -1723073393
43.547 -28 -1723073393
43.573 -45 -1723073393
43.600 -54 -1723073393
43.627 -62 -1723073393
43.653 -79 -1723073393
43.680 -90 -1723073393
43.707 -99 -1723073393
43.733 -117 -1723073393
43.760 -125 -1723073393
43.787 -123 -1723073393
43.813 -128 -1723073393
43.840 -129 -1723073393
43.867 -114 -1723073393
43.893 -111 -1723073393
43.920 -114 -1723073393
43.947 -99 -1723073393
43.973 -84 -1723073393
44.000 -82 -1723073393
44.027 -69 -1723073393
44.053 -57 -1723073393
44.080 -60 -1723073393
44.107 -58 -1723073393
44.133 -54 -1723073393
44.160 -67 -1723073393
44.187 -78 -1723073393
44.213 -77 -1723073393
44.240 -86 -1723073393
44.267 -100 -1723073393
44.293 -100 -1723073393
44.320 -103 -1723073393
44.347 -104 -1723073393
44.373 -85 -1723073393
44.400 -66 -1723073393
44.427 -56 -1723073393
44.453 -24 -1723073393
44.480 13 -1723073393
44.507 39 -1723073393
44.533 75 -1723073393
44.560 115 -1723073393
44.587 143 -1723073393
44.613 174 -1723073393
44.640 212 -1723073393
44.667 239 -1723073393
44.693 261 -1723073393
44.720 283 -1723073393
44.747 292 -1723073393
44.773 287 -1723073393
44.800 276 -1723073393
44.827 263 -1723073393
44.853 246 -1723073393
44.880 226 -1723073393
44.907 201 -1723073393
44.933 167 -1723073393
44.960 130 -1723073393
44.987 89 -1723073393
45.013 48 -1723073393
45.040 10 -1723073393
45.067 -18 -1723073393
45.093 -46 -1723073393
45.120 -65 -1723073393
45.147 -68 -1723073393
45.173 -73 -1723073393
45.200 -79 -1723073393
45.227 -64 -1723073393
45.253 -52 -1723073393
45.280 -51 -1723073393
45.307 -36 -1723073393
45.333 -20 -1723073393
45.360 -19 -1723073393
45.387 -12 -1723073393
45.413 -2 -1723073393
45.440 -7 -1723073393
45.467 -7 -1723073393
45.493 3 -1723073393
45.520 4 -1723073393
45.547 3 -1723073393
45.573 13 -1723073393
45.600 17 -1723073393
45.627 14 -1723073393
45.653 22 -1723073393
45.680 31 -1723073393
45.707 29 -1723073393
45.733 35 -1723073393
45.760 44 -1723073393
45.787 42 -1723073393
45.813 45 -1723073393
45.840 53 -1723073393
45.867 54 -1723073393
45.893 53 -1723073393
45.920 59 -1723073393
45.947 58 -1723073393
45.973 50 -1723073393
46.000 46 -1723073393
46.027 38 -1723073393
46.053 28 -1723073393
46.080 26 -1723073393
46.107 27 -1723073393
46.133 22 -1723073393
46.160 21 -1723073393
46.187 27 -1723073393
46.213 29 -1723073393
46.240 42 -1723073393
46.267 67 -1723073393
46.293 89 -1723073393
46.320 110 -1723073393
46.347 134 -1723073393
46.373 153 -1723073393
46.400 169 -1723073393
46.427 192 -1723073393
46.453 215 -1723073393
46.480 233 -1723073393
46.507 252 -1723073393
46.533 267 -1723073393
46.560 270 -1723073393
46.587 268 -1723073393
46.613 264 -1723073393
46.640 256 -1723073393
46.667 246 -1723073393
46.693 235 -1723073393
46.720 219 -1723073393
46.747 199 -1723073393
46.773 179 -1723073393
46.800 159 -1723073393
46.827 137 -1723073393
46.853 116 -1723073393
46.880 96 -1723073393
46.907 76 -1723073393
46.933 60 -1723073393
46.960 50 -1723073393
46.987 33 -1723073393
47.013 20 -1723073393
47.040 15 -1723073393
47.067 9 -1723073393
47.093 7 -1723073393
47.120 15 -1723073393
47.147 19 -1723073393
47.173 17 -1723073393
47.200 28 -1723073393
47.227 41 -1723073393
47.253 51 -1723073393
47.280 78 -1723073393
47.307 109 -1723073393
47.333 131 -1723073393
47.360 160 -1723073393
47.387 195 -1723073393
47.413 219 -1723073393
47.440 236 -1723073393
47.467 254 -1723073393
47.493 268 -1723073393
47.520 277 -1723073393
47.547 282 -1723073393
47.573 283 -1723073393
47.600 275 -1723073393
47.627 260 -1723073393
47.653 241 -1723073393
47.680 222 -1723073393
47.707 200 -1723073393
47.733 177 -1723073393
47.760 158 -1723073393
47.787 141 -1723073393
47.813 124 -1723073393
47.840 107 -1723073393
47.867 95 -1723073393
47.893 93 -1723073393
47.920 96 -1723073393
47.947 102 -1723073393
47.973 121 -1723073393
48.000 145 -1723073393
48.027 169 -1723073393
48.053 202 -1723073393
48.080 241 -1723073393
48.107 276 -1723073393
48.133 316 -1723073393
48.160 361 -1723073393
48.187 400 -1723073393
48.213 430 -1723073393
48.240 457 -1723073393
48.267 480 -1723073393
48.293 494 -1723073393
48.320 498 -1723073393
48.347 500 -1723073393
48.373 502 -1723073393
48.400 499 -1723073393
48.427 495 -1723073393
48.453 489 -1723073393
48.480 476 -1723073393
48.507 454 -1723073393
48.533 434 -1723073393
48.560 410 -1723073393
48.587 382 -1723073393
48.613 361 -1723073393
48.640 341 -1723073393
48.667 321 -1723073393
48.693 307 -1723073393
48.720 298 -1723073393
48.747 288 -1723073393
48.773 283 -1723073393
48.800 286 -1723073393
48.827 292 -1723073393
48.853 300 -1723073393
48.880 306 -1723073393
48.907 312 -1723073393
48.933 324 -1723073393
48.960 335 -1723073393
48.987 343 -1723073393
49.013 351 -1723073393
49.040 359 -1723073393
49.067 361 -1723073393
49.093 354 -1723073393
49.120 345 -1723073393
49.147 337 -1723073393
49.173 324 -1723073393
49.200 311 -1723073393
49.227 304 -1723073393
49.253 291 -1723073393
49.280 274 -1723073393
49.307 262 -1723073393
49.333 250 -1723073393
49.360 236 -1723073393
49.387 226 -1723073393
49.413 216 -1723073393
49.440 208 -1723073393
49.467 204 -1723073393
49.493 200 -1723073393
49.520 199 -1723073393
49.547 202 -1723073393
49.573 204 -1723073393
49.600 206 -1723073393
49.627 211 -1723073393
49.653 220 -1723073393
49.680 235 -1723073393
49.707 250 -1723073393
49.733 259 -1723073393
49.760 262 -1723073393
49.787 269 -1723073393
49.813 275 -1723073393
49.840 278 -1723073393
49.867 284 -1723073393
49.893 292 -1723073393
49.920 297 -1723073393
49.947 299 -1723073393
49.973 300 -1723073393
50.000 301 -1723073393
50.027 300 -1723073393
50.053 296 -1723073393
50.080 291 -1723073393
50.107 289 -1723073393
50.133 287 -1723073393
50.160 280 -1723073393
50.187 270 -1723073393
50.213 259 -1723073393
50.240 243 -1723073393
50.267 221 -1723073393
50.293 199 -1723073393
50.320 173 -1723073393
50.347 140 -1723073393
50.373 104 -1723073393
50.400 67 -1723073393
50.427 26 -1723073393
50.453 -17 -1723073393
50.480 -53 -1723073393
50.507 -91 -1723073393
50.533 -133 -1723073393
50.560 -163 -1723073393
50.587 -186 -1723073393
50.613 -211 -1723073393
50.640 -218 -1723073393
50.667 -210 -1723073393
50.693 -215 -1723073393
50.720 -215 -1723073393
50.747 -198 -1723073393
50.773 -192 -1723073393
50.800 -185 -1723073393
50.827 -155 -1723073393
50.853 -130 -1723073393
50.880 -123 -1723073393
50.907 -106 -1723073393
50.933 -88 -1723073393
50.960 -90 -1723073393
50.987 -89 -1723073393
51.013 -78 -1723073393
51.040 -80 -1723073393
51.067 -85 -1723073393
51.093 -77 -1723073393
51.120 -79 -1723073393
51.147 -84 -1723073393
51.173 -75 -1723073393
51.200 -73 -1723073393
51.227 -81 -1723073393
51.253 -74 -1723073393
51.280 -63 -1723073393
51.307 -66 -1723073393
51.333 -61 -1723073393
51.360 -45 -1723073393
51.387 -42 -1723073393
51.413 -38 -1723073393
51.440 -19 -1723073393
51.467 -2 -1723073393
51.493 16 -1723073393
51.520 50 -1723073393
51.547 82 -1723073393
51.573 110 -1723073393
51.600 149 -1723073393
51.627 190 -1723073393
51.653 221 -1723073393
51.680 251 -1723073393
51.707 283 -1723073393
51.733 311 -1723073393
51.760 335 -1723073393
51.787 352 -1723073393
51.813 361 -1723073393
51.840 366 -1723073393
51.867 362 -1723073393
51.893 352 -1723073393
51.920 342 -1723073393
51.947 327 -1723073393
51.973 306 -1723073393
52.000 287 -1723073393
52.027 267 -1723073393
52.053 241 -1723073393
52.080 220 -1723073393
52.107 207 -1723073393
52.133 196 -1723073393
52.160 178 -1723073393
52.187 162 -1723073393
52.213 157 -1723073393
52.240 158 -1723073393
52.267 159 -1723073393
52.293 164 -1723073393
52.320 170 -1723073393
52.347 169 -1723073393
52.373 167 -1723073393
52.400 165 -1723073393
52.427 164 -1723073393
52.453 170 -1723073393
52.480 183 -1723073393
52.507 195 -1723073393
52.533 200 -1723073393
52.560 202 -1723073393
52.587 198 -1723073393
52.613 194 -1723073393
52.640 192 -1723073393
52.667 191 -1723073393
52.693 187 -1723073393
52.720 182 -1723073393
52.747 175 -1723073393
52.773 166 -1723073393
52.800 153 -1723073393
52.827 136 -1723073393
52.853 117 -1723073393
52.880 103 -1723073393
52.907 94 -1723073393
52.933 88 -1723073393
52.960 81 -1723073393
52.987 79 -1723073393
53.013 77 -1723073393
53.040 68 -1723073393
53.067 64 -1723073393
53.093 70 -1723073393
53.120 71 -1723073393
53.147 71 -1723073393
53.173 83 -1723073393
53.200 97 -1723073393
53.227 107 -1723073393
53.253 123 -1723073393
53.280 140 -1723073393
53.307 145 -1723073393
53.333 149 -1723073393
53.360 161 -1723073393
53.387 168 -1723073393
53.413 168 -1723073393
53.440 172 -1723073393
53.467 177 -1723073393
53.493 180 -1723073393
53.520 188 -1723073393
53.547 192 -1723073393
53.573 194 -1723073393
53.600 196 -1723073393
53.627 197 -1723073393
53.653 198 -1723073393
53.680 204 -1723073393
53.707 215 -1723073393
53.733 225 -1723073393
53.760 239 -1723073393
53.787 251 -1723073393
53.813 261 -1723073393
53.840 270 -1723073393
53.867 275 -1723073393
53.893 274 -1723073393
53.920 272 -1723073393
53.947 266 -1723073393
53.973 251 -1723073393
54.000 232 -1723073393
54.027 209 -1723073393
54.053 182 -1723073393
54.080 150 -1723073393
54.107 115 -1723073393
54.133 80 -1723073393
54.160 50 -1723073393
54.187 24 -1723073393
54.213 2 -1723073393
54.240 -13 -1723073393
54.267 -29 -1723073393
54.293 -42 -1723073393
54.320 -43 -1723073393
54.347 -49 -1723073393
54.373 -61 -1723073393
54.400 -57 -1723073393
54.427 -48 -1723073393
54.453 -48 -1723073393
54.480 -39 -1723073393
54.507 -25 -1723073393
54.533 -20 -1723073393
54.560 -14 -1723073393
54.587 1 -1723073393
54.613 7 -1723073393
54.640 7 -1723073393
54.667 14 -1723073393
54.693 16 -1723073393
54.720 5 -1723073393
54.747 2 -1723073393
54.773 5 -1723073393
54.800 3 -1723073393
54.827 4 -1723073393
54.853 14 -1723073393
54.880 14 -1723073393
54.907 12 -1723073393
54.933 23 -1723073393
54.960 37 -1723073393
54.987 46 -1723073393
55.013 63 -1723073393
55.040 82 -1723073393
55.067 97 -1723073393
55.093 124 -1723073393
55.120 159 -1723073393
55.147 185 -1723073393
55.173 213 -1723073393
55.200 249 -1723073393
55.227 280 -1723073393
55.253 306 -1723073393
55.280 333 -1723073393
55.307 359 -1723073393
55.333 383 -1723073393
55.360 408 -1723073393
55.387 426 -1723073393
55.413 441 -1723073393
55.440 456 -1723073393
55.467 468 -1723073393
55.493 477 -1723073393
55.520 481 -1723073393
55.547 481 -1723073393
55.573 482 -1723073393
55.600 487 -1723073393
55.627 485 -1723073393
55.653 481 -1723073393
55.680 487 -1723073393
55.707 495 -1723073393
55.733 501 -1723073393
55.760 510 -1723073393
55.787 518 -1723073393
55.813 519 -1723073393
55.840 518 -1723073393
55.867 519 -1723073393
55.893 512 -1723073393
55.920 498 -1723073393
55.947 488 -1723073393
55.973 474 -1723073393
56.000 454 -1723073393
56.027 435 -1723073393
56.053 414 -1723073393
56.080 385 -1723073393
56.107 356 -1723073393
56.133 331 -1723073393
56.160 305 -1723073393
56.187 279 -1723073393
56.213 257 -1723073393
56.240 232 -1723073393
56.267 205 -1723073393
56.293 183 -1723073393
56.320 165 -1723073393
56.347 148 -1723073393
56.373 132 -1723073393
56.400 118 -1723073393
56.427 109 -1723073393
56.453 104 -1723073393
56.480 100 -1723073393
56.507 98 -1723073393
56.533 99 -1723073393
56.560 95 -1723073393
56.587 89 -1723073393
56.613 85 -1723073393
56.640 78 -1723073393
56.667 64 -1723073393
56.693 54 -1723073393
56.720 44 -1723073393
56.747 34 -1723073393
56.773 24 -1723073393
56.800 11 -1723073393
56.827 -4 -1723073393
56.853 -19 -1723073393
56.880 -29 -1723073393
56.907 -39 -1723073393
56.933 -46 -1723073393
56.960 -44 -1723073393
56.987 -41 -1723073393
57.013 -44 -1723073393
57.040 -39 -1723073393
57.067 -31 -1723073393
57.093 -31 -1723073393
57.120 -28 -1723073393
57.147 -16 -1723073393
57.173 -11 -1723073393
57.200 -7 -1723073393
57.227 7 -1723073393
57.253 22 -1723073393
57.280 33 -1723073393
57.307 52 -1723073393
57.333 73 -1723073393
57.360 86 -1723073393
57.387 107 -1723073393
57.413 140 -1723073393
57.440 173 -1723073393
57.467 202 -1723073393
57.493 233 -1723073393
57.520 259 -1723073393
57.547 280 -1723073393
57.573 295 -1723073393
57.600 306 -1723073393
57.627 312 -1723073393
57.653 311 -1723073393
57.680 307 -1723073393
57.707 305 -1723073393
57.733 299 -1723073393
57.760 292 -1723073393
57.787 288 -1723073393
57.813 285 -1723073393
57.840 280 -1723073393
57.867 280 -1723073393
57.893 284 -1723073393
57.920 288 -1723073393
57.947 292 -1723073393
57.973 301 -1723073393
58.000 317 -1723073393
58.027 337 -1723073393
58.053 359 -1723073393
58.080 384 -1723073393
58.107 409 -1723073393
58.133 429 -1723073393
58.160 445 -1723073393
58.187 458 -1723073393
58.213 472 -1723073393
58.240 492 -1723073393
58.267 503 -1723073393
58.293 507 -1723073393
58.320 510 -1723073393
58.347 513 -1723073393
58.373 509 -1723073393
58.400 511 -1723073393
58.427 523 -1723073393
58.453 531 -1723073393
58.480 540 -1723073393
58.507 553 -1723073393
58.533 559 -1723073393
58.560 563 -1723073393
58.587 579 -1723073393
58.613 595 -1723073393
58.640 604 -1723073393
58.667 617 -1723073393
58.693 632 -1723073393
58.720 635 -1723073393
58.747 637 -1723073393
58.773 646 -1723073393
58.800 644 -1723073393
58.827 638 -1723073393
58.853 645 -1723073393
58.880 648 -1723073393
58.907 640 -1723073393
58.933 640 -1723073393
58.960 649 -1723073393
58.987 644 -1723073393
59.013 633 -1723073393
59.040 631 -1723073393
59.067 623 -1723073393
59.093 611 -1723073393
59.120 611 -1723073393
59.147 612 -1723073393
59.173 600 -1723073393
59.200 594 -1723073393
59.227 593 -1723073393
59.253 577 -1723073393
59.280 561 -1723073393
59.307 557 -1723073393
59.333 546 -1723073393
59.360 525 -1723073393
59.387 514 -1723073393
59.413 502 -1723073393
59.440 480 -1723073393
59.467 464 -1723073393
59.493 454 -1723073393
59.520 438 -1723073393
59.547 425 -1723073393
59.573 414 -1723073393
59.600 392 -1723073393
59.627 361 -1723073393
59.653 329 -1723073393
59.680 297 -1723073393
59.707 261 -1723073393
59.733 227 -1723073393
59.760 194 -1723073393
59.787 163 -1723073393
59.813 133 -1723073393
59.840 100 -1723073393
59.867 71 -1723073393
59.893 53 -1723073393
59.920 38 -1723073393
59.947 24 -1723073393
59.973 22 -1723073393
60.000 18 -1723073393
60.027 10 -1723073393
60.053 13 -1723073393
60.080 22 -1723073393
60.107 22 -1723073393
60.133 23 -1723073393
60.160 31 -1723073393
60.187 31 -1723073393
60.213 27 -1723073393
60.240 32 -1723073393
60.267 34 -1723073393
60.293 31 -1723073393
60.320 33 -1723073393
60.347 34 -1723073393
60.373 21 -1723073393
60.400 7 -1723073393
60.427 -2 -1723073393
60.453 -21 -1723073393
60.480 -40 -1723073393
60.507 -54 -1723073393
60.533 -73 -1723073393
60.560 -97 -1723073393
60.587 -112 -1723073393
60.613 -121 -1723073393
60.640 -137 -1723073393
60.667 -143 -1723073393
60.693 -138 -1723073393
60.720 -138 -1723073393
60.747 -134 -1723073393
60.773 -117 -1723073393
60.800 -108 -1723073393
60.827 -109 -1723073393
60.853 -98 -1723073393
60.880 -87 -1723073393
60.907 -90 -1723073393
60.933 -92 -1723073393
60.960 -92 -1723073393
60.987 -105 -1723073393
61.013 -118 -1723073393
61.040 -120 -1723073393
61.067 -126 -1723073393
61.093 -141 -1723073393
61.120 -148 -1723073393
61.147 -155 -1723073393
61.173 -175 -1723073393
61.200 -192 -1723073393
61.227 -195 -1723073393
61.253 -205 -1723073393
61.280 -217 -1723073393
61.307 -225 -1723073393
61.333 -243 -1723073393
61.360 -267 -1723073393
61.387 -280 -1723073393
61.413 -289 -1723073393
61.440 -305 -1723073393
61.467 -312 -1723073393
61.493 -304 -1723073393
61.520 -305 -1723073393
61.547 -308 -1723073393
61.573 -298 -1723073393
61.600 -291 -1723073393
61.627 -293 -1723073393
61.653 -281 -1723073393
61.680 -262 -1723073393
61.707 -256 -1723073393
61.733 -242 -1723073393
61.760 -212 -1723073393
61.787 -192 -1723073393
61.813 -180 -1723073393
61.840 -157 -1723073393
61.867 -137 -1723073393
61.893 -130 -1723073393
61.920 -115 -1723073393
61.947 -93 -1723073393
61.973 -84 -1723073393
62.000 -72 -1723073393
62.027 -56 -1723073393
62.053 -50 -1723073393
62.080 -50 -1723073393
62.107 -43 -1723073393
62.133 -40 -1723073393
62.160 -49 -1723073393
62.187 -52 -1723073393
62.213 -52 -1723073393
62.240 -66 -1723073393
62.267 -79 -1723073393
62.293 -83 -1723073393
62.320 -94 -1723073393
62.347 -108 -1723073393
62.373 -114 -1723073393
62.400 -121 -1723073393
62.427 -135 -1723073393
62.453 -141 -1723073393
62.480 -144 -1723073393
62.507 -157 -1723073393
62.533 -168 -1723073393
62.560 -168 -1723073393
62.587 -170 -1723073393
62.613 -171 -1723073393
62.640 -159 -1723073393
62.667 -148 -1723073393
62.693 -145 -1723073393
62.720 -134 -1723073393
62.747 -121 -1723073393
62.773 -117 -1723073393
62.800 -109 -1723073393
62.827 -94 -1723073393
62.853 -84 -1723073393
62.880 -79 -1723073393
62.907 -64 -1723073393
62.933 -51 -1723073393
62.960 -52 -1723073393
62.987 -53 -1723073393
63.013 -53 -1723073393
63.040 -62 -1723073393
63.067 -76 -1723073393
63.093 -88 -1723073393
63.120 -105 -1723073393
63.147 -129 -1723073393
63.173 -149 -1723073393
63.200 -167 -1723073393
63.227 -192 -1723073393
63.253 -211 -1723073393
63.280 -227 -1723073393
63.307 -250 -1723073393
63.333 -271 -1723073393
63.360 -282 -1723073393
63.387 -295 -1723073393
63.413 -310 -1723073393
63.440 -307 -1723073393
63.467 -293 -1723073393
63.493 -288 -1723073393
63.520 -276 -1723073393
63.547 -254 -1723073393
63.573 -239 -1723073393
63.600 -224 -1723073393
63.627 -193 -1723073393
63.653 -162 -1723073393
63.680 -144 -1723073393
63.707 -118 -1723073393
63.733 -89 -1723073393
63.760 -73 -1723073393
63.787 -58 -1723073393
63.813 -43 -1723073393
63.840 -37 -1723073393
63.867 -41 -1723073393
63.893 -43 -1723073393
63.920 -47 -1723073393
63.947 -61 -1723073393
63.973 -74 -1723073393
64.000 -85 -1723073393
64.027 -105 -1723073393
64.053 -126 -1723073393
64.080 -139 -1723073393
64.107 -154 -1723073393
64.133 -169 -1723073393
64.160 -175 -1723073393
64.187 -182 -1723073393
64.213 -193 -1723073393
64.240 -192 -1723073393
64.267 -180 -1723073393
64.293 -177 -1723073393
64.320 -168 -1723073393
64.347 -144 -1723073393
64.373 -118 -1723073393
64.400 -96 -1723073393
64.427 -62 -1723073393
64.453 -25 -1723073393
64.480 0 -1723073393
64.507 27 -1723073393
64.533 59 -1723073393
64.560 77 -1723073393
64.587 88 -1723073393
64.613 103 -1723073393
64.640 112 -1723073393
64.667 110 -1723073393
64.693 105 -1723073393
64.720 99 -1723073393
64.747 90 -1723073393
64.773 81 -1723073393
64.800 73 -1723073393
64.827 62 -1723073393
64.853 46 -1723073393
64.880 28 -1723073393
64.907 9 -1723073393
64.933 -7 -1723073393
64.960 -20 -1723073393
64.987 -28 -1723073393
65.013 -39 -1723073393
65.040 -47 -1723073393
65.067 -48 -1723073393
65.093 -50 -1723073393
65.120 -52 -1723073393
65.147 -43 -1723073393
65.173 -27 -1723073393
65.200 -12 -1723073393
65.227 5 -1723073393
65.253 29 -1723073393
65.280 47 -1723073393
65.307 60 -1723073393
65.333 79 -1723073393
65.360 101 -1723073393
65.387 120 -1723073393
65.413 140 -1723073393
65.440 163 -1723073393
65.467 184 -1723073393
65.493 204 -1723073393
65.520 228 -1723073393
65.547 245 -1723073393
65.573 258 -1723073393
65.600 274 -1723073393
65.627 290 -1723073393
65.653 299 -1723073393
65.680 297 -1723073393
65.707 294 -1723073393
65.733 292 -1723073393
65.760 292 -1723073393
65.787 292 -1723073393
65.813 295 -1723073393
65.840 291 -1723073393
65.867 284 -1723073393
65.893 280 -1723073393
65.920 275 -1723073393
65.947 266 -1723073393
65.973 255 -1723073393
66.000 247 -1723073393
66.027 239 -1723073393
66.053 230 -1723073393
66.080 223 -1723073393
66.107 212 -1723073393
66.133 199 -1723073393
66.160 190 -1723073393
66.187 186 -1723073393
66.213 186 -1723073393
66.240 192 -1723073393
66.267 201 -1723073393
66.293 210 -1723073393
66.320 217 -1723073393
66.347 222 -1723073393
66.373 227 -1723073393
66.400 236 -1723073393
66.427 242 -1723073393
66.453 244 -1723073393
66.480 247 -1723073393
66.507 252 -1723073393
66.533 251 -1723073393
66.560 248 -1723073393
66.587 244 -1723073393
66.613 238 -1723073393
66.640 231 -1723073393
66.667 225 -1723073393
66.693 220 -1723073393
66.720 214 -1723073393
66.747 208 -1723073393
66.773 207 -1723073393
66.800 210 -1723073393
66.827 213 -1723073393
66.853 214 -1723073393
66.880 217 -1723073393
66.907 224 -1723073393
66.933 234 -1723073393
66.960 248 -1723073393
66.987 266 -1723073393
67.013 284 -1723073393
67.040 307 -1723073393
67.067 330 -1723073393
67.093 352 -1723073393
67.120 379 -1723073393
67.147 407 -1723073393
67.173 432 -1723073393
67.200 452 -1723073393
67.227 472 -1723073393
67.253 490 -1723073393
67.280 505 -1723073393
67.307 518 -1723073393
67.333 528 -1723073393
67.360 530 -1723073393
67.387 524 -1723073393
67.413 520 -1723073393
67.440 517 -1723073393
67.467 510 -1723073393
67.493 501 -1723073393
67.520 491 -1723073393
67.547 477 -1723073393
67.573 458 -1723073393
67.600 440 -1723073393
67.627 423 -1723073393
67.653 403 -1723073393
67.680 384 -1723073393
67.707 367 -1723073393
67.733 354 -1723073393
67.760 342 -1723073393
67.787 332 -1723073393
67.813 325 -1723073393
67.840 322 -1723073393
67.867 320 -1723073393
67.893 317 -1723073393
67.920 316 -1723073393
67.947 317 -1723073393
67.973 316 -1723073393
68.000 310 -1723073393
68.027 306 -1723073393
68.053 304 -1723073393
68.080 304 -1723073393
68.107 304 -1723073393
68.133 304 -1723073393
68.160 301 -1723073393
68.187 296 -1723073393
68.213 293 -1723073393
68.240 287 -1723073393
68.267 280 -1723073393
68.293 271 -1723073393
68.320 257 -1723073393
68.347 244 -1723073393
68.373 235 -1723073393
68.400 227 -1723073393
68.427 217 -1723073393
68.453 212 -1723073393
68.480 213 -1723073393
68.507 212 -1723073393
68.533 211 -1723073393
68.560 215 -1723073393
68.587 219 -1723073393
68.613 220 -1723073393
68.640 225 -1723073393
68.667 231 -1723073393
68.693 231 -1723073393
68.720 233 -1723073393
68.747 241 -1723073393
68.773 253 -1723073393
68.800 263 -1723073393
68.827 278 -1723073393
68.853 291 -1723073393
68.880 297 -1723073393
68.907 305 -1723073393
68.933 319 -1723073393
68.960 330 -1723073393
68.987 339 -1723073393
69.013 351 -1723073393
69.040 363 -1723073393
69.067 374 -1723073393
69.093 386 -1723073393
69.120 397 -1723073393
69.147 401 -1723073393
69.173 398 -1723073393
69.200 392 -1723073393
69.227 388 -1723073393
69.253 384 -1723073393
69.280 383 -1723073393
69.307 385 -1723073393
69.333 388 -1723073393
69.360 387 -1723073393
69.387 386 -1723073393
69.413 380 -1723073393
69.440 369 -1723073393
69.467 357 -1723073393
69.493 344 -1723073393
69.520 330 -1723073393
69.547 315 -1723073393
69.573 302 -1723073393
69.600 287 -1723073393
69.627 272 -1723073393
69.653 255 -1723073393
69.680 237 -1723073393
69.707 219 -1723073393
69.733 202 -1723073393
69.760 181 -1723073393
69.787 162 -1723073393
69.813 147 -1723073393
69.840 135 -1723073393
69.867 126 -1723073393
69.893 124 -1723073393
69.920 126 -1723073393
69.947 127 -1723073393
69.973 131 -1723073393
70.000 145 -1723073393
70.027 160 -1723073393
70.053 171 -1723073393
70.080 181 -1723073393
70.107 194 -1723073393
70.133 207 -1723073393
70.160 224 -1723073393
70.187 245 -1723073393
70.213 263 -1723073393
70.240 275 -1723073393
70.267 285 -1723073393
70.293 294 -1723073393
70.320 301 -1723073393
70.347 308 -1723073393
70.373 318 -1723073393
70.400 326 -1723073393
70.427 326 -1723073393
70.453 322 -1723073393
70.480 319 -1723073393
70.507 314 -1723073393
70.533 308 -1723073393
70.560 303 -1723073393
70.587 296 -1723073393
70.613 286 -1723073393
70.640 279 -1723073393
70.667 277 -1723073393
70.693 278 -1723073393
70.720 281 -1723073393
70.747 286 -1723073393
70.773 290 -1723073393
70.800 289 -1723073393
70.827 283 -1723073393
70.853 277 -1723073393
70.880 275 -1723073393
70.907 277 -1723073393
70.933 284 -1723073393
70.960 294 -1723073393
70.987 303 -1723073393
71.013 311 -1723073393
71.040 319 -1723073393
71.067 328 -1723073393
71.093 335 -1723073393
71.120 342 -1723073393
71.147 348 -1723073393
71.173 354 -1723073393
71.200 361 -1723073393
71.227 366 -1723073393
71.253 370 -1723073393
71.280 373 -1723073393
71.307 377 -1723073393
71.333 378 -1723073393
71.360 377 -1723073393
71.387 380 -1723073393
71.413 382 -1723073393
71.440 379 -1723073393
71.467 376 -1723073393
71.493 369 -1723073393
71.520 357 -1723073393
71.547 345 -1723073393
71.573 337 -1723073393
71.600 325 -1723073393
71.627 310 -1723073393
71.653 293 -1723073393
71.680 277 -1723073393
71.707 262 -1723073393
71.733 251 -1723073393
71.760 243 -1723073393
71.787 236 -1723073393
71.813 231 -1723073393
71.840 227 -1723073393
71.867 222 -1723073393
71.893 220 -1723073393
71.920 222 -1723073393
71.947 222 -1723073393
71.973 222 -1723073393
72.000 224 -1723073393
72.027 226 -1723073393
72.053 229 -1723073393
72.080 235 -1723073393
72.107 238 -1723073393
72.133 237 -1723073393
72.160 236 -1723073393
72.187 236 -1723073393
72.213 236 -1723073393
72.240 230 -1723073393
72.267 224 -1723073393
72.293 218 -1723073393
72.320 211 -1723073393
72.347 203 -1723073393
72.373 197 -1723073393
72.400 195 -1723073393
72.427 193 -1723073393
72.453 196 -1723073393
72.480 203 -1723073393
72.507 213 -1723073393
72.533 226 -1723073393
72.560 243 -1723073393
72.587 261 -1723073393
72.613 272 -1723073393
72.640 280 -1723073393
72.667 285 -1723073393
72.693 290 -1723073393
72.720 292 -1723073393
72.747 292 -1723073393
72.773 291 -1723073393
72.800 287 -1723073393
72.827 284 -1723073393
72.853 279 -1723073393
72.880 273 -1723073393
72.907 269 -1723073393
72.933 262 -1723073393
72.960 252 -1723073393
72.987 242 -1723073393
73.013 235 -1723073393
73.040 226 -1723073393
73.067 215 -1723073393
73.093 205 -1723073393
73.120 195 -1723073393
73.147 185 -1723073393
73.173 176 -1723073393
73.200 170 -1723073393
73.227 166 -1723073393
73.253 160 -1723073393
73.280 157 -1723073393
73.307 156 -1723073393
73.333 154 -1723073393
73.360 154 -1723073393
73.387 159 -1723073393
73.413 168 -1723073393
73.440 177 -1723073393
73.467 187 -1723073393
73.493 201 -1723073393
73.520 213 -1723073393
73.547 222 -1723073393
73.573 232 -1723073393
73.600 242 -1723073393
73.627 252 -1723073393
73.653 265 -1723073393
73.680 280 -1723073393
73.707 295 -1723073393
73.733 305 -1723073393
73.760 313 -1723073393
73.787 315 -1723073393
73.813 315 -1723073393
73.840 311 -1723073393
73.867 305 -1723073393
73.893 297 -1723073393
73.920 283 -1723073393
73.947 268 -1723073393
73.973 249 -1723073393
74.000 228 -1723073393
74.027 211 -1723073393
74.053 193 -1723073393
74.080 177 -1723073393
74.107 164 -1723073393
74.133 153 -1723073393
74.160 143 -1723073393
74.187 136 -1723073393
74.213 131 -1723073393
74.240 128 -1723073393
74.267 128 -1723073393
74.293 130 -1723073393
74.320 133 -1723073393
74.347 133 -1723073393
74.373 135 -1723073393
74.400 139 -1723073393
74.427 143 -1723073393
74.453 153 -1723073393
74.480 165 -1723073393
74.507 171 -1723073393
74.533 177 -1723073393
74.560 186 -1723073393
74.587 195 -1723073393
74.613 200 -1723073393
74.640 202 -1723073393
74.667 205 -1723073393
74.693 209 -1723073393
74.720 216 -1723073393
74.747 219 -1723073393
74.773 221 -1723073393
74.800 228 -1723073393
74.827 236 -1723073393
74.853 240 -1723073393
74.880 240 -1723073393
74.907 237 -1723073393
74.933 233 -1723073393
74.960 230 -1723073393
74.987 231 -1723073393
75.013 233 -1723073393
75.040 236 -1723073393
75.067 242 -1723073393
75.093 250 -1723073393
75.120 257 -1723073393
75.147 263 -1723073393
75.173 274 -1723073393
75.200 284 -1723073393
75.227 289 -1723073393
75.253 294 -1723073393
75.280 296 -1723073393
75.307 294 -1723073393
75.333 292 -1723073393
75.360 290 -1723073393
75.387 284 -1723073393
75.413 281 -1723073393
75.440 286 -1723073393
75.467 288 -1723073393
75.493 286 -1723073393
75.520 286 -1723073393
75.547 285 -1723073393
75.573 285 -1723073393
75.600 288 -1723073393
75.627 292 -1723073393
75.653 296 -1723073393
75.680 297 -1723073393
75.707 295 -1723073393
75.733 287 -1723073393
75.760 274 -1723073393
75.787 259 -1723073393
75.813 246 -1723073393
75.840 229 -1723073393
75.867 208 -1723073393
75.893 182 -1723073393
75.920 154 -1723073393
75.947 128 -1723073393
75.973 109 -1723073393
76.000 94 -1723073393
76.027 77 -1723073393
76.053 66 -1723073393
76.080 62 -1723073393
76.107 62 -1723073393
76.133 66 -1723073393
76.160 73 -1723073393
76.187 83 -1723073393
76.213 98 -1723073393
76.240 122 -1723073393
76.267 147 -1723073393
76.293 174 -1723073393
76.320 205 -1723073393
76.347 236 -1723073393
76.373 261 -1723073393
76.400 283 -1723073393
76.427 302 -1723073393
76.453 318 -1723073393
76.480 334 -1723073393
76.507 350 -1723073393
76.533 358 -1723073393
76.560 361 -1723073393
76.587 366 -1723073393
76.613 365 -1723073393
76.640 356 -1723073393
76.667 348 -1723073393
76.693 344 -1723073393
76.720 334 -1723073393
76.747 323 -1723073393
76.773 317 -1723073393
76.800 313 -1723073393
76.827 309 -1723073393
76.853 307 -1723073393
76.880 303 -1723073393
76.907 303 -1723073393
76.933 309 -1723073393
76.960 317 -1723073393
76.987 322 -1723073393
77.013 322 -1723073393
77.040 321 -1723073393
77.067 322 -1723073393
77.093 326 -1723073393
77.120 329 -1723073393
77.147 331 -1723073393
77.173 339 -1723073393
77.200 348 -1723073393
77.227 356 -1723073393
77.253 362 -1723073393
77.280 370 -1723073393
77.307 372 -1723073393
77.333 372 -1723073393
77.360 371 -1723073393
77.387 367 -1723073393
77.413 359 -1723073393
77.440 353 -1723073393
77.467 346 -1723073393
77.493 339 -1723073393
77.520 335 -1723073393
77.547 326 -1723073393
77.573 310 -1723073393
77.600 294 -1723073393
77.627 277 -1723073393
77.653 260 -1723073393
77.680 249 -1723073393
77.707 243 -1723073393
77.733 237 -1723073393
77.760 232 -1723073393
77.787 231 -1723073393
77.813 232 -1723073393
77.840 232 -1723073393
77.867 237 -1723073393
77.893 245 -1723073393
77.920 252 -1723073393
77.947 258 -1723073393
77.973 262 -1723073393
78.000 268 -1723073393
78.027 277 -1723073393
78.053 287 -1723073393
78.080 290 -1723073393
78.107 290 -1723073393
78.133 289 -1723073393
78.160 289 -1723073393
78.187 292 -1723073393
78.213 292 -1723073393
78.240 295 -1723073393
78.267 300 -1723073393
78.293 301 -1723073393
78.320 300 -1723073393
78.347 297 -1723073393
78.373 294 -1723073393
78.400 293 -1723073393
78.427 288 -1723073393
78.453 280 -1723073393
78.480 273 -1723073393
78.507 265 -1723073393
78.533 258 -1723073393
78.560 253 -1723073393
78.587 246 -1723073393
78.613 236 -1723073393
78.640 221 -1723073393
78.667 208 -1723073393
78.693 194 -1723073393
78.720 180 -1723073393
78.747 171 -1723073393
78.773 165 -1723073393
78.800 159 -1723073393
78.827 154 -1723073393
78.853 153 -1723073393
78.880 151 -1723073393
78.907 148 -1723073393
78.933 147 -1723073393
78.960 145 -1723073393
78.987 143 -1723073393
79.013 146 -1723073393
79.040 149 -1723073393
79.067 154 -1723073393
79.093 162 -1723073393
79.120 169 -1723073393
79.147 173 -1723073393
79.173 177 -1723073393
79.200 179 -1723073393
79.227 181 -1723073393
79.253 183 -1723073393
79.280 184 -1723073393
79.307 186 -1723073393
79.333 186 -1723073393
79.360 185 -1723073393
79.387 182 -1723073393
79.413 175 -1723073393
79.440 165 -1723073393
79.467 153 -1723073393
79.493 136 -1723073393
79.520 119 -1723073393
79.547 104 -1723073393
79.573 86 -1723073393
79.600 70 -1723073393
79.627 58 -1723073393
79.653 50 -1723073393
79.680 43 -1723073393
79.707 39 -1723073393
79.733 38 -1723073393
79.760 40 -1723073393
79.787 45 -1723073393
79.813 50 -1723073393
79.840 57 -1723073393
79.867 71 -1723073393
79.893 89 -1723073393
79.920 103 -1723073393
79.947 119 -1723073393
79.973 145 -1723073393
80.000 169 -1723073393
80.027 190 -1723073393
80.053 214 -1723073393
80.080 230 -1723073393
80.107 241 -1723073393
80.133 255 -1723073393
80.160 268 -1723073393
80.187 271 -1723073393
80.213 271 -1723073393
80.240 273 -1723073393
80.267 268 -1723073393
80.293 264 -1723073393
80.320 262 -1723073393
80.347 259 -1723073393
80.373 252 -1723073393
80.400 248 -1723073393
80.427 243 -1723073393
80.453 234 -1723073393
80.480 227 -1723073393
80.507 222 -1723073393
80.533 219 -1723073393
80.560 221 -1723073393
80.587 225 -1723073393
80.613 223 -1723073393
80.640 222 -1723073393
80.667 229 -1723073393
80.693 239 -1723073393
80.720 246 -1723073393
80.747 253 -1723073393
80.773 261 -1723073393
80.800 270 -1723073393
80.827 276 -1723073393
80.853 277 -1723073393
80.880 271 -1723073393
80.907 264 -1723073393
80.933 262 -1723073393
80.960 263 -1723073393
80.987 264 -1723073393
81.013 258 -1723073393
81.040 247 -1723073393
81.067 232 -1723073393
81.093 217 -1723073393
81.120 197 -1723073393
81.147 179 -1723073393
81.173 164 -1723073393
81.200 155 -1723073393
81.227 146 -1723073393
81.253 138 -1723073393
81.280 129 -1723073393
81.307 120 -1723073393
81.333 117 -1723073393
81.360 115 -1723073393
81.387 108 -1723073393
81.413 104 -1723073393
81.440 99 -1723073393
81.467 96 -1723073393
81.493 101 -1723073393
81.520 110 -1723073393
81.547 118 -1723073393
81.573 130 -1723073393
81.600 146 -1723073393
81.627 165 -1723073393
81.653 184 -1723073393
81.680 203 -1723073393
81.707 223 -1723073393
81.733 236 -1723073393
81.760 245 -1723073393
81.787 252 -1723073393
81.813 258 -1723073393
81.840 269 -1723073393
81.867 283 -1723073393
81.893 289 -1723073393
81.920 296 -1723073393
81.947 311 -1723073393
81.973 324 -1723073393
82.000 333 -1723073393
82.027 340 -1723073393
82.053 340 -1723073393
82.080 338 -1723073393
82.107 340 -1723073393
82.133 341 -1723073393
82.160 337 -1723073393
82.187 336 -1723073393
82.213 333 -1723073393
82.240 324 -1723073393
82.267 313 -1723073393
82.293 299 -1723073393
82.320 285 -1723073393
82.347 272 -1723073393
82.373 258 -1723073393
82.400 246 -1723073393
82.427 239 -1723073393
82.453 234 -1723073393
82.480 227 -1723073393
82.507 227 -1723073393
82.533 232 -1723073393
82.560 237 -1723073393
82.587 240 -1723073393
82.613 245 -1723073393
82.640 251 -1723073393
82.667 259 -1723073393
82.693 266 -1723073393
82.720 270 -1723073393
82.747 275 -1723073393
82.773 279 -1723073393
82.800 283 -1723073393
82.827 283 -1723073393
82.853 278 -1723073393
82.880 275 -1723073393
82.907 271 -1723073393
82.933 263 -1723073393
82.960 252 -1723073393
82.987 241 -1723073393
83.013 233 -1723073393
83.040 230 -1723073393
83.067 227 -1723073393
83.093 219 -1723073393
83.120 213 -1723073393
83.147 206 -1723073393
83.173 196 -1723073393
83.200 187 -1723073393
83.227 182 -1723073393
83.253 178 -1723073393
83.280 176 -1723073393
83.307 176 -1723073393
83.333 175 -1723073393
83.360 176 -1723073393
83.387 178 -1723073393
83.413 179 -1723073393
83.440 185 -1723073393
83.467 197 -1723073393
83.493 212 -1723073393
83.520 227 -1723073393
83.547 238 -1723073393
83.573 246 -1723073393
83.600 259 -1723073393
83.627 274 -1723073393
83.653 285 -1723073393
83.680 290 -1723073393
83.707 287 -1723073393
83.733 281 -1723073393
83.760 276 -1723073393
83.787 268 -1723073393
83.813 260 -1723073393
83.840 252 -1723073393
83.867 244 -1723073393
83.893 237 -1723073393
83.920 229 -1723073393
83.947 219 -1723073393
83.973 210 -1723073393
84.000 206 -1723073393
84.027 205 -1723073393
84.053 203 -1723073393
84.080 201 -1723073393
84.107 200 -1723073393
84.133 200 -1723073393
84.160 204 -1723073393
84.187 213 -1723073393
84.213 224 -1723073393
84.240 233 -1723073393
84.267 238 -1723073393
84.293 240 -1723073393
84.320 244 -1723073393
84.347 247 -1723073393
84.373 248 -1723073393
84.400 250 -1723073393
84.427 249 -1723073393
84.453 248 -1723073393
84.480 249 -1723073393
84.507 245 -1723073393
84.533 239 -1723073393
84.560 235 -1723073393
84.587 226 -1723073393
84.613 217 -1723073393
84.640 210 -1723073393
84.667 204 -1723073393
84.693 196 -1723073393
84.720 190 -1723073393
84.747 185 -1723073393
84.773 179 -1723073393
84.800 174 -1723073393
84.827 170 -1723073393
84.853 164 -1723073393
84.880 161 -1723073393
84.907 158 -1723073393
84.933 154 -1723073393
84.960 152 -1723073393
84.987 153 -1723073393
85.013 155 -1723073393
85.040 160 -1723073393
85.067 165 -1723073393
85.093 165 -1723073393
85.120 165 -1723073393
85.147 170 -1723073393
85.173 177 -1723073393
85.200 178 -1723073393
85.227 176 -1723073393
85.253 176 -1723073393
85.280 177 -1723073393
85.307 178 -1723073393
85.333 182 -1723073393
85.360 188 -1723073393
85.387 193 -1723073393
85.413 198 -1723073393
85.440 203 -1723073393
85.467 206 -1723073393
85.493 210 -1723073393
85.520 213 -1723073393
85.547 218 -1723073393
85.573 224 -1723073393
85.600 231 -1723073393
85.627 234 -1723073393
85.653 234 -1723073393
85.680 234 -1723073393
85.707 242 -1723073393
85.733 250 -1723073393
85.760 256 -1723073393
85.787 261 -1723073393
85.813 267 -1723073393
85.840 274 -1723073393
85.867 275 -1723073393
85.893 275 -1723073393
85.920 276 -1723073393
85.947 274 -1723073393
85.973 271 -1723073393
86.000 268 -1723073393
86.027 261 -1723073393
86.053 251 -1723073393
86.080 239 -1723073393
86.107 224 -1723073393
86.133 213 -1723073393
86.160 209 -1723073393
86.187 210 -1723073393
86.213 212 -1723073393
86.240 213 -1723073393
86.267 210 -1723073393
86.293 204 -1723073393
86.320 199 -1723073393
86.347 199 -1723073393
86.373 203 -1723073393
86.400 206 -1723073393
86.427 207 -1723073393
86.453 208 -1723073393
86.480 207 -1723073393
86.507 202 -1723073393
86.533 195 -1723073393
86.560 190 -1723073393
86.587 186 -1723073393
86.613 176 -1723073393
86.640 165 -1723073393
86.667 154 -1723073393
86.693 143 -1723073393
86.720 133 -1723073393
86.747 124 -1723073393
86.773 120 -1723073393
86.800 119 -1723073393
86.827 121 -1723073393
86.853 127 -1723073393
86.880 132 -1723073393
86.907 142 -1723073393
86.933 149 -1723073393
86.960 155 -1723073393
86.987 162 -1723073393
87.013 173 -1723073393
87.040 184 -1723073393
87.067 193 -1723073393
87.093 208 -1723073393
87.120 224 -1723073393
87.147 231 -1723073393
87.173 236 -1723073393
87.200 245 -1723073393
87.227 249 -1723073393
87.253 248 -1723073393
87.280 249 -1723073393
87.307 250 -1723073393
87.333 252 -1723073393
87.360 255 -1723073393
87.387 250 -1723073393
87.413 241 -1723073393
87.440 236 -1723073393
87.467 230 -1723073393
87.493 226 -1723073393
87.520 228 -1723073393
87.547 232 -1723073393
87.573 234 -1723073393
87.600 232 -1723073393
87.627 232 -1723073393
87.653 231 -1723073393
87.680 230 -1723073393
87.707 230 -1723073393
87.733 227 -1723073393
87.760 223 -1723073393
87.787 218 -1723073393
87.813 221 -1723073393
87.840 223 -1723073393
87.867 224 -1723073393
87.893 224 -1723073393
87.920 221 -1723073393
87.947 212 -1723073393
87.973 206 -1723073393
88.000 205 -1723073393
88.027 202 -1723073393
88.053 201 -1723073393
88.080 204 -1723073393
88.107 204 -1723073393
88.133 202 -1723073393
88.160 199 -1723073393
88.187 199 -1723073393
88.213 197 -1723073393
88.240 197 -1723073393
88.267 193 -1723073393
88.293 191 -1723073393
88.320 195 -1723073393
88.347 196 -1723073393
88.373 199 -1723073393
88.400 203 -1723073393
88.427 199 -1723073393
88.453 195 -1723073393
88.480 193 -1723073393
88.507 188 -1723073393
88.533 188 -1723073393
88.560 192 -1723073393
88.587 187 -1723073393
88.613 183 -1723073393
88.640 181 -1723073393
88.667 173 -1723073393
88.693 169 -1723073393
88.720 165 -1723073393
88.747 159 -1723073393
88.773 159 -1723073393
88.800 159 -1723073393
88.827 154 -1723073393
88.853 152 -1723073393
88.880 150 -1723073393
88.907 145 -1723073393
88.933 147 -1723073393
88.960 154 -1723073393
88.987 157 -1723073393
89.013 162 -1723073393
89.040 168 -1723073393
89.067 170 -1723073393
89.093 175 -1723073393
89.120 179 -1723073393
89.147 177 -1723073393
89.173 185 -1723073393
89.200 192 -1723073393
89.227 197 -1723073393
89.253 205 -1723073393
89.280 210 -1723073393
89.307 212 -1723073393
89.333 213 -1723073393
89.360 214 -1723073393
89.387 212 -1723073393
89.413 215 -1723073393
89.440 217 -1723073393
89.467 212 -1723073393
89.493 207 -1723073393
89.520 199 -1723073393
89.547 188 -1723073393
89.573 180 -1723073393
89.600 173 -1723073393
89.627 163 -1723073393
89.653 154 -1723073393
89.680 145 -1723073393
89.707 139 -1723073393
89.733 135 -1723073393
89.760 128 -1723073393
89.787 125 -1723073393
89.813 129 -1723073393
89.840 130 -1723073393
89.867 133 -1723073393
89.893 140 -1723073393
89.920 141 -1723073393
89.947 145 -1723073393
89.973 157 -1723073393
90.000 167 -1723073393
90.027 179 -1723073393
90.053 188 -1723073393
90.080 186 -1723073393
90.107 184 -1723073393
90.133 186 -1723073393
90.160 188 -1723073393
90.187 189 -1723073393
90.213 184 -1723073393
90.240 175 -1723073393
90.267 172 -1723073393
90.293 169 -1723073393
90.320 161 -1723073393
90.347 157 -1723073393
90.373 151 -1723073393
90.400 138 -1723073393
90.427 130 -1723073393
90.453 124 -1723073393
90.480 118 -1723073393
90.507 117 -1723073393
90.533 113 -1723073393
90.560 112 -1723073393
90.587 115 -1723073393
90.613 115 -1723073393
90.640 116 -1723073393
90.667 122 -1723073393
90.693 126 -1723073393
90.720 139 -1723073393
90.747 157 -1723073393
90.773 173 -1723073393
90.800 192 -1723073393
90.827 209 -1723073393
90.853 220 -1723073393
90.880 233 -1723073393
90.907 242 -1723073393
90.933 248 -1723073393
90.960 259 -1723073393
90.987 270 -1723073393
91.013 278 -1723073393
91.040 285 -1723073393
91.067 294 -1723073393
91.093 301 -1723073393
91.120 307 -1723073393
91.147 314 -1723073393
91.173 320 -1723073393
91.200 327 -1723073393
91.227 330 -1723073393
91.253 332 -1723073393
91.280 339 -1723073393
91.307 348 -1723073393
91.333 359 -1723073393
91.360 366 -1723073393
91.387 361 -1723073393
91.413 351 -1723073393
91.440 342 -1723073393
91.467 331 -1723073393
91.493 322 -1723073393
91.520 317 -1723073393
91.547 307 -1723073393
91.573 302 -1723073393
91.600 299 -1723073393
91.627 293 -1723073393
91.653 293 -1723073393
91.680 294 -1723073393
91.707 290 -1723073393
91.733 291 -1723073393
91.760 294 -1723073393
91.787 299 -1723073393
91.813 306 -1723073393
91.840 310 -1723073393
91.867 319 -1723073393
91.893 328 -1723073393
91.920 333 -1723073393
91.947 338 -1723073393
91.973 341 -1723073393
92.000 343 -1723073393
92.027 352 -1723073393
92.053 362 -1723073393
92.080 365 -1723073393
92.107 364 -1723073393
92.133 361 -1723073393
92.160 354 -1723073393
92.187 354 -1723073393
92.213 354 -1723073393
92.240 350 -1723073393
92.267 348 -1723073393
92.293 338 -1723073393
92.320 327 -1723073393
92.347 318 -1723073393
92.373 311 -1723073393
92.400 303 -1723073393
92.427 293 -1723073393
92.453 287 -1723073393
92.480 293 -1723073393
92.507 302 -1723073393
92.533 310 -1723073393
92.560 319 -1723073393
92.587 325 -1723073393
92.613 331 -1723073393
92.640 336 -1723073393
92.667 342 -1723073393
92.693 350 -1723073393
92.720 360 -1723073393
92.747 372 -1723073393
92.773 384 -1723073393
92.800 396 -1723073393
92.827 411 -1723073393
92.853 423 -1723073393
92.880 428 -1723073393
92.907 434 -1723073393
92.933 436 -1723073393
92.960 433 -1723073393
92.987 431 -1723073393
93.013 428 -1723073393
93.040 417 -1723073393
93.067 407 -1723073393
93.093 399 -1723073393
93.120 393 -1723073393
93.147 388 -1723073393
93.173 381 -1723073393
93.200 373 -1723073393
93.227 365 -1723073393
93.253 352 -1723073393
93.280 334 -1723073393
93.307 315 -1723073393
93.333 305 -1723073393
93.360 303 -1723073393
93.387 305 -1723073393
93.413 311 -1723073393
93.440 314 -1723073393
93.467 315 -1723073393
93.493 322 -1723073393
93.520 333 -1723073393
93.547 344 -1723073393
93.573 351 -1723073393
93.600 352 -1723073393
93.627 350 -1723073393
93.653 349 -1723073393
93.680 352 -1723073393
93.707 351 -1723073393
93.733 353 -1723073393
93.760 356 -1723073393
93.787 357 -1723073393
93.813 354 -1723073393
93.840 347 -1723073393
93.867 338 -1723073393
93.893 331 -1723073393
93.920 326 -1723073393
93.947 323 -1723073393
93.973 320 -1723073393
94.000 317 -1723073393
94.027 319 -1723073393
94.053 320 -1723073393
94.080 318 -1723073393
94.107 320 -1723073393
94.133 322 -1723073393
94.160 320 -1723073393
94.187 315 -1723073393
94.213 307 -1723073393
94.240 301 -1723073393
94.267 297 -1723073393
94.293 295 -1723073393
94.320 297 -1723073393
94.347 299 -1723073393
94.373 309 -1723073393
94.400 321 -1723073393
94.427 326 -1723073393
94.453 329 -1723073393
94.480 329 -1723073393
94.507 326 -1723073393
94.533 324 -1723073393
94.560 323 -1723073393
94.587 324 -1723073393
94.613 331 -1723073393
94.640 335 -1723073393
94.667 334 -1723073393
94.693 335 -1723073393
94.720 337 -1723073393
94.747 339 -1723073393
94.773 337 -1723073393
94.800 344 -1723073393
94.827 346 -1723073393
94.853 341 -1723073393
94.880 343 -1723073393
94.907 338 -1723073393
94.933 338 -1723073393
94.960 338 -1723073393
94.987 327 -1723073393
95.013 322 -1723073393
95.040 320 -1723073393
95.067 319 -1723073393
95.093 319 -1723073393
95.120 317 -1723073393
95.147 312 -1723073393
95.173 305 -1723073393
95.200 299 -1723073393
95.227 298 -1723073393
95.253 295 -1723073393
95.280 287 -1723073393
95.307 276 -1723073393
95.333 268 -1723073393
95.360 267 -1723073393
95.387 261 -1723073393
95.413 260 -1723073393
95.440 263 -1723073393
95.467 260 -1723073393
95.493 264 -1723073393
95.520 267 -1723073393
95.547 266 -1723073393
95.573 263 -1723073393
95.600 254 -1723073393
95.627 250 -1723073393
95.653 242 -1723073393
95.680 236 -1723073393
95.707 233 -1723073393
95.733 222 -1723073393
95.760 215 -1723073393
95.787 202 -1723073393
95.813 190 -1723073393
95.840 181 -1723073393
95.867 166 -1723073393
95.893 157 -1723073393
95.920 147 -1723073393
95.947 142 -1723073393
95.973 146 -1723073393
96.000 144 -1723073393
96.027 142 -1723073393
96.053 140 -1723073393
96.080 136 -1723073393
96.107 136 -1723073393
96.133 130 -1723073393
96.160 131 -1723073393
96.187 144 -1723073393
96.213 152 -1723073393
96.240 161 -1723073393
96.267 167 -1723073393
96.293 181 -1723073393
96.320 197 -1723073393
96.347 201 -1723073393
96.373 204 -1723073393
96.400 202 -1723073393
96.427 211 -1723073393
96.453 221 -1723073393
96.480 219 -1723073393
96.507 213 -1723073393
96.533 203 -1723073393
96.560 196 -1723073393
96.587 190 -1723073393
96.613 184 -1723073393
96.640 172 -1723073393
96.667 151 -1723073393
96.693 140 -1723073393
96.720 130 -1723073393
96.747 128 -1723073393
96.773 118 -1723073393
96.800 104 -1723073393
96.827 100 -1723073393
96.853 85 -1723073393
96.880 73 -1723073393
96.907 67 -1723073393
96.933 68 -1723073393
96.960 75 -1723073393
96.987 71 -1723073393
97.013 69 -1723073393
97.040 68 -1723073393
97.067 67 -1723073393
97.093 62 -1723073393
97.120 62 -1723073393
97.147 71 -1723073393
97.173 71 -1723073393
97.200 71 -1723073393
97.227 65 -1723073393
97.253 67 -1723073393
97.280 70 -1723073393
97.307 66 -1723073393
97.333 72 -1723073393
97.360 67 -1723073393
97.387 64 -1723073393
97.413 59 -1723073393
97.440 58 -1723073393
97.467 54 -1723073393
97.493 45 -1723073393
97.520 45 -1723073393
97.547 38 -1723073393
97.573 36 -1723073393
97.600 28 -1723073393
97.627 14 -1723073393
97.653 9 -1723073393
97.680 7 -1723073393
97.707 8 -1723073393
97.733 3 -1723073393
97.760 6 -1723073393
97.787 14 -1723073393
97.813 27 -1723073393
97.840 42 -1723073393
97.867 47 -1723073393
97.893 61 -1723073393
97.920 63 -1723073393
97.947 70 -1723073393
97.973 71 -1723073393
98.000 76 -1723073393
98.027 84 -1723073393
98.053 86 -1723073393
98.080 92 -1723073393
98.107 92 -1723073393
98.133 96 -1723073393
98.160 97 -1723073393
98.187 102 -1723073393
98.213 109 -1723073393
98.240 115 -1723073393
98.267 118 -1723073393
98.293 119 -1723073393
98.320 121 -1723073393
98.347 124 -1723073393
98.373 123 -1723073393
98.400 120 -1723073393
98.427 119 -1723073393
98.453 105 -1723073393
98.480 91 -1723073393
98.507 72 -1723073393
98.533 57 -1723073393
98.560 49 -1723073393
98.587 42 -1723073393
98.613 46 -1723073393
98.640 43 -1723073393
98.667 41 -1723073393
98.693 32 -1723073393
98.720 28 -1723073393
98.747 24 -1723073393
98.773 21 -1723073393
98.800 21 -1723073393
98.827 20 -1723073393
98.853 15 -1723073393
98.880 13 -1723073393
98.907 15 -1723073393
98.933 16 -1723073393
98.960 19 -1723073393
98.987 15 -1723073393
99.013 17 -1723073393
99.040 11 -1723073393
99.067 12 -1723073393
99.093 5 -1723073393
99.120 7 -1723073393
99.147 10 -1723073393
99.173 15 -1723073393
99.200 17 -1723073393
99.227 18 -1723073393
99.253 23 -1723073393
99.280 19 -1723073393
99.307 10 -1723073393
99.333 -2 -1723073393
99.360 -2 -1723073393
99.387 -9 -1723073393
99.413 -7 -1723073393
99.440 -12 -1723073393
99.467 -13 -1723073393
99.493 -27 -1723073393
99.520 -33 -1723073393
99.547 -46 -1723073393
99.573 -41 -1723073393
99.600 -39 -1723073393
99.627 -37 -1723073393
99.653 -50 -1723073393
99.680 -43 -1723073393
99.707 -44 -1723073393
99.733 -28 -1723073393
99.760 -17 -1723073393
99.787 -13 -1723073393
99.813 -17 -1723073393
99.840 -13 -1723073393
99.867 -13 -1723073393
99.893 0 -1723073393
99.920 11 -1723073393
99.947 26 -1723073393
99.973 30 -1723073393
100.000 0 -1723073393
