0.000 9 -1723073393
0.027 14 -1723073393
0.053 12 -1723073393
0.080 9 -1723073393
0.107 8 -1723073393
0.133 7 -1723073393
0.160 11 -1723073393
0.187 13 -1723073393
0.213 12 -1723073393
0.240 17 -1723073393
0.267 21 -1723073393
0.293 16 -1723073393
0.320 12 -1723073393
0.347 7 -1723073393
0.373 4 -1723073393
0.400 5 -1723073393
0.427 8 -1723073393
0.453 13 -1723073393
0.480 15 -1723073393
0.507 14 -1723073393
0.533 14 -1723073393
0.560 11 -1723073393
0.587 10 -1723073393
0.613 12 -1723073393
0.640 12 -1723073393
0.667 13 -1723073393
0.693 15 -1723073393
0.720 16 -1723073393
0.747 15 -1723073393
0.773 14 -1723073393
0.800 17 -1723073393
0.827 17 -1723073393
0.853 16 -1723073393
0.880 14 -1723073393
0.907 8 -1723073393
0.933 7 -1723073393
0.960 9 -1723073393
0.987 9 -1723073393
1.013 13 -1723073393
1.040 14 -1723073393
1.067 10 -1723073393
1.093 7 -1723073393
1.120 5 -1723073393
1.147 4 -1723073393
1.173 4 -1723073393
1.200 5 -1723073393
1.227 4 -1723073393
1.253 5 -1723073393
1.280 1 -1723073393
1.307 -2 -1723073393
1.333 -4 -1723073393
1.360 -2 -1723073393
1.387 -3 -1723073393
1.413 0 -1723073393
1.440 0 -1723073393
1.467 0 -1723073393
1.493 1 -1723073393
1.520 -1 -1723073393
1.547 -5 -1723073393
1.573 -3 -1723073393
1.600 -6 -1723073393
1.627 -6 -1723073393
1.653 -6 -1723073393
1.680 -7 -1723073393
1.707 -4 -1723073393
1.733 -6 -1723073393
1.760 -13 -1723073393
1.787 -15 -1723073393
1.813 -20 -1723073393
1.840 -22 -1723073393
1.867 -19 -1723073393
1.893 -16 -1723073393
1.920 -13 -1723073393
1.947 -7 -1723073393
1.973 -6 -1723073393
2.000 -2 -1723073393
2.027 0 -1723073393
2.053 -2 -1723073393
2.080 -2 -1723073393
2.107 -7 -1723073393
2.133 -9 -1723073393
2.160 -6 -1723073393
2.187 -8 -1723073393
2.213 -9 -1723073393
2.240 -8 -1723073393
2.267 -12 -1723073393
2.293 -14 -1723073393
2.320 -18 -1723073393
2.347 -24 -1723073393
2.373 -27 -1723073393
2.400 -30 -1723073393
2.427 -28 -1723073393
2.453 -21 -1723073393
2.480 -20 -1723073393
2.507 -22 -1723073393
2.533 -26 -1723073393
2.560 -29 -1723073393
2.587 -23 -1723073393
2.613 -20 -1723073393
2.640 -20 -1723073393
2.667 -17 -1723073393
2.693 -18 -1723073393
2.720 -14 -1723073393
2.747 -9 -1723073393
2.773 -10 -1723073393
2.800 -10 -1723073393
2.827 -10 -1723073393
2.853 -15 -1723073393
2.880 -17 -1723073393
2.907 -20 -1723073393
2.933 -24 -1723073393
2.960 -29 -1723073393
2.987 -33 -1723073393
3.013 -33 -1723073393
3.040 -29 -1723073393
3.067 -29 -1723073393
3.093 -27 -1723073393
3.120 -23 -1723073393
3.147 -20 -1723073393
3.173 -14 -1723073393
3.200 -17 -1723073393
3.227 -25 -1723073393
3.253 -23 -1723073393
3.280 -26 -1723073393
3.307 -27 -1723073393
3.333 -21 -1723073393
3.360 -21 -1723073393
3.387 -23 -1723073393
3.413 -27 -1723073393
3.440 -37 -1723073393
3.467 -37 -1723073393
3.493 -39 -1723073393
3.520 -41 -1723073393
3.547 -35 -1723073393
3.573 -32 -1723073393
3.600 -35 -1723073393
3.627 -37 -1723073393
3.653 -43 -1723073393
3.680 -46 -1723073393
3.707 -48 -1723073393
3.733 -52 -1723073393
3.760 -49 -1723073393
3.787 -46 -1723073393
3.813 -49 -1723073393
3.840 -55 -1723073393
3.867 -57 -1723073393
3.893 -54 -1723073393
3.920 -47 -1723073393
3.947 -45 -1723073393
3.973 -42 -1723073393
4.000 -37 -1723073393
4.027 -37 -1723073393
4.053 -37 -1723073393
4.080 -36 -1723073393
4.107 -37 -1723073393
4.133 -32 -1723073393
4.160 -28 -1723073393
4.187 -29 -1723073393
4.213 -24 -1723073393
4.240 -22 -1723073393
4.267 -21 -1723073393
4.293 -17 -1723073393
4.320 -18 -1723073393
4.347 -19 -1723073393
4.373 -17 -1723073393
4.400 -20 -1723073393
4.427 -22 -1723073393
4.453 -26 -1723073393
4.480 -31 -1723073393
4.507 -31 -1723073393
4.533 -31 -1723073393
4.560 -34 -1723073393
4.587 -32 -1723073393
4.613 -30 -1723073393
4.640 -27 -1723073393
4.667 -21 -1723073393
4.693 -19 -1723073393
4.720 -19 -1723073393
4.747 -16 -1723073393
4.773 -15 -1723073393
4.800 -15 -1723073393
4.827 -16 -1723073393
4.853 -14 -1723073393
4.880 -11 -1723073393
4.907 -13 -1723073393
4.933 -13 -1723073393
4.960 -17 -1723073393
4.987 -20 -1723073393
5.013 -15 -1723073393
5.040 -8 -1723073393
5.067 -3 -1723073393
5.093 0 -1723073393
5.120 -8 -1723073393
5.147 -14 -1723073393
5.173 -16 -1723073393
5.200 -22 -1723073393
5.227 -25 -1723073393
5.253 -27 -1723073393
5.280 -31 -1723073393
5.307 -31 -1723073393
5.333 -26 -1723073393
5.360 -21 -1723073393
5.387 -19 -1723073393
5.413 -23 -1723073393
5.440 -24 -1723073393
5.467 -23 -1723073393
5.493 -25 -1723073393
5.520 -27 -1723073393
5.547 -25 -1723073393
5.573 -21 -1723073393
5.600 -16 -1723073393
5.627 -13 -1723073393
5.653 -15 -1723073393
5.680 -18 -1723073393
5.707 -13 -1723073393
5.733 -7 -1723073393
5.760 -3 -1723073393
5.787 -4 -1723073393
5.813 -4 -1723073393
5.840 -1 -1723073393
5.867 -1 -1723073393
5.893 -1 -1723073393
5.920 0 -1723073393
5.947 2 -1723073393
5.973 9 -1723073393
6.000 14 -1723073393
6.027 11 -1723073393
6.053 8 -1723073393
6.080 7 -1723073393
6.107 8 -1723073393
6.133 9 -1723073393
6.160 5 -1723073393
6.187 -4 -1723073393
6.213 -13 -1723073393
6.240 -17 -1723073393
6.267 -17 -1723073393
6.293 -15 -1723073393
6.320 -14 -1723073393
6.347 -16 -1723073393
6.373 -14 -1723073393
6.400 -7 -1723073393
6.427 -6 -1723073393
6.453 -9 -1723073393
6.480 -15 -1723073393
6.507 -16 -1723073393
6.533 -12 -1723073393
6.560 -7 -1723073393
6.587 -2 -1723073393
6.613 -4 -1723073393
6.640 -9 -1723073393
6.667 -10 -1723073393
6.693 -8 -1723073393
6.720 -10 -1723073393
6.747 -12 -1723073393
6.773 -20 -1723073393
6.800 -25 -1723073393
6.827 -27 -1723073393
6.853 -27 -1723073393
6.880 -24 -1723073393
6.907 -25 -1723073393
6.933 -29 -1723073393
6.960 -27 -1723073393
6.987 -22 -1723073393
7.013 -20 -1723073393
7.040 -17 -1723073393
7.067 -19 -1723073393
7.093 -27 -1723073393
7.120 -32 -1723073393
7.147 -34 -1723073393
7.173 -37 -1723073393
7.200 -36 -1723073393
7.227 -38 -1723073393
7.253 -37 -1723073393
7.280 -32 -1723073393
7.307 -31 -1723073393
7.333 -33 -1723073393
7.360 -34 -1723073393
7.387 -31 -1723073393
7.413 -22 -1723073393
7.440 -19 -1723073393
7.467 -21 -1723073393
7.493 -20 -1723073393
7.520 -20 -1723073393
7.547 -22 -1723073393
7.573 -26 -1723073393
7.600 -33 -1723073393
7.627 -36 -1723073393
7.653 -39 -1723073393
7.680 -38 -1723073393
7.707 -30 -1723073393
7.733 -25 -1723073393
7.760 -22 -1723073393
7.787 -19 -1723073393
7.813 -20 -1723073393
7.840 -18 -1723073393
7.867 -14 -1723073393
7.893 -16 -1723073393
7.920 -18 -1723073393
7.947 -19 -1723073393
7.973 -22 -1723073393
8.000 -28 -1723073393
8.027 -41 -1723073393
8.053 -50 -1723073393
8.080 -48 -1723073393
8.107 -47 -1723073393
8.133 -44 -1723073393
8.160 -42 -1723073393
8.187 -43 -1723073393
8.213 -36 -1723073393
8.240 -31 -1723073393
8.267 -27 -1723073393
8.293 -19 -1723073393
8.320 -19 -1723073393
8.347 -16 -1723073393
8.373 -13 -1723073393
8.400 -13 -1723073393
8.427 -6 -1723073393
8.453 0 -1723073393
8.480 -5 -1723073393
8.507 -8 -1723073393
8.533 -11 -1723073393
8.560 -17 -1723073393
8.587 -17 -1723073393
8.613 -22 -1723073393
8.640 -21 -1723073393
8.667 -8 -1723073393
8.693 -8 -1723073393
8.720 -11 -1723073393
8.747 -10 -1723073393
8.773 -13 -1723073393
8.800 -11 -1723073393
8.827 -9 -1723073393
8.853 -13 -1723073393
8.880 -15 -1723073393
8.907 -17 -1723073393
8.933 -22 -1723073393
8.960 -22 -1723073393
8.987 -22 -1723073393
9.013 -19 -1723073393
9.040 -17 -1723073393
9.067 -19 -1723073393
9.093 -20 -1723073393
9.120 -20 -1723073393
9.147 -25 -1723073393
9.173 -28 -1723073393
9.200 -34 -1723073393
9.227 -40 -1723073393
9.253 -37 -1723073393
9.280 -34 -1723073393
9.307 -29 -1723073393
9.333 -19 -1723073393
9.360 -15 -1723073393
9.387 -13 -1723073393
9.413 -15 -1723073393
9.440 -24 -1723073393
9.467 -25 -1723073393
9.493 -25 -1723073393
9.520 -31 -1723073393
9.547 -27 -1723073393
9.573 -30 -1723073393
9.600 -34 -1723073393
9.627 -29 -1723073393
9.653 -32 -1723073393
9.680 -36 -1723073393
9.707 -34 -1723073393
9.733 -38 -1723073393
9.760 -37 -1723073393
9.787 -33 -1723073393
9.813 -36 -1723073393
9.840 -29 -1723073393
9.867 -26 -1723073393
9.893 -30 -1723073393
9.920 -27 -1723073393
9.947 -31 -1723073393
9.973 -36 -1723073393
10.000 -30 -1723073393
10.027 -31 -1723073393
10.053 -30 -1723073393
10.080 -27 -1723073393
10.107 -27 -1723073393
10.133 -20 -1723073393
10.160 -6 -1723073393
10.187 4 -1723073393
10.213 22 -1723073393
10.240 32 -1723073393
10.267 38 -1723073393
10.293 55 -1723073393
10.320 70 -1723073393
10.347 89 -1723073393
10.373 117 -1723073393
10.400 133 -1723073393
10.427 145 -1723073393
10.453 157 -1723073393
10.480 160 -1723073393
10.507 165 -1723073393
10.533 172 -1723073393
10.560 172 -1723073393
10.587 170 -1723073393
10.613 163 -1723073393
10.640 150 -1723073393
10.667 139 -1723073393
10.693 119 -1723073393
10.720 94 -1723073393
10.747 76 -1723073393
10.773 57 -1723073393
10.800 36 -1723073393
10.827 17 -1723073393
10.853 -3 -1723073393
10.880 -18 -1723073393
10.907 -32 -1723073393
10.933 -46 -1723073393
10.960 -50 -1723073393
10.987 -60 -1723073393
11.013 -68 -1723073393
11.040 -70 -1723073393
11.067 -77 -1723073393
11.093 -80 -1723073393
11.120 -80 -1723073393
11.147 -86 -1723073393
11.173 -85 -1723073393
11.200 -86 -1723073393
11.227 -95 -1723073393
11.253 -94 -1723073393
11.280 -97 -1723073393
11.307 -105 -1723073393
11.333 -99 -1723073393
11.360 -101 -1723073393
11.387 -104 -1723073393
11.413 -99 -1723073393
11.440 -105 -1723073393
11.467 -110 -1723073393
11.493 -106 -1723073393
11.520 -107 -1723073393
11.547 -100 -1723073393
11.573 -94 -1723073393
11.600 -94 -1723073393
11.627 -85 -1723073393
11.653 -76 -1723073393
11.680 -64 -1723073393
11.707 -39 -1723073393
11.733 -23 -1723073393
11.760 -9 -1723073393
11.787 13 -1723073393
11.813 26 -1723073393
11.840 38 -1723073393
11.867 47 -1723073393
11.893 48 -1723073393
11.920 51 -1723073393
11.947 51 -1723073393
11.973 44 -1723073393
12.000 43 -1723073393
12.027 38 -1723073393
12.053 26 -1723073393
12.080 22 -1723073393
12.107 20 -1723073393
12.133 13 -1723073393
12.160 12 -1723073393
12.187 3 -1723073393
12.213 2 -1723073393
12.240 9 -1723073393
12.267 15 -1723073393
12.293 33 -1723073393
12.320 57 -1723073393
12.347 82 -1723073393
12.373 118 -1723073393
12.400 149 -1723073393
12.427 171 -1723073393
12.453 200 -1723073393
12.480 226 -1723073393
12.507 247 -1723073393
12.533 268 -1723073393
12.560 281 -1723073393
12.587 287 -1723073393
12.613 287 -1723073393
12.640 277 -1723073393
12.667 261 -1723073393
12.693 239 -1723073393
12.720 203 -1723073393
12.747 168 -1723073393
12.773 137 -1723073393
12.800 103 -1723073393
12.827 66 -1723073393
12.853 26 -1723073393
12.880 -10 -1723073393
12.907 -42 -1723073393
12.933 -72 -1723073393
12.960 -98 -1723073393
12.987 -118 -1723073393
13.013 -133 -1723073393
13.040 -141 -1723073393
13.067 -156 -1723073393
13.093 -168 -1723073393
13.120 -163 -1723073393
13.147 -166 -1723073393
13.173 -165 -1723073393
13.200 -153 -1723073393
13.227 -153 -1723073393
13.253 -148 -1723073393
13.280 -133 -1723073393
13.307 -130 -1723073393
13.333 -123 -1723073393
13.360 -113 -1723073393
13.387 -119 -1723073393
13.413 -119 -1723073393
13.440 -121 -1723073393
13.467 -126 -1723073393
13.493 -120 -1723073393
13.520 -121 -1723073393
13.547 -123 -1723073393
13.573 -110 -1723073393
13.600 -103 -1723073393
13.627 -89 -1723073393
13.653 -73 -1723073393
13.680 -71 -1723073393
13.707 -57 -1723073393
13.733 -38 -1723073393
13.760 -24 -1723073393
13.787 2 -1723073393
13.813 19 -1723073393
13.840 29 -1723073393
13.867 49 -1723073393
13.893 64 -1723073393
13.920 74 -1723073393
13.947 88 -1723073393
13.973 88 -1723073393
14.000 73 -1723073393
14.027 56 -1723073393
14.053 29 -1723073393
14.080 2 -1723073393
14.107 -23 -1723073393
14.133 -56 -1723073393
14.160 -85 -1723073393
14.187 -113 -1723073393
14.213 -147 -1723073393
14.240 -169 -1723073393
14.267 -199 -1723073393
14.293 -237 -1723073393
14.320 -258 -1723073393
14.347 -284 -1723073393
14.373 -306 -1723073393
14.400 -310 -1723073393
14.427 -330 -1723073393
14.453 -345 -1723073393
14.480 -351 -1723073393
14.507 -374 -1723073393
14.533 -385 -1723073393
14.560 -387 -1723073393
14.587 -403 -1723073393
14.613 -406 -1723073393
14.640 -411 -1723073393
14.667 -427 -1723073393
14.693 -425 -1723073393
14.720 -434 -1723073393
14.747 -451 -1723073393
14.773 -448 -1723073393
14.800 -459 -1723073393
14.827 -473 -1723073393
14.853 -467 -1723073393
14.880 -471 -1723073393
14.907 -472 -1723073393
14.933 -464 -1723073393
14.960 -471 -1723073393
14.987 -467 -1723073393
15.013 -462 -1723073393
15.040 -471 -1723073393
15.067 -463 -1723073393
15.093 -466 -1723073393
15.120 -478 -1723073393
15.147 -465 -1723073393
15.173 -461 -1723073393
15.200 -461 -1723073393
15.227 -444 -1723073393
15.253 -444 -1723073393
15.280 -442 -1723073393
15.307 -428 -1723073393
15.333 -440 -1723073393
15.360 -449 -1723073393
15.387 -444 -1723073393
15.413 -461 -1723073393
15.440 -473 -1723073393
15.467 -477 -1723073393
15.493 -498 -1723073393
15.520 -507 -1723073393
15.547 -522 -1723073393
15.573 -554 -1723073393
15.600 -573 -1723073393
15.627 -604 -1723073393
15.653 -642 -1723073393
15.680 -659 -1723073393
15.707 -692 -1723073393
15.733 -728 -1723073393
15.760 -751 -1723073393
15.787 -799 -1723073393
15.813 -841 -1723073393
15.840 -869 -1723073393
15.867 -918 -1723073393
15.893 -951 -1723073393
15.920 -973 -1723073393
15.947 -1017 -1723073393
15.973 -1037 -1723073393
16.000 -1053 -1723073393
16.027 -1078 -1723073393
16.053 -1061 -1723073393
16.080 -1050 -1723073393
16.107 -1035 -1723073393
16.133 -967 -1723073393
16.160 -901 -1723073393
16.187 -813 -1723073393
16.213 -658 -1723073393
16.240 -482 -1723073393
16.267 -250 -1723073393
16.293 62 -1723073393
16.320 403 -1723073393
16.347 806 -1723073393
16.373 1286 -1723073393
16.400 1805 -1723073393
16.427 2385 -1723073393
16.453 3029 -1723073393
16.480 3680 -1723073393
16.507 4322 -1723073393
16.533 4971 -1723073393
16.560 5594 -1723073393
16.587 6101 -1723073393
16.613 6571 -1723073393
16.640 6932 -1723073393
16.667 7065 -1723073393
16.693 7166 -1723073393
16.720 7075 -1723073393
16.747 6730 -1723073393
16.773 6388 -1723073393
16.800 5859 -1723073393
16.827 5126 -1723073393
16.853 4448 -1723073393
16.880 3643 -1723073393
16.907 2751 -1723073393
16.933 1964 -1723073393
16.960 1104 -1723073393
16.987 258 -1723073393
17.013 -462 -1723073393
17.040 -1164 -1723073393
17.067 -1797 -1723073393
17.093 -2337 -1723073393
17.120 -2787 -1723073393
17.147 -3171 -1723073393
17.173 -3476 -1723073393
17.200 -3648 -1723073393
17.227 -3808 -1723073393
17.253 -3899 -1723073393
17.280 -3878 -1723073393
17.307 -3900 -1723073393
17.333 -3866 -1723073393
17.360 -3761 -1723073393
17.387 -3746 -1723073393
17.413 -3684 -1723073393
17.440 -3589 -1723073393
17.467 -3584 -1723073393
17.493 -3528 -1723073393
17.520 -3471 -1723073393
17.547 -3481 -1723073393
17.573 -3424 -1723073393
17.600 -3397 -1723073393
17.627 -3428 -1723073393
17.653 -3380 -1723073393
17.680 -3362 -1723073393
17.707 -3359 -1723073393
17.733 -3269 -1723073393
17.760 -3212 -1723073393
17.787 -3144 -1723073393
17.813 -2988 -1723073393
17.840 -2870 -1723073393
17.867 -2716 -1723073393
17.893 -2480 -1723073393
17.920 -2289 -1723073393
17.947 -2060 -1723073393
17.973 -1767 -1723073393
18.000 -1520 -1723073393
18.027 -1235 -1723073393
18.053 -916 -1723073393
18.080 -639 -1723073393
18.107 -332 -1723073393
18.133 -20 -1723073393
18.160 268 -1723073393
18.187 581 -1723073393
18.213 895 -1723073393
18.240 1215 -1723073393
18.267 1571 -1723073393
18.293 1990 -1723073393
18.320 2478 -1723073393
18.347 3028 -1723073393
18.373 3695 -1723073393
18.400 4451 -1723073393
18.427 5309 -1723073393
18.453 6334 -1723073393
18.480 7412 -1723073393
18.507 8556 -1723073393
18.533 9830 -1723073393
18.560 11096 -1723073393
18.587 12327 -1723073393
18.613 13592 -1723073393
18.640 14665 -1723073393
18.667 15569 -1723073393
18.693 16466 -1723073393
18.720 16946 -1723073393
18.747 17186 -1723073393
18.773 17359 -1723073393
18.800 16999 -1723073393
18.827 16431 -1723073393
18.853 15786 -1723073393
18.880 14638 -1723073393
18.907 13423 -1723073393
18.933 12190 -1723073393
18.960 10550 -1723073393
18.987 8979 -1723073393
19.013 7485 -1723073393
19.040 5771 -1723073393
19.067 4239 -1723073393
19.093 2790 -1723073393
19.120 1287 -1723073393
19.147 8 -1723073393
19.173 -1161 -1723073393
19.200 -2257 -1723073393
19.227 -3217 -1723073393
19.253 -4032 -1723073393
19.280 -4702 -1723073393
19.307 -5300 -1723073393
19.333 -5744 -1723073393
19.360 -6081 -1723073393
19.387 -6403 -1723073393
19.413 -6564 -1723073393
19.440 -6658 -1723073393
19.467 -6775 -1723073393
19.493 -6755 -1723073393
19.520 -6720 -1723073393
19.547 -6730 -1723073393
19.573 -6613 -1723073393
19.600 -6521 -1723073393
19.627 -6470 -1723073393
19.653 -6298 -1723073393
19.680 -6181 -1723073393
19.707 -6089 -1723073393
19.733 -5895 -1723073393
19.760 -5769 -1723073393
19.787 -5648 -1723073393
19.813 -5441 -1723073393
19.840 -5303 -1723073393
19.867 -5155 -1723073393
19.893 -4930 -1723073393
19.920 -4777 -1723073393
19.947 -4612 -1723073393
19.973 -4400 -1723073393
20.000 -4264 -1723073393
20.027 -4097 -1723073393
20.053 -3898 -1723073393
20.080 -3778 -1723073393
20.107 -3640 -1723073393
20.133 -3505 -1723073393
20.160 -3442 -1723073393
20.187 -3367 -1723073393
20.213 -3317 -1723073393
20.240 -3335 -1723073393
20.267 -3336 -1723073393
20.293 -3375 -1723073393
20.320 -3477 -1723073393
20.347 -3551 -1723073393
20.373 -3665 -1723073393
20.400 -3835 -1723073393
20.427 -3981 -1723073393
20.453 -4173 -1723073393
20.480 -4398 -1723073393
20.507 -4595 -1723073393
20.533 -4844 -1723073393
20.560 -5114 -1723073393
20.587 -5339 -1723073393
20.613 -5607 -1723073393
20.640 -5871 -1723073393
20.667 -6069 -1723073393
20.693 -6311 -1723073393
20.720 -6515 -1723073393
20.747 -6629 -1723073393
20.773 -6770 -1723073393
20.800 -6834 -1723073393
20.827 -6803 -1723073393
20.853 -6791 -1723073393
20.880 -6675 -1723073393
20.907 -6458 -1723073393
20.933 -6258 -1723073393
20.960 -5946 -1723073393
20.987 -5555 -1723073393
21.013 -5197 -1723073393
21.040 -4744 -1723073393
21.067 -4257 -1723073393
21.093 -3801 -1723073393
21.120 -3273 -1723073393
21.147 -2757 -1723073393
21.173 -2284 -1723073393
21.200 -1789 -1723073393
21.227 -1317 -1723073393
21.253 -894 -1723073393
21.280 -486 -1723073393
21.307 -107 -1723073393
21.333 220 -1723073393
21.360 517 -1723073393
21.387 773 -1723073393
21.413 979 -1723073393
21.440 1148 -1723073393
21.467 1286 -1723073393
21.493 1398 -1723073393
21.520 1479 -1723073393
21.547 1539 -1723073393
21.573 1580 -1723073393
21.600 1603 -1723073393
21.627 1626 -1723073393
21.653 1640 -1723073393
21.680 1646 -1723073393
21.707 1660 -1723073393
21.733 1675 -1723073393
21.760 1687 -1723073393
21.787 1706 -1723073393
21.813 1716 -1723073393
21.840 1724 -1723073393
21.867 1737 -1723073393
21.893 1736 -1723073393
21.920 1723 -1723073393
21.947 1708 -1723073393
21.973 1669 -1723073393
22.000 1619 -1723073393
22.027 1562 -1723073393
22.053 1486 -1723073393
22.080 1410 -1723073393
22.107 1333 -1723073393
22.133 1244 -1723073393
22.160 1153 -1723073393
22.187 1063 -1723073393
22.213 975 -1723073393
22.240 900 -1723073393
22.267 839 -1723073393
22.293 795 -1723073393
22.320 777 -1723073393
22.347 779 -1723073393
22.373 810 -1723073393
22.400 877 -1723073393
22.427 974 -1723073393
22.453 1099 -1723073393
22.480 1241 -1723073393
22.507 1398 -1723073393
22.533 1567 -1723073393
22.560 1747 -1723073393
22.587 1928 -1723073393
22.613 2096 -1723073393
22.640 2262 -1723073393
22.667 2407 -1723073393
22.693 2529 -1723073393
22.720 2638 -1723073393
22.747 2723 -1723073393
22.773 2780 -1723073393
22.800 2824 -1723073393
22.827 2838 -1723073393
22.853 2828 -1723073393
22.880 2817 -1723073393
22.907 2776 -1723073393
22.933 2717 -1723073393
22.960 2660 -1723073393
22.987 2586 -1723073393
23.013 2501 -1723073393
23.040 2425 -1723073393
23.067 2339 -1723073393
23.093 2253 -1723073393
23.120 2179 -1723073393
23.147 2100 -1723073393
23.173 2016 -1723073393
23.200 1938 -1723073393
23.227 1851 -1723073393
23.253 1761 -1723073393
23.280 1678 -1723073393
23.307 1591 -1723073393
23.333 1503 -1723073393
23.360 1416 -1723073393
23.387 1322 -1723073393
23.413 1228 -1723073393
23.440 1136 -1723073393
23.467 1042 -1723073393
23.493 948 -1723073393
23.520 858 -1723073393
23.547 768 -1723073393
23.573 679 -1723073393
23.600 598 -1723073393
23.627 522 -1723073393
23.653 455 -1723073393
23.680 394 -1723073393
23.707 336 -1723073393
23.733 288 -1723073393
23.760 243 -1723073393
23.787 204 -1723073393
23.813 171 -1723073393
23.840 140 -1723073393
23.867 112 -1723073393
23.893 92 -1723073393
23.920 76 -1723073393
23.947 71 -1723073393
23.973 82 -1723073393
24.000 96 -1723073393
24.027 117 -1723073393
24.053 152 -1723073393
24.080 192 -1723073393
24.107 237 -1723073393
24.133 290 -1723073393
24.160 343 -1723073393
24.187 400 -1723073393
24.213 456 -1723073393
24.240 503 -1723073393
24.267 547 -1723073393
24.293 596 -1723073393
24.320 637 -1723073393
24.347 667 -1723073393
24.373 685 -1723073393
24.400 686 -1723073393
24.427 670 -1723073393
24.453 645 -1723073393
24.480 614 -1723073393
24.507 585 -1723073393
24.533 558 -1723073393
24.560 526 -1723073393
24.587 495 -1723073393
24.613 469 -1723073393
24.640 446 -1723073393
24.667 428 -1723073393
24.693 412 -1723073393
24.720 402 -1723073393
24.747 389 -1723073393
24.773 374 -1723073393
24.800 360 -1723073393
24.827 338 -1723073393
24.853 304 -1723073393
24.880 263 -1723073393
24.907 215 -1723073393
24.933 165 -1723073393
24.960 112 -1723073393
24.987 56 -1723073393
25.013 1 -1723073393
25.040 -53 -1723073393
25.067 -105 -1723073393
25.093 -155 -1723073393
25.120 -198 -1723073393
25.147 -226 -1723073393
25.173 -243 -1723073393
25.200 -248 -1723073393
25.227 -245 -1723073393
25.253 -237 -1723073393
25.280 -219 -1723073393
25.307 -186 -1723073393
25.333 -152 -1723073393
25.360 -115 -1723073393
25.387 -76 -1723073393
25.413 -47 -1723073393
25.440 -19 -1723073393
25.467 9 -1723073393
25.493 28 -1723073393
25.520 41 -1723073393
25.547 47 -1723073393
25.573 37 -1723073393
25.600 18 -1723073393
25.627 -4 -1723073393
25.653 -33 -1723073393
25.680 -61 -1723073393
25.707 -89 -1723073393
25.733 -126 -1723073393
25.760 -158 -1723073393
25.787 -190 -1723073393
25.813 -221 -1723073393
25.840 -236 -1723073393
25.867 -236 -1723073393
25.893 -234 -1723073393
25.920 -220 -1723073393
25.947 -194 -1723073393
25.973 -167 -1723073393
26.000 -126 -1723073393
26.027 -74 -1723073393
26.053 -21 -1723073393
26.080 39 -1723073393
26.107 108 -1723073393
26.133 165 -1723073393
26.160 219 -1723073393
26.187 268 -1723073393
26.213 300 -1723073393
26.240 322 -1723073393
26.267 335 -1723073393
26.293 336 -1723073393
26.320 330 -1723073393
26.347 315 -1723073393
26.373 290 -1723073393
26.400 261 -1723073393
26.427 224 -1723073393
26.453 184 -1723073393
26.480 150 -1723073393
26.507 110 -1723073393
26.533 67 -1723073393
26.560 32 -1723073393
26.587 2 -1723073393
26.613 -24 -1723073393
26.640 -41 -1723073393
26.667 -54 -1723073393
26.693 -69 -1723073393
26.720 -76 -1723073393
26.747 -79 -1723073393
26.773 -86 -1723073393
26.800 -86 -1723073393
26.827 -84 -1723073393
26.853 -89 -1723073393
26.880 -91 -1723073393
26.907 -95 -1723073393
26.933 -109 -1723073393
26.960 -118 -1723073393
26.987 -131 -1723073393
27.013 -151 -1723073393
27.040 -162 -1723073393
27.067 -171 -1723073393
27.093 -181 -1723073393
27.120 -182 -1723073393
27.147 -179 -1723073393
27.173 -170 -1723073393
27.200 -147 -1723073393
27.227 -127 -1723073393
27.253 -115 -1723073393
27.280 -96 -1723073393
27.307 -80 -1723073393
27.333 -74 -1723073393
27.360 -62 -1723073393
27.387 -58 -1723073393
27.413 -59 -1723073393
27.440 -54 -1723073393
27.467 -54 -1723073393
27.493 -61 -1723073393
27.520 -61 -1723073393
27.547 -62 -1723073393
27.573 -71 -1723073393
27.600 -79 -1723073393
27.627 -87 -1723073393
27.653 -101 -1723073393
27.680 -107 -1723073393
27.707 -112 -1723073393
27.733 -120 -1723073393
27.760 -122 -1723073393
27.787 -126 -1723073393
27.813 -126 -1723073393
27.840 -115 -1723073393
27.867 -110 -1723073393
27.893 -107 -1723073393
27.920 -90 -1723073393
27.947 -72 -1723073393
27.973 -56 -1723073393
28.000 -32 -1723073393
28.027 -8 -1723073393
28.053 20 -1723073393
28.080 60 -1723073393
28.107 96 -1723073393
28.133 130 -1723073393
28.160 171 -1723073393
28.187 203 -1723073393
28.213 229 -1723073393
28.240 255 -1723073393
28.267 272 -1723073393
28.293 276 -1723073393
28.320 277 -1723073393
28.347 277 -1723073393
28.373 275 -1723073393
28.400 268 -1723073393
28.427 255 -1723073393
28.453 240 -1723073393
28.480 223 -1723073393
28.507 202 -1723073393
28.533 178 -1723073393
28.560 150 -1723073393
28.587 117 -1723073393
28.613 90 -1723073393
28.640 63 -1723073393
28.667 30 -1723073393
28.693 2 -1723073393
28.720 -14 -1723073393
28.747 -32 -1723073393
28.773 -40 -1723073393
28.800 -35 -1723073393
28.827 -28 -1723073393
28.853 -13 -1723073393
28.880 11 -1723073393
28.907 36 -1723073393
28.933 65 -1723073393
28.960 105 -1723073393
28.987 136 -1723073393
29.013 160 -1723073393
29.040 183 -1723073393
29.067 196 -1723073393
29.093 207 -1723073393
29.120 211 -1723073393
29.147 195 -1723073393
29.173 173 -1723073393
29.200 147 -1723073393
29.227 112 -1723073393
29.253 77 -1723073393
29.280 39 -1723073393
29.307 -3 -1723073393
29.333 -42 -1723073393
29.360 -80 -1723073393
29.387 -117 -1723073393
29.413 -145 -1723073393
29.440 -167 -1723073393
29.467 -189 -1723073393
29.493 -205 -1723073393
29.520 -208 -1723073393
29.547 -205 -1723073393
29.573 -191 -1723073393
29.600 -162 -1723073393
29.627 -126 -1723073393
29.653 -87 -1723073393
29.680 -46 -1723073393
29.707 -6 -1723073393
29.733 28 -1723073393
29.760 65 -1723073393
29.787 97 -1723073393
29.813 126 -1723073393
29.840 155 -1723073393
29.867 176 -1723073393
29.893 197 -1723073393
29.920 217 -1723073393
29.947 228 -1723073393
29.973 238 -1723073393
30.000 247 -1723073393
30.027 254 -1723073393
30.053 261 -1723073393
30.080 267 -1723073393
30.107 271 -1723073393
30.133 274 -1723073393
30.160 276 -1723073393
30.187 278 -1723073393
30.213 287 -1723073393
30.240 297 -1723073393
30.267 299 -1723073393
30.293 292 -1723073393
30.320 284 -1723073393
30.347 277 -1723073393
30.373 266 -1723073393
30.400 252 -1723073393
30.427 228 -1723073393
30.453 196 -1723073393
30.480 164 -1723073393
30.507 127 -1723073393
30.533 86 -1723073393
30.560 49 -1723073393
30.587 17 -1723073393
30.613 -11 -1723073393
30.640 -30 -1723073393
30.667 -44 -1723073393
30.693 -61 -1723073393
30.720 -74 -1723073393
30.747 -81 -1723073393
30.773 -89 -1723073393
30.800 -84 -1723073393
30.827 -72 -1723073393
30.853 -59 -1723073393
30.880 -42 -1723073393
30.907 -24 -1723073393
30.933 -14 -1723073393
30.960 -1 -1723073393
30.987 15 -1723073393
31.013 26 -1723073393
31.040 35 -1723073393
31.067 45 -1723073393
31.093 50 -1723073393
31.120 51 -1723073393
31.147 48 -1723073393
31.173 35 -1723073393
31.200 25 -1723073393
31.227 19 -1723073393
31.253 6 -1723073393
31.280 -3 -1723073393
31.307 -10 -1723073393
31.333 -22 -1723073393
31.360 -33 -1723073393
31.387 -38 -1723073393
31.413 -44 -1723073393
31.440 -48 -1723073393
31.467 -47 -1723073393
31.493 -50 -1723073393
31.520 -47 -1723073393
31.547 -31 -1723073393
31.573 -14 -1723073393
31.600 8 -1723073393
31.627 42 -1723073393
31.653 73 -1723073393
31.680 102 -1723073393
31.707 137 -1723073393
31.733 170 -1723073393
31.760 207 -1723073393
31.787 247 -1723073393
31.813 276 -1723073393
31.840 298 -1723073393
31.867 317 -1723073393
31.893 327 -1723073393
31.920 326 -1723073393
31.947 316 -1723073393
31.973 300 -1723073393
32.000 276 -1723073393
32.027 248 -1723073393
32.053 214 -1723073393
32.080 183 -1723073393
32.107 153 -1723073393
32.133 118 -1723073393
32.160 83 -1723073393
32.187 56 -1723073393
32.213 32 -1723073393
32.240 9 -1723073393
32.267 -5 -1723073393
32.293 -18 -1723073393
32.320 -30 -1723073393
32.347 -36 -1723073393
32.373 -40 -1723073393
32.400 -43 -1723073393
32.427 -39 -1723073393
32.453 -32 -1723073393
32.480 -25 -1723073393
32.507 -12 -1723073393
32.533 5 -1723073393
32.560 22 -1723073393
32.587 45 -1723073393
32.613 69 -1723073393
32.640 84 -1723073393
32.667 102 -1723073393
32.693 116 -1723073393
32.720 120 -1723073393
32.747 124 -1723073393
32.773 127 -1723073393
32.800 125 -1723073393
32.827 118 -1723073393
32.853 104 -1723073393
32.880 85 -1723073393
32.907 67 -1723073393
32.933 46 -1723073393
32.960 20 -1723073393
32.987 -8 -1723073393
33.013 -36 -1723073393
33.040 -65 -1723073393
33.067 -90 -1723073393
33.093 -109 -1723073393
33.120 -128 -1723073393
33.147 -142 -1723073393
33.173 -146 -1723073393
33.200 -148 -1723073393
33.227 -139 -1723073393
33.253 -113 -1723073393
33.280 -87 -1723073393
33.307 -54 -1723073393
33.333 -10 -1723073393
33.360 31 -1723073393
33.387 77 -1723073393
33.413 131 -1723073393
33.440 182 -1723073393
33.467 226 -1723073393
33.493 268 -1723073393
33.520 298 -1723073393
33.547 316 -1723073393
33.573 331 -1723073393
33.600 342 -1723073393
33.627 347 -1723073393
33.653 345 -1723073393
33.680 341 -1723073393
33.707 333 -1723073393
33.733 324 -1723073393
33.760 319 -1723073393
33.787 318 -1723073393
33.813 320 -1723073393
33.840 322 -1723073393
33.867 321 -1723073393
33.893 322 -1723073393
33.920 327 -1723073393
33.947 331 -1723073393
33.973 330 -1723073393
34.000 321 -1723073393
34.027 304 -1723073393
34.053 283 -1723073393
34.080 260 -1723073393
34.107 233 -1723073393
34.133 200 -1723073393
34.160 167 -1723073393
34.187 134 -1723073393
34.213 104 -1723073393
34.240 80 -1723073393
34.267 60 -1723073393
34.293 46 -1723073393
34.320 41 -1723073393
34.347 40 -1723073393
34.373 48 -1723073393
34.400 73 -1723073393
34.427 106 -1723073393
34.453 145 -1723073393
34.480 189 -1723073393
34.507 230 -1723073393
34.533 262 -1723073393
34.560 291 -1723073393
34.587 310 -1723073393
34.613 318 -1723073393
34.640 321 -1723073393
34.667 309 -1723073393
34.693 286 -1723073393
34.720 250 -1723073393
34.747 204 -1723073393
34.773 150 -1723073393
34.800 90 -1723073393
34.827 25 -1723073393
34.853 -38 -1723073393
34.880 -92 -1723073393
34.907 -142 -1723073393
34.933 -184 -1723073393
34.960 -205 -1723073393
34.987 -212 -1723073393
35.013 -213 -1723073393
35.040 -186 -1723073393
35.067 -142 -1723073393
35.093 -98 -1723073393
35.120 -43 -1723073393
35.147 22 -1723073393
35.173 81 -1723073393
35.200 144 -1723073393
35.227 212 -1723073393
35.253 266 -1723073393
35.280 313 -1723073393
35.307 365 -1723073393
35.333 408 -1723073393
35.360 441 -1723073393
35.387 470 -1723073393
35.413 494 -1723073393
35.440 508 -1723073393
35.467 513 -1723073393
35.493 515 -1723073393
35.520 508 -1723073393
35.547 489 -1723073393
35.573 462 -1723073393
35.600 429 -1723073393
35.627 388 -1723073393
35.653 349 -1723073393
35.680 308 -1723073393
35.707 259 -1723073393
35.733 211 -1723073393
35.760 166 -1723073393
35.787 122 -1723073393
35.813 86 -1723073393
35.840 54 -1723073393
35.867 24 -1723073393
35.893 1 -1723073393
35.920 -19 -1723073393
35.947 -29 -1723073393
35.973 -30 -1723073393
36.000 -32 -1723073393
36.027 -23 -1723073393
36.053 -3 -1723073393
36.080 11 -1723073393
36.107 30 -1723073393
36.133 62 -1723073393
36.160 90 -1723073393
36.187 123 -1723073393
36.213 162 -1723073393
36.240 193 -1723073393
36.267 217 -1723073393
36.293 244 -1723073393
36.320 264 -1723073393
36.347 274 -1723073393
36.373 281 -1723073393
36.400 282 -1723073393
36.427 270 -1723073393
36.453 252 -1723073393
36.480 232 -1723073393
36.507 207 -1723073393
36.533 179 -1723073393
36.560 147 -1723073393
36.587 112 -1723073393
36.613 84 -1723073393
36.640 64 -1723073393
36.667 41 -1723073393
36.693 22 -1723073393
36.720 10 -1723073393
36.747 2 -1723073393
36.773 7 -1723073393
36.800 23 -1723073393
36.827 35 -1723073393
36.853 56 -1723073393
36.880 90 -1723073393
36.907 125 -1723073393
36.933 161 -1723073393
36.960 202 -1723073393
36.987 240 -1723073393
37.013 278 -1723073393
37.040 319 -1723073393
37.067 352 -1723073393
37.093 376 -1723073393
37.120 397 -1723073393
37.147 412 -1723073393
37.173 419 -1723073393
37.200 420 -1723073393
37.227 422 -1723073393
37.253 422 -1723073393
37.280 418 -1723073393
37.307 410 -1723073393
37.333 400 -1723073393
37.360 388 -1723073393
37.387 369 -1723073393
37.413 350 -1723073393
37.440 334 -1723073393
37.467 319 -1723073393
37.493 304 -1723073393
37.520 291 -1723073393
37.547 280 -1723073393
37.573 267 -1723073393
37.600 257 -1723073393
37.627 245 -1723073393
37.653 228 -1723073393
37.680 211 -1723073393
37.707 200 -1723073393
37.733 194 -1723073393
37.760 186 -1723073393
37.787 176 -1723073393
37.813 162 -1723073393
37.840 149 -1723073393
37.867 145 -1723073393
37.893 146 -1723073393
37.920 146 -1723073393
37.947 155 -1723073393
37.973 172 -1723073393
38.000 192 -1723073393
38.027 217 -1723073393
38.053 245 -1723073393
38.080 266 -1723073393
38.107 284 -1723073393
38.133 297 -1723073393
38.160 304 -1723073393
38.187 306 -1723073393
38.213 300 -1723073393
38.240 287 -1723073393
38.267 272 -1723073393
38.293 251 -1723073393
38.320 216 -1723073393
38.347 171 -1723073393
38.373 122 -1723073393
38.400 70 -1723073393
38.427 16 -1723073393
38.453 -35 -1723073393
38.480 -85 -1723073393
38.507 -130 -1723073393
38.533 -159 -1723073393
38.560 -178 -1723073393
38.587 -189 -1723073393
38.613 -172 -1723073393
38.640 -137 -1723073393
38.667 -108 -1723073393
38.693 -63 -1723073393
38.720 -3 -1723073393
38.747 38 -1723073393
38.773 81 -1723073393
38.800 138 -1723073393
38.827 184 -1723073393
38.853 220 -1723073393
38.880 259 -1723073393
38.907 292 -1723073393
38.933 313 -1723073393
38.960 328 -1723073393
38.987 330 -1723073393
39.013 320 -1723073393
39.040 312 -1723073393
39.067 300 -1723073393
39.093 282 -1723073393
39.120 264 -1723073393
39.147 248 -1723073393
39.173 231 -1723073393
39.200 215 -1723073393
39.227 200 -1723073393
39.253 182 -1723073393
39.280 168 -1723073393
39.307 161 -1723073393
39.333 153 -1723073393
39.360 154 -1723073393
39.387 160 -1723073393
39.413 160 -1723073393
39.440 161 -1723073393
39.467 167 -1723073393
39.493 173 -1723073393
39.520 177 -1723073393
39.547 184 -1723073393
39.573 185 -1723073393
39.600 183 -1723073393
39.627 186 -1723073393
39.653 188 -1723073393
39.680 187 -1723073393
39.707 190 -1723073393
39.733 188 -1723073393
39.760 181 -1723073393
39.787 176 -1723073393
39.813 168 -1723073393
39.840 154 -1723073393
39.867 143 -1723073393
39.893 131 -1723073393
39.920 112 -1723073393
39.947 90 -1723073393
39.973 69 -1723073393
40.000 48 -1723073393
40.027 26 -1723073393
40.053 9 -1723073393
40.080 -10 -1723073393
40.107 -34 -1723073393
40.133 -44 -1723073393
40.160 -48 -1723073393
40.187 -55 -1723073393
40.213 -49 -1723073393
40.240 -34 -1723073393
40.267 -30 -1723073393
40.293 -16 -1723073393
40.320 14 -1723073393
40.347 35 -1723073393
40.373 55 -1723073393
40.400 89 -1723073393
40.427 114 -1723073393
40.453 135 -1723073393
40.480 167 -1723073393
40.507 195 -1723073393
40.533 211 -1723073393
40.560 228 -1723073393
40.587 245 -1723073393
40.613 253 -1723073393
40.640 258 -1723073393
40.667 263 -1723073393
40.693 263 -1723073393
40.720 259 -1723073393
40.747 258 -1723073393
40.773 254 -1723073393
40.800 248 -1723073393
40.827 245 -1723073393
40.853 239 -1723073393
40.880 234 -1723073393
40.907 235 -1723073393
40.933 234 -1723073393
40.960 228 -1723073393
40.987 231 -1723073393
41.013 236 -1723073393
41.040 235 -1723073393
41.067 230 -1723073393
41.093 224 -1723073393
41.120 213 -1723073393
41.147 203 -1723073393
41.173 189 -1723073393
41.200 168 -1723073393
41.227 147 -1723073393
41.253 132 -1723073393
41.280 115 -1723073393
41.307 102 -1723073393
41.333 95 -1723073393
41.360 82 -1723073393
41.387 67 -1723073393
41.413 60 -1723073393
41.440 50 -1723073393
41.467 31 -1723073393
41.493 23 -1723073393
41.520 15 -1723073393
41.547 1 -1723073393
41.573 2 -1723073393
41.600 11 -1723073393
41.627 7 -1723073393
41.653 13 -1723073393
41.680 29 -1723073393
41.707 30 -1723073393
41.733 28 -1723073393
41.760 38 -1723073393
41.787 36 -1723073393
41.813 28 -1723073393
41.840 29 -1723073393
41.867 24 -1723073393
41.893 11 -1723073393
41.920 9 -1723073393
41.947 1 -1723073393
41.973 -19 -1723073393
42.000 -30 -1723073393
42.027 -36 -1723073393
42.053 -50 -1723073393
42.080 -54 -1723073393
42.107 -50 -1723073393
42.133 -57 -1723073393
42.160 -57 -1723073393
42.187 -41 -1723073393
42.213 -32 -1723073393
42.240 -21 -1723073393
42.267 8 -1723073393
42.293 36 -1723073393
42.320 58 -1723073393
42.347 92 -1723073393
42.373 121 -1723073393
42.400 132 -1723073393
42.427 140 -1723073393
42.453 148 -1723073393
42.480 146 -1723073393
42.507 141 -1723073393
42.533 136 -1723073393
42.560 124 -1723073393
42.587 110 -1723073393
42.613 99 -1723073393
42.640 86 -1723073393
42.667 66 -1723073393
42.693 53 -1723073393
42.720 41 -1723073393
42.747 30 -1723073393
42.773 31 -1723073393
42.800 34 -1723073393
42.827 29 -1723073393
42.853 29 -1723073393
42.880 38 -1723073393
42.907 40 -1723073393
42.933 46 -1723073393
42.960 61 -1723073393
42.987 62 -1723073393
43.013 62 -1723073393
43.040 73 -1723073393
43.067 73 -1723073393
43.093 66 -1723073393
43.120 71 -1723073393
43.147 80 -1723073393
43.173 80 -1723073393
43.200 81 -1723073393
43.227 84 -1723073393
43.253 75 -1723073393
43.280 66 -1723073393
43.307 61 -1723073393
43.333 46 -1723073393
43.360 29 -1723073393
43.387 23 -1723073393
43.413 14 -1723073393
43.440 -3 -1723073393
43.467 -10 -1723073393
43.493 -19 -1723073393
43.520 -41 -1723073393
43.547 -54 -1723073393
43.573 -64 -1723073393
43.600 -84 -1723073393
43.627 -99 -1723073393
43.653 -111 -1723073393
43.680 -133 -1723073393
43.707 -147 -1723073393
43.733 -147 -1723073393
43.760 -154 -1723073393
43.787 -155 -1723073393
43.813 -137 -1723073393
43.840 -125 -1723073393
43.867 -118 -1723073393
43.893 -93 -1723073393
43.920 -68 -1723073393
43.947 -56 -1723073393
43.973 -36 -1723073393
44.000 -22 -1723073393
44.027 -27 -1723073393
44.053 -25 -1723073393
44.080 -16 -1723073393
44.107 -29 -1723073393
44.133 -44 -1723073393
44.160 -47 -1723073393
44.187 -58 -1723073393
44.213 -70 -1723073393
44.240 -64 -1723073393
44.267 -61 -1723073393
44.293 -64 -1723073393
44.320 -46 -1723073393
44.347 -23 -1723073393
44.373 -14 -1723073393
44.400 10 -1723073393
44.427 48 -1723073393
44.453 71 -1723073393
44.480 103 -1723073393
44.507 146 -1723073393
44.533 172 -1723073393
44.560 191 -1723073393
44.587 219 -1723073393
44.613 236 -1723073393
44.640 243 -1723073393
44.667 255 -1723073393
44.693 264 -1723073393
44.720 264 -1723073393
44.747 260 -1723073393
44.773 249 -1723073393
44.800 228 -1723073393
44.827 203 -1723073393
44.853 178 -1723073393
44.880 148 -1723073393
44.907 121 -1723073393
44.933 99 -1723073393
44.960 68 -1723073393
44.987 38 -1723073393
45.013 21 -1723073393
45.040 2 -1723073393
45.067 -17 -1723073393
45.093 -19 -1723073393
45.120 -16 -1723073393
45.147 -25 -1723073393
45.173 -21 -1723073393
45.200 -6 -1723073393
45.227 -7 -1723073393
45.253 -4 -1723073393
45.280 12 -1723073393
45.307 14 -1723073393
45.333 8 -1723073393
45.360 14 -1723073393
45.387 15 -1723073393
45.413 8 -1723073393
45.440 12 -1723073393
45.467 15 -1723073393
45.493 7 -1723073393
45.520 8 -1723073393
45.547 15 -1723073393
45.573 9 -1723073393
45.600 7 -1723073393
45.627 20 -1723073393
45.653 24 -1723073393
45.680 27 -1723073393
45.707 47 -1723073393
45.733 59 -1723073393
45.760 61 -1723073393
45.787 78 -1723073393
45.813 95 -1723073393
45.840 94 -1723073393
45.867 91 -1723073393
45.893 90 -1723073393
45.920 79 -1723073393
45.947 71 -1723073393
45.973 71 -1723073393
46.000 66 -1723073393
46.027 58 -1723073393
46.053 63 -1723073393
46.080 66 -1723073393
46.107 60 -1723073393
46.133 70 -1723073393
46.160 85 -1723073393
46.187 90 -1723073393
46.213 105 -1723073393
46.240 129 -1723073393
46.267 139 -1723073393
46.293 152 -1723073393
46.320 179 -1723073393
46.347 197 -1723073393
46.373 208 -1723073393
46.400 227 -1723073393
46.427 241 -1723073393
46.453 244 -1723073393
46.480 251 -1723073393
46.507 259 -1723073393
46.533 258 -1723073393
46.560 260 -1723073393
46.587 263 -1723073393
46.613 249 -1723073393
46.640 233 -1723073393
46.667 223 -1723073393
46.693 203 -1723073393
46.720 182 -1723073393
46.747 169 -1723073393
46.773 152 -1723073393
46.800 127 -1723073393
46.827 112 -1723073393
46.853 100 -1723073393
46.880 77 -1723073393
46.907 60 -1723073393
46.933 49 -1723073393
46.960 24 -1723073393
46.987 1 -1723073393
47.013 -1 -1723073393
47.040 -7 -1723073393
47.067 -19 -1723073393
47.093 -11 -1723073393
47.120 -2 -1723073393
47.147 -2 -1723073393
47.173 17 -1723073393
47.200 51 -1723073393
47.227 70 -1723073393
47.253 94 -1723073393
47.280 130 -1723073393
47.307 153 -1723073393
47.333 172 -1723073393
47.360 205 -1723073393
47.387 232 -1723073393
47.413 245 -1723073393
47.440 260 -1723073393
47.467 273 -1723073393
47.493 274 -1723073393
47.520 272 -1723073393
47.547 269 -1723073393
47.573 255 -1723073393
47.600 238 -1723073393
47.627 221 -1723073393
47.653 201 -1723073393
47.680 182 -1723073393
47.707 173 -1723073393
47.733 161 -1723073393
47.760 145 -1723073393
47.787 139 -1723073393
47.813 135 -1723073393
47.840 125 -1723073393
47.867 129 -1723073393
47.893 147 -1723073393
47.920 154 -1723073393
47.947 164 -1723073393
47.973 199 -1723073393
48.000 230 -1723073393
48.027 256 -1723073393
48.053 298 -1723073393
48.080 342 -1723073393
48.107 372 -1723073393
48.133 405 -1723073393
48.160 441 -1723073393
48.187 461 -1723073393
48.213 476 -1723073393
48.240 492 -1723073393
48.267 501 -1723073393
48.293 503 -1723073393
48.320 504 -1723073393
48.347 503 -1723073393
48.373 498 -1723073393
48.400 487 -1723073393
48.427 472 -1723073393
48.453 453 -1723073393
48.480 432 -1723073393
48.507 410 -1723073393
48.533 391 -1723073393
48.560 375 -1723073393
48.587 360 -1723073393
48.613 346 -1723073393
48.640 333 -1723073393
48.667 325 -1723073393
48.693 313 -1723073393
48.720 301 -1723073393
48.747 295 -1723073393
48.773 295 -1723073393
48.800 291 -1723073393
48.827 294 -1723073393
48.853 306 -1723073393
48.880 310 -1723073393
48.907 315 -1723073393
48.933 326 -1723073393
48.960 329 -1723073393
48.987 330 -1723073393
49.013 336 -1723073393
49.040 338 -1723073393
49.067 331 -1723073393
49.093 323 -1723073393
49.120 318 -1723073393
49.147 308 -1723073393
49.173 296 -1723073393
49.200 288 -1723073393
49.227 274 -1723073393
49.253 260 -1723073393
49.280 254 -1723073393
49.307 247 -1723073393
49.333 236 -1723073393
49.360 230 -1723073393
49.387 226 -1723073393
49.413 222 -1723073393
49.440 224 -1723073393
49.467 227 -1723073393
49.493 222 -1723073393
49.520 219 -1723073393
49.547 224 -1723073393
49.573 226 -1723073393
49.600 226 -1723073393
49.627 234 -1723073393
49.653 241 -1723073393
49.680 243 -1723073393
49.707 249 -1723073393
49.733 255 -1723073393
49.760 252 -1723073393
49.787 251 -1723073393
49.813 260 -1723073393
49.840 267 -1723073393
49.867 271 -1723073393
49.893 278 -1723073393
49.920 283 -1723073393
49.947 281 -1723073393
49.973 281 -1723073393
50.000 284 -1723073393
50.027 280 -1723073393
50.053 279 -1723073393
50.080 284 -1723073393
50.107 284 -1723073393
50.133 275 -1723073393
50.160 266 -1723073393
50.187 249 -1723073393
50.213 224 -1723073393
50.240 202 -1723073393
50.267 176 -1723073393
50.293 139 -1723073393
50.320 102 -1723073393
50.347 63 -1723073393
50.373 13 -1723073393
50.400 -32 -1723073393
50.427 -64 -1723073393
50.453 -101 -1723073393
50.480 -143 -1723073393
50.507 -165 -1723073393
50.533 -185 -1723073393
50.560 -219 -1723073393
50.587 -229 -1723073393
50.613 -216 -1723073393
50.640 -218 -1723073393
50.667 -216 -1723073393
50.693 -193 -1723073393
50.720 -185 -1723073393
50.747 -187 -1723073393
50.773 -161 -1723073393
50.800 -134 -1723073393
50.827 -131 -1723073393
50.853 -115 -1723073393
50.880 -92 -1723073393
50.907 -88 -1723073393
50.933 -79 -1723073393
50.960 -58 -1723073393
50.987 -56 -1723073393
51.013 -61 -1723073393
51.040 -47 -1723073393
51.067 -39 -1723073393
51.093 -47 -1723073393
51.120 -43 -1723073393
51.147 -37 -1723073393
51.173 -50 -1723073393
51.200 -51 -1723073393
51.227 -36 -1723073393
51.253 -36 -1723073393
51.280 -38 -1723073393
51.307 -25 -1723073393
51.333 -17 -1723073393
51.360 -13 -1723073393
51.387 8 -1723073393
51.413 32 -1723073393
51.440 46 -1723073393
51.467 72 -1723073393
51.493 108 -1723073393
51.520 131 -1723073393
51.547 155 -1723073393
51.573 194 -1723073393
51.600 227 -1723073393
51.627 255 -1723073393
51.653 292 -1723073393
51.680 321 -1723073393
51.707 334 -1723073393
51.733 346 -1723073393
51.760 356 -1723073393
51.787 359 -1723073393
51.813 356 -1723073393
51.840 349 -1723073393
51.867 333 -1723073393
51.893 314 -1723073393
51.920 297 -1723073393
51.947 274 -1723073393
51.973 249 -1723073393
52.000 232 -1723073393
52.027 217 -1723073393
52.053 199 -1723073393
52.080 186 -1723073393
52.107 177 -1723073393
52.133 161 -1723073393
52.160 145 -1723073393
52.187 144 -1723073393
52.213 144 -1723073393
52.240 138 -1723073393
52.267 139 -1723073393
52.293 143 -1723073393
52.320 141 -1723073393
52.347 146 -1723073393
52.373 159 -1723073393
52.400 162 -1723073393
52.427 167 -1723073393
52.453 182 -1723073393
52.480 186 -1723073393
52.507 183 -1723073393
52.533 189 -1723073393
52.560 194 -1723073393
52.587 192 -1723073393
52.613 198 -1723073393
52.640 204 -1723073393
52.667 201 -1723073393
52.693 197 -1723073393
52.720 195 -1723073393
52.747 185 -1723073393
52.773 174 -1723073393
52.800 169 -1723073393
52.827 158 -1723073393
52.853 139 -1723073393
52.880 128 -1723073393
52.907 119 -1723073393
52.933 104 -1723073393
52.960 96 -1723073393
52.987 96 -1723073393
53.013 89 -1723073393
53.040 83 -1723073393
53.067 94 -1723073393
53.093 107 -1723073393
53.120 113 -1723073393
53.147 127 -1723073393
53.173 140 -1723073393
53.200 142 -1723073393
53.227 149 -1723073393
53.253 161 -1723073393
53.280 161 -1723073393
53.307 160 -1723073393
53.333 170 -1723073393
53.360 174 -1723073393
53.387 172 -1723073393
53.413 181 -1723073393
53.440 191 -1723073393
53.467 189 -1723073393
53.493 190 -1723073393
53.520 196 -1723073393
53.547 192 -1723073393
53.573 191 -1723073393
53.600 205 -1723073393
53.627 217 -1723073393
53.653 229 -1723073393
53.680 247 -1723073393
53.707 257 -1723073393
53.733 256 -1723073393
53.760 261 -1723073393
53.787 264 -1723073393
53.813 258 -1723073393
53.840 251 -1723073393
53.867 248 -1723073393
53.893 237 -1723073393
53.920 218 -1723073393
53.947 200 -1723073393
53.973 176 -1723073393
54.000 148 -1723073393
54.027 127 -1723073393
54.053 104 -1723073393
54.080 77 -1723073393
54.107 57 -1723073393
54.133 46 -1723073393
54.160 25 -1723073393
54.187 0 -1723073393
54.213 -13 -1723073393
54.240 -27 -1723073393
54.267 -51 -1723073393
54.293 -60 -1723073393
54.320 -59 -1723073393
54.347 -63 -1723073393
54.373 -58 -1723073393
54.400 -39 -1723073393
54.427 -32 -1723073393
54.453 -30 -1723073393
54.480 -18 -1723073393
54.507 -11 -1723073393
54.533 -12 -1723073393
54.560 -1 -1723073393
54.587 7 -1723073393
54.613 1 -1723073393
54.640 -1 -1723073393
54.667 3 -1723073393
54.693 -2 -1723073393
54.720 -7 -1723073393
54.747 3 -1723073393
54.773 8 -1723073393
54.800 5 -1723073393
54.827 13 -1723073393
54.853 26 -1723073393
54.880 31 -1723073393
54.907 42 -1723073393
54.933 62 -1723073393
54.960 75 -1723073393
54.987 87 -1723073393
55.013 111 -1723073393
55.040 136 -1723073393
55.067 160 -1723073393
55.093 199 -1723073393
55.120 243 -1723073393
55.147 276 -1723073393
55.173 306 -1723073393
55.200 338 -1723073393
55.227 365 -1723073393
55.253 390 -1723073393
55.280 417 -1723073393
55.307 437 -1723073393
55.333 450 -1723073393
55.360 459 -1723073393
55.387 468 -1723073393
55.413 478 -1723073393
55.440 486 -1723073393
55.467 488 -1723073393
55.493 491 -1723073393
55.520 494 -1723073393
55.547 491 -1723073393
55.573 491 -1723073393
55.600 491 -1723073393
55.627 490 -1723073393
55.653 492 -1723073393
55.680 501 -1723073393
55.707 510 -1723073393
55.733 514 -1723073393
55.760 522 -1723073393
55.787 528 -1723073393
55.813 524 -1723073393
55.840 518 -1723073393
55.867 511 -1723073393
55.893 497 -1723073393
55.920 479 -1723073393
55.947 463 -1723073393
55.973 443 -1723073393
56.000 417 -1723073393
56.027 393 -1723073393
56.053 369 -1723073393
56.080 338 -1723073393
56.107 303 -1723073393
56.133 276 -1723073393
56.160 250 -1723073393
56.187 222 -1723073393
56.213 198 -1723073393
56.240 183 -1723073393
56.267 169 -1723073393
56.293 153 -1723073393
56.320 142 -1723073393
56.347 137 -1723073393
56.373 127 -1723073393
56.400 119 -1723073393
56.427 119 -1723073393
56.453 117 -1723073393
56.480 109 -1723073393
56.507 105 -1723073393
56.533 98 -1723073393
56.560 82 -1723073393
56.587 69 -1723073393
56.613 57 -1723073393
56.640 34 -1723073393
56.667 18 -1723073393
56.693 10 -1723073393
56.720 -4 -1723073393
56.747 -19 -1723073393
56.773 -21 -1723073393
56.800 -26 -1723073393
56.827 -38 -1723073393
56.853 -37 -1723073393
56.880 -31 -1723073393
56.907 -39 -1723073393
56.933 -42 -1723073393
56.960 -31 -1723073393
56.987 -28 -1723073393
57.013 -27 -1723073393
57.040 -13 -1723073393
57.067 -5 -1723073393
57.093 -5 -1723073393
57.120 4 -1723073393
57.147 18 -1723073393
57.173 24 -1723073393
57.200 37 -1723073393
57.227 62 -1723073393
57.253 77 -1723073393
57.280 88 -1723073393
57.307 110 -1723073393
57.333 133 -1723073393
57.360 152 -1723073393
57.387 181 -1723073393
57.413 209 -1723073393
57.440 228 -1723073393
57.467 244 -1723073393
57.493 259 -1723073393
57.520 270 -1723073393
57.547 276 -1723073393
57.573 279 -1723073393
57.600 278 -1723073393
57.627 273 -1723073393
57.653 269 -1723073393
57.680 267 -1723073393
57.707 264 -1723073393
57.733 265 -1723073393
57.760 268 -1723073393
57.787 267 -1723073393
57.813 270 -1723073393
57.840 279 -1723073393
57.867 289 -1723073393
57.893 302 -1723073393
57.920 320 -1723073393
57.947 335 -1723073393
57.973 347 -1723073393
58.000 365 -1723073393
58.027 388 -1723073393
58.053 409 -1723073393
58.080 429 -1723073393
58.107 447 -1723073393
58.133 458 -1723073393
58.160 467 -1723073393
58.187 475 -1723073393
58.213 483 -1723073393
58.240 492 -1723073393
58.267 494 -1723073393
58.293 490 -1723073393
58.320 493 -1723073393
58.347 500 -1723073393
58.373 504 -1723073393
58.400 510 -1723073393
58.427 522 -1723073393
58.453 534 -1723073393
58.480 547 -1723073393
58.507 559 -1723073393
58.533 568 -1723073393
58.560 573 -1723073393
58.587 584 -1723073393
58.613 594 -1723073393
58.640 600 -1723073393
58.667 607 -1723073393
58.693 611 -1723073393
58.720 607 -1723073393
58.747 604 -1723073393
58.773 604 -1723073393
58.800 600 -1723073393
58.827 594 -1723073393
58.853 596 -1723073393
58.880 597 -1723073393
58.907 594 -1723073393
58.933 598 -1723073393
58.960 602 -1723073393
58.987 600 -1723073393
59.013 599 -1723073393
59.040 603 -1723073393
59.067 600 -1723073393
59.093 589 -1723073393
59.120 580 -1723073393
59.147 564 -1723073393
59.173 543 -1723073393
59.200 529 -1723073393
59.227 519 -1723073393
59.253 506 -1723073393
59.280 497 -1723073393
59.307 488 -1723073393
59.333 474 -1723073393
59.360 456 -1723073393
59.387 438 -1723073393
59.413 424 -1723073393
59.440 407 -1723073393
59.467 389 -1723073393
59.493 372 -1723073393
59.520 353 -1723073393
59.547 332 -1723073393
59.573 308 -1723073393
59.600 283 -1723073393
59.627 251 -1723073393
59.653 218 -1723073393
59.680 194 -1723073393
59.707 168 -1723073393
59.733 139 -1723073393
59.760 114 -1723073393
59.787 95 -1723073393
59.813 74 -1723073393
59.840 52 -1723073393
59.867 39 -1723073393
59.893 29 -1723073393
59.920 14 -1723073393
59.947 10 -1723073393
59.973 16 -1723073393
60.000 15 -1723073393
60.027 13 -1723073393
60.053 18 -1723073393
60.080 15 -1723073393
60.107 6 -1723073393
60.133 10 -1723073393
60.160 18 -1723073393
60.187 15 -1723073393
60.213 14 -1723073393
60.240 16 -1723073393
60.267 5 -1723073393
60.293 -11 -1723073393
60.320 -17 -1723073393
60.347 -27 -1723073393
60.373 -47 -1723073393
60.400 -56 -1723073393
60.427 -69 -1723073393
60.453 -97 -1723073393
60.480 -113 -1723073393
60.507 -112 -1723073393
60.533 -120 -1723073393
60.560 -130 -1723073393
60.587 -126 -1723073393
60.613 -129 -1723073393
60.640 -139 -1723073393
60.667 -126 -1723073393
60.693 -106 -1723073393
60.720 -105 -1723073393
60.747 -98 -1723073393
60.773 -80 -1723073393
60.800 -82 -1723073393
60.827 -94 -1723073393
60.853 -95 -1723073393
60.880 -105 -1723073393
60.907 -130 -1723073393
60.933 -138 -1723073393
60.960 -142 -1723073393
60.987 -163 -1723073393
61.013 -178 -1723073393
61.040 -183 -1723073393
61.067 -198 -1723073393
61.093 -216 -1723073393
61.120 -215 -1723073393
61.147 -220 -1723073393
61.173 -238 -1723073393
61.200 -242 -1723073393
61.227 -240 -1723073393
61.253 -256 -1723073393
61.280 -267 -1723073393
61.307 -261 -1723073393
61.333 -268 -1723073393
61.360 -283 -1723073393
61.387 -279 -1723073393
61.413 -281 -1723073393
61.440 -293 -1723073393
61.467 -285 -1723073393
61.493 -265 -1723073393
61.520 -263 -1723073393
61.547 -256 -1723073393
61.573 -236 -1723073393
61.600 -233 -1723073393
61.627 -237 -1723073393
61.653 -218 -1723073393
61.680 -200 -1723073393
61.707 -200 -1723073393
61.733 -190 -1723073393
61.760 -170 -1723073393
61.787 -163 -1723073393
61.813 -151 -1723073393
61.840 -121 -1723073393
61.867 -104 -1723073393
61.893 -99 -1723073393
61.920 -78 -1723073393
61.947 -63 -1723073393
61.973 -66 -1723073393
62.000 -59 -1723073393
62.027 -42 -1723073393
62.053 -38 -1723073393
62.080 -35 -1723073393
62.107 -23 -1723073393
62.133 -20 -1723073393
62.160 -29 -1723073393
62.187 -31 -1723073393
62.213 -33 -1723073393
62.240 -47 -1723073393
62.267 -55 -1723073393
62.293 -56 -1723073393
62.320 -71 -1723073393
62.347 -89 -1723073393
62.373 -97 -1723073393
62.400 -109 -1723073393
62.427 -131 -1723073393
62.453 -140 -1723073393
62.480 -142 -1723073393
62.507 -151 -1723073393
62.533 -151 -1723073393
62.560 -138 -1723073393
62.587 -137 -1723073393
62.613 -138 -1723073393
62.640 -123 -1723073393
62.667 -116 -1723073393
62.693 -124 -1723073393
62.720 -119 -1723073393
62.747 -110 -1723073393
62.773 -115 -1723073393
62.800 -111 -1723073393
62.827 -89 -1723073393
62.853 -81 -1723073393
62.880 -79 -1723073393
62.907 -63 -1723073393
62.933 -52 -1723073393
62.960 -58 -1723073393
62.987 -61 -1723073393
63.013 -62 -1723073393
63.040 -79 -1723073393
63.067 -97 -1723073393
63.093 -104 -1723073393
63.120 -122 -1723073393
63.147 -148 -1723073393
63.173 -163 -1723073393
63.200 -178 -1723073393
63.227 -204 -1723073393
63.253 -222 -1723073393
63.280 -229 -1723073393
63.307 -245 -1723073393
63.333 -259 -1723073393
63.360 -256 -1723073393
63.387 -260 -1723073393
63.413 -267 -1723073393
63.440 -251 -1723073393
63.467 -234 -1723073393
63.493 -235 -1723073393
63.520 -220 -1723073393
63.547 -185 -1723073393
63.573 -167 -1723073393
63.600 -158 -1723073393
63.627 -128 -1723073393
63.653 -102 -1723073393
63.680 -94 -1723073393
63.707 -75 -1723073393
63.733 -55 -1723073393
63.760 -52 -1723073393
63.787 -46 -1723073393
63.813 -27 -1723073393
63.840 -20 -1723073393
63.867 -25 -1723073393
63.893 -30 -1723073393
63.920 -42 -1723073393
63.947 -61 -1723073393
63.973 -76 -1723073393
64.000 -89 -1723073393
64.027 -113 -1723073393
64.053 -134 -1723073393
64.080 -142 -1723073393
64.107 -157 -1723073393
64.133 -176 -1723073393
64.160 -178 -1723073393
64.187 -175 -1723073393
64.213 -177 -1723073393
64.240 -164 -1723073393
64.267 -138 -1723073393
64.293 -123 -1723073393
64.320 -104 -1723073393
64.347 -72 -1723073393
64.373 -48 -1723073393
64.400 -33 -1723073393
64.427 -3 -1723073393
64.453 29 -1723073393
64.480 50 -1723073393
64.507 71 -1723073393
64.533 96 -1723073393
64.560 109 -1723073393
64.587 115 -1723073393
64.613 122 -1723073393
64.640 125 -1723073393
64.667 120 -1723073393
64.693 120 -1723073393
64.720 119 -1723073393
64.747 107 -1723073393
64.773 93 -1723073393
64.800 82 -1723073393
64.827 67 -1723073393
64.853 52 -1723073393
64.880 47 -1723073393
64.907 42 -1723073393
64.933 27 -1723073393
64.960 15 -1723073393
64.987 9 -1723073393
65.013 0 -1723073393
65.040 -3 -1723073393
65.067 4 -1723073393
65.093 7 -1723073393
65.120 4 -1723073393
65.147 12 -1723073393
65.173 27 -1723073393
65.200 35 -1723073393
65.227 49 -1723073393
65.253 71 -1723073393
65.280 85 -1723073393
65.307 100 -1723073393
65.333 128 -1723073393
65.360 153 -1723073393
65.387 167 -1723073393
65.413 185 -1723073393
65.440 211 -1723073393
65.467 233 -1723073393
65.493 257 -1723073393
65.520 282 -1723073393
65.547 299 -1723073393
65.573 311 -1723073393
65.600 321 -1723073393
65.627 329 -1723073393
65.653 332 -1723073393
65.680 333 -1723073393
65.707 333 -1723073393
65.733 333 -1723073393
65.760 330 -1723073393
65.787 320 -1723073393
65.813 305 -1723073393
65.840 289 -1723073393
65.867 274 -1723073393
65.893 259 -1723073393
65.920 247 -1723073393
65.947 241 -1723073393
65.973 233 -1723073393
66.000 224 -1723073393
66.027 214 -1723073393
66.053 208 -1723073393
66.080 207 -1723073393
66.107 205 -1723073393
66.133 206 -1723073393
66.160 209 -1723073393
66.187 209 -1723073393
66.213 211 -1723073393
66.240 221 -1723073393
66.267 231 -1723073393
66.293 239 -1723073393
66.320 248 -1723073393
66.347 257 -1723073393
66.373 260 -1723073393
66.400 264 -1723073393
66.427 268 -1723073393
66.453 269 -1723073393
66.480 268 -1723073393
66.507 266 -1723073393
66.533 264 -1723073393
66.560 260 -1723073393
66.587 253 -1723073393
66.613 244 -1723073393
66.640 236 -1723073393
66.667 232 -1723073393
66.693 229 -1723073393
66.720 223 -1723073393
66.747 217 -1723073393
66.773 216 -1723073393
66.800 217 -1723073393
66.827 221 -1723073393
66.853 228 -1723073393
66.880 236 -1723073393
66.907 246 -1723073393
66.933 261 -1723073393
66.960 282 -1723073393
66.987 305 -1723073393
67.013 330 -1723073393
67.040 358 -1723073393
67.067 387 -1723073393
67.093 413 -1723073393
67.120 435 -1723073393
67.147 456 -1723073393
67.173 481 -1723073393
67.200 504 -1723073393
67.227 519 -1723073393
67.253 534 -1723073393
67.280 548 -1723073393
67.307 551 -1723073393
67.333 549 -1723073393
67.360 548 -1723073393
67.387 534 -1723073393
67.413 511 -1723073393
67.440 495 -1723073393
67.467 481 -1723073393
67.493 460 -1723073393
67.520 438 -1723073393
67.547 421 -1723073393
67.573 403 -1723073393
67.600 381 -1723073393
67.627 364 -1723073393
67.653 348 -1723073393
67.680 334 -1723073393
67.707 327 -1723073393
67.733 323 -1723073393
67.760 318 -1723073393
67.787 318 -1723073393
67.813 318 -1723073393
67.840 318 -1723073393
67.867 318 -1723073393
67.893 320 -1723073393
67.920 321 -1723073393
67.947 317 -1723073393
67.973 311 -1723073393
68.000 308 -1723073393
68.027 311 -1723073393
68.053 309 -1723073393
68.080 303 -1723073393
68.107 298 -1723073393
68.133 290 -1723073393
68.160 282 -1723073393
68.187 275 -1723073393
68.213 272 -1723073393
68.240 270 -1723073393
68.267 266 -1723073393
68.293 261 -1723073393
68.320 256 -1723073393
68.347 249 -1723073393
68.373 239 -1723073393
68.400 233 -1723073393
68.427 233 -1723073393
68.453 231 -1723073393
68.480 228 -1723073393
68.507 225 -1723073393
68.533 220 -1723073393
68.560 216 -1723073393
68.587 218 -1723073393
68.613 222 -1723073393
68.640 231 -1723073393
68.667 244 -1723073393
68.693 255 -1723073393
68.720 264 -1723073393
68.747 277 -1723073393
68.773 289 -1723073393
68.800 299 -1723073393
68.827 310 -1723073393
68.853 321 -1723073393
68.880 333 -1723073393
68.907 345 -1723073393
68.933 356 -1723073393
68.960 367 -1723073393
68.987 376 -1723073393
69.013 381 -1723073393
69.040 384 -1723073393
69.067 388 -1723073393
69.093 393 -1723073393
69.120 393 -1723073393
69.147 395 -1723073393
69.173 399 -1723073393
69.200 401 -1723073393
69.227 401 -1723073393
69.253 398 -1723073393
69.280 390 -1723073393
69.307 380 -1723073393
69.333 371 -1723073393
69.360 360 -1723073393
69.387 345 -1723073393
69.413 331 -1723073393
69.440 314 -1723073393
69.467 297 -1723073393
69.493 285 -1723073393
69.520 273 -1723073393
69.547 254 -1723073393
69.573 232 -1723073393
69.600 215 -1723073393
69.627 200 -1723073393
69.653 186 -1723073393
69.680 175 -1723073393
69.707 161 -1723073393
69.733 148 -1723073393
69.760 142 -1723073393
69.787 136 -1723073393
69.813 131 -1723073393
69.840 132 -1723073393
69.867 134 -1723073393
69.893 132 -1723073393
69.920 134 -1723073393
69.947 143 -1723073393
69.973 154 -1723073393
70.000 170 -1723073393
70.027 189 -1723073393
70.053 203 -1723073393
70.080 213 -1723073393
70.107 226 -1723073393
70.133 241 -1723073393
70.160 256 -1723073393
70.187 271 -1723073393
70.213 287 -1723073393
70.240 298 -1723073393
70.267 304 -1723073393
70.293 312 -1723073393
70.320 320 -1723073393
70.347 326 -1723073393
70.373 331 -1723073393
70.400 336 -1723073393
70.427 334 -1723073393
70.453 327 -1723073393
70.480 323 -1723073393
70.507 319 -1723073393
70.533 314 -1723073393
70.560 308 -1723073393
70.587 300 -1723073393
70.613 292 -1723073393
70.640 286 -1723073393
70.667 282 -1723073393
70.693 277 -1723073393
70.720 273 -1723073393
70.747 275 -1723073393
70.773 280 -1723073393
70.800 286 -1723073393
70.827 293 -1723073393
70.853 301 -1723073393
70.880 304 -1723073393
70.907 306 -1723073393
70.933 311 -1723073393
70.960 315 -1723073393
70.987 318 -1723073393
71.013 323 -1723073393
71.040 326 -1723073393
71.067 327 -1723073393
71.093 328 -1723073393
71.120 331 -1723073393
71.147 333 -1723073393
71.173 337 -1723073393
71.200 342 -1723073393
71.227 349 -1723073393
71.253 356 -1723073393
71.280 362 -1723073393
71.307 369 -1723073393
71.333 372 -1723073393
71.360 371 -1723073393
71.387 371 -1723073393
71.413 367 -1723073393
71.440 362 -1723073393
71.467 356 -1723073393
71.493 350 -1723073393
71.520 340 -1723073393
71.547 323 -1723073393
71.573 306 -1723073393
71.600 294 -1723073393
71.627 282 -1723073393
71.653 270 -1723073393
71.680 260 -1723073393
71.707 254 -1723073393
71.733 246 -1723073393
71.760 236 -1723073393
71.787 227 -1723073393
71.813 225 -1723073393
71.840 227 -1723073393
71.867 227 -1723073393
71.893 231 -1723073393
71.920 236 -1723073393
71.947 237 -1723073393
71.973 239 -1723073393
72.000 244 -1723073393
72.027 243 -1723073393
72.053 240 -1723073393
72.080 239 -1723073393
72.107 241 -1723073393
72.133 238 -1723073393
72.160 232 -1723073393
72.187 227 -1723073393
72.213 221 -1723073393
72.240 216 -1723073393
72.267 217 -1723073393
72.293 217 -1723073393
72.320 214 -1723073393
72.347 214 -1723073393
72.373 216 -1723073393
72.400 219 -1723073393
72.427 228 -1723073393
72.453 240 -1723073393
72.480 247 -1723073393
72.507 249 -1723073393
72.533 256 -1723073393
72.560 262 -1723073393
72.587 266 -1723073393
72.613 270 -1723073393
72.640 274 -1723073393
72.667 275 -1723073393
72.693 275 -1723073393
72.720 276 -1723073393
72.747 275 -1723073393
72.773 270 -1723073393
72.800 267 -1723073393
72.827 261 -1723073393
72.853 253 -1723073393
72.880 248 -1723073393
72.907 241 -1723073393
72.933 232 -1723073393
72.960 223 -1723073393
72.987 220 -1723073393
73.013 217 -1723073393
73.040 213 -1723073393
73.067 210 -1723073393
73.093 208 -1723073393
73.120 202 -1723073393
73.147 199 -1723073393
73.173 200 -1723073393
73.200 196 -1723073393
73.227 195 -1723073393
73.253 202 -1723073393
73.280 204 -1723073393
73.307 201 -1723073393
73.333 204 -1723073393
73.360 208 -1723073393
73.387 208 -1723073393
73.413 210 -1723073393
73.440 217 -1723073393
73.467 224 -1723073393
73.493 230 -1723073393
73.520 244 -1723073393
73.547 258 -1723073393
73.573 266 -1723073393
73.600 277 -1723073393
73.627 287 -1723073393
73.653 293 -1723073393
73.680 300 -1723073393
73.707 305 -1723073393
73.733 302 -1723073393
73.760 293 -1723073393
73.787 285 -1723073393
73.813 279 -1723073393
73.840 272 -1723073393
73.867 263 -1723073393
73.893 255 -1723073393
73.920 244 -1723073393
73.947 233 -1723073393
73.973 225 -1723073393
74.000 214 -1723073393
74.027 198 -1723073393
74.053 186 -1723073393
74.080 175 -1723073393
74.107 162 -1723073393
74.133 153 -1723073393
74.160 151 -1723073393
74.187 147 -1723073393
74.213 142 -1723073393
74.240 144 -1723073393
74.267 148 -1723073393
74.293 151 -1723073393
74.320 158 -1723073393
74.347 166 -1723073393
74.373 170 -1723073393
74.400 174 -1723073393
74.427 183 -1723073393
74.453 187 -1723073393
74.480 190 -1723073393
74.507 203 -1723073393
74.533 214 -1723073393
74.560 217 -1723073393
74.587 221 -1723073393
74.613 230 -1723073393
74.640 234 -1723073393
74.667 235 -1723073393
74.693 240 -1723073393
74.720 245 -1723073393
74.747 246 -1723073393
74.773 247 -1723073393
74.800 246 -1723073393
74.827 242 -1723073393
74.853 240 -1723073393
74.880 236 -1723073393
74.907 229 -1723073393
74.933 231 -1723073393
74.960 240 -1723073393
74.987 244 -1723073393
75.013 247 -1723073393
75.040 255 -1723073393
75.067 261 -1723073393
75.093 266 -1723073393
75.120 276 -1723073393
75.147 285 -1723073393
75.173 287 -1723073393
75.200 289 -1723073393
75.227 294 -1723073393
75.253 294 -1723073393
75.280 289 -1723073393
75.307 284 -1723073393
75.333 279 -1723073393
75.360 272 -1723073393
75.387 271 -1723073393
75.413 275 -1723073393
75.440 277 -1723073393
75.467 276 -1723073393
75.493 279 -1723073393
75.520 283 -1723073393
75.547 282 -1723073393
75.573 283 -1723073393
75.600 288 -1723073393
75.627 290 -1723073393
75.653 289 -1723073393
75.680 286 -1723073393
75.707 275 -1723073393
75.733 257 -1723073393
75.760 239 -1723073393
75.787 218 -1723073393
75.813 194 -1723073393
75.840 171 -1723073393
75.867 152 -1723073393
75.893 132 -1723073393
75.920 115 -1723073393
75.947 99 -1723073393
75.973 81 -1723073393
76.000 65 -1723073393
76.027 61 -1723073393
76.053 62 -1723073393
76.080 66 -1723073393
76.107 79 -1723073393
76.133 93 -1723073393
76.160 104 -1723073393
76.187 123 -1723073393
76.213 147 -1723073393
76.240 167 -1723073393
76.267 188 -1723073393
76.293 216 -1723073393
76.320 244 -1723073393
76.347 266 -1723073393
76.373 287 -1723073393
76.400 306 -1723073393
76.427 319 -1723073393
76.453 331 -1723073393
76.480 341 -1723073393
76.507 349 -1723073393
76.533 350 -1723073393
76.560 349 -1723073393
76.587 348 -1723073393
76.613 344 -1723073393
76.640 337 -1723073393
76.667 335 -1723073393
76.693 336 -1723073393
76.720 334 -1723073393
76.747 330 -1723073393
76.773 327 -1723073393
76.800 325 -1723073393
76.827 319 -1723073393
76.853 312 -1723073393
76.880 309 -1723073393
76.907 312 -1723073393
76.933 316 -1723073393
76.960 319 -1723073393
76.987 322 -1723073393
77.013 325 -1723073393
77.040 326 -1723073393
77.067 327 -1723073393
77.093 331 -1723073393
77.120 337 -1723073393
77.147 342 -1723073393
77.173 346 -1723073393
77.200 350 -1723073393
77.227 353 -1723073393
77.253 355 -1723073393
77.280 355 -1723073393
77.307 351 -1723073393
77.333 341 -1723073393
77.360 331 -1723073393
77.387 323 -1723073393
77.413 317 -1723073393
77.440 313 -1723073393
77.467 310 -1723073393
77.493 307 -1723073393
77.520 302 -1723073393
77.547 292 -1723073393
77.573 282 -1723073393
77.600 274 -1723073393
77.627 269 -1723073393
77.653 262 -1723073393
77.680 256 -1723073393
77.707 253 -1723073393
77.733 251 -1723073393
77.760 249 -1723073393
77.787 249 -1723073393
77.813 251 -1723073393
77.840 252 -1723073393
77.867 256 -1723073393
77.893 262 -1723073393
77.920 266 -1723073393
77.947 269 -1723073393
77.973 274 -1723073393
78.000 281 -1723073393
78.027 285 -1723073393
78.053 291 -1723073393
78.080 297 -1723073393
78.107 299 -1723073393
78.133 302 -1723073393
78.160 304 -1723073393
78.187 302 -1723073393
78.213 297 -1723073393
78.240 295 -1723073393
78.267 288 -1723073393
78.293 280 -1723073393
78.320 278 -1723073393
78.347 275 -1723073393
78.373 270 -1723073393
78.400 266 -1723073393
78.427 261 -1723073393
78.453 251 -1723073393
78.480 245 -1723073393
78.507 245 -1723073393
78.533 243 -1723073393
78.560 239 -1723073393
78.587 238 -1723073393
78.613 234 -1723073393
78.640 222 -1723073393
78.667 211 -1723073393
78.693 200 -1723073393
78.720 185 -1723073393
78.747 173 -1723073393
78.773 168 -1723073393
78.800 161 -1723073393
78.827 153 -1723073393
78.853 153 -1723073393
78.880 151 -1723073393
78.907 145 -1723073393
78.933 143 -1723073393
78.960 142 -1723073393
78.987 138 -1723073393
79.013 142 -1723073393
79.040 151 -1723073393
79.067 154 -1723073393
79.093 157 -1723073393
79.120 169 -1723073393
79.147 176 -1723073393
79.173 178 -1723073393
79.200 185 -1723073393
79.227 189 -1723073393
79.253 185 -1723073393
79.280 184 -1723073393
79.307 182 -1723073393
79.333 173 -1723073393
79.360 165 -1723073393
79.387 163 -1723073393
79.413 155 -1723073393
79.440 145 -1723073393
79.467 139 -1723073393
79.493 131 -1723073393
79.520 118 -1723073393
79.547 107 -1723073393
79.573 94 -1723073393
79.600 78 -1723073393
79.627 69 -1723073393
79.653 65 -1723073393
79.680 57 -1723073393
79.707 54 -1723073393
79.733 63 -1723073393
79.760 75 -1723073393
79.787 88 -1723073393
79.813 109 -1723073393
79.840 127 -1723073393
79.867 138 -1723073393
79.893 156 -1723073393
79.920 179 -1723073393
79.947 197 -1723073393
79.973 212 -1723073393
80.000 231 -1723073393
80.027 243 -1723073393
80.053 253 -1723073393
80.080 263 -1723073393
80.107 269 -1723073393
80.133 271 -1723073393
80.160 272 -1723073393
80.187 271 -1723073393
80.213 267 -1723073393
80.240 261 -1723073393
80.267 255 -1723073393
80.293 249 -1723073393
80.320 244 -1723073393
80.347 241 -1723073393
80.373 236 -1723073393
80.400 233 -1723073393
80.427 231 -1723073393
80.453 230 -1723073393
80.480 231 -1723073393
80.507 233 -1723073393
80.533 233 -1723073393
80.560 231 -1723073393
80.587 235 -1723073393
80.613 243 -1723073393
80.640 251 -1723073393
80.667 263 -1723073393
80.693 274 -1723073393
80.720 282 -1723073393
80.747 289 -1723073393
80.773 295 -1723073393
80.800 299 -1723073393
80.827 301 -1723073393
80.853 299 -1723073393
80.880 293 -1723073393
80.907 283 -1723073393
80.933 273 -1723073393
80.960 260 -1723073393
80.987 248 -1723073393
81.013 240 -1723073393
81.040 228 -1723073393
81.067 215 -1723073393
81.093 207 -1723073393
81.120 200 -1723073393
81.147 186 -1723073393
81.173 169 -1723073393
81.200 158 -1723073393
81.227 145 -1723073393
81.253 130 -1723073393
81.280 124 -1723073393
81.307 124 -1723073393
81.333 122 -1723073393
81.360 121 -1723073393
81.387 121 -1723073393
81.413 119 -1723073393
81.440 120 -1723073393
81.467 126 -1723073393
81.493 134 -1723073393
81.520 143 -1723073393
81.547 156 -1723073393
81.573 170 -1723073393
81.600 180 -1723073393
81.627 192 -1723073393
81.653 204 -1723073393
81.680 213 -1723073393
81.707 226 -1723073393
81.733 243 -1723073393
81.760 256 -1723073393
81.787 268 -1723073393
81.813 280 -1723073393
81.840 291 -1723073393
81.867 304 -1723073393
81.893 317 -1723073393
81.920 328 -1723073393
81.947 339 -1723073393
81.973 348 -1723073393
82.000 354 -1723073393
82.027 358 -1723073393
82.053 359 -1723073393
82.080 357 -1723073393
82.107 351 -1723073393
82.133 342 -1723073393
82.160 329 -1723073393
82.187 317 -1723073393
82.213 306 -1723073393
82.240 291 -1723073393
82.267 276 -1723073393
82.293 264 -1723073393
82.320 255 -1723073393
82.347 249 -1723073393
82.373 246 -1723073393
82.400 246 -1723073393
82.427 244 -1723073393
82.453 240 -1723073393
82.480 237 -1723073393
82.507 237 -1723073393
82.533 238 -1723073393
82.560 245 -1723073393
82.587 251 -1723073393
82.613 255 -1723073393
82.640 262 -1723073393
82.667 267 -1723073393
82.693 265 -1723073393
82.720 267 -1723073393
82.747 272 -1723073393
82.773 272 -1723073393
82.800 270 -1723073393
82.827 270 -1723073393
82.853 269 -1723073393
82.880 265 -1723073393
82.907 263 -1723073393
82.933 258 -1723073393
82.960 249 -1723073393
82.987 238 -1723073393
83.013 222 -1723073393
83.040 209 -1723073393
83.067 202 -1723073393
83.093 193 -1723073393
83.120 184 -1723073393
83.147 181 -1723073393
83.173 181 -1723073393
83.200 177 -1723073393
83.227 172 -1723073393
83.253 173 -1723073393
83.280 176 -1723073393
83.307 180 -1723073393
83.333 188 -1723073393
83.360 197 -1723073393
83.387 200 -1723073393
83.413 209 -1723073393
83.440 226 -1723073393
83.467 239 -1723073393
83.493 247 -1723073393
83.520 263 -1723073393
83.547 276 -1723073393
83.573 281 -1723073393
83.600 284 -1723073393
83.627 289 -1723073393
83.653 292 -1723073393
83.680 290 -1723073393
83.707 284 -1723073393
83.733 276 -1723073393
83.760 269 -1723073393
83.787 261 -1723073393
83.813 251 -1723073393
83.840 241 -1723073393
83.867 232 -1723073393
83.893 223 -1723073393
83.920 219 -1723073393
83.947 219 -1723073393
83.973 218 -1723073393
84.000 220 -1723073393
84.027 223 -1723073393
84.053 219 -1723073393
84.080 214 -1723073393
84.107 213 -1723073393
84.133 211 -1723073393
84.160 214 -1723073393
84.187 224 -1723073393
84.213 227 -1723073393
84.240 229 -1723073393
84.267 232 -1723073393
84.293 230 -1723073393
84.320 231 -1723073393
84.347 234 -1723073393
84.373 234 -1723073393
84.400 233 -1723073393
84.427 235 -1723073393
84.453 238 -1723073393
84.480 236 -1723073393
84.507 237 -1723073393
84.533 237 -1723073393
84.560 237 -1723073393
84.587 239 -1723073393
84.613 235 -1723073393
84.640 226 -1723073393
84.667 221 -1723073393
84.693 214 -1723073393
84.720 205 -1723073393
84.747 201 -1723073393
84.773 200 -1723073393
84.800 193 -1723073393
84.827 187 -1723073393
84.853 185 -1723073393
84.880 181 -1723073393
84.907 181 -1723073393
84.933 184 -1723073393
84.960 183 -1723073393
84.987 180 -1723073393
85.013 181 -1723073393
85.040 178 -1723073393
85.067 174 -1723073393
85.093 178 -1723073393
85.120 180 -1723073393
85.147 178 -1723073393
85.173 181 -1723073393
85.200 186 -1723073393
85.227 187 -1723073393
85.253 191 -1723073393
85.280 195 -1723073393
85.307 197 -1723073393
85.333 202 -1723073393
85.360 211 -1723073393
85.387 215 -1723073393
85.413 217 -1723073393
85.440 222 -1723073393
85.467 224 -1723073393
85.493 224 -1723073393
85.520 226 -1723073393
85.547 227 -1723073393
85.573 231 -1723073393
85.600 242 -1723073393
85.627 251 -1723073393
85.653 256 -1723073393
85.680 264 -1723073393
85.707 270 -1723073393
85.733 272 -1723073393
85.760 272 -1723073393
85.787 271 -1723073393
85.813 267 -1723073393
85.840 265 -1723073393
85.867 264 -1723073393
85.893 263 -1723073393
85.920 263 -1723073393
85.947 264 -1723073393
85.973 262 -1723073393
86.000 254 -1723073393
86.027 246 -1723073393
86.053 235 -1723073393
86.080 226 -1723073393
86.107 223 -1723073393
86.133 218 -1723073393
86.160 216 -1723073393
86.187 215 -1723073393
86.213 213 -1723073393
86.240 214 -1723073393
86.267 216 -1723073393
86.293 212 -1723073393
86.320 210 -1723073393
86.347 211 -1723073393
86.373 211 -1723073393
86.400 209 -1723073393
86.427 206 -1723073393
86.453 200 -1723073393
86.480 195 -1723073393
86.507 186 -1723073393
86.533 175 -1723073393
86.560 168 -1723073393
86.587 165 -1723073393
86.613 159 -1723073393
86.640 151 -1723073393
86.667 145 -1723073393
86.693 141 -1723073393
86.720 141 -1723073393
86.747 143 -1723073393
86.773 141 -1723073393
86.800 145 -1723073393
86.827 153 -1723073393
86.853 159 -1723073393
86.880 169 -1723073393
86.907 180 -1723073393
86.933 185 -1723073393
86.960 191 -1723073393
86.987 206 -1723073393
87.013 216 -1723073393
87.040 221 -1723073393
87.067 231 -1723073393
87.093 236 -1723073393
87.120 239 -1723073393
87.147 249 -1723073393
87.173 252 -1723073393
87.200 248 -1723073393
87.227 247 -1723073393
87.253 250 -1723073393
87.280 247 -1723073393
87.307 243 -1723073393
87.333 244 -1723073393
87.360 240 -1723073393
87.387 241 -1723073393
87.413 243 -1723073393
87.440 241 -1723073393
87.467 240 -1723073393
87.493 241 -1723073393
87.520 238 -1723073393
87.547 241 -1723073393
87.573 246 -1723073393
87.600 247 -1723073393
87.627 249 -1723073393
87.653 252 -1723073393
87.680 248 -1723073393
87.707 245 -1723073393
87.733 242 -1723073393
87.760 237 -1723073393
87.787 239 -1723073393
87.813 241 -1723073393
87.840 234 -1723073393
87.867 226 -1723073393
87.893 222 -1723073393
87.920 214 -1723073393
87.947 209 -1723073393
87.973 209 -1723073393
88.000 207 -1723073393
88.027 203 -1723073393
88.053 204 -1723073393
88.080 203 -1723073393
88.107 206 -1723073393
88.133 211 -1723073393
88.160 210 -1723073393
88.187 210 -1723073393
88.213 207 -1723073393
88.240 197 -1723073393
88.267 195 -1723073393
88.293 197 -1723073393
88.320 192 -1723073393
88.347 188 -1723073393
88.373 188 -1723073393
88.400 182 -1723073393
88.427 179 -1723073393
88.453 183 -1723073393
88.480 178 -1723073393
88.507 173 -1723073393
88.533 173 -1723073393
88.560 170 -1723073393
88.587 172 -1723073393
88.613 175 -1723073393
88.640 172 -1723073393
88.667 176 -1723073393
88.693 183 -1723073393
88.720 179 -1723073393
88.747 178 -1723073393
88.773 178 -1723073393
88.800 171 -1723073393
88.827 167 -1723073393
88.853 162 -1723073393
88.880 153 -1723073393
88.907 153 -1723073393
88.933 157 -1723073393
88.960 160 -1723073393
88.987 169 -1723073393
89.013 179 -1723073393
89.040 182 -1723073393
89.067 190 -1723073393
89.093 196 -1723073393
89.120 196 -1723073393
89.147 200 -1723073393
89.173 202 -1723073393
89.200 198 -1723073393
89.227 197 -1723073393
89.253 203 -1723073393
89.280 207 -1723073393
89.307 211 -1723073393
89.333 212 -1723073393
89.360 210 -1723073393
89.387 212 -1723073393
89.413 211 -1723073393
89.440 208 -1723073393
89.467 206 -1723073393
89.493 196 -1723073393
89.520 182 -1723073393
89.547 178 -1723073393
89.573 170 -1723073393
89.600 162 -1723073393
89.627 159 -1723073393
89.653 151 -1723073393
89.680 142 -1723073393
89.707 138 -1723073393
89.733 134 -1723073393
89.760 134 -1723073393
89.787 137 -1723073393
89.813 135 -1723073393
89.840 137 -1723073393
89.867 146 -1723073393
89.893 154 -1723073393
89.920 163 -1723073393
89.947 175 -1723073393
89.973 180 -1723073393
90.000 182 -1723073393
90.027 183 -1723073393
90.053 178 -1723073393
90.080 177 -1723073393
90.107 180 -1723073393
90.133 175 -1723073393
90.160 171 -1723073393
90.187 170 -1723073393
90.213 168 -1723073393
90.240 163 -1723073393
90.267 154 -1723073393
90.293 146 -1723073393
90.320 144 -1723073393
90.347 143 -1723073393
90.373 138 -1723073393
90.400 129 -1723073393
90.427 122 -1723073393
90.453 121 -1723073393
90.480 127 -1723073393
90.507 133 -1723073393
90.533 138 -1723073393
90.560 146 -1723073393
90.587 154 -1723073393
90.613 162 -1723073393
90.640 174 -1723073393
90.667 184 -1723073393
90.693 196 -1723073393
90.720 210 -1723073393
90.747 218 -1723073393
90.773 228 -1723073393
90.800 246 -1723073393
90.827 261 -1723073393
90.853 273 -1723073393
90.880 282 -1723073393
90.907 280 -1723073393
90.933 279 -1723073393
90.960 283 -1723073393
90.987 291 -1723073393
91.013 303 -1723073393
91.040 316 -1723073393
91.067 325 -1723073393
91.093 332 -1723073393
91.120 337 -1723073393
91.147 337 -1723073393
91.173 338 -1723073393
91.200 343 -1723073393
91.227 344 -1723073393
91.253 352 -1723073393
91.280 362 -1723073393
91.307 363 -1723073393
91.333 367 -1723073393
91.360 371 -1723073393
91.387 369 -1723073393
91.413 370 -1723073393
91.440 361 -1723073393
91.467 345 -1723073393
91.493 334 -1723073393
91.520 322 -1723073393
91.547 314 -1723073393
91.573 308 -1723073393
91.600 303 -1723073393
91.627 305 -1723073393
91.653 309 -1723073393
91.680 309 -1723073393
91.707 312 -1723073393
91.733 317 -1723073393
91.760 318 -1723073393
91.787 324 -1723073393
91.813 331 -1723073393
91.840 338 -1723073393
91.867 345 -1723073393
91.893 344 -1723073393
91.920 349 -1723073393
91.947 357 -1723073393
91.973 363 -1723073393
92.000 370 -1723073393
92.027 369 -1723073393
92.053 358 -1723073393
92.080 348 -1723073393
92.107 342 -1723073393
92.133 335 -1723073393
92.160 333 -1723073393
92.187 327 -1723073393
92.213 319 -1723073393
92.240 316 -1723073393
92.267 309 -1723073393
92.293 308 -1723073393
92.320 312 -1723073393
92.347 308 -1723073393
92.373 304 -1723073393
92.400 303 -1723073393
92.427 304 -1723073393
92.453 310 -1723073393
92.480 319 -1723073393
92.507 328 -1723073393
92.533 340 -1723073393
92.560 346 -1723073393
92.587 349 -1723073393
92.613 356 -1723073393
92.640 364 -1723073393
92.667 375 -1723073393
92.693 385 -1723073393
92.720 388 -1723073393
92.747 392 -1723073393
92.773 399 -1723073393
92.800 399 -1723073393
92.827 401 -1723073393
92.853 403 -1723073393
92.880 406 -1723073393
92.907 414 -1723073393
92.933 414 -1723073393
92.960 410 -1723073393
92.987 406 -1723073393
93.013 393 -1723073393
93.040 383 -1723073393
93.067 373 -1723073393
93.093 361 -1723073393
93.120 357 -1723073393
93.147 354 -1723073393
93.173 351 -1723073393
93.200 349 -1723073393
93.227 342 -1723073393
93.253 335 -1723073393
93.280 325 -1723073393
93.307 314 -1723073393
93.333 310 -1723073393
93.360 305 -1723073393
93.387 305 -1723073393
93.413 308 -1723073393
93.440 309 -1723073393
93.467 317 -1723073393
93.493 325 -1723073393
93.520 328 -1723073393
93.547 340 -1723073393
93.573 344 -1723073393
93.600 342 -1723073393
93.627 345 -1723073393
93.653 340 -1723073393
93.680 342 -1723073393
93.707 339 -1723073393
93.733 328 -1723073393
93.760 328 -1723073393
93.787 324 -1723073393
93.813 323 -1723073393
93.840 328 -1723073393
93.867 324 -1723073393
93.893 324 -1723073393
93.920 322 -1723073393
93.947 317 -1723073393
93.973 323 -1723073393
94.000 323 -1723073393
94.027 319 -1723073393
94.053 316 -1723073393
94.080 307 -1723073393
94.107 301 -1723073393
94.133 298 -1723073393
94.160 296 -1723073393
94.187 294 -1723073393
94.213 290 -1723073393
94.240 291 -1723073393
94.267 293 -1723073393
94.293 292 -1723073393
94.320 298 -1723073393
94.347 301 -1723073393
94.373 300 -1723073393
94.400 306 -1723073393
94.427 311 -1723073393
94.453 317 -1723073393
94.480 324 -1723073393
94.507 325 -1723073393
94.533 325 -1723073393
94.560 325 -1723073393
94.587 321 -1723073393
94.613 327 -1723073393
94.640 331 -1723073393
94.667 330 -1723073393
94.693 330 -1723073393
94.720 324 -1723073393
94.747 320 -1723073393
94.773 322 -1723073393
94.800 327 -1723073393
94.827 332 -1723073393
94.853 334 -1723073393
94.880 334 -1723073393
94.907 332 -1723073393
94.933 330 -1723073393
94.960 326 -1723073393
94.987 319 -1723073393
95.013 310 -1723073393
95.040 300 -1723073393
95.067 291 -1723073393
95.093 286 -1723073393
95.120 277 -1723073393
95.147 265 -1723073393
95.173 256 -1723073393
95.200 248 -1723073393
95.227 249 -1723073393
95.253 255 -1723073393
95.280 263 -1723073393
95.307 263 -1723073393
95.333 253 -1723073393
95.360 248 -1723073393
95.387 241 -1723073393
95.413 241 -1723073393
95.440 249 -1723073393
95.467 254 -1723073393
95.493 264 -1723073393
95.520 262 -1723073393
95.547 255 -1723073393
95.573 254 -1723073393
95.600 248 -1723073393
95.627 245 -1723073393
95.653 235 -1723073393
95.680 225 -1723073393
95.707 216 -1723073393
95.733 198 -1723073393
95.760 185 -1723073393
95.787 171 -1723073393
95.813 158 -1723073393
95.840 150 -1723073393
95.867 143 -1723073393
95.893 144 -1723073393
95.920 142 -1723073393
95.947 137 -1723073393
95.973 129 -1723073393
96.000 119 -1723073393
96.027 125 -1723073393
96.053 127 -1723073393
96.080 133 -1723073393
96.107 144 -1723073393
96.133 150 -1723073393
96.160 158 -1723073393
96.187 159 -1723073393
96.213 164 -1723073393
96.240 175 -1723073393
96.267 181 -1723073393
96.293 187 -1723073393
96.320 188 -1723073393
96.347 194 -1723073393
96.373 200 -1723073393
96.400 199 -1723073393
96.427 206 -1723073393
96.453 202 -1723073393
96.480 194 -1723073393
96.507 187 -1723073393
96.533 177 -1723073393
96.560 175 -1723073393
96.587 166 -1723073393
96.613 156 -1723073393
96.640 145 -1723073393
96.667 136 -1723073393
96.693 122 -1723073393
96.720 99 -1723073393
96.747 88 -1723073393
96.773 79 -1723073393
96.800 74 -1723073393
96.827 67 -1723073393
96.853 56 -1723073393
96.880 53 -1723073393
96.907 48 -1723073393
96.933 53 -1723073393
96.960 56 -1723073393
96.987 61 -1723073393
97.013 68 -1723073393
97.040 67 -1723073393
97.067 71 -1723073393
97.093 78 -1723073393
97.120 86 -1723073393
97.147 80 -1723073393
97.173 74 -1723073393
97.200 78 -1723073393
97.227 66 -1723073393
97.253 61 -1723073393
97.280 53 -1723073393
97.307 51 -1723073393
97.333 51 -1723073393
97.360 43 -1723073393
97.387 40 -1723073393
97.413 32 -1723073393
97.440 36 -1723073393
97.467 34 -1723073393
97.493 30 -1723073393
97.520 29 -1723073393
97.547 25 -1723073393
97.573 24 -1723073393
97.600 13 -1723073393
97.627 17 -1723073393
97.653 15 -1723073393
97.680 22 -1723073393
97.707 24 -1723073393
97.733 28 -1723073393
97.760 43 -1723073393
97.787 45 -1723073393
97.813 56 -1723073393
97.840 62 -1723073393
97.867 70 -1723073393
97.893 72 -1723073393
97.920 78 -1723073393
97.947 86 -1723073393
97.973 83 -1723073393
98.000 90 -1723073393
98.027 94 -1723073393
98.053 101 -1723073393
98.080 101 -1723073393
98.107 104 -1723073393
98.133 104 -1723073393
98.160 99 -1723073393
98.187 102 -1723073393
98.213 101 -1723073393
98.240 106 -1723073393
98.267 103 -1723073393
98.293 106 -1723073393
98.320 102 -1723073393
98.347 95 -1723073393
98.373 87 -1723073393
98.400 74 -1723073393
98.427 69 -1723073393
98.453 61 -1723073393
98.480 61 -1723073393
98.507 54 -1723073393
98.533 53 -1723073393
98.560 44 -1723073393
98.587 43 -1723073393
98.613 44 -1723073393
98.640 47 -1723073393
98.667 39 -1723073393
98.693 25 -1723073393
98.720 17 -1723073393
98.747 5 -1723073393
98.773 9 -1723073393
98.800 1 -1723073393
98.827 5 -1723073393
98.853 -6 -1723073393
98.880 1 -1723073393
98.907 -3 -1723073393
98.933 -1 -1723073393
98.960 -2 -1723073393
98.987 2 -1723073393
99.013 8 -1723073393
99.040 12 -1723073393
99.067 18 -1723073393
99.093 12 -1723073393
99.120 17 -1723073393
99.147 13 -1723073393
99.173 17 -1723073393
99.200 9 -1723073393
99.227 16 -1723073393
99.253 8 -1723073393
99.280 7 -1723073393
99.307 -7 -1723073393
99.333 -2 -1723073393
99.360 -5 -1723073393
99.387 -3 -1723073393
99.413 -17 -1723073393
99.440 -23 -1723073393
99.467 -36 -1723073393
99.493 -35 -1723073393
99.520 -38 -1723073393
99.547 -40 -1723073393
99.573 -37 -1723073393
99.600 -33 -1723073393
99.627 -26 -1723073393
99.653 -24 -1723073393
99.680 -14 -1723073393
99.707 -6 -1723073393
99.733 1 -1723073393
99.760 5 -1723073393
99.787 10 -1723073393
99.813 12 -1723073393
99.840 25 -1723073393
99.867 26 -1723073393
99.893 38 -1723073393
99.920 38 -1723073393
99.947 47 -1723073393
99.973 46 -1723073393
100.000 0 -1723073393
