0.000 27 -1723073393
0.027 26 -1723073393
0.053 23 -1723073393
0.080 19 -1723073393
0.107 19 -1723073393
0.133 20 -1723073393
0.160 19 -1723073393
0.187 21 -1723073393
0.213 19 -1723073393
0.240 15 -1723073393
0.267 16 -1723073393
0.293 17 -1723073393
0.320 24 -1723073393
0.347 26 -1723073393
0.373 24 -1723073393
0.400 24 -1723073393
0.427 19 -1723073393
0.453 16 -1723073393
0.480 17 -1723073393
0.507 15 -1723073393
0.533 15 -1723073393
0.560 16 -1723073393
0.587 14 -1723073393
0.613 17 -1723073393
0.640 15 -1723073393
0.667 14 -1723073393
0.693 13 -1723073393
0.720 6 -1723073393
0.747 0 -1723073393
0.773 -3 -1723073393
0.800 -8 -1723073393
0.827 -4 -1723073393
0.853 0 -1723073393
0.880 1 -1723073393
0.907 2 -1723073393
0.933 2 -1723073393
0.960 2 -1723073393
0.987 1 -1723073393
1.013 -4 -1723073393
1.040 0 -1723073393
1.067 6 -1723073393
1.093 6 -1723073393
1.120 10 -1723073393
1.147 11 -1723073393
1.173 7 -1723073393
1.200 5 -1723073393
1.227 1 -1723073393
1.253 5 -1723073393
1.280 8 -1723073393
1.307 2 -1723073393
1.333 0 -1723073393
1.360 1 -1723073393
1.387 0 -1723073393
1.413 0 -1723073393
1.440 -8 -1723073393
1.467 -11 -1723073393
1.493 -9 -1723073393
1.520 -12 -1723073393
1.547 -10 -1723073393
1.573 -11 -1723073393
1.600 -17 -1723073393
1.627 -13 -1723073393
1.653 -11 -1723073393
1.680 -10 -1723073393
1.707 -5 -1723073393
1.733 -6 -1723073393
1.760 -4 -1723073393
1.787 -2 -1723073393
1.813 -10 -1723073393
1.840 -11 -1723073393
1.867 -12 -1723073393
1.893 -13 -1723073393
1.920 -9 -1723073393
1.947 -14 -1723073393
1.973 -14 -1723073393
2.000 -9 -1723073393
2.027 -14 -1723073393
2.053 -13 -1723073393
2.080 -13 -1723073393
2.107 -16 -1723073393
2.133 -11 -1723073393
2.160 -15 -1723073393
2.187 -22 -1723073393
2.213 -19 -1723073393
2.240 -19 -1723073393
2.267 -14 -1723073393
2.293 -9 -1723073393
2.320 -14 -1723073393
2.347 -13 -1723073393
2.373 -17 -1723073393
2.400 -21 -1723073393
2.427 -16 -1723073393
2.453 -19 -1723073393
2.480 -17 -1723073393
2.507 -14 -1723073393
2.533 -22 -1723073393
2.560 -23 -1723073393
2.587 -21 -1723073393
2.613 -20 -1723073393
2.640 -13 -1723073393
2.667 -13 -1723073393
2.693 -13 -1723073393
2.720 -15 -1723073393
2.747 -24 -1723073393
2.773 -27 -1723073393
2.800 -31 -1723073393
2.827 -37 -1723073393
2.853 -34 -1723073393
2.880 -28 -1723073393
2.907 -27 -1723073393
2.933 -24 -1723073393
2.960 -23 -1723073393
2.987 -19 -1723073393
3.013 -14 -1723073393
3.040 -16 -1723073393
3.067 -13 -1723073393
3.093 -12 -1723073393
3.120 -10 -1723073393
3.147 -5 -1723073393
3.173 -9 -1723073393
3.200 -18 -1723073393
3.227 -22 -1723073393
3.253 -30 -1723073393
3.280 -32 -1723073393
3.307 -26 -1723073393
3.333 -25 -1723073393
3.360 -22 -1723073393
3.387 -19 -1723073393
3.413 -21 -1723073393
3.440 -20 -1723073393
3.467 -23 -1723073393
3.493 -29 -1723073393
3.520 -28 -1723073393
3.547 -30 -1723073393
3.573 -28 -1723073393
3.600 -25 -1723073393
3.627 -29 -1723073393
3.653 -26 -1723073393
3.680 -24 -1723073393
3.707 -28 -1723073393
3.733 -27 -1723073393
3.760 -34 -1723073393
3.787 -37 -1723073393
3.813 -34 -1723073393
3.840 -33 -1723073393
3.867 -24 -1723073393
3.893 -17 -1723073393
3.920 -19 -1723073393
3.947 -20 -1723073393
3.973 -28 -1723073393
4.000 -32 -1723073393
4.027 -31 -1723073393
4.053 -31 -1723073393
4.080 -24 -1723073393
4.107 -17 -1723073393
4.133 -23 -1723073393
4.160 -25 -1723073393
4.187 -24 -1723073393
4.213 -20 -1723073393
4.240 -13 -1723073393
4.267 -17 -1723073393
4.293 -17 -1723073393
4.320 -13 -1723073393
4.347 -13 -1723073393
4.373 -9 -1723073393
4.400 -13 -1723073393
4.427 -20 -1723073393
4.453 -17 -1723073393
4.480 -24 -1723073393
4.507 -32 -1723073393
4.533 -35 -1723073393
4.560 -41 -1723073393
4.587 -35 -1723073393
4.613 -29 -1723073393
4.640 -28 -1723073393
4.667 -19 -1723073393
4.693 -14 -1723073393
4.720 -9 -1723073393
4.747 -2 -1723073393
4.773 -3 -1723073393
4.800 -1 -1723073393
4.827 0 -1723073393
4.853 -11 -1723073393
4.880 -13 -1723073393
4.907 -19 -1723073393
4.933 -25 -1723073393
4.960 -21 -1723073393
4.987 -25 -1723073393
5.013 -24 -1723073393
5.040 -17 -1723073393
5.067 -16 -1723073393
5.093 -11 -1723073393
5.120 -9 -1723073393
5.147 -16 -1723073393
5.173 -14 -1723073393
5.200 -10 -1723073393
5.227 -8 -1723073393
5.253 -8 -1723073393
5.280 -12 -1723073393
5.307 -12 -1723073393
5.333 -13 -1723073393
5.360 -16 -1723073393
5.387 -11 -1723073393
5.413 -7 -1723073393
5.440 -2 -1723073393
5.467 6 -1723073393
5.493 3 -1723073393
5.520 -1 -1723073393
5.547 1 -1723073393
5.573 0 -1723073393
5.600 -1 -1723073393
5.627 0 -1723073393
5.653 -5 -1723073393
5.680 -6 -1723073393
5.707 -9 -1723073393
5.733 -13 -1723073393
5.760 -14 -1723073393
5.787 -16 -1723073393
5.813 -13 -1723073393
5.840 -5 -1723073393
5.867 -7 -1723073393
5.893 -7 -1723073393
5.920 -3 -1723073393
5.947 -10 -1723073393
5.973 -13 -1723073393
6.000 -9 -1723073393
6.027 -6 -1723073393
6.053 1 -1723073393
6.080 -1 -1723073393
6.107 -5 -1723073393
6.133 -5 -1723073393
6.160 -8 -1723073393
6.187 -6 -1723073393
6.213 -6 -1723073393
6.240 -8 -1723073393
6.267 -3 -1723073393
6.293 -4 -1723073393
6.320 -2 -1723073393
6.347 5 -1723073393
6.373 4 -1723073393
6.400 2 -1723073393
6.427 0 -1723073393
6.453 -5 -1723073393
6.480 -3 -1723073393
6.507 0 -1723073393
6.533 -8 -1723073393
6.560 -14 -1723073393
6.587 -18 -1723073393
6.613 -17 -1723073393
6.640 -10 -1723073393
6.667 -10 -1723073393
6.693 -15 -1723073393
6.720 -19 -1723073393
6.747 -22 -1723073393
6.773 -15 -1723073393
6.800 -7 -1723073393
6.827 -8 -1723073393
6.853 -9 -1723073393
6.880 -12 -1723073393
6.907 -12 -1723073393
6.933 -11 -1723073393
6.960 -17 -1723073393
6.987 -20 -1723073393
7.013 -19 -1723073393
7.040 -24 -1723073393
7.067 -26 -1723073393
7.093 -28 -1723073393
7.120 -31 -1723073393
7.147 -26 -1723073393
7.173 -27 -1723073393
7.200 -31 -1723073393
7.227 -29 -1723073393
7.253 -33 -1723073393
7.280 -35 -1723073393
7.307 -29 -1723073393
7.333 -25 -1723073393
7.360 -16 -1723073393
7.387 -9 -1723073393
7.413 -6 -1723073393
7.440 -4 -1723073393
7.467 -14 -1723073393
7.493 -19 -1723073393
7.520 -15 -1723073393
7.547 -23 -1723073393
7.573 -27 -1723073393
7.600 -26 -1723073393
7.627 -30 -1723073393
7.653 -27 -1723073393
7.680 -29 -1723073393
7.707 -37 -1723073393
7.733 -38 -1723073393
7.760 -39 -1723073393
7.787 -39 -1723073393
7.813 -32 -1723073393
7.840 -30 -1723073393
7.867 -28 -1723073393
7.893 -25 -1723073393
7.920 -30 -1723073393
7.947 -28 -1723073393
7.973 -23 -1723073393
8.000 -20 -1723073393
8.027 -15 -1723073393
8.053 -19 -1723073393
8.080 -24 -1723073393
8.107 -22 -1723073393
8.133 -19 -1723073393
8.160 -13 -1723073393
8.187 -10 -1723073393
8.213 -9 -1723073393
8.240 -4 -1723073393
8.267 -5 -1723073393
8.293 -9 -1723073393
8.320 -8 -1723073393
8.347 -10 -1723073393
8.373 -9 -1723073393
8.400 -6 -1723073393
8.427 -3 -1723073393
8.453 8 -1723073393
8.480 20 -1723073393
8.507 25 -1723073393
8.533 25 -1723073393
8.560 21 -1723073393
8.587 15 -1723073393
8.613 16 -1723073393
8.640 11 -1723073393
8.667 5 -1723073393
8.693 5 -1723073393
8.720 -3 -1723073393
8.747 -7 -1723073393
8.773 -3 -1723073393
8.800 -6 -1723073393
8.827 -7 -1723073393
8.853 -5 -1723073393
8.880 -12 -1723073393
8.907 -14 -1723073393
8.933 -13 -1723073393
8.960 -18 -1723073393
8.987 -18 -1723073393
9.013 -20 -1723073393
9.040 -22 -1723073393
9.067 -21 -1723073393
9.093 -26 -1723073393
9.120 -25 -1723073393
9.147 -18 -1723073393
9.173 -15 -1723073393
9.200 -10 -1723073393
9.227 -10 -1723073393
9.253 -16 -1723073393
9.280 -19 -1723073393
9.307 -21 -1723073393
9.333 -22 -1723073393
9.360 -19 -1723073393
9.387 -17 -1723073393
9.413 -13 -1723073393
9.440 -15 -1723073393
9.467 -22 -1723073393
9.493 -24 -1723073393
9.520 -30 -1723073393
9.547 -34 -1723073393
9.573 -29 -1723073393
9.600 -29 -1723073393
9.627 -26 -1723073393
9.653 -21 -1723073393
9.680 -25 -1723073393
9.707 -29 -1723073393
9.733 -34 -1723073393
9.760 -41 -1723073393
9.787 -42 -1723073393
9.813 -43 -1723073393
9.840 -48 -1723073393
9.867 -48 -1723073393
9.893 -51 -1723073393
9.920 -53 -1723073393
9.947 -55 -1723073393
9.973 -59 -1723073393
10.000 -57 -1723073393
10.027 -53 -1723073393
10.053 -54 -1723073393
10.080 -43 -1723073393
10.107 -32 -1723073393
10.133 -24 -1723073393
10.160 -13 -1723073393
10.187 -5 -1723073393
10.213 6 -1723073393
10.240 28 -1723073393
10.267 47 -1723073393
10.293 71 -1723073393
10.320 95 -1723073393
10.347 109 -1723073393
10.373 125 -1723073393
10.400 139 -1723073393
10.427 149 -1723073393
10.453 162 -1723073393
10.480 171 -1723073393
10.507 175 -1723073393
10.533 182 -1723073393
10.560 177 -1723073393
10.587 165 -1723073393
10.613 154 -1723073393
10.640 132 -1723073393
10.667 112 -1723073393
10.693 98 -1723073393
10.720 80 -1723073393
10.747 64 -1723073393
10.773 48 -1723073393
10.800 28 -1723073393
10.827 12 -1723073393
10.853 -8 -1723073393
10.880 -21 -1723073393
10.907 -27 -1723073393
10.933 -37 -1723073393
10.960 -48 -1723073393
10.987 -57 -1723073393
11.013 -70 -1723073393
11.040 -79 -1723073393
11.067 -85 -1723073393
11.093 -88 -1723073393
11.120 -87 -1723073393
11.147 -91 -1723073393
11.173 -89 -1723073393
11.200 -83 -1723073393
11.227 -79 -1723073393
11.253 -73 -1723073393
11.280 -67 -1723073393
11.307 -72 -1723073393
11.333 -82 -1723073393
11.360 -93 -1723073393
11.387 -102 -1723073393
11.413 -102 -1723073393
11.440 -102 -1723073393
11.467 -99 -1723073393
11.493 -93 -1723073393
11.520 -94 -1723073393
11.547 -90 -1723073393
11.573 -83 -1723073393
11.600 -79 -1723073393
11.627 -62 -1723073393
11.653 -46 -1723073393
11.680 -46 -1723073393
11.707 -30 -1723073393
11.733 -15 -1723073393
11.760 -1 -1723073393
11.787 14 -1723073393
11.813 23 -1723073393
11.840 33 -1723073393
11.867 46 -1723073393
11.893 48 -1723073393
11.920 53 -1723073393
11.947 60 -1723073393
11.973 58 -1723073393
12.000 58 -1723073393
12.027 52 -1723073393
12.053 39 -1723073393
12.080 33 -1723073393
12.107 24 -1723073393
12.133 15 -1723073393
12.160 12 -1723073393
12.187 7 -1723073393
12.213 4 -1723073393
12.240 9 -1723073393
12.267 10 -1723073393
12.293 21 -1723073393
12.320 38 -1723073393
12.347 55 -1723073393
12.373 80 -1723073393
12.400 109 -1723073393
12.427 134 -1723073393
12.453 168 -1723073393
12.480 200 -1723073393
12.507 222 -1723073393
12.533 245 -1723073393
12.560 261 -1723073393
12.587 273 -1723073393
12.613 285 -1723073393
12.640 289 -1723073393
12.667 280 -1723073393
12.693 262 -1723073393
12.720 235 -1723073393
12.747 202 -1723073393
12.773 167 -1723073393
12.800 131 -1723073393
12.827 93 -1723073393
12.853 56 -1723073393
12.880 20 -1723073393
12.907 -12 -1723073393
12.933 -45 -1723073393
12.960 -75 -1723073393
12.987 -101 -1723073393
13.013 -126 -1723073393
13.040 -137 -1723073393
13.067 -139 -1723073393
13.093 -143 -1723073393
13.120 -140 -1723073393
13.147 -140 -1723073393
13.173 -143 -1723073393
13.200 -134 -1723073393
13.227 -130 -1723073393
13.253 -128 -1723073393
13.280 -116 -1723073393
13.307 -111 -1723073393
13.333 -108 -1723073393
13.360 -102 -1723073393
13.387 -106 -1723073393
13.413 -103 -1723073393
13.440 -99 -1723073393
13.467 -106 -1723073393
13.493 -108 -1723073393
13.520 -114 -1723073393
13.547 -124 -1723073393
13.573 -118 -1723073393
13.600 -113 -1723073393
13.627 -110 -1723073393
13.653 -93 -1723073393
13.680 -85 -1723073393
13.707 -74 -1723073393
13.733 -57 -1723073393
13.760 -45 -1723073393
13.787 -20 -1723073393
13.813 8 -1723073393
13.840 25 -1723073393
13.867 46 -1723073393
13.893 62 -1723073393
13.920 66 -1723073393
13.947 69 -1723073393
13.973 60 -1723073393
14.000 50 -1723073393
14.027 44 -1723073393
14.053 30 -1723073393
14.080 19 -1723073393
14.107 7 -1723073393
14.133 -16 -1723073393
14.160 -44 -1723073393
14.187 -74 -1723073393
14.213 -109 -1723073393
14.240 -137 -1723073393
14.267 -166 -1723073393
14.293 -202 -1723073393
14.320 -225 -1723073393
14.347 -252 -1723073393
14.373 -279 -1723073393
14.400 -287 -1723073393
14.427 -305 -1723073393
14.453 -325 -1723073393
14.480 -329 -1723073393
14.507 -352 -1723073393
14.533 -372 -1723073393
14.560 -376 -1723073393
14.587 -391 -1723073393
14.613 -393 -1723073393
14.640 -389 -1723073393
14.667 -404 -1723073393
14.693 -413 -1723073393
14.720 -426 -1723073393
14.747 -451 -1723073393
14.773 -456 -1723073393
14.800 -466 -1723073393
14.827 -480 -1723073393
14.853 -480 -1723073393
14.880 -490 -1723073393
14.907 -496 -1723073393
14.933 -480 -1723073393
14.960 -484 -1723073393
14.987 -487 -1723073393
15.013 -481 -1723073393
15.040 -495 -1723073393
15.067 -498 -1723073393
15.093 -492 -1723073393
15.120 -503 -1723073393
15.147 -497 -1723073393
15.173 -489 -1723073393
15.200 -496 -1723073393
15.227 -483 -1723073393
15.253 -478 -1723073393
15.280 -483 -1723073393
15.307 -471 -1723073393
15.333 -478 -1723073393
15.360 -487 -1723073393
15.387 -482 -1723073393
15.413 -500 -1723073393
15.440 -516 -1723073393
15.467 -523 -1723073393
15.493 -552 -1723073393
15.520 -569 -1723073393
15.547 -581 -1723073393
15.573 -614 -1723073393
15.600 -631 -1723073393
15.627 -659 -1723073393
15.653 -703 -1723073393
15.680 -720 -1723073393
15.707 -757 -1723073393
15.733 -808 -1723073393
15.760 -837 -1723073393
15.787 -893 -1723073393
15.813 -942 -1723073393
15.840 -963 -1723073393
15.867 -1007 -1723073393
15.893 -1039 -1723073393
15.920 -1058 -1723073393
15.947 -1112 -1723073393
15.973 -1138 -1723073393
16.000 -1150 -1723073393
16.027 -1187 -1723073393
16.053 -1175 -1723073393
16.080 -1151 -1723073393
16.107 -1135 -1723073393
16.133 -1049 -1723073393
16.160 -952 -1723073393
16.187 -833 -1723073393
16.213 -631 -1723073393
16.240 -408 -1723073393
16.267 -135 -1723073393
16.293 232 -1723073393
16.320 638 -1723073393
16.347 1107 -1723073393
16.373 1664 -1723073393
16.400 2260 -1723073393
16.427 2908 -1723073393
16.453 3608 -1723073393
16.480 4314 -1723073393
16.507 4984 -1723073393
16.533 5641 -1723073393
16.560 6287 -1723073393
16.587 6755 -1723073393
16.613 7163 -1723073393
16.640 7492 -1723073393
16.667 7523 -1723073393
16.693 7514 -1723073393
16.720 7372 -1723073393
16.747 6903 -1723073393
16.773 6475 -1723073393
16.800 5905 -1723073393
16.827 5062 -1723073393
16.853 4330 -1723073393
16.880 3500 -1723073393
16.907 2543 -1723073393
16.933 1742 -1723073393
16.960 881 -1723073393
16.987 3 -1723073393
17.013 -712 -1723073393
17.040 -1408 -1723073393
17.067 -2044 -1723073393
17.093 -2577 -1723073393
17.120 -3010 -1723073393
17.147 -3373 -1723073393
17.173 -3666 -1723073393
17.200 -3817 -1723073393
17.227 -3966 -1723073393
17.253 -4066 -1723073393
17.280 -4025 -1723073393
17.307 -4052 -1723073393
17.333 -4039 -1723073393
17.360 -3919 -1723073393
17.387 -3910 -1723073393
17.413 -3851 -1723073393
17.440 -3740 -1723073393
17.467 -3747 -1723073393
17.493 -3680 -1723073393
17.520 -3594 -1723073393
17.547 -3619 -1723073393
17.573 -3565 -1723073393
17.600 -3529 -1723073393
17.627 -3575 -1723073393
17.653 -3512 -1723073393
17.680 -3487 -1723073393
17.707 -3508 -1723073393
17.733 -3409 -1723073393
17.760 -3354 -1723073393
17.787 -3303 -1723073393
17.813 -3129 -1723073393
17.840 -3016 -1723073393
17.867 -2878 -1723073393
17.893 -2633 -1723073393
17.920 -2461 -1723073393
17.947 -2245 -1723073393
17.973 -1954 -1723073393
18.000 -1740 -1723073393
18.027 -1470 -1723073393
18.053 -1159 -1723073393
18.080 -919 -1723073393
18.107 -629 -1723073393
18.133 -329 -1723073393
18.160 -72 -1723073393
18.187 220 -1723073393
18.213 508 -1723073393
18.240 785 -1723073393
18.267 1105 -1723073393
18.293 1465 -1723073393
18.320 1871 -1723073393
18.347 2338 -1723073393
18.373 2909 -1723073393
18.400 3567 -1723073393
18.427 4319 -1723073393
18.453 5231 -1723073393
18.480 6213 -1723073393
18.507 7280 -1723073393
18.533 8508 -1723073393
18.560 9749 -1723073393
18.587 10995 -1723073393
18.613 12348 -1723073393
18.640 13521 -1723073393
18.667 14572 -1723073393
18.693 15713 -1723073393
18.720 16410 -1723073393
18.747 16909 -1723073393
18.773 17430 -1723073393
18.800 17310 -1723073393
18.827 17048 -1723073393
18.853 16780 -1723073393
18.880 15796 -1723073393
18.907 14822 -1723073393
18.933 13845 -1723073393
18.960 12240 -1723073393
18.987 10809 -1723073393
19.013 9413 -1723073393
19.040 7610 -1723073393
19.067 6104 -1723073393
19.093 4623 -1723073393
19.120 2951 -1723073393
19.147 1613 -1723073393
19.173 338 -1723073393
19.200 -928 -1723073393
19.227 -1979 -1723073393
19.253 -2928 -1723073393
19.280 -3764 -1723073393
19.307 -4484 -1723073393
19.333 -5038 -1723073393
19.360 -5497 -1723073393
19.387 -5937 -1723073393
19.413 -6166 -1723073393
19.440 -6348 -1723073393
19.467 -6571 -1723073393
19.493 -6582 -1723073393
19.520 -6613 -1723073393
19.547 -6688 -1723073393
19.573 -6557 -1723073393
19.600 -6511 -1723073393
19.627 -6497 -1723073393
19.653 -6293 -1723073393
19.680 -6228 -1723073393
19.707 -6166 -1723073393
19.733 -5944 -1723073393
19.760 -5871 -1723073393
19.787 -5764 -1723073393
19.813 -5535 -1723073393
19.840 -5455 -1723073393
19.867 -5306 -1723073393
19.893 -5070 -1723073393
19.920 -4981 -1723073393
19.947 -4803 -1723073393
19.973 -4582 -1723073393
20.000 -4491 -1723073393
20.027 -4290 -1723073393
20.053 -4078 -1723073393
20.080 -3991 -1723073393
20.107 -3804 -1723073393
20.133 -3650 -1723073393
20.160 -3594 -1723073393
20.187 -3444 -1723073393
20.213 -3355 -1723073393
20.240 -3340 -1723073393
20.267 -3249 -1723073393
20.293 -3237 -1723073393
20.320 -3276 -1723073393
20.347 -3246 -1723073393
20.373 -3307 -1723073393
20.400 -3402 -1723073393
20.427 -3447 -1723073393
20.453 -3594 -1723073393
20.480 -3746 -1723073393
20.507 -3855 -1723073393
20.533 -4073 -1723073393
20.560 -4285 -1723073393
20.587 -4460 -1723073393
20.613 -4741 -1723073393
20.640 -4971 -1723073393
20.667 -5171 -1723073393
20.693 -5484 -1723073393
20.720 -5705 -1723073393
20.747 -5898 -1723073393
20.773 -6189 -1723073393
20.800 -6332 -1723073393
20.827 -6448 -1723073393
20.853 -6636 -1723073393
20.880 -6626 -1723073393
20.907 -6609 -1723073393
20.933 -6633 -1723073393
20.960 -6423 -1723073393
20.987 -6236 -1723073393
21.013 -6075 -1723073393
21.040 -5684 -1723073393
21.067 -5355 -1723073393
21.093 -5026 -1723073393
21.120 -4493 -1723073393
21.147 -4064 -1723073393
21.173 -3633 -1723073393
21.200 -3071 -1723073393
21.227 -2616 -1723073393
21.253 -2163 -1723073393
21.280 -1655 -1723073393
21.307 -1253 -1723073393
21.333 -861 -1723073393
21.360 -447 -1723073393
21.387 -116 -1723073393
21.413 184 -1723073393
21.440 472 -1723073393
21.467 702 -1723073393
21.493 894 -1723073393
21.520 1061 -1723073393
21.547 1194 -1723073393
21.573 1291 -1723073393
21.600 1374 -1723073393
21.627 1453 -1723073393
21.653 1500 -1723073393
21.680 1544 -1723073393
21.707 1597 -1723073393
21.733 1620 -1723073393
21.760 1651 -1723073393
21.787 1691 -1723073393
21.813 1698 -1723073393
21.840 1720 -1723073393
21.867 1748 -1723073393
21.893 1743 -1723073393
21.920 1753 -1723073393
21.947 1754 -1723073393
21.973 1715 -1723073393
22.000 1698 -1723073393
22.027 1675 -1723073393
22.053 1612 -1723073393
22.080 1569 -1723073393
22.107 1506 -1723073393
22.133 1408 -1723073393
22.160 1333 -1723073393
22.187 1237 -1723073393
22.213 1121 -1723073393
22.240 1031 -1723073393
22.267 936 -1723073393
22.293 846 -1723073393
22.320 796 -1723073393
22.347 760 -1723073393
22.373 745 -1723073393
22.400 765 -1723073393
22.427 803 -1723073393
22.453 870 -1723073393
22.480 962 -1723073393
22.507 1068 -1723073393
22.533 1197 -1723073393
22.560 1344 -1723073393
22.587 1486 -1723073393
22.613 1636 -1723073393
22.640 1789 -1723073393
22.667 1915 -1723073393
22.693 2048 -1723073393
22.720 2180 -1723073393
22.747 2262 -1723073393
22.773 2351 -1723073393
22.800 2432 -1723073393
22.827 2453 -1723073393
22.853 2493 -1723073393
22.880 2528 -1723073393
22.907 2509 -1723073393
22.933 2521 -1723073393
22.960 2531 -1723073393
22.987 2495 -1723073393
23.013 2507 -1723073393
23.040 2518 -1723073393
23.067 2489 -1723073393
23.093 2500 -1723073393
23.120 2496 -1723073393
23.147 2450 -1723073393
23.173 2444 -1723073393
23.200 2415 -1723073393
23.227 2338 -1723073393
23.253 2301 -1723073393
23.280 2239 -1723073393
23.307 2143 -1723073393
23.333 2085 -1723073393
23.360 1993 -1723073393
23.387 1873 -1723073393
23.413 1789 -1723073393
23.440 1665 -1723073393
23.467 1519 -1723073393
23.493 1404 -1723073393
23.520 1265 -1723073393
23.547 1127 -1723073393
23.573 1016 -1723073393
23.600 889 -1723073393
23.627 769 -1723073393
23.653 675 -1723073393
23.680 575 -1723073393
23.707 481 -1723073393
23.733 403 -1723073393
23.760 330 -1723073393
23.787 268 -1723073393
23.813 215 -1723073393
23.840 175 -1723073393
23.867 151 -1723073393
23.893 140 -1723073393
23.920 140 -1723073393
23.947 141 -1723073393
23.973 141 -1723073393
24.000 150 -1723073393
24.027 160 -1723073393
24.053 169 -1723073393
24.080 186 -1723073393
24.107 206 -1723073393
24.133 229 -1723073393
24.160 268 -1723073393
24.187 310 -1723073393
24.213 350 -1723073393
24.240 399 -1723073393
24.267 454 -1723073393
24.293 502 -1723073393
24.320 548 -1723073393
24.347 590 -1723073393
24.373 623 -1723073393
24.400 645 -1723073393
24.427 665 -1723073393
24.453 675 -1723073393
24.480 677 -1723073393
24.507 678 -1723073393
24.533 671 -1723073393
24.560 653 -1723073393
24.587 645 -1723073393
24.613 639 -1723073393
24.640 630 -1723073393
24.667 626 -1723073393
24.693 620 -1723073393
24.720 611 -1723073393
24.747 607 -1723073393
24.773 594 -1723073393
24.800 571 -1723073393
24.827 546 -1723073393
24.853 511 -1723073393
24.880 470 -1723073393
24.907 427 -1723073393
24.933 372 -1723073393
24.960 308 -1723073393
24.987 242 -1723073393
25.013 172 -1723073393
25.040 95 -1723073393
25.067 22 -1723073393
25.093 -46 -1723073393
25.120 -111 -1723073393
25.147 -169 -1723073393
25.173 -216 -1723073393
25.200 -257 -1723073393
25.227 -295 -1723073393
25.253 -312 -1723073393
25.280 -322 -1723073393
25.307 -327 -1723073393
25.333 -307 -1723073393
25.360 -290 -1723073393
25.387 -283 -1723073393
25.413 -257 -1723073393
25.440 -231 -1723073393
25.467 -212 -1723073393
25.493 -188 -1723073393
25.520 -175 -1723073393
25.547 -175 -1723073393
25.573 -169 -1723073393
25.600 -172 -1723073393
25.627 -181 -1723073393
25.653 -181 -1723073393
25.680 -187 -1723073393
25.707 -197 -1723073393
25.733 -204 -1723073393
25.760 -221 -1723073393
25.787 -244 -1723073393
25.813 -251 -1723073393
25.840 -261 -1723073393
25.867 -268 -1723073393
25.893 -257 -1723073393
25.920 -249 -1723073393
25.947 -232 -1723073393
25.973 -190 -1723073393
26.000 -151 -1723073393
26.027 -105 -1723073393
26.053 -33 -1723073393
26.080 27 -1723073393
26.107 88 -1723073393
26.133 158 -1723073393
26.160 220 -1723073393
26.187 271 -1723073393
26.213 317 -1723073393
26.240 351 -1723073393
26.267 372 -1723073393
26.293 388 -1723073393
26.320 399 -1723073393
26.347 393 -1723073393
26.373 374 -1723073393
26.400 353 -1723073393
26.427 321 -1723073393
26.453 279 -1723073393
26.480 238 -1723073393
26.507 190 -1723073393
26.533 139 -1723073393
26.560 89 -1723073393
26.587 42 -1723073393
26.613 0 -1723073393
26.640 -39 -1723073393
26.667 -71 -1723073393
26.693 -90 -1723073393
26.720 -111 -1723073393
26.747 -123 -1723073393
26.773 -125 -1723073393
26.800 -136 -1723073393
26.827 -140 -1723073393
26.853 -136 -1723073393
26.880 -147 -1723073393
26.907 -154 -1723073393
26.933 -156 -1723073393
26.960 -171 -1723073393
26.987 -178 -1723073393
27.013 -183 -1723073393
27.040 -203 -1723073393
27.067 -218 -1723073393
27.093 -224 -1723073393
27.120 -237 -1723073393
27.147 -235 -1723073393
27.173 -221 -1723073393
27.200 -216 -1723073393
27.227 -197 -1723073393
27.253 -171 -1723073393
27.280 -155 -1723073393
27.307 -125 -1723073393
27.333 -91 -1723073393
27.360 -71 -1723073393
27.387 -44 -1723073393
27.413 -21 -1723073393
27.440 -11 -1723073393
27.467 1 -1723073393
27.493 8 -1723073393
27.520 3 -1723073393
27.547 7 -1723073393
27.573 8 -1723073393
27.600 -4 -1723073393
27.627 -14 -1723073393
27.653 -22 -1723073393
27.680 -41 -1723073393
27.707 -57 -1723073393
27.733 -70 -1723073393
27.760 -85 -1723073393
27.787 -90 -1723073393
27.813 -98 -1723073393
27.840 -108 -1723073393
27.867 -102 -1723073393
27.893 -101 -1723073393
27.920 -101 -1723073393
27.947 -85 -1723073393
27.973 -66 -1723073393
28.000 -44 -1723073393
28.027 -8 -1723073393
28.053 22 -1723073393
28.080 50 -1723073393
28.107 93 -1723073393
28.133 131 -1723073393
28.160 161 -1723073393
28.187 196 -1723073393
28.213 225 -1723073393
28.240 247 -1723073393
28.267 270 -1723073393
28.293 286 -1723073393
28.320 288 -1723073393
28.347 281 -1723073393
28.373 272 -1723073393
28.400 258 -1723073393
28.427 239 -1723073393
28.453 218 -1723073393
28.480 197 -1723073393
28.507 178 -1723073393
28.533 158 -1723073393
28.560 129 -1723073393
28.587 102 -1723073393
28.613 78 -1723073393
28.640 50 -1723073393
28.667 28 -1723073393
28.693 8 -1723073393
28.720 -10 -1723073393
28.747 -16 -1723073393
28.773 -20 -1723073393
28.800 -19 -1723073393
28.827 -4 -1723073393
28.853 9 -1723073393
28.880 20 -1723073393
28.907 42 -1723073393
28.933 66 -1723073393
28.960 91 -1723073393
28.987 127 -1723073393
29.013 154 -1723073393
29.040 172 -1723073393
29.067 193 -1723073393
29.093 205 -1723073393
29.120 204 -1723073393
29.147 200 -1723073393
29.173 187 -1723073393
29.200 160 -1723073393
29.227 130 -1723073393
29.253 94 -1723073393
29.280 50 -1723073393
29.307 8 -1723073393
29.333 -29 -1723073393
29.360 -66 -1723073393
29.387 -96 -1723073393
29.413 -127 -1723073393
29.440 -156 -1723073393
29.467 -175 -1723073393
29.493 -194 -1723073393
29.520 -207 -1723073393
29.547 -202 -1723073393
29.573 -196 -1723073393
29.600 -181 -1723073393
29.627 -143 -1723073393
29.653 -110 -1723073393
29.680 -79 -1723073393
29.707 -33 -1723073393
29.733 0 -1723073393
29.760 25 -1723073393
29.787 63 -1723073393
29.813 92 -1723073393
29.840 117 -1723073393
29.867 146 -1723073393
29.893 169 -1723073393
29.920 185 -1723073393
29.947 203 -1723073393
29.973 217 -1723073393
30.000 222 -1723073393
30.027 228 -1723073393
30.053 233 -1723073393
30.080 235 -1723073393
30.107 244 -1723073393
30.133 254 -1723073393
30.160 258 -1723073393
30.187 265 -1723073393
30.213 269 -1723073393
30.240 266 -1723073393
30.267 263 -1723073393
30.293 262 -1723073393
30.320 255 -1723073393
30.347 248 -1723073393
30.373 241 -1723073393
30.400 229 -1723073393
30.427 217 -1723073393
30.453 200 -1723073393
30.480 180 -1723073393
30.507 165 -1723073393
30.533 147 -1723073393
30.560 123 -1723073393
30.587 105 -1723073393
30.613 82 -1723073393
30.640 51 -1723073393
30.667 27 -1723073393
30.693 2 -1723073393
30.720 -28 -1723073393
30.747 -46 -1723073393
30.773 -63 -1723073393
30.800 -78 -1723073393
30.827 -81 -1723073393
30.853 -85 -1723073393
30.880 -90 -1723073393
30.907 -80 -1723073393
30.933 -75 -1723073393
30.960 -75 -1723073393
30.987 -63 -1723073393
31.013 -55 -1723073393
31.040 -49 -1723073393
31.067 -31 -1723073393
31.093 -21 -1723073393
31.120 -18 -1723073393
31.147 -2 -1723073393
31.173 7 -1723073393
31.200 8 -1723073393
31.227 20 -1723073393
31.253 31 -1723073393
31.280 30 -1723073393
31.307 29 -1723073393
31.333 23 -1723073393
31.360 11 -1723073393
31.387 6 -1723073393
31.413 1 -1723073393
31.440 -12 -1723073393
31.467 -18 -1723073393
31.493 -22 -1723073393
31.520 -27 -1723073393
31.547 -16 -1723073393
31.573 -1 -1723073393
31.600 8 -1723073393
31.627 31 -1723073393
31.653 60 -1723073393
31.680 87 -1723073393
31.707 127 -1723073393
31.733 167 -1723073393
31.760 202 -1723073393
31.787 243 -1723073393
31.813 277 -1723073393
31.840 298 -1723073393
31.867 311 -1723073393
31.893 318 -1723073393
31.920 319 -1723073393
31.947 312 -1723073393
31.973 297 -1723073393
32.000 278 -1723073393
32.027 253 -1723073393
32.053 220 -1723073393
32.080 182 -1723073393
32.107 139 -1723073393
32.133 99 -1723073393
32.160 64 -1723073393
32.187 33 -1723073393
32.213 15 -1723073393
32.240 2 -1723073393
32.267 -6 -1723073393
32.293 -9 -1723073393
32.320 -18 -1723073393
32.347 -20 -1723073393
32.373 -15 -1723073393
32.400 -15 -1723073393
32.427 -12 -1723073393
32.453 0 -1723073393
32.480 8 -1723073393
32.507 16 -1723073393
32.533 27 -1723073393
32.560 28 -1723073393
32.587 26 -1723073393
32.613 33 -1723073393
32.640 31 -1723073393
32.667 27 -1723073393
32.693 29 -1723073393
32.720 24 -1723073393
32.747 19 -1723073393
32.773 24 -1723073393
32.800 22 -1723073393
32.827 16 -1723073393
32.853 18 -1723073393
32.880 16 -1723073393
32.907 12 -1723073393
32.933 22 -1723073393
32.960 26 -1723073393
32.987 19 -1723073393
33.013 18 -1723073393
33.040 10 -1723073393
33.067 -7 -1723073393
33.093 -21 -1723073393
33.120 -39 -1723073393
33.147 -58 -1723073393
33.173 -66 -1723073393
33.200 -71 -1723073393
33.227 -78 -1723073393
33.253 -69 -1723073393
33.280 -54 -1723073393
33.307 -41 -1723073393
33.333 -16 -1723073393
33.360 14 -1723073393
33.387 42 -1723073393
33.413 80 -1723073393
33.440 124 -1723073393
33.467 164 -1723073393
33.493 204 -1723073393
33.520 239 -1723073393
33.547 259 -1723073393
33.573 277 -1723073393
33.600 292 -1723073393
33.627 300 -1723073393
33.653 305 -1723073393
33.680 311 -1723073393
33.707 310 -1723073393
33.733 308 -1723073393
33.760 311 -1723073393
33.787 313 -1723073393
33.813 313 -1723073393
33.840 321 -1723073393
33.867 331 -1723073393
33.893 345 -1723073393
33.920 361 -1723073393
33.947 367 -1723073393
33.973 368 -1723073393
34.000 367 -1723073393
34.027 362 -1723073393
34.053 353 -1723073393
34.080 337 -1723073393
34.107 314 -1723073393
34.133 286 -1723073393
34.160 253 -1723073393
34.187 216 -1723073393
34.213 176 -1723073393
34.240 140 -1723073393
34.267 105 -1723073393
34.293 71 -1723073393
34.320 53 -1723073393
34.347 45 -1723073393
34.373 45 -1723073393
34.400 54 -1723073393
34.427 66 -1723073393
34.453 77 -1723073393
34.480 97 -1723073393
34.507 121 -1723073393
34.533 144 -1723073393
34.560 173 -1723073393
34.587 202 -1723073393
34.613 227 -1723073393
34.640 249 -1723073393
34.667 267 -1723073393
34.693 272 -1723073393
34.720 264 -1723073393
34.747 251 -1723073393
34.773 224 -1723073393
34.800 185 -1723073393
34.827 140 -1723073393
34.853 91 -1723073393
34.880 41 -1723073393
34.907 -7 -1723073393
34.933 -61 -1723073393
34.960 -113 -1723073393
34.987 -148 -1723073393
35.013 -173 -1723073393
35.040 -184 -1723073393
35.067 -171 -1723073393
35.093 -152 -1723073393
35.120 -120 -1723073393
35.147 -61 -1723073393
35.173 -1 -1723073393
35.200 51 -1723073393
35.227 114 -1723073393
35.253 177 -1723073393
35.280 234 -1723073393
35.307 298 -1723073393
35.333 357 -1723073393
35.360 409 -1723073393
35.387 456 -1723073393
35.413 491 -1723073393
35.440 508 -1723073393
35.467 517 -1723073393
35.493 523 -1723073393
35.520 525 -1723073393
35.547 517 -1723073393
35.573 505 -1723073393
35.600 488 -1723073393
35.627 453 -1723073393
35.653 413 -1723073393
35.680 376 -1723073393
35.707 328 -1723073393
35.733 278 -1723073393
35.760 230 -1723073393
35.787 181 -1723073393
35.813 138 -1723073393
35.840 99 -1723073393
35.867 64 -1723073393
35.893 39 -1723073393
35.920 16 -1723073393
35.947 -2 -1723073393
35.973 -5 -1723073393
36.000 -3 -1723073393
36.027 0 -1723073393
36.053 16 -1723073393
36.080 33 -1723073393
36.107 44 -1723073393
36.133 58 -1723073393
36.160 73 -1723073393
36.187 82 -1723073393
36.213 100 -1723073393
36.240 124 -1723073393
36.267 142 -1723073393
36.293 162 -1723073393
36.320 177 -1723073393
36.347 184 -1723073393
36.373 194 -1723073393
36.400 203 -1723073393
36.427 205 -1723073393
36.453 211 -1723073393
36.480 218 -1723073393
36.507 220 -1723073393
36.533 223 -1723073393
36.560 228 -1723073393
36.587 222 -1723073393
36.613 203 -1723073393
36.640 180 -1723073393
36.667 153 -1723073393
36.693 121 -1723073393
36.720 95 -1723073393
36.747 72 -1723073393
36.773 54 -1723073393
36.800 47 -1723073393
36.827 41 -1723073393
36.853 40 -1723073393
36.880 50 -1723073393
36.907 64 -1723073393
36.933 83 -1723073393
36.960 116 -1723073393
36.987 150 -1723073393
37.013 180 -1723073393
37.040 221 -1723073393
37.067 268 -1723073393
37.093 309 -1723073393
37.120 350 -1723073393
37.147 389 -1723073393
37.173 419 -1723073393
37.200 439 -1723073393
37.227 452 -1723073393
37.253 459 -1723073393
37.280 459 -1723073393
37.307 451 -1723073393
37.333 442 -1723073393
37.360 427 -1723073393
37.387 407 -1723073393
37.413 387 -1723073393
37.440 364 -1723073393
37.467 341 -1723073393
37.493 325 -1723073393
37.520 310 -1723073393
37.547 293 -1723073393
37.573 280 -1723073393
37.600 267 -1723073393
37.627 249 -1723073393
37.653 231 -1723073393
37.680 216 -1723073393
37.707 201 -1723073393
37.733 187 -1723073393
37.760 172 -1723073393
37.787 156 -1723073393
37.813 141 -1723073393
37.840 124 -1723073393
37.867 113 -1723073393
37.893 111 -1723073393
37.920 114 -1723073393
37.947 125 -1723073393
37.973 140 -1723073393
38.000 154 -1723073393
38.027 173 -1723073393
38.053 195 -1723073393
38.080 216 -1723073393
38.107 241 -1723073393
38.133 265 -1723073393
38.160 283 -1723073393
38.187 300 -1723073393
38.213 317 -1723073393
38.240 327 -1723073393
38.267 329 -1723073393
38.293 318 -1723073393
38.320 296 -1723073393
38.347 268 -1723073393
38.373 228 -1723073393
38.400 178 -1723073393
38.427 126 -1723073393
38.453 69 -1723073393
38.480 12 -1723073393
38.507 -46 -1723073393
38.533 -98 -1723073393
38.560 -142 -1723073393
38.587 -179 -1723073393
38.613 -197 -1723073393
38.640 -197 -1723073393
38.667 -185 -1723073393
38.693 -158 -1723073393
38.720 -109 -1723073393
38.747 -61 -1723073393
38.773 -13 -1723073393
38.800 44 -1723073393
38.827 98 -1723073393
38.853 147 -1723073393
38.880 198 -1723073393
38.907 247 -1723073393
38.933 290 -1723073393
38.960 323 -1723073393
38.987 339 -1723073393
39.013 345 -1723073393
39.040 343 -1723073393
39.067 333 -1723073393
39.093 317 -1723073393
39.120 295 -1723073393
39.147 270 -1723073393
39.173 249 -1723073393
39.200 228 -1723073393
39.227 207 -1723073393
39.253 191 -1723073393
39.280 181 -1723073393
39.307 175 -1723073393
39.333 173 -1723073393
39.360 174 -1723073393
39.387 174 -1723073393
39.413 176 -1723073393
39.440 175 -1723073393
39.467 174 -1723073393
39.493 173 -1723073393
39.520 171 -1723073393
39.547 172 -1723073393
39.573 173 -1723073393
39.600 172 -1723073393
39.627 173 -1723073393
39.653 171 -1723073393
39.680 169 -1723073393
39.707 170 -1723073393
39.733 171 -1723073393
39.760 167 -1723073393
39.787 162 -1723073393
39.813 155 -1723073393
39.840 142 -1723073393
39.867 129 -1723073393
39.893 116 -1723073393
39.920 101 -1723073393
39.947 86 -1723073393
39.973 75 -1723073393
40.000 63 -1723073393
40.027 50 -1723073393
40.053 37 -1723073393
40.080 27 -1723073393
40.107 19 -1723073393
40.133 15 -1723073393
40.160 13 -1723073393
40.187 10 -1723073393
40.213 7 -1723073393
40.240 9 -1723073393
40.267 6 -1723073393
40.293 4 -1723073393
40.320 15 -1723073393
40.347 27 -1723073393
40.373 39 -1723073393
40.400 53 -1723073393
40.427 67 -1723073393
40.453 83 -1723073393
40.480 103 -1723073393
40.507 123 -1723073393
40.533 142 -1723073393
40.560 162 -1723073393
40.587 185 -1723073393
40.613 206 -1723073393
40.640 228 -1723073393
40.667 249 -1723073393
40.693 264 -1723073393
40.720 276 -1723073393
40.747 287 -1723073393
40.773 292 -1723073393
40.800 292 -1723073393
40.827 291 -1723073393
40.853 289 -1723073393
40.880 286 -1723073393
40.907 284 -1723073393
40.933 284 -1723073393
40.960 284 -1723073393
40.987 282 -1723073393
41.013 275 -1723073393
41.040 266 -1723073393
41.067 253 -1723073393
41.093 236 -1723073393
41.120 217 -1723073393
41.147 197 -1723073393
41.173 181 -1723073393
41.200 164 -1723073393
41.227 147 -1723073393
41.253 129 -1723073393
41.280 115 -1723073393
41.307 102 -1723073393
41.333 86 -1723073393
41.360 71 -1723073393
41.387 57 -1723073393
41.413 45 -1723073393
41.440 31 -1723073393
41.467 17 -1723073393
41.493 4 -1723073393
41.520 -2 -1723073393
41.547 -5 -1723073393
41.573 -5 -1723073393
41.600 0 -1723073393
41.627 6 -1723073393
41.653 13 -1723073393
41.680 19 -1723073393
41.707 24 -1723073393
41.733 30 -1723073393
41.760 39 -1723073393
41.787 50 -1723073393
41.813 57 -1723073393
41.840 58 -1723073393
41.867 53 -1723073393
41.893 47 -1723073393
41.920 36 -1723073393
41.947 24 -1723073393
41.973 11 -1723073393
42.000 -7 -1723073393
42.027 -30 -1723073393
42.053 -52 -1723073393
42.080 -71 -1723073393
42.107 -87 -1723073393
42.133 -98 -1723073393
42.160 -99 -1723073393
42.187 -90 -1723073393
42.213 -72 -1723073393
42.240 -49 -1723073393
42.267 -19 -1723073393
42.293 15 -1723073393
42.320 53 -1723073393
42.347 90 -1723073393
42.373 124 -1723073393
42.400 154 -1723073393
42.427 177 -1723073393
42.453 192 -1723073393
42.480 201 -1723073393
42.507 203 -1723073393
42.533 198 -1723073393
42.560 190 -1723073393
42.587 182 -1723073393
42.613 171 -1723073393
42.640 154 -1723073393
42.667 135 -1723073393
42.693 111 -1723073393
42.720 86 -1723073393
42.747 66 -1723073393
42.773 55 -1723073393
42.800 46 -1723073393
42.827 37 -1723073393
42.853 28 -1723073393
42.880 19 -1723073393
42.907 13 -1723073393
42.933 11 -1723073393
42.960 12 -1723073393
42.987 16 -1723073393
43.013 25 -1723073393
43.040 36 -1723073393
43.067 43 -1723073393
43.093 49 -1723073393
43.120 56 -1723073393
43.147 58 -1723073393
43.173 55 -1723073393
43.200 52 -1723073393
43.227 53 -1723073393
43.253 51 -1723073393
43.280 47 -1723073393
43.307 42 -1723073393
43.333 37 -1723073393
43.360 34 -1723073393
43.387 31 -1723073393
43.413 24 -1723073393
43.440 15 -1723073393
43.467 13 -1723073393
43.493 12 -1723073393
43.520 7 -1723073393
43.547 1 -1723073393
43.573 -10 -1723073393
43.600 -25 -1723073393
43.627 -39 -1723073393
43.653 -55 -1723073393
43.680 -72 -1723073393
43.707 -89 -1723073393
43.733 -106 -1723073393
43.760 -123 -1723073393
43.787 -135 -1723073393
43.813 -138 -1723073393
43.840 -136 -1723073393
43.867 -136 -1723073393
43.893 -131 -1723073393
43.920 -117 -1723073393
43.947 -102 -1723073393
43.973 -87 -1723073393
44.000 -72 -1723073393
44.027 -58 -1723073393
44.053 -44 -1723073393
44.080 -35 -1723073393
44.107 -27 -1723073393
44.133 -25 -1723073393
44.160 -28 -1723073393
44.187 -32 -1723073393
44.213 -35 -1723073393
44.240 -42 -1723073393
44.267 -49 -1723073393
44.293 -48 -1723073393
44.320 -43 -1723073393
44.347 -34 -1723073393
44.373 -19 -1723073393
44.400 -4 -1723073393
44.427 16 -1723073393
44.453 44 -1723073393
44.480 75 -1723073393
44.507 111 -1723073393
44.533 146 -1723073393
44.560 178 -1723073393
44.587 204 -1723073393
44.613 225 -1723073393
44.640 245 -1723073393
44.667 256 -1723073393
44.693 254 -1723073393
44.720 251 -1723073393
44.747 245 -1723073393
44.773 231 -1723073393
44.800 212 -1723073393
44.827 188 -1723073393
44.853 163 -1723073393
44.880 142 -1723073393
44.907 124 -1723073393
44.933 100 -1723073393
44.960 75 -1723073393
44.987 51 -1723073393
45.013 33 -1723073393
45.040 19 -1723073393
45.067 7 -1723073393
45.093 -2 -1723073393
45.120 -4 -1723073393
45.147 2 -1723073393
45.173 10 -1723073393
45.200 16 -1723073393
45.227 22 -1723073393
45.253 28 -1723073393
45.280 35 -1723073393
45.307 41 -1723073393
45.333 47 -1723073393
45.360 49 -1723073393
45.387 45 -1723073393
45.413 37 -1723073393
45.440 25 -1723073393
45.467 11 -1723073393
45.493 -2 -1723073393
45.520 -9 -1723073393
45.547 -14 -1723073393
45.573 -20 -1723073393
45.600 -23 -1723073393
45.627 -27 -1723073393
45.653 -27 -1723073393
45.680 -17 -1723073393
45.707 -4 -1723073393
45.733 7 -1723073393
45.760 25 -1723073393
45.787 40 -1723073393
45.813 51 -1723073393
45.840 66 -1723073393
45.867 81 -1723073393
45.893 96 -1723073393
45.920 110 -1723073393
45.947 117 -1723073393
45.973 118 -1723073393
46.000 117 -1723073393
46.027 117 -1723073393
46.053 113 -1723073393
46.080 109 -1723073393
46.107 107 -1723073393
46.133 106 -1723073393
46.160 106 -1723073393
46.187 110 -1723073393
46.213 114 -1723073393
46.240 120 -1723073393
46.267 130 -1723073393
46.293 141 -1723073393
46.320 154 -1723073393
46.347 171 -1723073393
46.373 190 -1723073393
46.400 204 -1723073393
46.427 219 -1723073393
46.453 233 -1723073393
46.480 237 -1723073393
46.507 239 -1723073393
46.533 245 -1723073393
46.560 250 -1723073393
46.587 248 -1723073393
46.613 246 -1723073393
46.640 245 -1723073393
46.667 239 -1723073393
46.693 235 -1723073393
46.720 231 -1723073393
46.747 218 -1723073393
46.773 200 -1723073393
46.800 181 -1723073393
46.827 158 -1723073393
46.853 128 -1723073393
46.880 104 -1723073393
46.907 86 -1723073393
46.933 67 -1723073393
46.960 46 -1723073393
46.987 24 -1723073393
47.013 4 -1723073393
47.040 -11 -1723073393
47.067 -18 -1723073393
47.093 -22 -1723073393
47.120 -24 -1723073393
47.147 -19 -1723073393
47.173 -8 -1723073393
47.200 9 -1723073393
47.227 33 -1723073393
47.253 61 -1723073393
47.280 90 -1723073393
47.307 118 -1723073393
47.333 144 -1723073393
47.360 170 -1723073393
47.387 192 -1723073393
47.413 211 -1723073393
47.440 229 -1723073393
47.467 243 -1723073393
47.493 254 -1723073393
47.520 260 -1723073393
47.547 261 -1723073393
47.573 262 -1723073393
47.600 261 -1723073393
47.627 255 -1723073393
47.653 248 -1723073393
47.680 239 -1723073393
47.707 225 -1723073393
47.733 210 -1723073393
47.760 192 -1723073393
47.787 174 -1723073393
47.813 161 -1723073393
47.840 149 -1723073393
47.867 139 -1723073393
47.893 135 -1723073393
47.920 144 -1723073393
47.947 160 -1723073393
47.973 181 -1723073393
48.000 207 -1723073393
48.027 234 -1723073393
48.053 258 -1723073393
48.080 286 -1723073393
48.107 318 -1723073393
48.133 351 -1723073393
48.160 379 -1723073393
48.187 403 -1723073393
48.213 424 -1723073393
48.240 441 -1723073393
48.267 455 -1723073393
48.293 464 -1723073393
48.320 470 -1723073393
48.347 477 -1723073393
48.373 481 -1723073393
48.400 481 -1723073393
48.427 481 -1723073393
48.453 479 -1723073393
48.480 474 -1723073393
48.507 464 -1723073393
48.533 447 -1723073393
48.560 425 -1723073393
48.587 405 -1723073393
48.613 389 -1723073393
48.640 377 -1723073393
48.667 367 -1723073393
48.693 356 -1723073393
48.720 343 -1723073393
48.747 331 -1723073393
48.773 322 -1723073393
48.800 317 -1723073393
48.827 314 -1723073393
48.853 313 -1723073393
48.880 316 -1723073393
48.907 319 -1723073393
48.933 322 -1723073393
48.960 325 -1723073393
48.987 327 -1723073393
49.013 327 -1723073393
49.040 328 -1723073393
49.067 331 -1723073393
49.093 332 -1723073393
49.120 327 -1723073393
49.147 321 -1723073393
49.173 313 -1723073393
49.200 299 -1723073393
49.227 288 -1723073393
49.253 282 -1723073393
49.280 279 -1723073393
49.307 277 -1723073393
49.333 273 -1723073393
49.360 272 -1723073393
49.387 275 -1723073393
49.413 279 -1723073393
49.440 282 -1723073393
49.467 284 -1723073393
49.493 285 -1723073393
49.520 284 -1723073393
49.547 281 -1723073393
49.573 278 -1723073393
49.600 272 -1723073393
49.627 265 -1723073393
49.653 256 -1723073393
49.680 249 -1723073393
49.707 245 -1723073393
49.733 238 -1723073393
49.760 233 -1723073393
49.787 233 -1723073393
49.813 234 -1723073393
49.840 238 -1723073393
49.867 246 -1723073393
49.893 253 -1723073393
49.920 259 -1723073393
49.947 265 -1723073393
49.973 274 -1723073393
50.000 280 -1723073393
50.027 284 -1723073393
50.053 292 -1723073393
50.080 300 -1723073393
50.107 301 -1723073393
50.133 296 -1723073393
50.160 290 -1723073393
50.187 280 -1723073393
50.213 264 -1723073393
50.240 241 -1723073393
50.267 213 -1723073393
50.293 179 -1723073393
50.320 142 -1723073393
50.347 108 -1723073393
50.373 73 -1723073393
50.400 33 -1723073393
50.427 -7 -1723073393
50.453 -49 -1723073393
50.480 -85 -1723073393
50.507 -115 -1723073393
50.533 -143 -1723073393
50.560 -166 -1723073393
50.587 -185 -1723073393
50.613 -199 -1723073393
50.640 -207 -1723073393
50.667 -209 -1723073393
50.693 -208 -1723073393
50.720 -202 -1723073393
50.747 -193 -1723073393
50.773 -182 -1723073393
50.800 -170 -1723073393
50.827 -153 -1723073393
50.853 -134 -1723073393
50.880 -116 -1723073393
50.907 -98 -1723073393
50.933 -87 -1723073393
50.960 -76 -1723073393
50.987 -65 -1723073393
51.013 -54 -1723073393
51.040 -44 -1723073393
51.067 -41 -1723073393
51.093 -41 -1723073393
51.120 -41 -1723073393
51.147 -38 -1723073393
51.173 -38 -1723073393
51.200 -37 -1723073393
51.227 -34 -1723073393
51.253 -33 -1723073393
51.280 -33 -1723073393
51.307 -30 -1723073393
51.333 -25 -1723073393
51.360 -19 -1723073393
51.387 -8 -1723073393
51.413 6 -1723073393
51.440 26 -1723073393
51.467 50 -1723073393
51.493 77 -1723073393
51.520 106 -1723073393
51.547 137 -1723073393
51.573 170 -1723073393
51.600 202 -1723073393
51.627 235 -1723073393
51.653 270 -1723073393
51.680 302 -1723073393
51.707 327 -1723073393
51.733 346 -1723073393
51.760 362 -1723073393
51.787 372 -1723073393
51.813 373 -1723073393
51.840 369 -1723073393
51.867 357 -1723073393
51.893 336 -1723073393
51.920 310 -1723073393
51.947 286 -1723073393
51.973 263 -1723073393
52.000 243 -1723073393
52.027 224 -1723073393
52.053 210 -1723073393
52.080 200 -1723073393
52.107 186 -1723073393
52.133 174 -1723073393
52.160 169 -1723073393
52.187 168 -1723073393
52.213 166 -1723073393
52.240 167 -1723073393
52.267 167 -1723073393
52.293 164 -1723073393
52.320 162 -1723073393
52.347 164 -1723073393
52.373 163 -1723073393
52.400 161 -1723073393
52.427 163 -1723073393
52.453 163 -1723073393
52.480 162 -1723073393
52.507 164 -1723073393
52.533 168 -1723073393
52.560 168 -1723073393
52.587 168 -1723073393
52.613 170 -1723073393
52.640 174 -1723073393
52.667 179 -1723073393
52.693 183 -1723073393
52.720 181 -1723073393
52.747 175 -1723073393
52.773 172 -1723073393
52.800 166 -1723073393
52.827 157 -1723073393
52.853 147 -1723073393
52.880 142 -1723073393
52.907 137 -1723073393
52.933 134 -1723073393
52.960 133 -1723073393
52.987 130 -1723073393
53.013 125 -1723073393
53.040 124 -1723073393
53.067 127 -1723073393
53.093 130 -1723073393
53.120 134 -1723073393
53.147 139 -1723073393
53.173 143 -1723073393
53.200 147 -1723073393
53.227 153 -1723073393
53.253 156 -1723073393
53.280 159 -1723073393
53.307 167 -1723073393
53.333 173 -1723073393
53.360 174 -1723073393
53.387 176 -1723073393
53.413 181 -1723073393
53.440 187 -1723073393
53.467 196 -1723073393
53.493 205 -1723073393
53.520 211 -1723073393
53.547 218 -1723073393
53.573 227 -1723073393
53.600 236 -1723073393
53.627 248 -1723073393
53.653 263 -1723073393
53.680 273 -1723073393
53.707 279 -1723073393
53.733 285 -1723073393
53.760 289 -1723073393
53.787 290 -1723073393
53.813 285 -1723073393
53.840 274 -1723073393
53.867 258 -1723073393
53.893 240 -1723073393
53.920 223 -1723073393
53.947 208 -1723073393
53.973 194 -1723073393
54.000 177 -1723073393
54.027 150 -1723073393
54.053 123 -1723073393
54.080 99 -1723073393
54.107 74 -1723073393
54.133 44 -1723073393
54.160 20 -1723073393
54.187 0 -1723073393
54.213 -16 -1723073393
54.240 -29 -1723073393
54.267 -36 -1723073393
54.293 -42 -1723073393
54.320 -48 -1723073393
54.347 -50 -1723073393
54.373 -49 -1723073393
54.400 -50 -1723073393
54.427 -47 -1723073393
54.453 -42 -1723073393
54.480 -37 -1723073393
54.507 -29 -1723073393
54.533 -15 -1723073393
54.560 -5 -1723073393
54.587 0 -1723073393
54.613 5 -1723073393
54.640 8 -1723073393
54.667 7 -1723073393
54.693 7 -1723073393
54.720 8 -1723073393
54.747 8 -1723073393
54.773 8 -1723073393
54.800 11 -1723073393
54.827 8 -1723073393
54.853 9 -1723073393
54.880 16 -1723073393
54.907 25 -1723073393
54.933 35 -1723073393
54.960 54 -1723073393
54.987 74 -1723073393
55.013 95 -1723073393
55.040 125 -1723073393
55.067 161 -1723073393
55.093 196 -1723073393
55.120 228 -1723073393
55.147 259 -1723073393
55.173 288 -1723073393
55.200 318 -1723073393
55.227 352 -1723073393
55.253 387 -1723073393
55.280 416 -1723073393
55.307 441 -1723073393
55.333 462 -1723073393
55.360 476 -1723073393
55.387 486 -1723073393
55.413 495 -1723073393
55.440 502 -1723073393
55.467 504 -1723073393
55.493 506 -1723073393
55.520 512 -1723073393
55.547 517 -1723073393
55.573 515 -1723073393
55.600 513 -1723073393
55.627 512 -1723073393
55.653 511 -1723073393
55.680 517 -1723073393
55.707 524 -1723073393
55.733 530 -1723073393
55.760 535 -1723073393
55.787 542 -1723073393
55.813 544 -1723073393
55.840 543 -1723073393
55.867 543 -1723073393
55.893 533 -1723073393
55.920 512 -1723073393
55.947 492 -1723073393
55.973 470 -1723073393
56.000 444 -1723073393
56.027 414 -1723073393
56.053 383 -1723073393
56.080 349 -1723073393
56.107 319 -1723073393
56.133 292 -1723073393
56.160 265 -1723073393
56.187 241 -1723073393
56.213 221 -1723073393
56.240 199 -1723073393
56.267 182 -1723073393
56.293 173 -1723073393
56.320 164 -1723073393
56.347 153 -1723073393
56.373 147 -1723073393
56.400 144 -1723073393
56.427 137 -1723073393
56.453 132 -1723073393
56.480 127 -1723073393
56.507 116 -1723073393
56.533 103 -1723073393
56.560 92 -1723073393
56.587 76 -1723073393
56.613 62 -1723073393
56.640 53 -1723073393
56.667 44 -1723073393
56.693 27 -1723073393
56.720 10 -1723073393
56.747 0 -1723073393
56.773 -11 -1723073393
56.800 -19 -1723073393
56.827 -21 -1723073393
56.853 -26 -1723073393
56.880 -34 -1723073393
56.907 -34 -1723073393
56.933 -32 -1723073393
56.960 -35 -1723073393
56.987 -34 -1723073393
57.013 -30 -1723073393
57.040 -32 -1723073393
57.067 -30 -1723073393
57.093 -20 -1723073393
57.120 -12 -1723073393
57.147 -2 -1723073393
57.173 10 -1723073393
57.200 23 -1723073393
57.227 39 -1723073393
57.253 60 -1723073393
57.280 80 -1723073393
57.307 100 -1723073393
57.333 126 -1723073393
57.360 156 -1723073393
57.387 179 -1723073393
57.413 198 -1723073393
57.440 217 -1723073393
57.467 230 -1723073393
57.493 237 -1723073393
57.520 246 -1723073393
57.547 251 -1723073393
57.573 250 -1723073393
57.600 248 -1723073393
57.627 249 -1723073393
57.653 250 -1723073393
57.680 249 -1723073393
57.707 248 -1723073393
57.733 244 -1723073393
57.760 241 -1723073393
57.787 244 -1723073393
57.813 250 -1723073393
57.840 255 -1723073393
57.867 265 -1723073393
57.893 282 -1723073393
57.920 301 -1723073393
57.947 318 -1723073393
57.973 336 -1723073393
58.000 355 -1723073393
58.027 377 -1723073393
58.053 404 -1723073393
58.080 426 -1723073393
58.107 442 -1723073393
58.133 458 -1723073393
58.160 469 -1723073393
58.187 476 -1723073393
58.213 486 -1723073393
58.240 495 -1723073393
58.267 499 -1723073393
58.293 500 -1723073393
58.320 499 -1723073393
58.347 496 -1723073393
58.373 496 -1723073393
58.400 498 -1723073393
58.427 500 -1723073393
58.453 506 -1723073393
58.480 521 -1723073393
58.507 539 -1723073393
58.533 557 -1723073393
58.560 574 -1723073393
58.587 590 -1723073393
58.613 605 -1723073393
58.640 618 -1723073393
58.667 626 -1723073393
58.693 625 -1723073393
58.720 617 -1723073393
58.747 609 -1723073393
58.773 601 -1723073393
58.800 593 -1723073393
58.827 590 -1723073393
58.853 591 -1723073393
58.880 593 -1723073393
58.907 592 -1723073393
58.933 593 -1723073393
58.960 598 -1723073393
58.987 603 -1723073393
59.013 608 -1723073393
59.040 611 -1723073393
59.067 612 -1723073393
59.093 612 -1723073393
59.120 608 -1723073393
59.147 600 -1723073393
59.173 587 -1723073393
59.200 575 -1723073393
59.227 564 -1723073393
59.253 548 -1723073393
59.280 529 -1723073393
59.307 511 -1723073393
59.333 495 -1723073393
59.360 481 -1723073393
59.387 469 -1723073393
59.413 460 -1723073393
59.440 449 -1723073393
59.467 435 -1723073393
59.493 415 -1723073393
59.520 389 -1723073393
59.547 365 -1723073393
59.573 343 -1723073393
59.600 315 -1723073393
59.627 290 -1723073393
59.653 267 -1723073393
59.680 244 -1723073393
59.707 218 -1723073393
59.733 195 -1723073393
59.760 170 -1723073393
59.787 141 -1723073393
59.813 124 -1723073393
59.840 114 -1723073393
59.867 96 -1723073393
59.893 81 -1723073393
59.920 76 -1723073393
59.947 65 -1723073393
59.973 51 -1723073393
60.000 50 -1723073393
60.027 52 -1723073393
60.053 45 -1723073393
60.080 42 -1723073393
60.107 44 -1723073393
60.133 37 -1723073393
60.160 30 -1723073393
60.187 31 -1723073393
60.213 24 -1723073393
60.240 15 -1723073393
60.267 16 -1723073393
60.293 14 -1723073393
60.320 3 -1723073393
60.347 -2 -1723073393
60.373 -6 -1723073393
60.400 -24 -1723073393
60.427 -40 -1723073393
60.453 -44 -1723073393
60.480 -56 -1723073393
60.507 -70 -1723073393
60.533 -68 -1723073393
60.560 -68 -1723073393
60.587 -78 -1723073393
60.613 -78 -1723073393
60.640 -70 -1723073393
60.667 -74 -1723073393
60.693 -79 -1723073393
60.720 -72 -1723073393
60.747 -68 -1723073393
60.773 -71 -1723073393
60.800 -66 -1723073393
60.827 -68 -1723073393
60.853 -82 -1723073393
60.880 -90 -1723073393
60.907 -95 -1723073393
60.933 -108 -1723073393
60.960 -119 -1723073393
60.987 -123 -1723073393
61.013 -140 -1723073393
61.040 -162 -1723073393
61.067 -173 -1723073393
61.093 -191 -1723073393
61.120 -219 -1723073393
61.147 -237 -1723073393
61.173 -251 -1723073393
61.200 -277 -1723073393
61.227 -298 -1723073393
61.253 -301 -1723073393
61.280 -307 -1723073393
61.307 -315 -1723073393
61.333 -304 -1723073393
61.360 -293 -1723073393
61.387 -292 -1723073393
61.413 -282 -1723073393
61.440 -267 -1723073393
61.467 -267 -1723073393
61.493 -264 -1723073393
61.520 -249 -1723073393
61.547 -242 -1723073393
61.573 -243 -1723073393
61.600 -229 -1723073393
61.627 -215 -1723073393
61.653 -213 -1723073393
61.680 -206 -1723073393
61.707 -194 -1723073393
61.733 -191 -1723073393
61.760 -189 -1723073393
61.787 -177 -1723073393
61.813 -173 -1723073393
61.840 -175 -1723073393
61.867 -164 -1723073393
61.893 -149 -1723073393
61.920 -143 -1723073393
61.947 -131 -1723073393
61.973 -114 -1723073393
62.000 -106 -1723073393
62.027 -97 -1723073393
62.053 -77 -1723073393
62.080 -65 -1723073393
62.107 -60 -1723073393
62.133 -45 -1723073393
62.160 -31 -1723073393
62.187 -32 -1723073393
62.213 -30 -1723073393
62.240 -25 -1723073393
62.267 -33 -1723073393
62.293 -44 -1723073393
62.320 -47 -1723073393
62.347 -54 -1723073393
62.373 -70 -1723073393
62.400 -82 -1723073393
62.427 -92 -1723073393
62.453 -113 -1723073393
62.480 -127 -1723073393
62.507 -132 -1723073393
62.533 -142 -1723073393
62.560 -151 -1723073393
62.587 -150 -1723073393
62.613 -154 -1723073393
62.640 -165 -1723073393
62.667 -163 -1723073393
62.693 -156 -1723073393
62.720 -157 -1723073393
62.747 -151 -1723073393
62.773 -135 -1723073393
62.800 -127 -1723073393
62.827 -122 -1723073393
62.853 -103 -1723073393
62.880 -89 -1723073393
62.907 -86 -1723073393
62.933 -78 -1723073393
62.960 -70 -1723073393
62.987 -76 -1723073393
63.013 -80 -1723073393
63.040 -79 -1723073393
63.067 -84 -1723073393
63.093 -96 -1723073393
63.120 -100 -1723073393
63.147 -108 -1723073393
63.173 -131 -1723073393
63.200 -148 -1723073393
63.227 -158 -1723073393
63.253 -180 -1723073393
63.280 -200 -1723073393
63.307 -206 -1723073393
63.333 -218 -1723073393
63.360 -235 -1723073393
63.387 -238 -1723073393
63.413 -238 -1723073393
63.440 -245 -1723073393
63.467 -241 -1723073393
63.493 -227 -1723073393
63.520 -225 -1723073393
63.547 -224 -1723073393
63.573 -208 -1723073393
63.600 -191 -1723073393
63.627 -177 -1723073393
63.653 -148 -1723073393
63.680 -121 -1723073393
63.707 -108 -1723073393
63.733 -91 -1723073393
63.760 -62 -1723073393
63.787 -42 -1723073393
63.813 -29 -1723073393
63.840 -13 -1723073393
63.867 -6 -1723073393
63.893 -12 -1723073393
63.920 -16 -1723073393
63.947 -22 -1723073393
63.973 -41 -1723073393
64.000 -62 -1723073393
64.027 -77 -1723073393
64.053 -98 -1723073393
64.080 -116 -1723073393
64.107 -121 -1723073393
64.133 -132 -1723073393
64.160 -151 -1723073393
64.187 -156 -1723073393
64.213 -152 -1723073393
64.240 -157 -1723073393
64.267 -154 -1723073393
64.293 -137 -1723073393
64.320 -124 -1723073393
64.347 -111 -1723073393
64.373 -81 -1723073393
64.400 -53 -1723073393
64.427 -35 -1723073393
64.453 -10 -1723073393
64.480 21 -1723073393
64.507 42 -1723073393
64.533 57 -1723073393
64.560 80 -1723073393
64.587 99 -1723073393
64.613 108 -1723073393
64.640 117 -1723073393
64.667 122 -1723073393
64.693 116 -1723073393
64.720 110 -1723073393
64.747 108 -1723073393
64.773 96 -1723073393
64.800 79 -1723073393
64.827 71 -1723073393
64.853 61 -1723073393
64.880 54 -1723073393
64.907 55 -1723073393
64.933 57 -1723073393
64.960 50 -1723073393
64.987 46 -1723073393
65.013 47 -1723073393
65.040 41 -1723073393
65.067 31 -1723073393
65.093 28 -1723073393
65.120 24 -1723073393
65.147 16 -1723073393
65.173 18 -1723073393
65.200 31 -1723073393
65.227 40 -1723073393
65.253 53 -1723073393
65.280 72 -1723073393
65.307 87 -1723073393
65.333 94 -1723073393
65.360 109 -1723073393
65.387 129 -1723073393
65.413 144 -1723073393
65.440 165 -1723073393
65.467 194 -1723073393
65.493 215 -1723073393
65.520 234 -1723073393
65.547 259 -1723073393
65.573 278 -1723073393
65.600 288 -1723073393
65.627 301 -1723073393
65.653 317 -1723073393
65.680 326 -1723073393
65.707 332 -1723073393
65.733 343 -1723073393
65.760 345 -1723073393
65.787 338 -1723073393
65.813 331 -1723073393
65.840 324 -1723073393
65.867 309 -1723073393
65.893 292 -1723073393
65.920 279 -1723073393
65.947 264 -1723073393
65.973 245 -1723073393
66.000 231 -1723073393
66.027 215 -1723073393
66.053 199 -1723073393
66.080 191 -1723073393
66.107 190 -1723073393
66.133 185 -1723073393
66.160 182 -1723073393
66.187 189 -1723073393
66.213 193 -1723073393
66.240 198 -1723073393
66.267 213 -1723073393
66.293 225 -1723073393
66.320 229 -1723073393
66.347 238 -1723073393
66.373 250 -1723073393
66.400 254 -1723073393
66.427 259 -1723073393
66.453 269 -1723073393
66.480 272 -1723073393
66.507 270 -1723073393
66.533 272 -1723073393
66.560 272 -1723073393
66.587 268 -1723073393
66.613 267 -1723073393
66.640 268 -1723073393
66.667 261 -1723073393
66.693 251 -1723073393
66.720 247 -1723073393
66.747 242 -1723073393
66.773 237 -1723073393
66.800 238 -1723073393
66.827 242 -1723073393
66.853 244 -1723073393
66.880 248 -1723073393
66.907 259 -1723073393
66.933 264 -1723073393
66.960 275 -1723073393
66.987 297 -1723073393
67.013 318 -1723073393
67.040 338 -1723073393
67.067 367 -1723073393
67.093 398 -1723073393
67.120 421 -1723073393
67.147 444 -1723073393
67.173 472 -1723073393
67.200 494 -1723073393
67.227 510 -1723073393
67.253 524 -1723073393
67.280 537 -1723073393
67.307 548 -1723073393
67.333 552 -1723073393
67.360 556 -1723073393
67.387 556 -1723073393
67.413 550 -1723073393
67.440 537 -1723073393
67.467 523 -1723073393
67.493 503 -1723073393
67.520 480 -1723073393
67.547 460 -1723073393
67.573 438 -1723073393
67.600 414 -1723073393
67.627 392 -1723073393
67.653 370 -1723073393
67.680 349 -1723073393
67.707 330 -1723073393
67.733 314 -1723073393
67.760 300 -1723073393
67.787 295 -1723073393
67.813 296 -1723073393
67.840 297 -1723073393
67.867 302 -1723073393
67.893 312 -1723073393
67.920 318 -1723073393
67.947 320 -1723073393
67.973 325 -1723073393
68.000 330 -1723073393
68.027 329 -1723073393
68.053 330 -1723073393
68.080 332 -1723073393
68.107 326 -1723073393
68.133 319 -1723073393
68.160 315 -1723073393
68.187 307 -1723073393
68.213 296 -1723073393
68.240 287 -1723073393
68.267 275 -1723073393
68.293 261 -1723073393
68.320 250 -1723073393
68.347 242 -1723073393
68.373 232 -1723073393
68.400 225 -1723073393
68.427 220 -1723073393
68.453 214 -1723073393
68.480 208 -1723073393
68.507 209 -1723073393
68.533 211 -1723073393
68.560 207 -1723073393
68.587 208 -1723073393
68.613 211 -1723073393
68.640 211 -1723073393
68.667 217 -1723073393
68.693 230 -1723073393
68.720 240 -1723073393
68.747 250 -1723073393
68.773 266 -1723073393
68.800 284 -1723073393
68.827 298 -1723073393
68.853 316 -1723073393
68.880 334 -1723073393
68.907 347 -1723073393
68.933 361 -1723073393
68.960 377 -1723073393
68.987 391 -1723073393
69.013 401 -1723073393
69.040 409 -1723073393
69.067 415 -1723073393
69.093 417 -1723073393
69.120 419 -1723073393
69.147 425 -1723073393
69.173 432 -1723073393
69.200 436 -1723073393
69.227 436 -1723073393
69.253 433 -1723073393
69.280 427 -1723073393
69.307 419 -1723073393
69.333 407 -1723073393
69.360 390 -1723073393
69.387 372 -1723073393
69.413 356 -1723073393
69.440 339 -1723073393
69.467 318 -1723073393
69.493 296 -1723073393
69.520 274 -1723073393
69.547 253 -1723073393
69.573 234 -1723073393
69.600 217 -1723073393
69.627 200 -1723073393
69.653 184 -1723073393
69.680 175 -1723073393
69.707 171 -1723073393
69.733 165 -1723073393
69.760 161 -1723073393
69.787 159 -1723073393
69.813 156 -1723073393
69.840 154 -1723073393
69.867 156 -1723073393
69.893 157 -1723073393
69.920 156 -1723073393
69.947 160 -1723073393
69.973 169 -1723073393
70.000 179 -1723073393
70.027 191 -1723073393
70.053 204 -1723073393
70.080 213 -1723073393
70.107 219 -1723073393
70.133 229 -1723073393
70.160 240 -1723073393
70.187 251 -1723073393
70.213 266 -1723073393
70.240 284 -1723073393
70.267 294 -1723073393
70.293 301 -1723073393
70.320 310 -1723073393
70.347 314 -1723073393
70.373 317 -1723073393
70.400 321 -1723073393
70.427 322 -1723073393
70.453 317 -1723073393
70.480 313 -1723073393
70.507 311 -1723073393
70.533 304 -1723073393
70.560 297 -1723073393
70.587 296 -1723073393
70.613 293 -1723073393
70.640 291 -1723073393
70.667 295 -1723073393
70.693 302 -1723073393
70.720 300 -1723073393
70.747 300 -1723073393
70.773 303 -1723073393
70.800 302 -1723073393
70.827 299 -1723073393
70.853 303 -1723073393
70.880 303 -1723073393
70.907 299 -1723073393
70.933 303 -1723073393
70.960 312 -1723073393
70.987 315 -1723073393
71.013 318 -1723073393
71.040 325 -1723073393
71.067 328 -1723073393
71.093 329 -1723073393
71.120 334 -1723073393
71.147 341 -1723073393
71.173 345 -1723073393
71.200 351 -1723073393
71.227 359 -1723073393
71.253 362 -1723073393
71.280 366 -1723073393
71.307 374 -1723073393
71.333 378 -1723073393
71.360 376 -1723073393
71.387 374 -1723073393
71.413 372 -1723073393
71.440 364 -1723073393
71.467 359 -1723073393
71.493 356 -1723073393
71.520 346 -1723073393
71.547 334 -1723073393
71.573 322 -1723073393
71.600 304 -1723073393
71.627 282 -1723073393
71.653 272 -1723073393
71.680 266 -1723073393
71.707 253 -1723073393
71.733 241 -1723073393
71.760 235 -1723073393
71.787 227 -1723073393
71.813 219 -1723073393
71.840 222 -1723073393
71.867 224 -1723073393
71.893 220 -1723073393
71.920 223 -1723073393
71.947 232 -1723073393
71.973 230 -1723073393
72.000 226 -1723073393
72.027 229 -1723073393
72.053 230 -1723073393
72.080 226 -1723073393
72.107 229 -1723073393
72.133 232 -1723073393
72.160 225 -1723073393
72.187 220 -1723073393
72.213 220 -1723073393
72.240 215 -1723073393
72.267 211 -1723073393
72.293 214 -1723073393
72.320 216 -1723073393
72.347 211 -1723073393
72.373 212 -1723073393
72.400 218 -1723073393
72.427 220 -1723073393
72.453 226 -1723073393
72.480 238 -1723073393
72.507 247 -1723073393
72.533 249 -1723073393
72.560 255 -1723073393
72.587 263 -1723073393
72.613 264 -1723073393
72.640 267 -1723073393
72.667 275 -1723073393
72.693 277 -1723073393
72.720 275 -1723073393
72.747 277 -1723073393
72.773 276 -1723073393
72.800 270 -1723073393
72.827 270 -1723073393
72.853 270 -1723073393
72.880 260 -1723073393
72.907 252 -1723073393
72.933 247 -1723073393
72.960 237 -1723073393
72.987 225 -1723073393
73.013 220 -1723073393
73.040 214 -1723073393
73.067 208 -1723073393
73.093 208 -1723073393
73.120 209 -1723073393
73.147 202 -1723073393
73.173 194 -1723073393
73.200 192 -1723073393
73.227 187 -1723073393
73.253 185 -1723073393
73.280 189 -1723073393
73.307 190 -1723073393
73.333 189 -1723073393
73.360 195 -1723073393
73.387 201 -1723073393
73.413 202 -1723073393
73.440 206 -1723073393
73.467 217 -1723073393
73.493 224 -1723073393
73.520 231 -1723073393
73.547 241 -1723073393
73.573 247 -1723073393
73.600 250 -1723073393
73.627 258 -1723073393
73.653 267 -1723073393
73.680 268 -1723073393
73.707 267 -1723073393
73.733 272 -1723073393
73.760 276 -1723073393
73.787 273 -1723073393
73.813 273 -1723073393
73.840 273 -1723073393
73.867 268 -1723073393
73.893 261 -1723073393
73.920 254 -1723073393
73.947 243 -1723073393
73.973 232 -1723073393
74.000 225 -1723073393
74.027 216 -1723073393
74.053 204 -1723073393
74.080 197 -1723073393
74.107 191 -1723073393
74.133 179 -1723073393
74.160 172 -1723073393
74.187 164 -1723073393
74.213 152 -1723073393
74.240 145 -1723073393
74.267 146 -1723073393
74.293 143 -1723073393
74.320 141 -1723073393
74.347 146 -1723073393
74.373 155 -1723073393
74.400 160 -1723073393
74.427 170 -1723073393
74.453 182 -1723073393
74.480 185 -1723073393
74.507 191 -1723073393
74.533 203 -1723073393
74.560 213 -1723073393
74.587 217 -1723073393
74.613 223 -1723073393
74.640 226 -1723073393
74.667 226 -1723073393
74.693 227 -1723073393
74.720 226 -1723073393
74.747 220 -1723073393
74.773 220 -1723073393
74.800 224 -1723073393
74.827 221 -1723073393
74.853 215 -1723073393
74.880 218 -1723073393
74.907 223 -1723073393
74.933 223 -1723073393
74.960 222 -1723073393
74.987 223 -1723073393
75.013 224 -1723073393
75.040 229 -1723073393
75.067 241 -1723073393
75.093 251 -1723073393
75.120 257 -1723073393
75.147 266 -1723073393
75.173 273 -1723073393
75.200 273 -1723073393
75.227 275 -1723073393
75.253 280 -1723073393
75.280 278 -1723073393
75.307 273 -1723073393
75.333 269 -1723073393
75.360 265 -1723073393
75.387 263 -1723073393
75.413 270 -1723073393
75.440 279 -1723073393
75.467 280 -1723073393
75.493 283 -1723073393
75.520 290 -1723073393
75.547 290 -1723073393
75.573 289 -1723073393
75.600 294 -1723073393
75.627 295 -1723073393
75.653 288 -1723073393
75.680 284 -1723073393
75.707 280 -1723073393
75.733 267 -1723073393
75.760 255 -1723073393
75.787 244 -1723073393
75.813 224 -1723073393
75.840 199 -1723073393
75.867 179 -1723073393
75.893 159 -1723073393
75.920 136 -1723073393
75.947 116 -1723073393
75.973 94 -1723073393
76.000 73 -1723073393
76.027 63 -1723073393
76.053 61 -1723073393
76.080 57 -1723073393
76.107 61 -1723073393
76.133 76 -1723073393
76.160 94 -1723073393
76.187 115 -1723073393
76.213 144 -1723073393
76.240 171 -1723073393
76.267 190 -1723073393
76.293 216 -1723073393
76.320 248 -1723073393
76.347 266 -1723073393
76.373 282 -1723073393
76.400 300 -1723073393
76.427 312 -1723073393
76.453 320 -1723073393
76.480 329 -1723073393
76.507 338 -1723073393
76.533 341 -1723073393
76.560 344 -1723073393
76.587 345 -1723073393
76.613 340 -1723073393
76.640 338 -1723073393
76.667 341 -1723073393
76.693 341 -1723073393
76.720 336 -1723073393
76.747 331 -1723073393
76.773 328 -1723073393
76.800 325 -1723073393
76.827 325 -1723073393
76.853 329 -1723073393
76.880 331 -1723073393
76.907 335 -1723073393
76.933 338 -1723073393
76.960 342 -1723073393
76.987 350 -1723073393
77.013 355 -1723073393
77.040 355 -1723073393
77.067 355 -1723073393
77.093 356 -1723073393
77.120 357 -1723073393
77.147 360 -1723073393
77.173 362 -1723073393
77.200 367 -1723073393
77.227 372 -1723073393
77.253 376 -1723073393
77.280 373 -1723073393
77.307 366 -1723073393
77.333 357 -1723073393
77.360 347 -1723073393
77.387 337 -1723073393
77.413 326 -1723073393
77.440 315 -1723073393
77.467 303 -1723073393
77.493 294 -1723073393
77.520 288 -1723073393
77.547 280 -1723073393
77.573 271 -1723073393
77.600 260 -1723073393
77.627 252 -1723073393
77.653 248 -1723073393
77.680 243 -1723073393
77.707 243 -1723073393
77.733 245 -1723073393
77.760 244 -1723073393
77.787 244 -1723073393
77.813 249 -1723073393
77.840 252 -1723073393
77.867 255 -1723073393
77.893 261 -1723073393
77.920 268 -1723073393
77.947 273 -1723073393
77.973 279 -1723073393
78.000 283 -1723073393
78.027 281 -1723073393
78.053 281 -1723073393
78.080 284 -1723073393
78.107 284 -1723073393
78.133 285 -1723073393
78.160 290 -1723073393
78.187 291 -1723073393
78.213 290 -1723073393
78.240 296 -1723073393
78.267 303 -1723073393
78.293 303 -1723073393
78.320 300 -1723073393
78.347 297 -1723073393
78.373 290 -1723073393
78.400 283 -1723073393
78.427 280 -1723073393
78.453 278 -1723073393
78.480 272 -1723073393
78.507 264 -1723073393
78.533 256 -1723073393
78.560 246 -1723073393
78.587 241 -1723073393
78.613 237 -1723073393
78.640 226 -1723073393
78.667 214 -1723073393
78.693 204 -1723073393
78.720 189 -1723073393
78.747 174 -1723073393
78.773 165 -1723073393
78.800 153 -1723073393
78.827 139 -1723073393
78.853 135 -1723073393
78.880 135 -1723073393
78.907 130 -1723073393
78.933 126 -1723073393
78.960 124 -1723073393
78.987 119 -1723073393
79.013 121 -1723073393
79.040 133 -1723073393
79.067 139 -1723073393
79.093 140 -1723073393
79.120 147 -1723073393
79.147 156 -1723073393
79.173 159 -1723073393
79.200 165 -1723073393
79.227 175 -1723073393
79.253 179 -1723073393
79.280 177 -1723073393
79.307 180 -1723073393
79.333 178 -1723073393
79.360 169 -1723073393
79.387 165 -1723073393
79.413 161 -1723073393
79.440 152 -1723073393
79.467 147 -1723073393
79.493 141 -1723073393
79.520 127 -1723073393
79.547 118 -1723073393
79.573 114 -1723073393
79.600 104 -1723073393
79.627 92 -1723073393
79.653 85 -1723073393
79.680 76 -1723073393
79.707 64 -1723073393
79.733 65 -1723073393
79.760 69 -1723073393
79.787 72 -1723073393
79.813 89 -1723073393
79.840 108 -1723073393
79.867 120 -1723073393
79.893 139 -1723073393
79.920 162 -1723073393
79.947 176 -1723073393
79.973 188 -1723073393
80.000 204 -1723073393
80.027 212 -1723073393
80.053 219 -1723073393
80.080 235 -1723073393
80.107 247 -1723073393
80.133 250 -1723073393
80.160 255 -1723073393
80.187 262 -1723073393
80.213 261 -1723073393
80.240 259 -1723073393
80.267 256 -1723073393
80.293 245 -1723073393
80.320 237 -1723073393
80.347 235 -1723073393
80.373 230 -1723073393
80.400 224 -1723073393
80.427 226 -1723073393
80.453 226 -1723073393
80.480 223 -1723073393
80.507 227 -1723073393
80.533 231 -1723073393
80.560 228 -1723073393
80.587 230 -1723073393
80.613 239 -1723073393
80.640 243 -1723073393
80.667 247 -1723073393
80.693 256 -1723073393
80.720 260 -1723073393
80.747 260 -1723073393
80.773 267 -1723073393
80.800 269 -1723073393
80.827 261 -1723073393
80.853 260 -1723073393
80.880 258 -1723073393
80.907 248 -1723073393
80.933 242 -1723073393
80.960 242 -1723073393
80.987 237 -1723073393
81.013 230 -1723073393
81.040 226 -1723073393
81.067 213 -1723073393
81.093 198 -1723073393
81.120 194 -1723073393
81.147 187 -1723073393
81.173 170 -1723073393
81.200 160 -1723073393
81.227 157 -1723073393
81.253 147 -1723073393
81.280 137 -1723073393
81.307 135 -1723073393
81.333 128 -1723073393
81.360 125 -1723073393
81.387 130 -1723073393
81.413 131 -1723073393
81.440 135 -1723073393
81.467 146 -1723073393
81.493 150 -1723073393
81.520 146 -1723073393
81.547 151 -1723073393
81.573 157 -1723073393
81.600 154 -1723073393
81.627 161 -1723073393
81.653 175 -1723073393
81.680 181 -1723073393
81.707 193 -1723073393
81.733 212 -1723073393
81.760 227 -1723073393
81.787 243 -1723073393
81.813 266 -1723073393
81.840 281 -1723073393
81.867 295 -1723073393
81.893 315 -1723073393
81.920 330 -1723073393
81.947 340 -1723073393
81.973 354 -1723073393
82.000 365 -1723073393
82.027 367 -1723073393
82.053 369 -1723073393
82.080 370 -1723073393
82.107 361 -1723073393
82.133 351 -1723073393
82.160 346 -1723073393
82.187 338 -1723073393
82.213 325 -1723073393
82.240 312 -1723073393
82.267 297 -1723073393
82.293 279 -1723073393
82.320 266 -1723073393
82.347 255 -1723073393
82.373 244 -1723073393
82.400 241 -1723073393
82.427 242 -1723073393
82.453 240 -1723073393
82.480 243 -1723073393
82.507 248 -1723073393
82.533 244 -1723073393
82.560 245 -1723073393
82.587 250 -1723073393
82.613 247 -1723073393
82.640 250 -1723073393
82.667 257 -1723073393
82.693 258 -1723073393
82.720 258 -1723073393
82.747 265 -1723073393
82.773 268 -1723073393
82.800 265 -1723073393
82.827 267 -1723073393
82.853 268 -1723073393
82.880 264 -1723073393
82.907 263 -1723073393
82.933 261 -1723073393
82.960 248 -1723073393
82.987 239 -1723073393
83.013 233 -1723073393
83.040 218 -1723073393
83.067 205 -1723073393
83.093 199 -1723073393
83.120 187 -1723073393
83.147 177 -1723073393
83.173 177 -1723073393
83.200 171 -1723073393
83.227 164 -1723073393
83.253 170 -1723073393
83.280 175 -1723073393
83.307 173 -1723073393
83.333 181 -1723073393
83.360 191 -1723073393
83.387 193 -1723073393
83.413 204 -1723073393
83.440 219 -1723073393
83.467 226 -1723073393
83.493 234 -1723073393
83.520 248 -1723073393
83.547 259 -1723073393
83.573 268 -1723073393
83.600 279 -1723073393
83.627 280 -1723073393
83.653 280 -1723073393
83.680 288 -1723073393
83.707 288 -1723073393
83.733 284 -1723073393
83.760 286 -1723073393
83.787 282 -1723073393
83.813 266 -1723073393
83.840 250 -1723073393
83.867 237 -1723073393
83.893 226 -1723073393
83.920 224 -1723073393
83.947 222 -1723073393
83.973 214 -1723073393
84.000 210 -1723073393
84.027 205 -1723073393
84.053 195 -1723073393
84.080 192 -1723073393
84.107 196 -1723073393
84.133 197 -1723073393
84.160 199 -1723073393
84.187 205 -1723073393
84.213 204 -1723073393
84.240 204 -1723073393
84.267 212 -1723073393
84.293 214 -1723073393
84.320 211 -1723073393
84.347 218 -1723073393
84.373 222 -1723073393
84.400 222 -1723073393
84.427 228 -1723073393
84.453 231 -1723073393
84.480 229 -1723073393
84.507 232 -1723073393
84.533 233 -1723073393
84.560 224 -1723073393
84.587 220 -1723073393
84.613 217 -1723073393
84.640 209 -1723073393
84.667 208 -1723073393
84.693 210 -1723073393
84.720 204 -1723073393
84.747 201 -1723073393
84.773 200 -1723073393
84.800 191 -1723073393
84.827 186 -1723073393
84.853 187 -1723073393
84.880 184 -1723073393
84.907 181 -1723073393
84.933 183 -1723073393
84.960 180 -1723073393
84.987 174 -1723073393
85.013 178 -1723073393
85.040 180 -1723073393
85.067 180 -1723073393
85.093 182 -1723073393
85.120 181 -1723073393
85.147 182 -1723073393
85.173 192 -1723073393
85.200 196 -1723073393
85.227 189 -1723073393
85.253 189 -1723073393
85.280 194 -1723073393
85.307 199 -1723073393
85.333 209 -1723073393
85.360 218 -1723073393
85.387 221 -1723073393
85.413 226 -1723073393
85.440 231 -1723073393
85.467 232 -1723073393
85.493 232 -1723073393
85.520 233 -1723073393
85.547 230 -1723073393
85.573 233 -1723073393
85.600 240 -1723073393
85.627 244 -1723073393
85.653 246 -1723073393
85.680 251 -1723073393
85.707 249 -1723073393
85.733 248 -1723073393
85.760 252 -1723073393
85.787 255 -1723073393
85.813 258 -1723073393
85.840 264 -1723073393
85.867 266 -1723073393
85.893 266 -1723073393
85.920 268 -1723073393
85.947 269 -1723073393
85.973 263 -1723073393
86.000 257 -1723073393
86.027 249 -1723073393
86.053 237 -1723073393
86.080 235 -1723073393
86.107 231 -1723073393
86.133 220 -1723073393
86.160 218 -1723073393
86.187 216 -1723073393
86.213 209 -1723073393
86.240 212 -1723073393
86.267 216 -1723073393
86.293 215 -1723073393
86.320 221 -1723073393
86.347 224 -1723073393
86.373 219 -1723073393
86.400 220 -1723073393
86.427 219 -1723073393
86.453 208 -1723073393
86.480 201 -1723073393
86.507 197 -1723073393
86.533 184 -1723073393
86.560 177 -1723073393
86.587 172 -1723073393
86.613 153 -1723073393
86.640 147 -1723073393
86.667 152 -1723073393
86.693 142 -1723073393
86.720 138 -1723073393
86.747 144 -1723073393
86.773 138 -1723073393
86.800 135 -1723073393
86.827 146 -1723073393
86.853 147 -1723073393
86.880 147 -1723073393
86.907 160 -1723073393
86.933 167 -1723073393
86.960 175 -1723073393
86.987 195 -1723073393
87.013 204 -1723073393
87.040 214 -1723073393
87.067 229 -1723073393
87.093 233 -1723073393
87.120 234 -1723073393
87.147 242 -1723073393
87.173 242 -1723073393
87.200 240 -1723073393
87.227 245 -1723073393
87.253 242 -1723073393
87.280 239 -1723073393
87.307 249 -1723073393
87.333 253 -1723073393
87.360 253 -1723073393
87.387 261 -1723073393
87.413 256 -1723073393
87.440 244 -1723073393
87.467 241 -1723073393
87.493 239 -1723073393
87.520 238 -1723073393
87.547 248 -1723073393
87.573 253 -1723073393
87.600 253 -1723073393
87.627 258 -1723073393
87.653 253 -1723073393
87.680 241 -1723073393
87.707 234 -1723073393
87.733 229 -1723073393
87.760 230 -1723073393
87.787 240 -1723073393
87.813 241 -1723073393
87.840 234 -1723073393
87.867 232 -1723073393
87.893 225 -1723073393
87.920 218 -1723073393
87.947 220 -1723073393
87.973 219 -1723073393
88.000 212 -1723073393
88.027 215 -1723073393
88.053 214 -1723073393
88.080 206 -1723073393
88.107 204 -1723073393
88.133 200 -1723073393
88.160 197 -1723073393
88.187 201 -1723073393
88.213 194 -1723073393
88.240 185 -1723073393
88.267 185 -1723073393
88.293 178 -1723073393
88.320 170 -1723073393
88.347 173 -1723073393
88.373 174 -1723073393
88.400 172 -1723073393
88.427 183 -1723073393
88.453 188 -1723073393
88.480 185 -1723073393
88.507 187 -1723073393
88.533 181 -1723073393
88.560 179 -1723073393
88.587 188 -1723073393
88.613 185 -1723073393
88.640 179 -1723073393
88.667 182 -1723073393
88.693 178 -1723073393
88.720 175 -1723073393
88.747 176 -1723073393
88.773 168 -1723073393
88.800 162 -1723073393
88.827 167 -1723073393
88.853 162 -1723073393
88.880 157 -1723073393
88.907 164 -1723073393
88.933 166 -1723073393
88.960 172 -1723073393
88.987 188 -1723073393
89.013 192 -1723073393
89.040 195 -1723073393
89.067 201 -1723073393
89.093 199 -1723073393
89.120 203 -1723073393
89.147 211 -1723073393
89.173 211 -1723073393
89.200 212 -1723073393
89.227 217 -1723073393
89.253 210 -1723073393
89.280 207 -1723073393
89.307 209 -1723073393
89.333 203 -1723073393
89.360 201 -1723073393
89.387 199 -1723073393
89.413 185 -1723073393
89.440 175 -1723073393
89.467 169 -1723073393
89.493 160 -1723073393
89.520 164 -1723073393
89.547 168 -1723073393
89.573 162 -1723073393
89.600 165 -1723073393
89.627 163 -1723073393
89.653 151 -1723073393
89.680 149 -1723073393
89.707 142 -1723073393
89.733 131 -1723073393
89.760 135 -1723073393
89.787 134 -1723073393
89.813 135 -1723073393
89.840 151 -1723073393
89.867 154 -1723073393
89.893 150 -1723073393
89.920 163 -1723073393
89.947 165 -1723073393
89.973 162 -1723073393
90.000 172 -1723073393
90.027 171 -1723073393
90.053 169 -1723073393
90.080 178 -1723073393
90.107 181 -1723073393
90.133 183 -1723073393
90.160 191 -1723073393
90.187 182 -1723073393
90.213 175 -1723073393
90.240 174 -1723073393
90.267 159 -1723073393
90.293 148 -1723073393
90.320 144 -1723073393
90.347 128 -1723073393
90.373 123 -1723073393
90.400 123 -1723073393
90.427 115 -1723073393
90.453 122 -1723073393
90.480 129 -1723073393
90.507 128 -1723073393
90.533 137 -1723073393
90.560 139 -1723073393
90.587 140 -1723073393
90.613 157 -1723073393
90.640 166 -1723073393
90.667 173 -1723073393
90.693 195 -1723073393
90.720 202 -1723073393
90.747 207 -1723073393
90.773 222 -1723073393
90.800 227 -1723073393
90.827 236 -1723073393
90.853 253 -1723073393
90.880 256 -1723073393
90.907 267 -1723073393
90.933 276 -1723073393
90.960 272 -1723073393
90.987 282 -1723073393
91.013 290 -1723073393
91.040 293 -1723073393
91.067 308 -1723073393
91.093 318 -1723073393
91.120 321 -1723073393
91.147 332 -1723073393
91.173 332 -1723073393
91.200 332 -1723073393
91.227 342 -1723073393
91.253 344 -1723073393
91.280 348 -1723073393
91.307 354 -1723073393
91.333 350 -1723073393
91.360 350 -1723073393
91.387 351 -1723073393
91.413 349 -1723073393
91.440 350 -1723073393
91.467 343 -1723073393
91.493 330 -1723073393
91.520 326 -1723073393
91.547 322 -1723073393
91.573 315 -1723073393
91.600 316 -1723073393
91.627 310 -1723073393
91.653 301 -1723073393
91.680 300 -1723073393
91.707 292 -1723073393
91.733 289 -1723073393
91.760 299 -1723073393
91.787 298 -1723073393
91.813 302 -1723073393
91.840 310 -1723073393
91.867 313 -1723073393
91.893 329 -1723073393
91.920 339 -1723073393
91.947 344 -1723073393
91.973 354 -1723073393
92.000 355 -1723073393
92.027 350 -1723073393
92.053 357 -1723073393
92.080 358 -1723073393
92.107 354 -1723073393
92.133 355 -1723073393
92.160 346 -1723073393
92.187 343 -1723073393
92.213 342 -1723073393
92.240 332 -1723073393
92.267 330 -1723073393
92.293 327 -1723073393
92.320 320 -1723073393
92.347 323 -1723073393
92.373 327 -1723073393
92.400 332 -1723073393
92.427 339 -1723073393
92.453 333 -1723073393
92.480 327 -1723073393
92.507 327 -1723073393
92.533 321 -1723073393
92.560 325 -1723073393
92.587 332 -1723073393
92.613 335 -1723073393
92.640 352 -1723073393
92.667 368 -1723073393
92.693 377 -1723073393
92.720 389 -1723073393
92.747 396 -1723073393
92.773 407 -1723073393
92.800 417 -1723073393
92.827 419 -1723073393
92.853 427 -1723073393
92.880 431 -1723073393
92.907 432 -1723073393
92.933 433 -1723073393
92.960 427 -1723073393
92.987 419 -1723073393
93.013 410 -1723073393
93.040 398 -1723073393
93.067 390 -1723073393
93.093 381 -1723073393
93.120 367 -1723073393
93.147 361 -1723073393
93.173 355 -1723073393
93.200 352 -1723073393
93.227 352 -1723073393
93.253 344 -1723073393
93.280 341 -1723073393
93.307 340 -1723073393
93.333 329 -1723073393
93.360 324 -1723073393
93.387 318 -1723073393
93.413 315 -1723073393
93.440 325 -1723073393
93.467 322 -1723073393
93.493 320 -1723073393
93.520 328 -1723073393
93.547 328 -1723073393
93.573 332 -1723073393
93.600 332 -1723073393
93.627 326 -1723073393
93.653 333 -1723073393
93.680 331 -1723073393
93.707 329 -1723073393
93.733 335 -1723073393
93.760 335 -1723073393
93.787 341 -1723073393
93.813 341 -1723073393
93.840 335 -1723073393
93.867 337 -1723073393
93.893 332 -1723073393
93.920 326 -1723073393
93.947 327 -1723073393
93.973 322 -1723073393
94.000 328 -1723073393
94.027 330 -1723073393
94.053 323 -1723073393
94.080 321 -1723073393
94.107 313 -1723073393
94.133 310 -1723073393
94.160 314 -1723073393
94.187 307 -1723073393
94.213 305 -1723073393
94.240 305 -1723073393
94.267 305 -1723073393
94.293 312 -1723073393
94.320 310 -1723073393
94.347 305 -1723073393
94.373 303 -1723073393
94.400 293 -1723073393
94.427 295 -1723073393
94.453 298 -1723073393
94.480 304 -1723073393
94.507 314 -1723073393
94.533 314 -1723073393
94.560 319 -1723073393
94.587 322 -1723073393
94.613 320 -1723073393
94.640 328 -1723073393
94.667 328 -1723073393
94.693 330 -1723073393
94.720 334 -1723073393
94.747 331 -1723073393
94.773 337 -1723073393
94.800 337 -1723073393
94.827 337 -1723073393
94.853 342 -1723073393
94.880 337 -1723073393
94.907 335 -1723073393
94.933 338 -1723073393
94.960 338 -1723073393
94.987 341 -1723073393
95.013 335 -1723073393
95.040 326 -1723073393
95.067 316 -1723073393
95.093 305 -1723073393
95.120 302 -1723073393
95.147 294 -1723073393
95.173 283 -1723073393
95.200 271 -1723073393
95.227 252 -1723073393
95.253 250 -1723073393
95.280 250 -1723073393
95.307 248 -1723073393
95.333 251 -1723073393
95.360 248 -1723073393
95.387 253 -1723073393
95.413 259 -1723073393
95.440 260 -1723073393
95.467 265 -1723073393
95.493 255 -1723073393
95.520 246 -1723073393
95.547 239 -1723073393
95.573 233 -1723073393
95.600 237 -1723073393
95.627 235 -1723073393
95.653 238 -1723073393
95.680 239 -1723073393
95.707 234 -1723073393
95.733 230 -1723073393
95.760 215 -1723073393
95.787 201 -1723073393
95.813 186 -1723073393
95.840 174 -1723073393
95.867 169 -1723073393
95.893 156 -1723073393
95.920 152 -1723073393
95.947 152 -1723073393
95.973 146 -1723073393
96.000 148 -1723073393
96.027 146 -1723073393
96.053 152 -1723073393
96.080 152 -1723073393
96.107 144 -1723073393
96.133 149 -1723073393
96.160 147 -1723073393
96.187 152 -1723073393
96.213 154 -1723073393
96.240 154 -1723073393
96.267 163 -1723073393
96.293 164 -1723073393
96.320 174 -1723073393
96.347 180 -1723073393
96.373 181 -1723073393
96.400 189 -1723073393
96.427 185 -1723073393
96.453 192 -1723073393
96.480 196 -1723073393
96.507 196 -1723073393
96.533 196 -1723073393
96.560 186 -1723073393
96.587 176 -1723073393
96.613 157 -1723073393
96.640 143 -1723073393
96.667 124 -1723073393
96.693 105 -1723073393
96.720 104 -1723073393
96.747 91 -1723073393
96.773 90 -1723073393
96.800 87 -1723073393
96.827 83 -1723073393
96.853 80 -1723073393
96.880 69 -1723073393
96.907 75 -1723073393
96.933 70 -1723073393
96.960 70 -1723073393
96.987 72 -1723073393
97.013 66 -1723073393
97.040 75 -1723073393
97.067 71 -1723073393
97.093 75 -1723073393
97.120 72 -1723073393
97.147 66 -1723073393
97.173 72 -1723073393
97.200 67 -1723073393
97.227 76 -1723073393
97.253 65 -1723073393
97.280 59 -1723073393
97.307 52 -1723073393
97.333 42 -1723073393
97.360 46 -1723073393
97.387 37 -1723073393
97.413 42 -1723073393
97.440 37 -1723073393
97.467 32 -1723073393
97.493 28 -1723073393
97.520 22 -1723073393
97.547 24 -1723073393
97.573 13 -1723073393
97.600 17 -1723073393
97.627 17 -1723073393
97.653 20 -1723073393
97.680 21 -1723073393
97.707 22 -1723073393
97.733 35 -1723073393
97.760 31 -1723073393
97.787 38 -1723073393
97.813 32 -1723073393
97.840 38 -1723073393
97.867 44 -1723073393
97.893 51 -1723073393
97.920 63 -1723073393
97.947 62 -1723073393
97.973 74 -1723073393
98.000 73 -1723073393
98.027 88 -1723073393
98.053 104 -1723073393
98.080 115 -1723073393
98.107 114 -1723073393
98.133 112 -1723073393
98.160 119 -1723073393
98.187 122 -1723073393
98.213 131 -1723073393
98.240 127 -1723073393
98.267 134 -1723073393
98.293 129 -1723073393
98.320 130 -1723073393
98.347 125 -1723073393
98.373 116 -1723073393
98.400 113 -1723073393
98.427 103 -1723073393
98.453 98 -1723073393
98.480 86 -1723073393
98.507 78 -1723073393
98.533 65 -1723073393
98.560 56 -1723073393
98.587 39 -1723073393
98.613 29 -1723073393
98.640 22 -1723073393
98.667 18 -1723073393
98.693 19 -1723073393
98.720 16 -1723073393
98.747 22 -1723073393
98.773 16 -1723073393
98.800 14 -1723073393
98.827 9 -1723073393
98.853 14 -1723073393
98.880 10 -1723073393
98.907 6 -1723073393
98.933 0 -1723073393
98.960 -6 -1723073393
98.987 -3 -1723073393
99.013 5 -1723073393
99.040 13 -1723073393
99.067 10 -1723073393
99.093 8 -1723073393
99.120 4 -1723073393
99.147 13 -1723073393
99.173 14 -1723073393
99.200 21 -1723073393
99.227 19 -1723073393
99.253 25 -1723073393
99.280 24 -1723073393
99.307 24 -1723073393
99.333 9 -1723073393
99.360 -1 -1723073393
99.387 -9 -1723073393
99.413 -15 -1723073393
99.440 -20 -1723073393
99.467 -22 -1723073393
99.493 -26 -1723073393
99.520 -28 -1723073393
99.547 -32 -1723073393
99.573 -36 -1723073393
99.600 -32 -1723073393
99.627 -27 -1723073393
99.653 -16 -1723073393
99.680 -11 -1723073393
99.707 -5 -1723073393
99.733 0 -1723073393
99.760 4 -1723073393
99.787 16 -1723073393
99.813 31 -1723073393
99.840 42 -1723073393
99.867 49 -1723073393
99.893 53 -1723073393
99.920 60 -1723073393
99.947 51 -1723073393
99.973 51 -1723073393
100.000 0 -1723073393
