0.000 35 -1723073393
0.027 28 -1723073393
0.053 21 -1723073393
0.080 16 -1723073393
0.107 13 -1723073393
0.133 13 -1723073393
0.160 15 -1723073393
0.187 20 -1723073393
0.213 19 -1723073393
0.240 16 -1723073393
0.267 23 -1723073393
0.293 30 -1723073393
0.320 32 -1723073393
0.347 32 -1723073393
0.373 27 -1723073393
0.400 20 -1723073393
0.427 15 -1723073393
0.453 8 -1723073393
0.480 6 -1723073393
0.507 4 -1723073393
0.533 -2 -1723073393
0.560 -3 -1723073393
0.587 -2 -1723073393
0.613 2 -1723073393
0.640 9 -1723073393
0.667 9 -1723073393
0.693 9 -1723073393
0.720 11 -1723073393
0.747 8 -1723073393
0.773 7 -1723073393
0.800 6 -1723073393
0.827 8 -1723073393
0.853 15 -1723073393
0.880 15 -1723073393
0.907 19 -1723073393
0.933 20 -1723073393
0.960 12 -1723073393
0.987 10 -1723073393
1.013 8 -1723073393
1.040 4 -1723073393
1.067 6 -1723073393
1.093 2 -1723073393
1.120 0 -1723073393
1.147 3 -1723073393
1.173 1 -1723073393
1.200 0 -1723073393
1.227 -3 -1723073393
1.253 -10 -1723073393
1.280 -13 -1723073393
1.307 -18 -1723073393
1.333 -17 -1723073393
1.360 -11 -1723073393
1.387 -11 -1723073393
1.413 -7 -1723073393
1.440 -5 -1723073393
1.467 -5 -1723073393
1.493 0 -1723073393
1.520 0 -1723073393
1.547 0 -1723073393
1.573 1 -1723073393
1.600 0 -1723073393
1.627 -1 -1723073393
1.653 -1 -1723073393
1.680 -6 -1723073393
1.707 -6 -1723073393
1.733 -8 -1723073393
1.760 -10 -1723073393
1.787 -5 -1723073393
1.813 -8 -1723073393
1.840 -13 -1723073393
1.867 -12 -1723073393
1.893 -16 -1723073393
1.920 -17 -1723073393
1.947 -18 -1723073393
1.973 -20 -1723073393
2.000 -12 -1723073393
2.027 -12 -1723073393
2.053 -16 -1723073393
2.080 -15 -1723073393
2.107 -12 -1723073393
2.133 -14 -1723073393
2.160 -7 -1723073393
2.187 -7 -1723073393
2.213 -10 -1723073393
2.240 -13 -1723073393
2.267 -22 -1723073393
2.293 -26 -1723073393
2.320 -31 -1723073393
2.347 -32 -1723073393
2.373 -21 -1723073393
2.400 -10 -1723073393
2.427 -6 -1723073393
2.453 -11 -1723073393
2.480 -18 -1723073393
2.507 -16 -1723073393
2.533 -9 -1723073393
2.560 -8 -1723073393
2.587 -10 -1723073393
2.613 -13 -1723073393
2.640 -22 -1723073393
2.667 -24 -1723073393
2.693 -24 -1723073393
2.720 -22 -1723073393
2.747 -17 -1723073393
2.773 -16 -1723073393
2.800 -21 -1723073393
2.827 -24 -1723073393
2.853 -25 -1723073393
2.880 -19 -1723073393
2.907 -11 -1723073393
2.933 -8 -1723073393
2.960 -4 -1723073393
2.987 0 -1723073393
3.013 3 -1723073393
3.040 2 -1723073393
3.067 0 -1723073393
3.093 -8 -1723073393
3.120 -15 -1723073393
3.147 -15 -1723073393
3.173 -17 -1723073393
3.200 -24 -1723073393
3.227 -26 -1723073393
3.253 -25 -1723073393
3.280 -23 -1723073393
3.307 -25 -1723073393
3.333 -25 -1723073393
3.360 -22 -1723073393
3.387 -20 -1723073393
3.413 -20 -1723073393
3.440 -22 -1723073393
3.467 -25 -1723073393
3.493 -24 -1723073393
3.520 -23 -1723073393
3.547 -21 -1723073393
3.573 -20 -1723073393
3.600 -21 -1723073393
3.627 -23 -1723073393
3.653 -25 -1723073393
3.680 -25 -1723073393
3.707 -22 -1723073393
3.733 -23 -1723073393
3.760 -25 -1723073393
3.787 -18 -1723073393
3.813 -13 -1723073393
3.840 -14 -1723073393
3.867 -16 -1723073393
3.893 -25 -1723073393
3.920 -30 -1723073393
3.947 -29 -1723073393
3.973 -29 -1723073393
4.000 -28 -1723073393
4.027 -26 -1723073393
4.053 -24 -1723073393
4.080 -17 -1723073393
4.107 -18 -1723073393
4.133 -19 -1723073393
4.160 -15 -1723073393
4.187 -13 -1723073393
4.213 -10 -1723073393
4.240 -9 -1723073393
4.267 -12 -1723073393
4.293 -8 -1723073393
4.320 -8 -1723073393
4.347 -7 -1723073393
4.373 -3 -1723073393
4.400 -7 -1723073393
4.427 -14 -1723073393
4.453 -19 -1723073393
4.480 -27 -1723073393
4.507 -26 -1723073393
4.533 -22 -1723073393
4.560 -23 -1723073393
4.587 -24 -1723073393
4.613 -28 -1723073393
4.640 -29 -1723073393
4.667 -24 -1723073393
4.693 -23 -1723073393
4.720 -25 -1723073393
4.747 -22 -1723073393
4.773 -20 -1723073393
4.800 -16 -1723073393
4.827 -19 -1723073393
4.853 -26 -1723073393
4.880 -21 -1723073393
4.907 -17 -1723073393
4.933 -17 -1723073393
4.960 -12 -1723073393
4.987 -18 -1723073393
5.013 -26 -1723073393
5.040 -26 -1723073393
5.067 -34 -1723073393
5.093 -30 -1723073393
5.120 -26 -1723073393
5.147 -31 -1723073393
5.173 -27 -1723073393
5.200 -26 -1723073393
5.227 -25 -1723073393
5.253 -14 -1723073393
5.280 -11 -1723073393
5.307 -10 -1723073393
5.333 -7 -1723073393
5.360 -12 -1723073393
5.387 -12 -1723073393
5.413 -14 -1723073393
5.440 -15 -1723073393
5.467 -2 -1723073393
5.493 -1 -1723073393
5.520 -5 -1723073393
5.547 4 -1723073393
5.573 3 -1723073393
5.600 6 -1723073393
5.627 11 -1723073393
5.653 3 -1723073393
5.680 0 -1723073393
5.707 -7 -1723073393
5.733 -19 -1723073393
5.760 -17 -1723073393
5.787 -17 -1723073393
5.813 -18 -1723073393
5.840 -9 -1723073393
5.867 -12 -1723073393
5.893 -11 -1723073393
5.920 0 -1723073393
5.947 -3 -1723073393
5.973 1 -1723073393
6.000 1 -1723073393
6.027 -9 -1723073393
6.053 -6 -1723073393
6.080 -9 -1723073393
6.107 -14 -1723073393
6.133 -3 -1723073393
6.160 -9 -1723073393
6.187 -12 -1723073393
6.213 -7 -1723073393
6.240 -19 -1723073393
6.267 -18 -1723073393
6.293 -11 -1723073393
6.320 -15 -1723073393
6.347 -7 -1723073393
6.373 -8 -1723073393
6.400 -16 -1723073393
6.427 -9 -1723073393
6.453 -11 -1723073393
6.480 -9 -1723073393
6.507 0 -1723073393
6.533 -5 -1723073393
6.560 -2 -1723073393
6.587 2 -1723073393
6.613 -3 -1723073393
6.640 8 -1723073393
6.667 11 -1723073393
6.693 3 -1723073393
6.720 4 -1723073393
6.747 -3 -1723073393
6.773 -6 -1723073393
6.800 -1 -1723073393
6.827 -10 -1723073393
6.853 -10 -1723073393
6.880 -10 -1723073393
6.907 -24 -1723073393
6.933 -24 -1723073393
6.960 -26 -1723073393
6.987 -32 -1723073393
7.013 -18 -1723073393
7.040 -15 -1723073393
7.067 -15 -1723073393
7.093 -8 -1723073393
7.120 -15 -1723073393
7.147 -16 -1723073393
7.173 -13 -1723073393
7.200 -23 -1723073393
7.227 -21 -1723073393
7.253 -16 -1723073393
7.280 -15 -1723073393
7.307 -3 -1723073393
7.333 -6 -1723073393
7.360 -15 -1723073393
7.387 -15 -1723073393
7.413 -26 -1723073393
7.440 -29 -1723073393
7.467 -20 -1723073393
7.493 -27 -1723073393
7.520 -26 -1723073393
7.547 -21 -1723073393
7.573 -28 -1723073393
7.600 -28 -1723073393
7.627 -33 -1723073393
7.653 -42 -1723073393
7.680 -34 -1723073393
7.707 -38 -1723073393
7.733 -42 -1723073393
7.760 -36 -1723073393
7.787 -39 -1723073393
7.813 -36 -1723073393
7.840 -32 -1723073393
7.867 -41 -1723073393
7.893 -40 -1723073393
7.920 -37 -1723073393
7.947 -37 -1723073393
7.973 -25 -1723073393
8.000 -23 -1723073393
8.027 -22 -1723073393
8.053 -14 -1723073393
8.080 -12 -1723073393
8.107 -11 -1723073393
8.133 -7 -1723073393
8.160 -12 -1723073393
8.187 -13 -1723073393
8.213 -8 -1723073393
8.240 -8 -1723073393
8.267 -5 -1723073393
8.293 -8 -1723073393
8.320 -11 -1723073393
8.347 -9 -1723073393
8.373 -15 -1723073393
8.400 -19 -1723073393
8.427 -16 -1723073393
8.453 -21 -1723073393
8.480 -17 -1723073393
8.507 -12 -1723073393
8.533 -14 -1723073393
8.560 -9 -1723073393
8.587 -4 -1723073393
8.613 -10 -1723073393
8.640 -6 -1723073393
8.667 -7 -1723073393
8.693 -12 -1723073393
8.720 -4 -1723073393
8.747 -4 -1723073393
8.773 -3 -1723073393
8.800 0 -1723073393
8.827 -6 -1723073393
8.853 -8 -1723073393
8.880 -8 -1723073393
8.907 -12 -1723073393
8.933 -9 -1723073393
8.960 -7 -1723073393
8.987 -12 -1723073393
9.013 -5 -1723073393
9.040 -6 -1723073393
9.067 -11 -1723073393
9.093 -8 -1723073393
9.120 -12 -1723073393
9.147 -15 -1723073393
9.173 -16 -1723073393
9.200 -20 -1723073393
9.227 -13 -1723073393
9.253 -4 -1723073393
9.280 -5 -1723073393
9.307 -4 -1723073393
9.333 -9 -1723073393
9.360 -14 -1723073393
9.387 -12 -1723073393
9.413 -15 -1723073393
9.440 -17 -1723073393
9.467 -15 -1723073393
9.493 -18 -1723073393
9.520 -20 -1723073393
9.547 -15 -1723073393
9.573 -17 -1723073393
9.600 -18 -1723073393
9.627 -21 -1723073393
9.653 -29 -1723073393
9.680 -31 -1723073393
9.707 -38 -1723073393
9.733 -45 -1723073393
9.760 -42 -1723073393
9.787 -44 -1723073393
9.813 -42 -1723073393
9.840 -41 -1723073393
9.867 -47 -1723073393
9.893 -46 -1723073393
9.920 -36 -1723073393
9.947 -38 -1723073393
9.973 -42 -1723073393
10.000 -43 -1723073393
10.027 -45 -1723073393
10.053 -40 -1723073393
10.080 -31 -1723073393
10.107 -27 -1723073393
10.133 -20 -1723073393
10.160 -14 -1723073393
10.187 0 -1723073393
10.213 16 -1723073393
10.240 28 -1723073393
10.267 45 -1723073393
10.293 63 -1723073393
10.320 79 -1723073393
10.347 98 -1723073393
10.373 116 -1723073393
10.400 129 -1723073393
10.427 144 -1723073393
10.453 157 -1723073393
10.480 170 -1723073393
10.507 183 -1723073393
10.533 186 -1723073393
10.560 179 -1723073393
10.587 170 -1723073393
10.613 156 -1723073393
10.640 141 -1723073393
10.667 122 -1723073393
10.693 100 -1723073393
10.720 81 -1723073393
10.747 63 -1723073393
10.773 44 -1723073393
10.800 29 -1723073393
10.827 9 -1723073393
10.853 -12 -1723073393
10.880 -28 -1723073393
10.907 -42 -1723073393
10.933 -49 -1723073393
10.960 -50 -1723073393
10.987 -60 -1723073393
11.013 -69 -1723073393
11.040 -71 -1723073393
11.067 -76 -1723073393
11.093 -74 -1723073393
11.120 -71 -1723073393
11.147 -75 -1723073393
11.173 -74 -1723073393
11.200 -80 -1723073393
11.227 -86 -1723073393
11.253 -84 -1723073393
11.280 -88 -1723073393
11.307 -91 -1723073393
11.333 -90 -1723073393
11.360 -99 -1723073393
11.387 -104 -1723073393
11.413 -106 -1723073393
11.440 -108 -1723073393
11.467 -102 -1723073393
11.493 -99 -1723073393
11.520 -103 -1723073393
11.547 -93 -1723073393
11.573 -85 -1723073393
11.600 -76 -1723073393
11.627 -53 -1723073393
11.653 -36 -1723073393
11.680 -18 -1723073393
11.707 7 -1723073393
11.733 19 -1723073393
11.760 35 -1723073393
11.787 54 -1723073393
11.813 62 -1723073393
11.840 72 -1723073393
11.867 82 -1723073393
11.893 79 -1723073393
11.920 85 -1723073393
11.947 89 -1723073393
11.973 79 -1723073393
12.000 74 -1723073393
12.027 58 -1723073393
12.053 37 -1723073393
12.080 28 -1723073393
12.107 16 -1723073393
12.133 12 -1723073393
12.160 17 -1723073393
12.187 16 -1723073393
12.213 20 -1723073393
12.240 26 -1723073393
12.267 33 -1723073393
12.293 56 -1723073393
12.320 80 -1723073393
12.347 97 -1723073393
12.373 125 -1723073393
12.400 150 -1723073393
12.427 174 -1723073393
12.453 206 -1723073393
12.480 227 -1723073393
12.507 243 -1723073393
12.533 260 -1723073393
12.560 263 -1723073393
12.587 262 -1723073393
12.613 258 -1723073393
12.640 242 -1723073393
12.667 222 -1723073393
12.693 199 -1723073393
12.720 168 -1723073393
12.747 136 -1723073393
12.773 105 -1723073393
12.800 72 -1723073393
12.827 42 -1723073393
12.853 10 -1723073393
12.880 -20 -1723073393
12.907 -42 -1723073393
12.933 -73 -1723073393
12.960 -101 -1723073393
12.987 -117 -1723073393
13.013 -137 -1723073393
13.040 -144 -1723073393
13.067 -141 -1723073393
13.093 -144 -1723073393
13.120 -133 -1723073393
13.147 -126 -1723073393
13.173 -125 -1723073393
13.200 -110 -1723073393
13.227 -104 -1723073393
13.253 -103 -1723073393
13.280 -95 -1723073393
13.307 -100 -1723073393
13.333 -102 -1723073393
13.360 -96 -1723073393
13.387 -101 -1723073393
13.413 -95 -1723073393
13.440 -87 -1723073393
13.467 -92 -1723073393
13.493 -87 -1723073393
13.520 -81 -1723073393
13.547 -87 -1723073393
13.573 -82 -1723073393
13.600 -78 -1723073393
13.627 -77 -1723073393
13.653 -54 -1723073393
13.680 -37 -1723073393
13.707 -24 -1723073393
13.733 -1 -1723073393
13.760 7 -1723073393
13.787 20 -1723073393
13.813 43 -1723073393
13.840 52 -1723073393
13.867 61 -1723073393
13.893 73 -1723073393
13.920 66 -1723073393
13.947 65 -1723073393
13.973 60 -1723073393
14.000 42 -1723073393
14.027 34 -1723073393
14.053 18 -1723073393
14.080 -10 -1723073393
14.107 -38 -1723073393
14.133 -78 -1723073393
14.160 -114 -1723073393
14.187 -136 -1723073393
14.213 -166 -1723073393
14.240 -189 -1723073393
14.267 -211 -1723073393
14.293 -245 -1723073393
14.320 -265 -1723073393
14.347 -285 -1723073393
14.373 -315 -1723073393
14.400 -324 -1723073393
14.427 -328 -1723073393
14.453 -341 -1723073393
14.480 -334 -1723073393
14.507 -337 -1723073393
14.533 -346 -1723073393
14.560 -339 -1723073393
14.587 -352 -1723073393
14.613 -364 -1723073393
14.640 -363 -1723073393
14.667 -386 -1723073393
14.693 -395 -1723073393
14.720 -389 -1723073393
14.747 -405 -1723073393
14.773 -405 -1723073393
14.800 -401 -1723073393
14.827 -417 -1723073393
14.853 -414 -1723073393
14.880 -420 -1723073393
14.907 -439 -1723073393
14.933 -440 -1723073393
14.960 -449 -1723073393
14.987 -457 -1723073393
15.013 -442 -1723073393
15.040 -441 -1723073393
15.067 -438 -1723073393
15.093 -423 -1723073393
15.120 -432 -1723073393
15.147 -429 -1723073393
15.173 -418 -1723073393
15.200 -426 -1723073393
15.227 -416 -1723073393
15.253 -407 -1723073393
15.280 -414 -1723073393
15.307 -400 -1723073393
15.333 -394 -1723073393
15.360 -408 -1723073393
15.387 -410 -1723073393
15.413 -431 -1723073393
15.440 -456 -1723073393
15.467 -457 -1723073393
15.493 -477 -1723073393
15.520 -500 -1723073393
15.547 -511 -1723073393
15.573 -551 -1723073393
15.600 -581 -1723073393
15.627 -602 -1723073393
15.653 -647 -1723073393
15.680 -671 -1723073393
15.707 -694 -1723073393
15.733 -741 -1723073393
15.760 -763 -1723073393
15.787 -795 -1723073393
15.813 -847 -1723073393
15.840 -869 -1723073393
15.867 -909 -1723073393
15.893 -958 -1723073393
15.920 -971 -1723073393
15.947 -1009 -1723073393
15.973 -1046 -1723073393
16.000 -1043 -1723073393
16.027 -1065 -1723073393
16.053 -1066 -1723073393
16.080 -1027 -1723073393
16.107 -1008 -1723073393
16.133 -946 -1723073393
16.160 -845 -1723073393
16.187 -747 -1723073393
16.213 -576 -1723073393
16.240 -359 -1723073393
16.267 -119 -1723073393
16.293 212 -1723073393
16.320 602 -1723073393
16.347 1031 -1723073393
16.373 1540 -1723073393
16.400 2100 -1723073393
16.427 2696 -1723073393
16.453 3346 -1723073393
16.480 4008 -1723073393
16.507 4646 -1723073393
16.533 5242 -1723073393
16.560 5821 -1723073393
16.587 6293 -1723073393
16.613 6626 -1723073393
16.640 6924 -1723073393
16.667 7002 -1723073393
16.693 6904 -1723073393
16.720 6780 -1723073393
16.747 6372 -1723073393
16.773 5847 -1723073393
16.800 5334 -1723073393
16.827 4567 -1723073393
16.853 3766 -1723073393
16.880 3032 -1723073393
16.907 2144 -1723073393
16.933 1319 -1723073393
16.960 577 -1723073393
16.987 -224 -1723073393
17.013 -915 -1723073393
17.040 -1509 -1723073393
17.067 -2062 -1723073393
17.093 -2534 -1723073393
17.120 -2909 -1723073393
17.147 -3182 -1723073393
17.173 -3424 -1723073393
17.200 -3550 -1723073393
17.227 -3594 -1723073393
17.253 -3675 -1723073393
17.280 -3640 -1723073393
17.307 -3578 -1723073393
17.333 -3588 -1723073393
17.360 -3489 -1723073393
17.387 -3408 -1723073393
17.413 -3405 -1723073393
17.440 -3301 -1723073393
17.467 -3245 -1723073393
17.493 -3241 -1723073393
17.520 -3146 -1723073393
17.547 -3132 -1723073393
17.573 -3141 -1723073393
17.600 -3069 -1723073393
17.627 -3085 -1723073393
17.653 -3089 -1723073393
17.680 -3011 -1723073393
17.707 -3008 -1723073393
17.733 -2951 -1723073393
17.760 -2827 -1723073393
17.787 -2775 -1723073393
17.813 -2637 -1723073393
17.840 -2451 -1723073393
17.867 -2317 -1723073393
17.893 -2085 -1723073393
17.920 -1834 -1723073393
17.947 -1636 -1723073393
17.973 -1345 -1723073393
18.000 -1061 -1723073393
18.027 -817 -1723073393
18.053 -492 -1723073393
18.080 -191 -1723073393
18.107 80 -1723073393
18.133 397 -1723073393
18.160 698 -1723073393
18.187 999 -1723073393
18.213 1331 -1723073393
18.240 1677 -1723073393
18.267 2058 -1723073393
18.293 2494 -1723073393
18.320 3023 -1723073393
18.347 3613 -1723073393
18.373 4285 -1723073393
18.400 5092 -1723073393
18.427 5966 -1723073393
18.453 6954 -1723073393
18.480 8064 -1723073393
18.507 9132 -1723073393
18.533 10267 -1723073393
18.560 11490 -1723073393
18.587 12517 -1723073393
18.613 13525 -1723073393
18.640 14512 -1723073393
18.667 15063 -1723073393
18.693 15582 -1723073393
18.720 16000 -1723073393
18.747 15797 -1723073393
18.773 15634 -1723073393
18.800 15286 -1723073393
18.827 14302 -1723073393
18.853 13474 -1723073393
18.880 12451 -1723073393
18.907 10951 -1723073393
18.933 9725 -1723073393
18.960 8330 -1723073393
18.987 6630 -1723073393
19.013 5295 -1723073393
19.040 3864 -1723073393
19.067 2349 -1723073393
19.093 1138 -1723073393
19.120 -96 -1723073393
19.147 -1257 -1723073393
19.173 -2194 -1723073393
19.200 -3051 -1723073393
19.227 -3815 -1723073393
19.253 -4472 -1723073393
19.280 -4942 -1723073393
19.307 -5353 -1723073393
19.333 -5727 -1723073393
19.360 -5886 -1723073393
19.387 -6072 -1723073393
19.413 -6247 -1723073393
19.440 -6203 -1723073393
19.467 -6252 -1723073393
19.493 -6290 -1723073393
19.520 -6130 -1723073393
19.547 -6126 -1723073393
19.573 -6098 -1723073393
19.600 -5909 -1723073393
19.627 -5891 -1723073393
19.653 -5811 -1723073393
19.680 -5613 -1723073393
19.707 -5589 -1723073393
19.733 -5467 -1723073393
19.760 -5259 -1723073393
19.787 -5218 -1723073393
19.813 -5050 -1723073393
19.840 -4846 -1723073393
19.867 -4794 -1723073393
19.893 -4602 -1723073393
19.920 -4409 -1723073393
19.947 -4350 -1723073393
19.973 -4145 -1723073393
20.000 -3974 -1723073393
20.027 -3911 -1723073393
20.053 -3713 -1723073393
20.080 -3590 -1723073393
20.107 -3553 -1723073393
20.133 -3407 -1723073393
20.160 -3363 -1723073393
20.187 -3381 -1723073393
20.213 -3307 -1723073393
20.240 -3344 -1723073393
20.267 -3419 -1723073393
20.293 -3425 -1723073393
20.320 -3550 -1723073393
20.347 -3675 -1723073393
20.373 -3736 -1723073393
20.400 -3929 -1723073393
20.427 -4103 -1723073393
20.453 -4226 -1723073393
20.480 -4474 -1723073393
20.507 -4661 -1723073393
20.533 -4810 -1723073393
20.560 -5086 -1723073393
20.587 -5265 -1723073393
20.613 -5410 -1723073393
20.640 -5671 -1723073393
20.667 -5785 -1723073393
20.693 -5884 -1723073393
20.720 -6093 -1723073393
20.747 -6094 -1723073393
20.773 -6096 -1723073393
20.800 -6183 -1723073393
20.827 -6025 -1723073393
20.853 -5893 -1723073393
20.880 -5817 -1723073393
20.907 -5481 -1723073393
20.933 -5209 -1723073393
20.960 -4974 -1723073393
20.987 -4497 -1723073393
21.013 -4129 -1723073393
21.040 -3781 -1723073393
21.067 -3246 -1723073393
21.093 -2837 -1723073393
21.120 -2431 -1723073393
21.147 -1913 -1723073393
21.173 -1530 -1723073393
21.200 -1159 -1723073393
21.227 -735 -1723073393
21.253 -416 -1723073393
21.280 -121 -1723073393
21.307 179 -1723073393
21.333 406 -1723073393
21.360 608 -1723073393
21.387 798 -1723073393
21.413 936 -1723073393
21.440 1044 -1723073393
21.467 1138 -1723073393
21.493 1214 -1723073393
21.520 1258 -1723073393
21.547 1292 -1723073393
21.573 1330 -1723073393
21.600 1336 -1723073393
21.627 1343 -1723073393
21.653 1366 -1723073393
21.680 1364 -1723073393
21.707 1380 -1723073393
21.733 1415 -1723073393
21.760 1429 -1723073393
21.787 1457 -1723073393
21.813 1490 -1723073393
21.840 1491 -1723073393
21.867 1506 -1723073393
21.893 1522 -1723073393
21.920 1500 -1723073393
21.947 1488 -1723073393
21.973 1475 -1723073393
22.000 1421 -1723073393
22.027 1380 -1723073393
22.053 1328 -1723073393
22.080 1244 -1723073393
22.107 1183 -1723073393
22.133 1117 -1723073393
22.160 1033 -1723073393
22.187 975 -1723073393
22.213 921 -1723073393
22.240 868 -1723073393
22.267 842 -1723073393
22.293 829 -1723073393
22.320 833 -1723073393
22.347 872 -1723073393
22.373 935 -1723073393
22.400 1019 -1723073393
22.427 1131 -1723073393
22.453 1258 -1723073393
22.480 1401 -1723073393
22.507 1558 -1723073393
22.533 1711 -1723073393
22.560 1870 -1723073393
22.587 2035 -1723073393
22.613 2156 -1723073393
22.640 2271 -1723073393
22.667 2395 -1723073393
22.693 2458 -1723073393
22.720 2520 -1723073393
22.747 2592 -1723073393
22.773 2591 -1723073393
22.800 2599 -1723073393
22.827 2618 -1723073393
22.853 2553 -1723073393
22.880 2512 -1723073393
22.907 2485 -1723073393
22.933 2386 -1723073393
22.960 2322 -1723073393
22.987 2269 -1723073393
23.013 2154 -1723073393
23.040 2088 -1723073393
23.067 2037 -1723073393
23.093 1936 -1723073393
23.120 1883 -1723073393
23.147 1835 -1723073393
23.173 1743 -1723073393
23.200 1695 -1723073393
23.227 1646 -1723073393
23.253 1558 -1723073393
23.280 1504 -1723073393
23.307 1442 -1723073393
23.333 1358 -1723073393
23.360 1306 -1723073393
23.387 1238 -1723073393
23.413 1147 -1723073393
23.440 1088 -1723073393
23.467 1016 -1723073393
23.493 930 -1723073393
23.520 870 -1723073393
23.547 799 -1723073393
23.573 720 -1723073393
23.600 659 -1723073393
23.627 599 -1723073393
23.653 537 -1723073393
23.680 487 -1723073393
23.707 437 -1723073393
23.733 391 -1723073393
23.760 349 -1723073393
23.787 309 -1723073393
23.813 278 -1723073393
23.840 252 -1723073393
23.867 230 -1723073393
23.893 213 -1723073393
23.920 202 -1723073393
23.947 208 -1723073393
23.973 222 -1723073393
24.000 238 -1723073393
24.027 268 -1723073393
24.053 302 -1723073393
24.080 332 -1723073393
24.107 370 -1723073393
24.133 410 -1723073393
24.160 449 -1723073393
24.187 497 -1723073393
24.213 543 -1723073393
24.240 585 -1723073393
24.267 622 -1723073393
24.293 649 -1723073393
24.320 667 -1723073393
24.347 671 -1723073393
24.373 668 -1723073393
24.400 653 -1723073393
24.427 620 -1723073393
24.453 589 -1723073393
24.480 563 -1723073393
24.507 526 -1723073393
24.533 494 -1723073393
24.560 473 -1723073393
24.587 450 -1723073393
24.613 432 -1723073393
24.640 419 -1723073393
24.667 411 -1723073393
24.693 403 -1723073393
24.720 394 -1723073393
24.747 384 -1723073393
24.773 371 -1723073393
24.800 356 -1723073393
24.827 339 -1723073393
24.853 315 -1723073393
24.880 283 -1723073393
24.907 245 -1723073393
24.933 199 -1723073393
24.960 148 -1723073393
24.987 99 -1723073393
25.013 48 -1723073393
25.040 3 -1723073393
25.067 -35 -1723073393
25.093 -73 -1723073393
25.120 -100 -1723073393
25.147 -118 -1723073393
25.173 -138 -1723073393
25.200 -141 -1723073393
25.227 -130 -1723073393
25.253 -121 -1723073393
25.280 -94 -1723073393
25.307 -64 -1723073393
25.333 -46 -1723073393
25.360 -18 -1723073393
25.387 9 -1723073393
25.413 17 -1723073393
25.440 34 -1723073393
25.467 45 -1723073393
25.493 38 -1723073393
25.520 38 -1723073393
25.547 32 -1723073393
25.573 14 -1723073393
25.600 0 -1723073393
25.627 -25 -1723073393
25.653 -62 -1723073393
25.680 -93 -1723073393
25.707 -128 -1723073393
25.733 -171 -1723073393
25.760 -196 -1723073393
25.787 -218 -1723073393
25.813 -243 -1723073393
25.840 -245 -1723073393
25.867 -246 -1723073393
25.893 -246 -1723073393
25.920 -215 -1723073393
25.947 -184 -1723073393
25.973 -152 -1723073393
26.000 -94 -1723073393
26.027 -38 -1723073393
26.053 13 -1723073393
26.080 80 -1723073393
26.107 134 -1723073393
26.133 179 -1723073393
26.160 230 -1723073393
26.187 266 -1723073393
26.213 293 -1723073393
26.240 318 -1723073393
26.267 326 -1723073393
26.293 319 -1723073393
26.320 300 -1723073393
26.347 270 -1723073393
26.373 241 -1723073393
26.400 213 -1723073393
26.427 178 -1723073393
26.453 140 -1723073393
26.480 111 -1723073393
26.507 79 -1723073393
26.533 47 -1723073393
26.560 20 -1723073393
26.587 -12 -1723073393
26.613 -40 -1723073393
26.640 -57 -1723073393
26.667 -75 -1723073393
26.693 -92 -1723073393
26.720 -98 -1723073393
26.747 -109 -1723073393
26.773 -110 -1723073393
26.800 -99 -1723073393
26.827 -102 -1723073393
26.853 -106 -1723073393
26.880 -103 -1723073393
26.907 -114 -1723073393
26.933 -125 -1723073393
26.960 -128 -1723073393
26.987 -144 -1723073393
27.013 -152 -1723073393
27.040 -152 -1723073393
27.067 -169 -1723073393
27.093 -174 -1723073393
27.120 -166 -1723073393
27.147 -170 -1723073393
27.173 -163 -1723073393
27.200 -148 -1723073393
27.227 -145 -1723073393
27.253 -126 -1723073393
27.280 -101 -1723073393
27.307 -98 -1723073393
27.333 -85 -1723073393
27.360 -68 -1723073393
27.387 -66 -1723073393
27.413 -58 -1723073393
27.440 -50 -1723073393
27.467 -53 -1723073393
27.493 -46 -1723073393
27.520 -44 -1723073393
27.547 -59 -1723073393
27.573 -68 -1723073393
27.600 -74 -1723073393
27.627 -88 -1723073393
27.653 -89 -1723073393
27.680 -85 -1723073393
27.707 -94 -1723073393
27.733 -95 -1723073393
27.760 -95 -1723073393
27.787 -106 -1723073393
27.813 -103 -1723073393
27.840 -93 -1723073393
27.867 -90 -1723073393
27.893 -75 -1723073393
27.920 -54 -1723073393
27.947 -38 -1723073393
27.973 -13 -1723073393
28.000 8 -1723073393
28.027 26 -1723073393
28.053 59 -1723073393
28.080 89 -1723073393
28.107 117 -1723073393
28.133 157 -1723073393
28.160 193 -1723073393
28.187 222 -1723073393
28.213 252 -1723073393
28.240 276 -1723073393
28.267 292 -1723073393
28.293 304 -1723073393
28.320 307 -1723073393
28.347 298 -1723073393
28.373 282 -1723073393
28.400 258 -1723073393
28.427 234 -1723073393
28.453 215 -1723073393
28.480 191 -1723073393
28.507 169 -1723073393
28.533 154 -1723073393
28.560 134 -1723073393
28.587 105 -1723073393
28.613 82 -1723073393
28.640 56 -1723073393
28.667 29 -1723073393
28.693 13 -1723073393
28.720 -8 -1723073393
28.747 -31 -1723073393
28.773 -34 -1723073393
28.800 -33 -1723073393
28.827 -26 -1723073393
28.853 3 -1723073393
28.880 35 -1723073393
28.907 62 -1723073393
28.933 99 -1723073393
28.960 132 -1723073393
28.987 159 -1723073393
29.013 188 -1723073393
29.040 207 -1723073393
29.067 218 -1723073393
29.093 225 -1723073393
29.120 218 -1723073393
29.147 201 -1723073393
29.173 178 -1723073393
29.200 145 -1723073393
29.227 105 -1723073393
29.253 67 -1723073393
29.280 28 -1723073393
29.307 -13 -1723073393
29.333 -49 -1723073393
29.360 -91 -1723073393
29.387 -130 -1723073393
29.413 -147 -1723073393
29.440 -165 -1723073393
29.467 -176 -1723073393
29.493 -165 -1723073393
29.520 -158 -1723073393
29.547 -148 -1723073393
29.573 -111 -1723073393
29.600 -84 -1723073393
29.627 -62 -1723073393
29.653 -16 -1723073393
29.680 23 -1723073393
29.707 59 -1723073393
29.733 106 -1723073393
29.760 138 -1723073393
29.787 161 -1723073393
29.813 191 -1723073393
29.840 214 -1723073393
29.867 225 -1723073393
29.893 238 -1723073393
29.920 248 -1723073393
29.947 255 -1723073393
29.973 264 -1723073393
30.000 266 -1723073393
30.027 261 -1723073393
30.053 260 -1723073393
30.080 261 -1723073393
30.107 266 -1723073393
30.133 273 -1723073393
30.160 273 -1723073393
30.187 270 -1723073393
30.213 271 -1723073393
30.240 269 -1723073393
30.267 266 -1723073393
30.293 264 -1723073393
30.320 255 -1723073393
30.347 238 -1723073393
30.373 220 -1723073393
30.400 196 -1723073393
30.427 170 -1723073393
30.453 146 -1723073393
30.480 121 -1723073393
30.507 97 -1723073393
30.533 74 -1723073393
30.560 47 -1723073393
30.587 23 -1723073393
30.613 6 -1723073393
30.640 -14 -1723073393
30.667 -33 -1723073393
30.693 -29 -1723073393
30.720 -26 -1723073393
30.747 -26 -1723073393
30.773 -15 -1723073393
30.800 -8 -1723073393
30.827 -3 -1723073393
30.853 16 -1723073393
30.880 33 -1723073393
30.907 40 -1723073393
30.933 57 -1723073393
30.960 66 -1723073393
30.987 64 -1723073393
31.013 71 -1723073393
31.040 71 -1723073393
31.067 61 -1723073393
31.093 60 -1723073393
31.120 52 -1723073393
31.147 35 -1723073393
31.173 24 -1723073393
31.200 9 -1723073393
31.227 -11 -1723073393
31.253 -19 -1723073393
31.280 -26 -1723073393
31.307 -36 -1723073393
31.333 -34 -1723073393
31.360 -32 -1723073393
31.387 -36 -1723073393
31.413 -30 -1723073393
31.440 -25 -1723073393
31.467 -26 -1723073393
31.493 -13 -1723073393
31.520 1 -1723073393
31.547 10 -1723073393
31.573 34 -1723073393
31.600 59 -1723073393
31.627 76 -1723073393
31.653 108 -1723073393
31.680 143 -1723073393
31.707 167 -1723073393
31.733 202 -1723073393
31.760 238 -1723073393
31.787 259 -1723073393
31.813 282 -1723073393
31.840 298 -1723073393
31.867 302 -1723073393
31.893 305 -1723073393
31.920 304 -1723073393
31.947 290 -1723073393
31.973 272 -1723073393
32.000 248 -1723073393
32.027 216 -1723073393
32.053 185 -1723073393
32.080 154 -1723073393
32.107 119 -1723073393
32.133 92 -1723073393
32.160 68 -1723073393
32.187 36 -1723073393
32.213 12 -1723073393
32.240 -2 -1723073393
32.267 -25 -1723073393
32.293 -37 -1723073393
32.320 -39 -1723073393
32.347 -49 -1723073393
32.373 -49 -1723073393
32.400 -34 -1723073393
32.427 -31 -1723073393
32.453 -20 -1723073393
32.480 5 -1723073393
32.507 20 -1723073393
32.533 42 -1723073393
32.560 71 -1723073393
32.587 86 -1723073393
32.613 99 -1723073393
32.640 119 -1723073393
32.667 128 -1723073393
32.693 135 -1723073393
32.720 144 -1723073393
32.747 137 -1723073393
32.773 126 -1723073393
32.800 116 -1723073393
32.827 94 -1723073393
32.853 67 -1723073393
32.880 51 -1723073393
32.907 29 -1723073393
32.933 1 -1723073393
32.960 -18 -1723073393
32.987 -42 -1723073393
33.013 -70 -1723073393
33.040 -82 -1723073393
33.067 -99 -1723073393
33.093 -119 -1723073393
33.120 -121 -1723073393
33.147 -126 -1723073393
33.173 -131 -1723073393
33.200 -112 -1723073393
33.227 -90 -1723073393
33.253 -71 -1723073393
33.280 -29 -1723073393
33.307 15 -1723073393
33.333 48 -1723073393
33.360 95 -1723073393
33.387 143 -1723073393
33.413 177 -1723073393
33.440 219 -1723073393
33.467 258 -1723073393
33.493 284 -1723073393
33.520 314 -1723073393
33.547 338 -1723073393
33.573 352 -1723073393
33.600 360 -1723073393
33.627 359 -1723073393
33.653 349 -1723073393
33.680 340 -1723073393
33.707 331 -1723073393
33.733 324 -1723073393
33.760 325 -1723073393
33.787 326 -1723073393
33.813 324 -1723073393
33.840 322 -1723073393
33.867 322 -1723073393
33.893 320 -1723073393
33.920 323 -1723073393
33.947 323 -1723073393
33.973 316 -1723073393
34.000 305 -1723073393
34.027 292 -1723073393
34.053 267 -1723073393
34.080 238 -1723073393
34.107 212 -1723073393
34.133 183 -1723073393
34.160 156 -1723073393
34.187 135 -1723073393
34.213 109 -1723073393
34.240 84 -1723073393
34.267 71 -1723073393
34.293 67 -1723073393
34.320 69 -1723073393
34.347 85 -1723073393
34.373 108 -1723073393
34.400 137 -1723073393
34.427 178 -1723073393
34.453 214 -1723073393
34.480 240 -1723073393
34.507 271 -1723073393
34.533 295 -1723073393
34.560 307 -1723073393
34.587 316 -1723073393
34.613 317 -1723073393
34.640 302 -1723073393
34.667 280 -1723073393
34.693 248 -1723073393
34.720 204 -1723073393
34.747 153 -1723073393
34.773 98 -1723073393
34.800 36 -1723073393
34.827 -23 -1723073393
34.853 -77 -1723073393
34.880 -125 -1723073393
34.907 -157 -1723073393
34.933 -171 -1723073393
34.960 -177 -1723073393
34.987 -165 -1723073393
35.013 -134 -1723073393
35.040 -107 -1723073393
35.067 -65 -1723073393
35.093 -5 -1723073393
35.120 44 -1723073393
35.147 99 -1723073393
35.173 167 -1723073393
35.200 226 -1723073393
35.227 277 -1723073393
35.253 331 -1723073393
35.280 371 -1723073393
35.307 403 -1723073393
35.333 439 -1723073393
35.360 467 -1723073393
35.387 485 -1723073393
35.413 496 -1723073393
35.440 498 -1723073393
35.467 498 -1723073393
35.493 496 -1723073393
35.520 484 -1723073393
35.547 462 -1723073393
35.573 431 -1723073393
35.600 391 -1723073393
35.627 350 -1723073393
35.653 306 -1723073393
35.680 259 -1723073393
35.707 213 -1723073393
35.733 169 -1723073393
35.760 127 -1723073393
35.787 87 -1723073393
35.813 55 -1723073393
35.840 27 -1723073393
35.867 0 -1723073393
35.893 -12 -1723073393
35.920 -4 -1723073393
35.947 -4 -1723073393
35.973 5 -1723073393
36.000 31 -1723073393
36.027 45 -1723073393
36.053 58 -1723073393
36.080 89 -1723073393
36.107 108 -1723073393
36.133 126 -1723073393
36.160 160 -1723073393
36.187 186 -1723073393
36.213 203 -1723073393
36.240 228 -1723073393
36.267 249 -1723073393
36.293 258 -1723073393
36.320 268 -1723073393
36.347 273 -1723073393
36.373 262 -1723073393
36.400 249 -1723073393
36.427 235 -1723073393
36.453 212 -1723073393
36.480 192 -1723073393
36.507 171 -1723073393
36.533 140 -1723073393
36.560 116 -1723073393
36.587 97 -1723073393
36.613 69 -1723073393
36.640 49 -1723073393
36.667 40 -1723073393
36.693 27 -1723073393
36.720 25 -1723073393
36.747 38 -1723073393
36.773 39 -1723073393
36.800 43 -1723073393
36.827 67 -1723073393
36.853 85 -1723073393
36.880 107 -1723073393
36.907 149 -1723073393
36.933 190 -1723073393
36.960 222 -1723073393
36.987 267 -1723073393
37.013 304 -1723073393
37.040 330 -1723073393
37.067 363 -1723073393
37.093 388 -1723073393
37.120 399 -1723073393
37.147 409 -1723073393
37.173 415 -1723073393
37.200 411 -1723073393
37.227 402 -1723073393
37.253 393 -1723073393
37.280 384 -1723073393
37.307 375 -1723073393
37.333 368 -1723073393
37.360 357 -1723073393
37.387 342 -1723073393
37.413 331 -1723073393
37.440 318 -1723073393
37.467 305 -1723073393
37.493 300 -1723073393
37.520 293 -1723073393
37.547 281 -1723073393
37.573 272 -1723073393
37.600 258 -1723073393
37.627 242 -1723073393
37.653 234 -1723073393
37.680 226 -1723073393
37.707 216 -1723073393
37.733 216 -1723073393
37.760 211 -1723073393
37.787 197 -1723073393
37.813 188 -1723073393
37.840 181 -1723073393
37.867 168 -1723073393
37.893 167 -1723073393
37.920 178 -1723073393
37.947 186 -1723073393
37.973 204 -1723073393
38.000 229 -1723073393
38.027 242 -1723073393
38.053 259 -1723073393
38.080 281 -1723073393
38.107 286 -1723073393
38.133 288 -1723073393
38.160 294 -1723073393
38.187 290 -1723073393
38.213 274 -1723073393
38.240 258 -1723073393
38.267 233 -1723073393
38.293 202 -1723073393
38.320 170 -1723073393
38.347 128 -1723073393
38.373 76 -1723073393
38.400 32 -1723073393
38.427 -8 -1723073393
38.453 -51 -1723073393
38.480 -78 -1723073393
38.507 -98 -1723073393
38.533 -121 -1723073393
38.560 -123 -1723073393
38.587 -107 -1723073393
38.613 -97 -1723073393
38.640 -74 -1723073393
38.667 -29 -1723073393
38.693 7 -1723073393
38.720 51 -1723073393
38.747 112 -1723073393
38.773 156 -1723073393
38.800 193 -1723073393
38.827 238 -1723073393
38.853 271 -1723073393
38.880 287 -1723073393
38.907 307 -1723073393
38.933 318 -1723073393
38.960 318 -1723073393
38.987 319 -1723073393
39.013 317 -1723073393
39.040 306 -1723073393
39.067 294 -1723073393
39.093 278 -1723073393
39.120 255 -1723073393
39.147 234 -1723073393
39.173 219 -1723073393
39.200 203 -1723073393
39.227 191 -1723073393
39.253 192 -1723073393
39.280 188 -1723073393
39.307 185 -1723073393
39.333 189 -1723073393
39.360 187 -1723073393
39.387 177 -1723073393
39.413 178 -1723073393
39.440 177 -1723073393
39.467 173 -1723073393
39.493 181 -1723073393
39.520 191 -1723073393
39.547 190 -1723073393
39.573 196 -1723073393
39.600 208 -1723073393
39.627 211 -1723073393
39.653 214 -1723073393
39.680 220 -1723073393
39.707 214 -1723073393
39.733 200 -1723073393
39.760 194 -1723073393
39.787 181 -1723073393
39.813 165 -1723073393
39.840 153 -1723073393
39.867 137 -1723073393
39.893 116 -1723073393
39.920 103 -1723073393
39.947 86 -1723073393
39.973 63 -1723073393
40.000 47 -1723073393
40.027 26 -1723073393
40.053 -1 -1723073393
40.080 -16 -1723073393
40.107 -25 -1723073393
40.133 -37 -1723073393
40.160 -31 -1723073393
40.187 -16 -1723073393
40.213 -12 -1723073393
40.240 1 -1723073393
40.267 26 -1723073393
40.293 39 -1723073393
40.320 56 -1723073393
40.347 85 -1723073393
40.373 105 -1723073393
40.400 124 -1723073393
40.427 152 -1723073393
40.453 173 -1723073393
40.480 189 -1723073393
40.507 215 -1723073393
40.533 236 -1723073393
40.560 242 -1723073393
40.587 250 -1723073393
40.613 257 -1723073393
40.640 252 -1723073393
40.667 248 -1723073393
40.693 246 -1723073393
40.720 236 -1723073393
40.747 232 -1723073393
40.773 233 -1723073393
40.800 229 -1723073393
40.827 227 -1723073393
40.853 231 -1723073393
40.880 230 -1723073393
40.907 229 -1723073393
40.933 235 -1723073393
40.960 235 -1723073393
40.987 229 -1723073393
41.013 229 -1723073393
41.040 226 -1723073393
41.067 214 -1723073393
41.093 206 -1723073393
41.120 193 -1723073393
41.147 170 -1723073393
41.173 151 -1723073393
41.200 139 -1723073393
41.227 124 -1723073393
41.253 112 -1723073393
41.280 108 -1723073393
41.307 98 -1723073393
41.333 85 -1723073393
41.360 76 -1723073393
41.387 60 -1723073393
41.413 42 -1723073393
41.440 39 -1723073393
41.467 37 -1723073393
41.493 30 -1723073393
41.520 31 -1723073393
41.547 34 -1723073393
41.573 25 -1723073393
41.600 27 -1723073393
41.627 35 -1723073393
41.653 32 -1723073393
41.680 38 -1723073393
41.707 54 -1723073393
41.733 52 -1723073393
41.760 45 -1723073393
41.787 53 -1723073393
41.813 51 -1723073393
41.840 37 -1723073393
41.867 37 -1723073393
41.893 30 -1723073393
41.920 10 -1723073393
41.947 3 -1723073393
41.973 -3 -1723073393
42.000 -23 -1723073393
42.027 -31 -1723073393
42.053 -25 -1723073393
42.080 -35 -1723073393
42.107 -45 -1723073393
42.133 -40 -1723073393
42.160 -38 -1723073393
42.187 -32 -1723073393
42.213 -7 -1723073393
42.240 9 -1723073393
42.267 20 -1723073393
42.293 47 -1723073393
42.320 71 -1723073393
42.347 84 -1723073393
42.373 107 -1723073393
42.400 128 -1723073393
42.427 131 -1723073393
42.453 135 -1723073393
42.480 138 -1723073393
42.507 125 -1723073393
42.533 109 -1723073393
42.560 101 -1723073393
42.587 90 -1723073393
42.613 81 -1723073393
42.640 84 -1723073393
42.667 79 -1723073393
42.693 68 -1723073393
42.720 65 -1723073393
42.747 58 -1723073393
42.773 49 -1723073393
42.800 52 -1723073393
42.827 57 -1723073393
42.853 51 -1723073393
42.880 55 -1723073393
42.907 70 -1723073393
42.933 72 -1723073393
42.960 73 -1723073393
42.987 82 -1723073393
43.013 81 -1723073393
43.040 74 -1723073393
43.067 78 -1723073393
43.093 79 -1723073393
43.120 74 -1723073393
43.147 79 -1723073393
43.173 84 -1723073393
43.200 79 -1723073393
43.227 77 -1723073393
43.253 74 -1723073393
43.280 56 -1723073393
43.307 39 -1723073393
43.333 32 -1723073393
43.360 19 -1723073393
43.387 5 -1723073393
43.413 5 -1723073393
43.440 0 -1723073393
43.467 -7 -1723073393
43.493 -4 -1723073393
43.520 -8 -1723073393
43.547 -31 -1723073393
43.573 -46 -1723073393
43.600 -60 -1723073393
43.627 -82 -1723073393
43.653 -89 -1723073393
43.680 -85 -1723073393
43.707 -94 -1723073393
43.733 -97 -1723073393
43.760 -85 -1723073393
43.787 -85 -1723073393
43.813 -89 -1723073393
43.840 -71 -1723073393
43.867 -59 -1723073393
43.893 -63 -1723073393
43.920 -50 -1723073393
43.947 -37 -1723073393
43.973 -42 -1723073393
44.000 -40 -1723073393
44.027 -31 -1723073393
44.053 -37 -1723073393
44.080 -39 -1723073393
44.107 -34 -1723073393
44.133 -45 -1723073393
44.160 -58 -1723073393
44.187 -56 -1723073393
44.213 -63 -1723073393
44.240 -72 -1723073393
44.267 -58 -1723073393
44.293 -42 -1723073393
44.320 -38 -1723073393
44.347 -18 -1723073393
44.373 11 -1723073393
44.400 30 -1723073393
44.427 61 -1723073393
44.453 103 -1723073393
44.480 129 -1723073393
44.507 156 -1723073393
44.533 196 -1723073393
44.560 221 -1723073393
44.587 234 -1723073393
44.613 254 -1723073393
44.640 268 -1723073393
44.667 267 -1723073393
44.693 267 -1723073393
44.720 260 -1723073393
44.747 240 -1723073393
44.773 222 -1723073393
44.800 205 -1723073393
44.827 176 -1723073393
44.853 146 -1723073393
44.880 119 -1723073393
44.907 83 -1723073393
44.933 53 -1723073393
44.960 38 -1723073393
44.987 22 -1723073393
45.013 4 -1723073393
45.040 4 -1723073393
45.067 8 -1723073393
45.093 2 -1723073393
45.120 10 -1723073393
45.147 28 -1723073393
45.173 30 -1723073393
45.200 36 -1723073393
45.227 52 -1723073393
45.253 52 -1723073393
45.280 46 -1723073393
45.307 55 -1723073393
45.333 59 -1723073393
45.360 52 -1723073393
45.387 53 -1723073393
45.413 56 -1723073393
45.440 43 -1723073393
45.467 40 -1723073393
45.493 47 -1723073393
45.520 44 -1723073393
45.547 43 -1723073393
45.573 53 -1723073393
45.600 49 -1723073393
45.627 42 -1723073393
45.653 55 -1723073393
45.680 66 -1723073393
45.707 66 -1723073393
45.733 78 -1723073393
45.760 86 -1723073393
45.787 77 -1723073393
45.813 78 -1723073393
45.840 85 -1723073393
45.867 79 -1723073393
45.893 75 -1723073393
45.920 79 -1723073393
45.947 69 -1723073393
45.973 57 -1723073393
46.000 64 -1723073393
46.027 68 -1723073393
46.053 61 -1723073393
46.080 69 -1723073393
46.107 81 -1723073393
46.133 84 -1723073393
46.160 99 -1723073393
46.187 124 -1723073393
46.213 138 -1723073393
46.240 150 -1723073393
46.267 175 -1723073393
46.293 193 -1723073393
46.320 201 -1723073393
46.347 216 -1723073393
46.373 228 -1723073393
46.400 233 -1723073393
46.427 246 -1723073393
46.453 261 -1723073393
46.480 266 -1723073393
46.507 269 -1723073393
46.533 271 -1723073393
46.560 263 -1723073393
46.587 251 -1723073393
46.613 242 -1723073393
46.640 230 -1723073393
46.667 216 -1723073393
46.693 205 -1723073393
46.720 188 -1723073393
46.747 162 -1723073393
46.773 139 -1723073393
46.800 121 -1723073393
46.827 97 -1723073393
46.853 80 -1723073393
46.880 73 -1723073393
46.907 57 -1723073393
46.933 41 -1723073393
46.960 36 -1723073393
46.987 23 -1723073393
47.013 7 -1723073393
47.040 7 -1723073393
47.067 9 -1723073393
47.093 7 -1723073393
47.120 21 -1723073393
47.147 43 -1723073393
47.173 53 -1723073393
47.200 71 -1723073393
47.227 104 -1723073393
47.253 127 -1723073393
47.280 149 -1723073393
47.307 181 -1723073393
47.333 207 -1723073393
47.360 224 -1723073393
47.387 243 -1723073393
47.413 256 -1723073393
47.440 257 -1723073393
47.467 262 -1723073393
47.493 268 -1723073393
47.520 262 -1723073393
47.547 250 -1723073393
47.573 239 -1723073393
47.600 223 -1723073393
47.627 205 -1723073393
47.653 194 -1723073393
47.680 185 -1723073393
47.707 170 -1723073393
47.733 156 -1723073393
47.760 146 -1723073393
47.787 137 -1723073393
47.813 135 -1723073393
47.840 141 -1723073393
47.867 142 -1723073393
47.893 149 -1723073393
47.920 171 -1723073393
47.947 193 -1723073393
47.973 220 -1723073393
48.000 263 -1723073393
48.027 307 -1723073393
48.053 338 -1723073393
48.080 370 -1723073393
48.107 401 -1723073393
48.133 424 -1723073393
48.160 446 -1723073393
48.187 467 -1723073393
48.213 484 -1723073393
48.240 496 -1723073393
48.267 502 -1723073393
48.293 503 -1723073393
48.320 502 -1723073393
48.347 496 -1723073393
48.373 485 -1723073393
48.400 474 -1723073393
48.427 459 -1723073393
48.453 439 -1723073393
48.480 420 -1723073393
48.507 401 -1723073393
48.533 382 -1723073393
48.560 362 -1723073393
48.587 341 -1723073393
48.613 328 -1723073393
48.640 317 -1723073393
48.667 309 -1723073393
48.693 310 -1723073393
48.720 315 -1723073393
48.747 312 -1723073393
48.773 313 -1723073393
48.800 321 -1723073393
48.827 322 -1723073393
48.853 323 -1723073393
48.880 334 -1723073393
48.907 343 -1723073393
48.933 347 -1723073393
48.960 356 -1723073393
48.987 357 -1723073393
49.013 347 -1723073393
49.040 339 -1723073393
49.067 332 -1723073393
49.093 321 -1723073393
49.120 310 -1723073393
49.147 304 -1723073393
49.173 292 -1723073393
49.200 276 -1723073393
49.227 268 -1723073393
49.253 259 -1723073393
49.280 247 -1723073393
49.307 243 -1723073393
49.333 243 -1723073393
49.360 236 -1723073393
49.387 232 -1723073393
49.413 236 -1723073393
49.440 235 -1723073393
49.467 233 -1723073393
49.493 242 -1723073393
49.520 243 -1723073393
49.547 238 -1723073393
49.573 241 -1723073393
49.600 245 -1723073393
49.627 243 -1723073393
49.653 249 -1723073393
49.680 259 -1723073393
49.707 256 -1723073393
49.733 254 -1723073393
49.760 263 -1723073393
49.787 264 -1723073393
49.813 262 -1723073393
49.840 268 -1723073393
49.867 272 -1723073393
49.893 269 -1723073393
49.920 271 -1723073393
49.947 277 -1723073393
49.973 275 -1723073393
50.000 274 -1723073393
50.027 279 -1723073393
50.053 278 -1723073393
50.080 273 -1723073393
50.107 273 -1723073393
50.133 263 -1723073393
50.160 241 -1723073393
50.187 225 -1723073393
50.213 209 -1723073393
50.240 183 -1723073393
50.267 154 -1723073393
50.293 121 -1723073393
50.320 77 -1723073393
50.347 37 -1723073393
50.373 6 -1723073393
50.400 -32 -1723073393
50.427 -74 -1723073393
50.453 -100 -1723073393
50.480 -123 -1723073393
50.507 -153 -1723073393
50.533 -165 -1723073393
50.560 -165 -1723073393
50.587 -180 -1723073393
50.613 -183 -1723073393
50.640 -162 -1723073393
50.667 -155 -1723073393
50.693 -156 -1723073393
50.720 -133 -1723073393
50.747 -111 -1723073393
50.773 -105 -1723073393
50.800 -87 -1723073393
50.827 -68 -1723073393
50.853 -71 -1723073393
50.880 -69 -1723073393
50.907 -52 -1723073393
50.933 -54 -1723073393
50.960 -61 -1723073393
50.987 -48 -1723073393
51.013 -40 -1723073393
51.040 -46 -1723073393
51.067 -35 -1723073393
51.093 -23 -1723073393
51.120 -30 -1723073393
51.147 -27 -1723073393
51.173 -9 -1723073393
51.200 -7 -1723073393
51.227 -7 -1723073393
51.253 6 -1723073393
51.280 7 -1723073393
51.307 1 -1723073393
51.333 15 -1723073393
51.360 30 -1723073393
51.387 35 -1723073393
51.413 59 -1723073393
51.440 94 -1723073393
51.467 116 -1723073393
51.493 146 -1723073393
51.520 191 -1723073393
51.547 223 -1723073393
51.573 245 -1723073393
51.600 278 -1723073393
51.627 306 -1723073393
51.653 319 -1723073393
51.680 335 -1723073393
51.707 349 -1723073393
51.733 353 -1723073393
51.760 352 -1723073393
51.787 351 -1723073393
51.813 343 -1723073393
51.840 330 -1723073393
51.867 318 -1723073393
51.893 299 -1723073393
51.920 274 -1723073393
51.947 254 -1723073393
51.973 235 -1723073393
52.000 213 -1723073393
52.027 196 -1723073393
52.053 184 -1723073393
52.080 171 -1723073393
52.107 161 -1723073393
52.133 157 -1723073393
52.160 149 -1723073393
52.187 142 -1723073393
52.213 148 -1723073393
52.240 157 -1723073393
52.267 159 -1723073393
52.293 165 -1723073393
52.320 174 -1723073393
52.347 173 -1723073393
52.373 177 -1723073393
52.400 190 -1723073393
52.427 192 -1723073393
52.453 190 -1723073393
52.480 200 -1723073393
52.507 206 -1723073393
52.533 202 -1723073393
52.560 206 -1723073393
52.587 210 -1723073393
52.613 202 -1723073393
52.640 196 -1723073393
52.667 199 -1723073393
52.693 191 -1723073393
52.720 178 -1723073393
52.747 170 -1723073393
52.773 156 -1723073393
52.800 136 -1723073393
52.827 129 -1723073393
52.853 125 -1723073393
52.880 111 -1723073393
52.907 105 -1723073393
52.933 109 -1723073393
52.960 100 -1723073393
52.987 93 -1723073393
53.013 106 -1723073393
53.040 116 -1723073393
53.067 115 -1723073393
53.093 125 -1723073393
53.120 140 -1723073393
53.147 140 -1723073393
53.173 145 -1723073393
53.200 161 -1723073393
53.227 169 -1723073393
53.253 174 -1723073393
53.280 188 -1723073393
53.307 195 -1723073393
53.333 194 -1723073393
53.360 202 -1723073393
53.387 212 -1723073393
53.413 211 -1723073393
53.440 212 -1723073393
53.467 217 -1723073393
53.493 215 -1723073393
53.520 217 -1723073393
53.547 229 -1723073393
53.573 237 -1723073393
53.600 240 -1723073393
53.627 248 -1723073393
53.653 258 -1723073393
53.680 261 -1723073393
53.707 268 -1723073393
53.733 276 -1723073393
53.760 272 -1723073393
53.787 269 -1723073393
53.813 274 -1723073393
53.840 271 -1723073393
53.867 255 -1723073393
53.893 243 -1723073393
53.920 228 -1723073393
53.947 204 -1723073393
53.973 183 -1723073393
54.000 164 -1723073393
54.027 136 -1723073393
54.053 105 -1723073393
54.080 81 -1723073393
54.107 51 -1723073393
54.133 24 -1723073393
54.160 16 -1723073393
54.187 8 -1723073393
54.213 -9 -1723073393
54.240 -10 -1723073393
54.267 -5 -1723073393
54.293 -13 -1723073393
54.320 -15 -1723073393
54.347 -5 -1723073393
54.373 -10 -1723073393
54.400 -16 -1723073393
54.427 0 -1723073393
54.453 10 -1723073393
54.480 10 -1723073393
54.507 21 -1723073393
54.533 30 -1723073393
54.560 15 -1723073393
54.587 9 -1723073393
54.613 17 -1723073393
54.640 12 -1723073393
54.667 9 -1723073393
54.693 23 -1723073393
54.720 24 -1723073393
54.747 13 -1723073393
54.773 21 -1723073393
54.800 33 -1723073393
54.827 31 -1723073393
54.853 42 -1723073393
54.880 64 -1723073393
54.907 69 -1723073393
54.933 79 -1723073393
54.960 109 -1723073393
54.987 131 -1723073393
55.013 146 -1723073393
55.040 182 -1723073393
55.067 218 -1723073393
55.093 238 -1723073393
55.120 269 -1723073393
55.147 310 -1723073393
55.173 333 -1723073393
55.200 354 -1723073393
55.227 384 -1723073393
55.253 407 -1723073393
55.280 426 -1723073393
55.307 449 -1723073393
55.333 465 -1723073393
55.360 469 -1723073393
55.387 473 -1723073393
55.413 478 -1723073393
55.440 478 -1723073393
55.467 477 -1723073393
55.493 477 -1723073393
55.520 475 -1723073393
55.547 474 -1723073393
55.573 478 -1723073393
55.600 485 -1723073393
55.627 492 -1723073393
55.653 498 -1723073393
55.680 503 -1723073393
55.707 507 -1723073393
55.733 512 -1723073393
55.760 515 -1723073393
55.787 513 -1723073393
55.813 509 -1723073393
55.840 506 -1723073393
55.867 499 -1723073393
55.893 484 -1723073393
55.920 465 -1723073393
55.947 446 -1723073393
55.973 422 -1723073393
56.000 395 -1723073393
56.027 371 -1723073393
56.053 345 -1723073393
56.080 316 -1723073393
56.107 289 -1723073393
56.133 261 -1723073393
56.160 232 -1723073393
56.187 212 -1723073393
56.213 197 -1723073393
56.240 183 -1723073393
56.267 178 -1723073393
56.293 179 -1723073393
56.320 167 -1723073393
56.347 153 -1723073393
56.373 149 -1723073393
56.400 137 -1723073393
56.427 120 -1723073393
56.453 120 -1723073393
56.480 115 -1723073393
56.507 95 -1723073393
56.533 86 -1723073393
56.560 85 -1723073393
56.587 71 -1723073393
56.613 58 -1723073393
56.640 53 -1723073393
56.667 38 -1723073393
56.693 20 -1723073393
56.720 16 -1723073393
56.747 5 -1723073393
56.773 -12 -1723073393
56.800 -17 -1723073393
56.827 -16 -1723073393
56.853 -29 -1723073393
56.880 -33 -1723073393
56.907 -21 -1723073393
56.933 -23 -1723073393
56.960 -27 -1723073393
56.987 -13 -1723073393
57.013 -7 -1723073393
57.040 -10 -1723073393
57.067 3 -1723073393
57.093 20 -1723073393
57.120 21 -1723073393
57.147 35 -1723073393
57.173 61 -1723073393
57.200 69 -1723073393
57.227 80 -1723073393
57.253 111 -1723073393
57.280 133 -1723073393
57.307 144 -1723073393
57.333 170 -1723073393
57.360 198 -1723073393
57.387 212 -1723073393
57.413 230 -1723073393
57.440 250 -1723073393
57.467 257 -1723073393
57.493 264 -1723073393
57.520 283 -1723073393
57.547 296 -1723073393
57.573 296 -1723073393
57.600 302 -1723073393
57.627 307 -1723073393
57.653 300 -1723073393
57.680 298 -1723073393
57.707 304 -1723073393
57.733 302 -1723073393
57.760 300 -1723073393
57.787 309 -1723073393
57.813 317 -1723073393
57.840 321 -1723073393
57.867 334 -1723073393
57.893 346 -1723073393
57.920 354 -1723073393
57.947 364 -1723073393
57.973 380 -1723073393
58.000 395 -1723073393
58.027 407 -1723073393
58.053 427 -1723073393
58.080 444 -1723073393
58.107 456 -1723073393
58.133 471 -1723073393
58.160 485 -1723073393
58.187 491 -1723073393
58.213 492 -1723073393
58.240 496 -1723073393
58.267 500 -1723073393
58.293 501 -1723073393
58.320 501 -1723073393
58.347 503 -1723073393
58.373 506 -1723073393
58.400 515 -1723073393
58.427 526 -1723073393
58.453 536 -1723073393
58.480 548 -1723073393
58.507 566 -1723073393
58.533 582 -1723073393
58.560 592 -1723073393
58.587 597 -1723073393
58.613 601 -1723073393
58.640 599 -1723073393
58.667 595 -1723073393
58.693 596 -1723073393
58.720 597 -1723073393
58.747 594 -1723073393
58.773 591 -1723073393
58.800 591 -1723073393
58.827 591 -1723073393
58.853 593 -1723073393
58.880 597 -1723073393
58.907 598 -1723073393
58.933 593 -1723073393
58.960 589 -1723073393
58.987 587 -1723073393
59.013 581 -1723073393
59.040 576 -1723073393
59.067 570 -1723073393
59.093 557 -1723073393
59.120 542 -1723073393
59.147 526 -1723073393
59.173 510 -1723073393
59.200 498 -1723073393
59.227 486 -1723073393
59.253 470 -1723073393
59.280 457 -1723073393
59.307 447 -1723073393
59.333 434 -1723073393
59.360 419 -1723073393
59.387 411 -1723073393
59.413 400 -1723073393
59.440 380 -1723073393
59.467 365 -1723073393
59.493 348 -1723073393
59.520 321 -1723073393
59.547 295 -1723073393
59.573 271 -1723073393
59.600 240 -1723073393
59.627 208 -1723073393
59.653 180 -1723073393
59.680 148 -1723073393
59.707 118 -1723073393
59.733 100 -1723073393
59.760 83 -1723073393
59.787 61 -1723073393
59.813 47 -1723073393
59.840 35 -1723073393
59.867 17 -1723073393
59.893 7 -1723073393
59.920 9 -1723073393
59.947 7 -1723073393
59.973 2 -1723073393
60.000 11 -1723073393
60.027 15 -1723073393
60.053 7 -1723073393
60.080 11 -1723073393
60.107 20 -1723073393
60.133 15 -1723073393
60.160 12 -1723073393
60.187 20 -1723073393
60.213 17 -1723073393
60.240 7 -1723073393
60.267 9 -1723073393
60.293 7 -1723073393
60.320 -10 -1723073393
60.347 -22 -1723073393
60.373 -30 -1723073393
60.400 -50 -1723073393
60.427 -68 -1723073393
60.453 -72 -1723073393
60.480 -86 -1723073393
60.507 -104 -1723073393
60.533 -106 -1723073393
60.560 -106 -1723073393
60.587 -117 -1723073393
60.613 -109 -1723073393
60.640 -94 -1723073393
60.667 -96 -1723073393
60.693 -97 -1723073393
60.720 -85 -1723073393
60.747 -90 -1723073393
60.773 -105 -1723073393
60.800 -100 -1723073393
60.827 -95 -1723073393
60.853 -106 -1723073393
60.880 -104 -1723073393
60.907 -94 -1723073393
60.933 -104 -1723073393
60.960 -115 -1723073393
60.987 -111 -1723073393
61.013 -122 -1723073393
61.040 -146 -1723073393
61.067 -152 -1723073393
61.093 -156 -1723073393
61.120 -179 -1723073393
61.147 -188 -1723073393
61.173 -186 -1723073393
61.200 -206 -1723073393
61.227 -227 -1723073393
61.253 -226 -1723073393
61.280 -236 -1723073393
61.307 -260 -1723073393
61.333 -260 -1723073393
61.360 -251 -1723073393
61.387 -260 -1723073393
61.413 -258 -1723073393
61.440 -241 -1723073393
61.467 -244 -1723073393
61.493 -249 -1723073393
61.520 -232 -1723073393
61.547 -225 -1723073393
61.573 -232 -1723073393
61.600 -215 -1723073393
61.627 -194 -1723073393
61.653 -192 -1723073393
61.680 -178 -1723073393
61.707 -147 -1723073393
61.733 -136 -1723073393
61.760 -134 -1723073393
61.787 -111 -1723073393
61.813 -94 -1723073393
61.840 -91 -1723073393
61.867 -74 -1723073393
61.893 -54 -1723073393
61.920 -54 -1723073393
61.947 -48 -1723073393
61.973 -29 -1723073393
62.000 -28 -1723073393
62.027 -36 -1723073393
62.053 -27 -1723073393
62.080 -22 -1723073393
62.107 -35 -1723073393
62.133 -35 -1723073393
62.160 -29 -1723073393
62.187 -41 -1723073393
62.213 -51 -1723073393
62.240 -47 -1723073393
62.267 -55 -1723073393
62.293 -69 -1723073393
62.320 -68 -1723073393
62.347 -74 -1723073393
62.373 -97 -1723073393
62.400 -104 -1723073393
62.427 -100 -1723073393
62.453 -114 -1723073393
62.480 -124 -1723073393
62.507 -111 -1723073393
62.533 -110 -1723073393
62.560 -122 -1723073393
62.587 -116 -1723073393
62.613 -109 -1723073393
62.640 -117 -1723073393
62.667 -109 -1723073393
62.693 -86 -1723073393
62.720 -85 -1723073393
62.747 -88 -1723073393
62.773 -70 -1723073393
62.800 -63 -1723073393
62.827 -69 -1723073393
62.853 -59 -1723073393
62.880 -51 -1723073393
62.907 -65 -1723073393
62.933 -69 -1723073393
62.960 -60 -1723073393
62.987 -72 -1723073393
63.013 -87 -1723073393
63.040 -86 -1723073393
63.067 -92 -1723073393
63.093 -113 -1723073393
63.120 -121 -1723073393
63.147 -129 -1723073393
63.173 -158 -1723073393
63.200 -180 -1723073393
63.227 -188 -1723073393
63.253 -210 -1723073393
63.280 -233 -1723073393
63.307 -232 -1723073393
63.333 -234 -1723073393
63.360 -251 -1723073393
63.387 -243 -1723073393
63.413 -221 -1723073393
63.440 -221 -1723073393
63.467 -212 -1723073393
63.493 -184 -1723073393
63.520 -171 -1723073393
63.547 -164 -1723073393
63.573 -132 -1723073393
63.600 -103 -1723073393
63.627 -95 -1723073393
63.653 -76 -1723073393
63.680 -45 -1723073393
63.707 -35 -1723073393
63.733 -27 -1723073393
63.760 -6 -1723073393
63.787 -1 -1723073393
63.813 -12 -1723073393
63.840 -14 -1723073393
63.867 -17 -1723073393
63.893 -39 -1723073393
63.920 -56 -1723073393
63.947 -62 -1723073393
63.973 -84 -1723073393
64.000 -110 -1723073393
64.027 -117 -1723073393
64.053 -130 -1723073393
64.080 -155 -1723073393
64.107 -158 -1723073393
64.133 -152 -1723073393
64.160 -158 -1723073393
64.187 -153 -1723073393
64.213 -130 -1723073393
64.240 -117 -1723073393
64.267 -109 -1723073393
64.293 -80 -1723073393
64.320 -53 -1723073393
64.347 -40 -1723073393
64.373 -12 -1723073393
64.400 17 -1723073393
64.427 24 -1723073393
64.453 35 -1723073393
64.480 63 -1723073393
64.507 77 -1723073393
64.533 81 -1723073393
64.560 96 -1723073393
64.587 108 -1723073393
64.613 106 -1723073393
64.640 110 -1723073393
64.667 116 -1723073393
64.693 103 -1723073393
64.720 84 -1723073393
64.747 79 -1723073393
64.773 72 -1723073393
64.800 56 -1723073393
64.827 51 -1723073393
64.853 49 -1723073393
64.880 37 -1723073393
64.907 33 -1723073393
64.933 39 -1723073393
64.960 31 -1723073393
64.987 16 -1723073393
65.013 17 -1723073393
65.040 17 -1723073393
65.067 12 -1723073393
65.093 20 -1723073393
65.120 38 -1723073393
65.147 43 -1723073393
65.173 50 -1723073393
65.200 68 -1723073393
65.227 75 -1723073393
65.253 82 -1723073393
65.280 111 -1723073393
65.307 142 -1723073393
65.333 159 -1723073393
65.360 181 -1723073393
65.387 209 -1723073393
65.413 220 -1723073393
65.440 230 -1723073393
65.467 256 -1723073393
65.493 274 -1723073393
65.520 281 -1723073393
65.547 298 -1723073393
65.573 314 -1723073393
65.600 317 -1723073393
65.627 321 -1723073393
65.653 329 -1723073393
65.680 327 -1723073393
65.707 319 -1723073393
65.733 317 -1723073393
65.760 308 -1723073393
65.787 292 -1723073393
65.813 283 -1723073393
65.840 276 -1723073393
65.867 261 -1723073393
65.893 249 -1723073393
65.920 245 -1723073393
65.947 236 -1723073393
65.973 226 -1723073393
66.000 223 -1723073393
66.027 216 -1723073393
66.053 203 -1723073393
66.080 201 -1723073393
66.107 206 -1723073393
66.133 201 -1723073393
66.160 202 -1723073393
66.187 214 -1723073393
66.213 222 -1723073393
66.240 226 -1723073393
66.267 243 -1723073393
66.293 259 -1723073393
66.320 258 -1723073393
66.347 265 -1723073393
66.373 278 -1723073393
66.400 280 -1723073393
66.427 279 -1723073393
66.453 286 -1723073393
66.480 283 -1723073393
66.507 270 -1723073393
66.533 269 -1723073393
66.560 269 -1723073393
66.587 259 -1723073393
66.613 256 -1723073393
66.640 258 -1723073393
66.667 249 -1723073393
66.693 241 -1723073393
66.720 245 -1723073393
66.747 243 -1723073393
66.773 234 -1723073393
66.800 236 -1723073393
66.827 247 -1723073393
66.853 252 -1723073393
66.880 264 -1723073393
66.907 288 -1723073393
66.933 307 -1723073393
66.960 325 -1723073393
66.987 352 -1723073393
67.013 378 -1723073393
67.040 398 -1723073393
67.067 423 -1723073393
67.093 448 -1723073393
67.120 464 -1723073393
67.147 483 -1723073393
67.173 507 -1723073393
67.200 522 -1723073393
67.227 533 -1723073393
67.253 546 -1723073393
67.280 554 -1723073393
67.307 555 -1723073393
67.333 553 -1723073393
67.360 546 -1723073393
67.387 532 -1723073393
67.413 516 -1723073393
67.440 500 -1723073393
67.467 480 -1723073393
67.493 457 -1723073393
67.520 433 -1723073393
67.547 409 -1723073393
67.573 387 -1723073393
67.600 369 -1723073393
67.627 355 -1723073393
67.653 342 -1723073393
67.680 331 -1723073393
67.707 322 -1723073393
67.733 316 -1723073393
67.760 312 -1723073393
67.787 315 -1723073393
67.813 319 -1723073393
67.840 321 -1723073393
67.867 326 -1723073393
67.893 333 -1723073393
67.920 333 -1723073393
67.947 331 -1723073393
67.973 334 -1723073393
68.000 336 -1723073393
68.027 329 -1723073393
68.053 324 -1723073393
68.080 320 -1723073393
68.107 308 -1723073393
68.133 295 -1723073393
68.160 290 -1723073393
68.187 285 -1723073393
68.213 276 -1723073393
68.240 274 -1723073393
68.267 268 -1723073393
68.293 252 -1723073393
68.320 240 -1723073393
68.347 236 -1723073393
68.373 227 -1723073393
68.400 220 -1723073393
68.427 225 -1723073393
68.453 231 -1723073393
68.480 228 -1723073393
68.507 228 -1723073393
68.533 230 -1723073393
68.560 226 -1723073393
68.587 229 -1723073393
68.613 242 -1723073393
68.640 249 -1723073393
68.667 252 -1723073393
68.693 263 -1723073393
68.720 279 -1723073393
68.747 289 -1723073393
68.773 302 -1723073393
68.800 319 -1723073393
68.827 327 -1723073393
68.853 334 -1723073393
68.880 346 -1723073393
68.907 355 -1723073393
68.933 361 -1723073393
68.960 371 -1723073393
68.987 383 -1723073393
69.013 386 -1723073393
69.040 385 -1723073393
69.067 385 -1723073393
69.093 385 -1723073393
69.120 387 -1723073393
69.147 388 -1723073393
69.173 384 -1723073393
69.200 380 -1723073393
69.227 377 -1723073393
69.253 376 -1723073393
69.280 371 -1723073393
69.307 363 -1723073393
69.333 354 -1723073393
69.360 344 -1723073393
69.387 332 -1723073393
69.413 319 -1723073393
69.440 307 -1723073393
69.467 293 -1723073393
69.493 283 -1723073393
69.520 271 -1723073393
69.547 254 -1723073393
69.573 237 -1723073393
69.600 224 -1723073393
69.627 210 -1723073393
69.653 196 -1723073393
69.680 191 -1723073393
69.707 187 -1723073393
69.733 177 -1723073393
69.760 174 -1723073393
69.787 179 -1723073393
69.813 173 -1723073393
69.840 168 -1723073393
69.867 175 -1723073393
69.893 179 -1723073393
69.920 176 -1723073393
69.947 184 -1723073393
69.973 196 -1723073393
70.000 201 -1723073393
70.027 209 -1723073393
70.053 226 -1723073393
70.080 236 -1723073393
70.107 242 -1723073393
70.133 258 -1723073393
70.160 274 -1723073393
70.187 284 -1723073393
70.213 300 -1723073393
70.240 317 -1723073393
70.267 323 -1723073393
70.293 325 -1723073393
70.320 333 -1723073393
70.347 335 -1723073393
70.373 328 -1723073393
70.400 322 -1723073393
70.427 314 -1723073393
70.453 302 -1723073393
70.480 296 -1723073393
70.507 296 -1723073393
70.533 292 -1723073393
70.560 285 -1723073393
70.587 287 -1723073393
70.613 290 -1723073393
70.640 288 -1723073393
70.667 288 -1723073393
70.693 291 -1723073393
70.720 293 -1723073393
70.747 296 -1723073393
70.773 298 -1723073393
70.800 294 -1723073393
70.827 292 -1723073393
70.853 297 -1723073393
70.880 299 -1723073393
70.907 297 -1723073393
70.933 302 -1723073393
70.960 308 -1723073393
70.987 305 -1723073393
71.013 303 -1723073393
71.040 312 -1723073393
71.067 321 -1723073393
71.093 326 -1723073393
71.120 334 -1723073393
71.147 341 -1723073393
71.173 343 -1723073393
71.200 348 -1723073393
71.227 360 -1723073393
71.253 364 -1723073393
71.280 365 -1723073393
71.307 369 -1723073393
71.333 367 -1723073393
71.360 362 -1723073393
71.387 363 -1723073393
71.413 362 -1723073393
71.440 353 -1723073393
71.467 341 -1723073393
71.493 332 -1723073393
71.520 317 -1723073393
71.547 303 -1723073393
71.573 295 -1723073393
71.600 286 -1723073393
71.627 272 -1723073393
71.653 261 -1723073393
71.680 254 -1723073393
71.707 245 -1723073393
71.733 238 -1723073393
71.760 239 -1723073393
71.787 238 -1723073393
71.813 234 -1723073393
71.840 238 -1723073393
71.867 242 -1723073393
71.893 240 -1723073393
71.920 243 -1723073393
71.947 249 -1723073393
71.973 247 -1723073393
72.000 244 -1723073393
72.027 249 -1723073393
72.053 247 -1723073393
72.080 240 -1723073393
72.107 241 -1723073393
72.133 241 -1723073393
72.160 234 -1723073393
72.187 232 -1723073393
72.213 239 -1723073393
72.240 235 -1723073393
72.267 228 -1723073393
72.293 234 -1723073393
72.320 236 -1723073393
72.347 230 -1723073393
72.373 233 -1723073393
72.400 245 -1723073393
72.427 246 -1723073393
72.453 249 -1723073393
72.480 263 -1723073393
72.507 271 -1723073393
72.533 275 -1723073393
72.560 289 -1723073393
72.587 296 -1723073393
72.613 290 -1723073393
72.640 289 -1723073393
72.667 292 -1723073393
72.693 283 -1723073393
72.720 272 -1723073393
72.747 270 -1723073393
72.773 265 -1723073393
72.800 257 -1723073393
72.827 254 -1723073393
72.853 252 -1723073393
72.880 245 -1723073393
72.907 243 -1723073393
72.933 245 -1723073393
72.960 242 -1723073393
72.987 235 -1723073393
73.013 231 -1723073393
73.040 226 -1723073393
73.067 217 -1723073393
73.093 216 -1723073393
73.120 216 -1723073393
73.147 206 -1723073393
73.173 202 -1723073393
73.200 210 -1723073393
73.227 212 -1723073393
73.253 209 -1723073393
73.280 214 -1723073393
73.307 215 -1723073393
73.333 209 -1723073393
73.360 214 -1723073393
73.387 228 -1723073393
73.413 236 -1723073393
73.440 245 -1723073393
73.467 259 -1723073393
73.493 269 -1723073393
73.520 276 -1723073393
73.547 290 -1723073393
73.573 301 -1723073393
73.600 304 -1723073393
73.627 312 -1723073393
73.653 321 -1723073393
73.680 320 -1723073393
73.707 311 -1723073393
73.733 305 -1723073393
73.760 297 -1723073393
73.787 292 -1723073393
73.813 289 -1723073393
73.840 283 -1723073393
73.867 269 -1723073393
73.893 255 -1723073393
73.920 242 -1723073393
73.947 229 -1723073393
73.973 215 -1723073393
74.000 204 -1723073393
74.027 193 -1723073393
74.053 180 -1723073393
74.080 177 -1723073393
74.107 176 -1723073393
74.133 166 -1723073393
74.160 161 -1723073393
74.187 164 -1723073393
74.213 166 -1723073393
74.240 167 -1723073393
74.267 176 -1723073393
74.293 182 -1723073393
74.320 185 -1723073393
74.347 192 -1723073393
74.373 201 -1723073393
74.400 207 -1723073393
74.427 215 -1723073393
74.453 227 -1723073393
74.480 234 -1723073393
74.507 234 -1723073393
74.533 241 -1723073393
74.560 248 -1723073393
74.587 248 -1723073393
74.613 253 -1723073393
74.640 260 -1723073393
74.667 262 -1723073393
74.693 266 -1723073393
74.720 274 -1723073393
74.747 273 -1723073393
74.773 266 -1723073393
74.800 265 -1723073393
74.827 262 -1723073393
74.853 252 -1723073393
74.880 248 -1723073393
74.907 250 -1723073393
74.933 249 -1723073393
74.960 250 -1723073393
74.987 261 -1723073393
75.013 268 -1723073393
75.040 269 -1723073393
75.067 275 -1723073393
75.093 280 -1723073393
75.120 280 -1723073393
75.147 283 -1723073393
75.173 289 -1723073393
75.200 287 -1723073393
75.227 282 -1723073393
75.253 280 -1723073393
75.280 275 -1723073393
75.307 270 -1723073393
75.333 271 -1723073393
75.360 274 -1723073393
75.387 270 -1723073393
75.413 269 -1723073393
75.440 273 -1723073393
75.467 275 -1723073393
75.493 277 -1723073393
75.520 279 -1723073393
75.547 276 -1723073393
75.573 270 -1723073393
75.600 271 -1723073393
75.627 272 -1723073393
75.653 266 -1723073393
75.680 259 -1723073393
75.707 252 -1723073393
75.733 237 -1723073393
75.760 219 -1723073393
75.787 203 -1723073393
75.813 182 -1723073393
75.840 157 -1723073393
75.867 137 -1723073393
75.893 117 -1723073393
75.920 94 -1723073393
75.947 84 -1723073393
75.973 82 -1723073393
76.000 71 -1723073393
76.027 67 -1723073393
76.053 80 -1723073393
76.080 91 -1723073393
76.107 99 -1723073393
76.133 117 -1723073393
76.160 137 -1723073393
76.187 150 -1723073393
76.213 171 -1723073393
76.240 199 -1723073393
76.267 218 -1723073393
76.293 238 -1723073393
76.320 264 -1723073393
76.347 282 -1723073393
76.373 294 -1723073393
76.400 311 -1723073393
76.427 322 -1723073393
76.453 326 -1723073393
76.480 333 -1723073393
76.507 341 -1723073393
76.533 343 -1723073393
76.560 343 -1723073393
76.587 345 -1723073393
76.613 342 -1723073393
76.640 336 -1723073393
76.667 333 -1723073393
76.693 330 -1723073393
76.720 327 -1723073393
76.747 328 -1723073393
76.773 329 -1723073393
76.800 329 -1723073393
76.827 332 -1723073393
76.853 337 -1723073393
76.880 337 -1723073393
76.907 334 -1723073393
76.933 333 -1723073393
76.960 331 -1723073393
76.987 326 -1723073393
77.013 326 -1723073393
77.040 331 -1723073393
77.067 336 -1723073393
77.093 340 -1723073393
77.120 349 -1723073393
77.147 352 -1723073393
77.173 346 -1723073393
77.200 345 -1723073393
77.227 346 -1723073393
77.253 346 -1723073393
77.280 347 -1723073393
77.307 348 -1723073393
77.333 342 -1723073393
77.360 342 -1723073393
77.387 344 -1723073393
77.413 335 -1723073393
77.440 321 -1723073393
77.467 316 -1723073393
77.493 306 -1723073393
77.520 293 -1723073393
77.547 288 -1723073393
77.573 284 -1723073393
77.600 273 -1723073393
77.627 266 -1723073393
77.653 263 -1723073393
77.680 251 -1723073393
77.707 245 -1723073393
77.733 249 -1723073393
77.760 250 -1723073393
77.787 251 -1723073393
77.813 262 -1723073393
77.840 272 -1723073393
77.867 275 -1723073393
77.893 284 -1723073393
77.920 292 -1723073393
77.947 291 -1723073393
77.973 292 -1723073393
78.000 299 -1723073393
78.027 300 -1723073393
78.053 300 -1723073393
78.080 306 -1723073393
78.107 306 -1723073393
78.133 302 -1723073393
78.160 302 -1723073393
78.187 301 -1723073393
78.213 293 -1723073393
78.240 290 -1723073393
78.267 293 -1723073393
78.293 290 -1723073393
78.320 287 -1723073393
78.347 290 -1723073393
78.373 288 -1723073393
78.400 280 -1723073393
78.427 276 -1723073393
78.453 271 -1723073393
78.480 258 -1723073393
78.507 249 -1723073393
78.533 244 -1723073393
78.560 235 -1723073393
78.587 227 -1723073393
78.613 218 -1723073393
78.640 203 -1723073393
78.667 187 -1723073393
78.693 178 -1723073393
78.720 169 -1723073393
78.747 155 -1723073393
78.773 153 -1723073393
78.800 156 -1723073393
78.827 150 -1723073393
78.853 149 -1723073393
78.880 156 -1723073393
78.907 156 -1723073393
78.933 156 -1723073393
78.960 162 -1723073393
78.987 160 -1723073393
79.013 154 -1723073393
79.040 159 -1723073393
79.067 166 -1723073393
79.093 166 -1723073393
79.120 176 -1723073393
79.147 189 -1723073393
79.173 192 -1723073393
79.200 197 -1723073393
79.227 207 -1723073393
79.253 207 -1723073393
79.280 202 -1723073393
79.307 203 -1723073393
79.333 197 -1723073393
79.360 184 -1723073393
79.387 177 -1723073393
79.413 172 -1723073393
79.440 161 -1723073393
79.467 153 -1723073393
79.493 145 -1723073393
79.520 130 -1723073393
79.547 118 -1723073393
79.573 112 -1723073393
79.600 96 -1723073393
79.627 85 -1723073393
79.653 91 -1723073393
79.680 97 -1723073393
79.707 97 -1723073393
79.733 110 -1723073393
79.760 132 -1723073393
79.787 145 -1723073393
79.813 163 -1723073393
79.840 189 -1723073393
79.867 202 -1723073393
79.893 215 -1723073393
79.920 238 -1723073393
79.947 251 -1723073393
79.973 253 -1723073393
80.000 265 -1723073393
80.027 277 -1723073393
80.053 280 -1723073393
80.080 285 -1723073393
80.107 290 -1723073393
80.133 287 -1723073393
80.160 290 -1723073393
80.187 293 -1723073393
80.213 284 -1723073393
80.240 274 -1723073393
80.267 270 -1723073393
80.293 262 -1723073393
80.320 252 -1723073393
80.347 249 -1723073393
80.373 248 -1723073393
80.400 242 -1723073393
80.427 242 -1723073393
80.453 247 -1723073393
80.480 244 -1723073393
80.507 244 -1723073393
80.533 251 -1723073393
80.560 253 -1723073393
80.587 256 -1723073393
80.613 265 -1723073393
80.640 269 -1723073393
80.667 267 -1723073393
80.693 270 -1723073393
80.720 274 -1723073393
80.747 274 -1723073393
80.773 280 -1723073393
80.800 289 -1723073393
80.827 286 -1723073393
80.853 280 -1723073393
80.880 277 -1723073393
80.907 267 -1723073393
80.933 257 -1723073393
80.960 252 -1723073393
80.987 244 -1723073393
81.013 231 -1723073393
81.040 220 -1723073393
81.067 208 -1723073393
81.093 192 -1723073393
81.120 182 -1723073393
81.147 176 -1723073393
81.173 163 -1723073393
81.200 157 -1723073393
81.227 161 -1723073393
81.253 161 -1723073393
81.280 159 -1723073393
81.307 166 -1723073393
81.333 163 -1723073393
81.360 155 -1723073393
81.387 159 -1723073393
81.413 165 -1723073393
81.440 159 -1723073393
81.467 163 -1723073393
81.493 171 -1723073393
81.520 169 -1723073393
81.547 178 -1723073393
81.573 199 -1723073393
81.600 212 -1723073393
81.627 223 -1723073393
81.653 240 -1723073393
81.680 246 -1723073393
81.707 250 -1723073393
81.733 267 -1723073393
81.760 276 -1723073393
81.787 279 -1723073393
81.813 296 -1723073393
81.840 314 -1723073393
81.867 323 -1723073393
81.893 334 -1723073393
81.920 346 -1723073393
81.947 352 -1723073393
81.973 359 -1723073393
82.000 364 -1723073393
82.027 362 -1723073393
82.053 358 -1723073393
82.080 351 -1723073393
82.107 337 -1723073393
82.133 323 -1723073393
82.160 313 -1723073393
82.187 299 -1723073393
82.213 285 -1723073393
82.240 281 -1723073393
82.267 273 -1723073393
82.293 262 -1723073393
82.320 261 -1723073393
82.347 258 -1723073393
82.373 250 -1723073393
82.400 254 -1723073393
82.427 262 -1723073393
82.453 263 -1723073393
82.480 267 -1723073393
82.507 275 -1723073393
82.533 272 -1723073393
82.560 271 -1723073393
82.587 281 -1723073393
82.613 286 -1723073393
82.640 279 -1723073393
82.667 279 -1723073393
82.693 280 -1723073393
82.720 273 -1723073393
82.747 273 -1723073393
82.773 276 -1723073393
82.800 276 -1723073393
82.827 276 -1723073393
82.853 276 -1723073393
82.880 269 -1723073393
82.907 263 -1723073393
82.933 258 -1723073393
82.960 244 -1723073393
82.987 232 -1723073393
83.013 229 -1723073393
83.040 219 -1723073393
83.067 207 -1723073393
83.093 203 -1723073393
83.120 197 -1723073393
83.147 188 -1723073393
83.173 188 -1723073393
83.200 185 -1723073393
83.227 174 -1723073393
83.253 174 -1723073393
83.280 182 -1723073393
83.307 182 -1723073393
83.333 190 -1723073393
83.360 205 -1723073393
83.387 215 -1723073393
83.413 230 -1723073393
83.440 249 -1723073393
83.467 261 -1723073393
83.493 273 -1723073393
83.520 286 -1723073393
83.547 290 -1723073393
83.573 292 -1723073393
83.600 301 -1723073393
83.627 303 -1723073393
83.653 298 -1723073393
83.680 291 -1723073393
83.707 280 -1723073393
83.733 268 -1723073393
83.760 264 -1723073393
83.787 262 -1723073393
83.813 252 -1723073393
83.840 241 -1723073393
83.867 236 -1723073393
83.893 231 -1723073393
83.920 232 -1723073393
83.947 235 -1723073393
83.973 233 -1723073393
84.000 231 -1723073393
84.027 229 -1723073393
84.053 221 -1723073393
84.080 216 -1723073393
84.107 221 -1723073393
84.133 223 -1723073393
84.160 221 -1723073393
84.187 225 -1723073393
84.213 228 -1723073393
84.240 231 -1723073393
84.267 240 -1723073393
84.293 244 -1723073393
84.320 243 -1723073393
84.347 245 -1723073393
84.373 251 -1723073393
84.400 253 -1723073393
84.427 255 -1723073393
84.453 259 -1723073393
84.480 254 -1723073393
84.507 250 -1723073393
84.533 245 -1723073393
84.560 234 -1723073393
84.587 227 -1723073393
84.613 225 -1723073393
84.640 220 -1723073393
84.667 215 -1723073393
84.693 215 -1723073393
84.720 207 -1723073393
84.747 196 -1723073393
84.773 192 -1723073393
84.800 190 -1723073393
84.827 186 -1723073393
84.853 188 -1723073393
84.880 184 -1723073393
84.907 175 -1723073393
84.933 177 -1723073393
84.960 183 -1723073393
84.987 183 -1723073393
85.013 188 -1723073393
85.040 195 -1723073393
85.067 194 -1723073393
85.093 198 -1723073393
85.120 206 -1723073393
85.147 203 -1723073393
85.173 203 -1723073393
85.200 208 -1723073393
85.227 208 -1723073393
85.253 209 -1723073393
85.280 215 -1723073393
85.307 212 -1723073393
85.333 210 -1723073393
85.360 219 -1723073393
85.387 225 -1723073393
85.413 227 -1723073393
85.440 234 -1723073393
85.467 238 -1723073393
85.493 237 -1723073393
85.520 246 -1723073393
85.547 254 -1723073393
85.573 258 -1723073393
85.600 262 -1723073393
85.627 263 -1723073393
85.653 260 -1723073393
85.680 266 -1723073393
85.707 277 -1723073393
85.733 284 -1723073393
85.760 290 -1723073393
85.787 293 -1723073393
85.813 286 -1723073393
85.840 282 -1723073393
85.867 281 -1723073393
85.893 270 -1723073393
85.920 263 -1723073393
85.947 260 -1723073393
85.973 251 -1723073393
86.000 242 -1723073393
86.027 237 -1723073393
86.053 228 -1723073393
86.080 224 -1723073393
86.107 223 -1723073393
86.133 214 -1723073393
86.160 213 -1723073393
86.187 221 -1723073393
86.213 223 -1723073393
86.240 225 -1723073393
86.267 232 -1723073393
86.293 228 -1723073393
86.320 222 -1723073393
86.347 227 -1723073393
86.373 222 -1723073393
86.400 214 -1723073393
86.427 213 -1723073393
86.453 206 -1723073393
86.480 198 -1723073393
86.507 200 -1723073393
86.533 193 -1723073393
86.560 181 -1723073393
86.587 177 -1723073393
86.613 167 -1723073393
86.640 149 -1723073393
86.667 144 -1723073393
86.693 142 -1723073393
86.720 139 -1723073393
86.747 150 -1723073393
86.773 159 -1723073393
86.800 160 -1723073393
86.827 172 -1723073393
86.853 186 -1723073393
86.880 187 -1723073393
86.907 197 -1723073393
86.933 213 -1723073393
86.960 219 -1723073393
86.987 231 -1723073393
87.013 249 -1723073393
87.040 254 -1723073393
87.067 258 -1723073393
87.093 264 -1723073393
87.120 262 -1723073393
87.147 263 -1723073393
87.173 267 -1723073393
87.200 262 -1723073393
87.227 262 -1723073393
87.253 266 -1723073393
87.280 262 -1723073393
87.307 259 -1723073393
87.333 259 -1723073393
87.360 256 -1723073393
87.387 254 -1723073393
87.413 253 -1723073393
87.440 243 -1723073393
87.467 237 -1723073393
87.493 237 -1723073393
87.520 232 -1723073393
87.547 234 -1723073393
87.573 242 -1723073393
87.600 246 -1723073393
87.627 250 -1723073393
87.653 254 -1723073393
87.680 252 -1723073393
87.707 253 -1723073393
87.733 255 -1723073393
87.760 248 -1723073393
87.787 239 -1723073393
87.813 232 -1723073393
87.840 224 -1723073393
87.867 220 -1723073393
87.893 218 -1723073393
87.920 209 -1723073393
87.947 207 -1723073393
87.973 212 -1723073393
88.000 209 -1723073393
88.027 206 -1723073393
88.053 208 -1723073393
88.080 206 -1723073393
88.107 211 -1723073393
88.133 219 -1723073393
88.160 216 -1723073393
88.187 213 -1723073393
88.213 216 -1723073393
88.240 207 -1723073393
88.267 200 -1723073393
88.293 201 -1723073393
88.320 196 -1723073393
88.347 198 -1723073393
88.373 203 -1723073393
88.400 197 -1723073393
88.427 194 -1723073393
88.453 195 -1723073393
88.480 188 -1723073393
88.507 184 -1723073393
88.533 187 -1723073393
88.560 183 -1723073393
88.587 180 -1723073393
88.613 184 -1723073393
88.640 175 -1723073393
88.667 169 -1723073393
88.693 170 -1723073393
88.720 160 -1723073393
88.747 156 -1723073393
88.773 162 -1723073393
88.800 156 -1723073393
88.827 152 -1723073393
88.853 157 -1723073393
88.880 152 -1723073393
88.907 154 -1723073393
88.933 163 -1723073393
88.960 165 -1723073393
88.987 173 -1723073393
89.013 184 -1723073393
89.040 187 -1723073393
89.067 193 -1723073393
89.093 197 -1723073393
89.120 192 -1723073393
89.147 196 -1723073393
89.173 202 -1723073393
89.200 204 -1723073393
89.227 214 -1723073393
89.253 222 -1723073393
89.280 221 -1723073393
89.307 226 -1723073393
89.333 227 -1723073393
89.360 222 -1723073393
89.387 225 -1723073393
89.413 219 -1723073393
89.440 203 -1723073393
89.467 199 -1723073393
89.493 189 -1723073393
89.520 174 -1723073393
89.547 173 -1723073393
89.573 170 -1723073393
89.600 162 -1723073393
89.627 167 -1723073393
89.653 161 -1723073393
89.680 148 -1723073393
89.707 150 -1723073393
89.733 147 -1723073393
89.760 146 -1723073393
89.787 155 -1723073393
89.813 157 -1723073393
89.840 162 -1723073393
89.867 173 -1723073393
89.893 170 -1723073393
89.920 171 -1723073393
89.947 178 -1723073393
89.973 177 -1723073393
90.000 184 -1723073393
90.027 194 -1723073393
90.053 188 -1723073393
90.080 191 -1723073393
90.107 195 -1723073393
90.133 188 -1723073393
90.160 186 -1723073393
90.187 184 -1723073393
90.213 178 -1723073393
90.240 181 -1723073393
90.267 174 -1723073393
90.293 159 -1723073393
90.320 158 -1723073393
90.347 157 -1723073393
90.373 151 -1723073393
90.400 152 -1723073393
90.427 146 -1723073393
90.453 139 -1723073393
90.480 145 -1723073393
90.507 143 -1723073393
90.533 147 -1723073393
90.560 158 -1723073393
90.587 160 -1723073393
90.613 174 -1723073393
90.640 195 -1723073393
90.667 199 -1723073393
90.693 206 -1723073393
90.720 220 -1723073393
90.747 222 -1723073393
90.773 232 -1723073393
90.800 248 -1723073393
90.827 257 -1723073393
90.853 275 -1723073393
90.880 291 -1723073393
90.907 298 -1723073393
90.933 310 -1723073393
90.960 314 -1723073393
90.987 315 -1723073393
91.013 319 -1723073393
91.040 321 -1723073393
91.067 324 -1723073393
91.093 326 -1723073393
91.120 322 -1723073393
91.147 327 -1723073393
91.173 339 -1723073393
91.200 344 -1723073393
91.227 353 -1723073393
91.253 360 -1723073393
91.280 362 -1723073393
91.307 366 -1723073393
91.333 364 -1723073393
91.360 358 -1723073393
91.387 363 -1723073393
91.413 364 -1723073393
91.440 359 -1723073393
91.467 353 -1723073393
91.493 340 -1723073393
91.520 329 -1723073393
91.547 324 -1723073393
91.573 315 -1723073393
91.600 316 -1723073393
91.627 319 -1723073393
91.653 315 -1723073393
91.680 319 -1723073393
91.707 326 -1723073393
91.733 327 -1723073393
91.760 334 -1723073393
91.787 337 -1723073393
91.813 339 -1723073393
91.840 347 -1723073393
91.867 349 -1723073393
91.893 353 -1723073393
91.920 363 -1723073393
91.947 362 -1723073393
91.973 362 -1723073393
92.000 363 -1723073393
92.027 357 -1723073393
92.053 356 -1723073393
92.080 355 -1723073393
92.107 346 -1723073393
92.133 343 -1723073393
92.160 339 -1723073393
92.187 339 -1723073393
92.213 344 -1723073393
92.240 343 -1723073393
92.267 335 -1723073393
92.293 332 -1723073393
92.320 329 -1723073393
92.347 327 -1723073393
92.373 330 -1723073393
92.400 332 -1723073393
92.427 339 -1723073393
92.453 350 -1723073393
92.480 350 -1723073393
92.507 354 -1723073393
92.533 357 -1723073393
92.560 356 -1723073393
92.587 363 -1723073393
92.613 368 -1723073393
92.640 376 -1723073393
92.667 388 -1723073393
92.693 394 -1723073393
92.720 401 -1723073393
92.747 407 -1723073393
92.773 410 -1723073393
92.800 413 -1723073393
92.827 413 -1723073393
92.853 411 -1723073393
92.880 409 -1723073393
92.907 404 -1723073393
92.933 402 -1723073393
92.960 403 -1723073393
92.987 399 -1723073393
93.013 392 -1723073393
93.040 385 -1723073393
93.067 379 -1723073393
93.093 372 -1723073393
93.120 365 -1723073393
93.147 359 -1723073393
93.173 353 -1723073393
93.200 341 -1723073393
93.227 334 -1723073393
93.253 331 -1723073393
93.280 326 -1723073393
93.307 327 -1723073393
93.333 328 -1723073393
93.360 326 -1723073393
93.387 330 -1723073393
93.413 332 -1723073393
93.440 332 -1723073393
93.467 330 -1723073393
93.493 325 -1723073393
93.520 325 -1723073393
93.547 327 -1723073393
93.573 331 -1723073393
93.600 336 -1723073393
93.627 338 -1723073393
93.653 344 -1723073393
93.680 351 -1723073393
93.707 349 -1723073393
93.733 344 -1723073393
93.760 337 -1723073393
93.787 334 -1723073393
93.813 334 -1723073393
93.840 339 -1723073393
93.867 342 -1723073393
93.893 341 -1723073393
93.920 331 -1723073393
93.947 327 -1723073393
93.973 324 -1723073393
94.000 321 -1723073393
94.027 325 -1723073393
94.053 317 -1723073393
94.080 306 -1723073393
94.107 300 -1723073393
94.133 293 -1723073393
94.160 293 -1723073393
94.187 291 -1723073393
94.213 289 -1723073393
94.240 292 -1723073393
94.267 296 -1723073393
94.293 306 -1723073393
94.320 316 -1723073393
94.347 322 -1723073393
94.373 324 -1723073393
94.400 320 -1723073393
94.427 316 -1723073393
94.453 315 -1723073393
94.480 312 -1723073393
94.507 314 -1723073393
94.533 314 -1723073393
94.560 316 -1723073393
94.587 324 -1723073393
94.613 332 -1723073393
94.640 336 -1723073393
94.667 338 -1723073393
94.693 340 -1723073393
94.720 336 -1723073393
94.747 333 -1723073393
94.773 331 -1723073393
94.800 330 -1723073393
94.827 325 -1723073393
94.853 326 -1723073393
94.880 326 -1723073393
94.907 321 -1723073393
94.933 323 -1723073393
94.960 320 -1723073393
94.987 314 -1723073393
95.013 306 -1723073393
95.040 295 -1723073393
95.067 288 -1723073393
95.093 280 -1723073393
95.120 276 -1723073393
95.147 277 -1723073393
95.173 276 -1723073393
95.200 281 -1723073393
95.227 278 -1723073393
95.253 275 -1723073393
95.280 279 -1723073393
95.307 264 -1723073393
95.333 253 -1723073393
95.360 248 -1723073393
95.387 239 -1723073393
95.413 244 -1723073393
95.440 244 -1723073393
95.467 246 -1723073393
95.493 246 -1723073393
95.520 239 -1723073393
95.547 245 -1723073393
95.573 247 -1723073393
95.600 251 -1723073393
95.627 259 -1723073393
95.653 252 -1723073393
95.680 242 -1723073393
95.707 225 -1723073393
95.733 211 -1723073393
95.760 198 -1723073393
95.787 182 -1723073393
95.813 174 -1723073393
95.840 163 -1723073393
95.867 152 -1723073393
95.893 147 -1723073393
95.920 136 -1723073393
95.947 139 -1723073393
95.973 140 -1723073393
96.000 144 -1723073393
96.027 157 -1723073393
96.053 158 -1723073393
96.080 166 -1723073393
96.107 170 -1723073393
96.133 176 -1723073393
96.160 189 -1723073393
96.187 188 -1723073393
96.213 195 -1723073393
96.240 193 -1723073393
96.267 196 -1723073393
96.293 202 -1723073393
96.320 202 -1723073393
96.347 212 -1723073393
96.373 212 -1723073393
96.400 213 -1723073393
96.427 208 -1723073393
96.453 193 -1723073393
96.480 186 -1723073393
96.507 175 -1723073393
96.533 172 -1723073393
96.560 170 -1723073393
96.587 161 -1723073393
96.613 154 -1723073393
96.640 137 -1723073393
96.667 130 -1723073393
96.693 120 -1723073393
96.720 106 -1723073393
96.747 96 -1723073393
96.773 81 -1723073393
96.800 81 -1723073393
96.827 77 -1723073393
96.853 81 -1723073393
96.880 86 -1723073393
96.907 80 -1723073393
96.933 90 -1723073393
96.960 88 -1723073393
96.987 98 -1723073393
97.013 105 -1723073393
97.040 107 -1723073393
97.067 114 -1723073393
97.093 102 -1723073393
97.120 105 -1723073393
97.147 100 -1723073393
97.173 97 -1723073393
97.200 97 -1723073393
97.227 88 -1723073393
97.253 87 -1723073393
97.280 70 -1723073393
97.307 68 -1723073393
97.333 61 -1723073393
97.360 58 -1723073393
97.387 60 -1723073393
97.413 45 -1723073393
97.440 46 -1723073393
97.467 33 -1723073393
97.493 31 -1723073393
97.520 32 -1723073393
97.547 39 -1723073393
97.573 54 -1723073393
97.600 45 -1723073393
97.627 56 -1723073393
97.653 47 -1723073393
97.680 48 -1723073393
97.707 45 -1723073393
97.733 50 -1723073393
97.760 65 -1723073393
97.787 67 -1723073393
97.813 79 -1723073393
97.840 76 -1723073393
97.867 81 -1723073393
97.893 89 -1723073393
97.920 102 -1723073393
97.947 104 -1723073393
97.973 102 -1723073393
98.000 111 -1723073393
98.027 118 -1723073393
98.053 130 -1723073393
98.080 129 -1723073393
98.107 133 -1723073393
98.133 128 -1723073393
98.160 127 -1723073393
98.187 126 -1723073393
98.213 124 -1723073393
98.240 133 -1723073393
98.267 125 -1723073393
98.293 129 -1723073393
98.320 122 -1723073393
98.347 127 -1723073393
98.373 119 -1723073393
98.400 108 -1723073393
98.427 96 -1723073393
98.453 81 -1723073393
98.480 74 -1723073393
98.507 54 -1723073393
98.533 51 -1723073393
98.560 39 -1723073393
98.587 51 -1723073393
98.613 40 -1723073393
98.640 39 -1723073393
98.667 38 -1723073393
98.693 33 -1723073393
98.720 38 -1723073393
98.747 26 -1723073393
98.773 29 -1723073393
98.800 20 -1723073393
98.827 31 -1723073393
98.853 22 -1723073393
98.880 36 -1723073393
98.907 34 -1723073393
98.933 36 -1723073393
98.960 28 -1723073393
98.987 32 -1723073393
99.013 32 -1723073393
99.040 31 -1723073393
99.067 35 -1723073393
99.093 25 -1723073393
99.120 31 -1723073393
99.147 22 -1723073393
99.173 38 -1723073393
99.200 31 -1723073393
99.227 34 -1723073393
99.253 24 -1723073393
99.280 27 -1723073393
99.307 14 -1723073393
99.333 10 -1723073393
99.360 -1 -1723073393
99.387 6 -1723073393
99.413 0 -1723073393
99.440 -4 -1723073393
99.467 -11 -1723073393
99.493 -15 -1723073393
99.520 -17 -1723073393
99.547 -16 -1723073393
99.573 -12 -1723073393
99.600 -10 -1723073393
99.627 5 -1723073393
99.653 7 -1723073393
99.680 14 -1723073393
99.707 4 -1723073393
99.733 11 -1723073393
99.760 10 -1723073393
99.787 34 -1723073393
99.813 34 -1723073393
99.840 48 -1723073393
99.867 40 -1723073393
99.893 62 -1723073393
99.920 62 -1723073393
99.947 72 -1723073393
99.973 63 -1723073393
100.000 0 -1723073393
